-2.810799865722656250e+02,-2.812414245605468750e+02,-2.947664489746093750e+02,-2.987700805664062500e+02,-2.937820739746093750e+02,-2.828376464843750000e+02,-2.029251861572265625e+02,-1.413415679931640625e+02,-1.291701202392578125e+02,-1.370899200439453125e+02,-1.025006790161132812e+02,-9.067746734619140625e+01,-1.051330261230468750e+02,-1.282063751220703125e+02,-1.697155151367187500e+02,-2.381882476806640625e+02,-3.002143554687500000e+02,-2.079245605468750000e+02,-1.213041610717773438e+02,-9.913465118408203125e+01,-1.194110946655273438e+02,-1.528026123046875000e+02,-1.737802734375000000e+02,-1.825812988281250000e+02,-1.858585968017578125e+02,-1.789154663085937500e+02,-1.627486267089843750e+02,-1.520072174072265625e+02,-1.396802215576171875e+02,-1.309009552001953125e+02,-1.206062622070312500e+02,-1.083854293823242188e+02,-1.082250137329101562e+02,-1.327236938476562500e+02,-1.557141723632812500e+02,-1.618394012451171875e+02,-1.720517730712890625e+02,-1.851568603515625000e+02,-1.880162811279296875e+02,-1.912168426513671875e+02,-1.992715301513671875e+02,-2.008207397460937500e+02,-2.147368316650390625e+02,-2.297546691894531250e+02,-2.406113128662109375e+02,-2.598228149414062500e+02,-2.621748046875000000e+02,-2.463211669921875000e+02,-1.833519134521484375e+02,-1.192780914306640625e+02,-9.855528259277343750e+01,-1.116331405639648438e+02,-1.614548492431640625e+02,-2.032276611328125000e+02,-1.768094787597656250e+02,-1.451739044189453125e+02,-1.241299209594726562e+02,-1.270291671752929688e+02,-1.204303054809570312e+02,-1.211457443237304688e+02,-1.276760177612304688e+02,-1.236540908813476562e+02,-1.321257476806640625e+02,-1.327132873535156250e+02,-1.370120391845703125e+02,-1.697173919677734375e+02,-1.773638458251953125e+02,-2.073297119140625000e+02,-2.056726074218750000e+02,-1.640668182373046875e+02,-1.029481658935546875e+02,-8.639643096923828125e+01,-1.196401672363281250e+02,-1.543948822021484375e+02,-2.101885070800781250e+02,-2.463079376220703125e+02,-2.334632263183593750e+02,-1.198954696655273438e+02,-7.385359954833984375e+01,-9.206744384765625000e+01,-1.362888488769531250e+02,-1.990820770263671875e+02,-2.099868164062500000e+02,-1.883016204833984375e+02,-1.707363586425781250e+02,-1.572976074218750000e+02,-1.502339172363281250e+02,-1.325478973388671875e+02,-1.175868835449218750e+02,-9.782976531982421875e+01,-6.394839477539062500e+01,-4.537160873413085938e+01,-4.332699584960937500e+01,-5.899217605590820312e+01,-1.010555419921875000e+02,-1.607034301757812500e+02,-1.683265228271484375e+02,-1.224546813964843750e+02,-1.395451049804687500e+02,-1.958067932128906250e+02,-1.589797363281250000e+02,-1.497975921630859375e+02,-1.704849395751953125e+02,-2.030826263427734375e+02,-2.520673522949218750e+02,-2.797980041503906250e+02,-2.904245605468750000e+02,-2.919068298339843750e+02,-2.951826782226562500e+02,-3.007625122070312500e+02,-3.031286926269531250e+02,-3.010989685058593750e+02,-2.924438476562500000e+02,-2.915021667480468750e+02,-2.928159179687500000e+02,-2.846292419433593750e+02,-2.770214538574218750e+02,-2.803338928222656250e+02,-2.632396545410156250e+02,-2.583838806152343750e+02,-2.680983276367187500e+02,-2.737000122070312500e+02,-2.801159973144531250e+02,-2.776042175292968750e+02,-2.802020874023437500e+02,-2.774163208007812500e+02,-2.825996093750000000e+02,-2.884448852539062500e+02,-2.730270385742187500e+02,-2.668995666503906250e+02,-2.684590148925781250e+02,-2.318250732421875000e+02,-1.751645660400390625e+02,-1.387669372558593750e+02,-1.259088134765625000e+02,-1.191008148193359375e+02,-1.378349761962890625e+02,-1.838809051513671875e+02,-1.908181762695312500e+02,-1.754222717285156250e+02,-1.320573883056640625e+02,-1.037532424926757812e+02,-1.186247558593750000e+02,-1.434722900390625000e+02,-1.790504455566406250e+02,-2.503104705810546875e+02,-2.825744018554687500e+02,-2.783511352539062500e+02,-2.362923736572265625e+02,-1.949004211425781250e+02,-1.517606506347656250e+02,-1.235603256225585938e+02,-1.288716430664062500e+02,-1.547309875488281250e+02,-1.834614562988281250e+02,-2.090399475097656250e+02,-1.958510131835937500e+02,-1.900598754882812500e+02,-1.736135864257812500e+02,-1.676187591552734375e+02,-2.165069122314453125e+02,-2.605830078125000000e+02,-1.710010833740234375e+02,-1.396464691162109375e+02,-1.578550720214843750e+02,-1.548612213134765625e+02,-1.196300048828125000e+02,-9.646638488769531250e+01,-8.956626892089843750e+01,-1.033696746826171875e+02,-1.110572586059570312e+02,-1.119995803833007812e+02,-1.189972000122070312e+02,-1.205408172607421875e+02,-1.143223648071289062e+02,-1.102098312377929688e+02,-1.168025436401367188e+02,-1.495026397705078125e+02,-1.907156829833984375e+02,-2.117111968994140625e+02,-2.272987670898437500e+02,-2.349023284912109375e+02,-2.200527954101562500e+02,-1.617535858154296875e+02,-1.129462661743164062e+02,-1.166315307617187500e+02,-1.398197631835937500e+02,-1.523660736083984375e+02,-1.850664672851562500e+02,-2.237233276367187500e+02,-2.167718200683593750e+02,-1.865493011474609375e+02,-1.568043060302734375e+02,-1.502995758056640625e+02,-1.745433044433593750e+02,-1.871896057128906250e+02,-1.771452484130859375e+02,-1.545115661621093750e+02,-1.486466674804687500e+02,-1.789477081298828125e+02,-2.174239807128906250e+02,-2.471169891357421875e+02,-2.569315490722656250e+02,-2.377346496582031250e+02,-1.988621215820312500e+02,-1.662839050292968750e+02,-1.608220062255859375e+02,-1.563549652099609375e+02,-1.510663604736328125e+02,-1.520487518310546875e+02,-1.584716033935546875e+02,-1.697377624511718750e+02,-1.909050140380859375e+02,-2.076722106933593750e+02,-2.176075744628906250e+02,-2.198566436767578125e+02,-2.238680267333984375e+02,-2.346243591308593750e+02,-2.295454254150390625e+02,-2.094427490234375000e+02,-1.821598358154296875e+02,-1.414194335937500000e+02,-1.052057418823242188e+02,-8.674565124511718750e+01,-8.934636688232421875e+01,-8.753955841064453125e+01,-8.949443054199218750e+01,-9.700940704345703125e+01,-1.108566818237304688e+02,-1.304808197021484375e+02,-1.651086120605468750e+02,-2.160860137939453125e+02,-2.400874786376953125e+02,-1.776943511962890625e+02,-1.590536956787109375e+02,-1.809837341308593750e+02,-2.121894683837890625e+02,-2.500703582763671875e+02,-2.578894042968750000e+02,-2.309647979736328125e+02,-2.194435729980468750e+02,-2.429142608642578125e+02,-2.727854614257812500e+02,-2.862787475585937500e+02,-2.701315612792968750e+02,-2.246704711914062500e+02,-1.940170440673828125e+02,-1.930075683593750000e+02,-1.777676696777343750e+02,-1.262295455932617188e+02,-9.797074890136718750e+01,-1.159723968505859375e+02,-1.656046905517578125e+02,-2.320217895507812500e+02,-2.269699707031250000e+02,-2.221865081787109375e+02,-2.283046875000000000e+02,-2.276497497558593750e+02,-2.292838592529296875e+02,-2.453068389892578125e+02,-2.158253784179687500e+02,-2.051248321533203125e+02,-2.274075927734375000e+02,-2.580093383789062500e+02,-2.609595642089843750e+02,-2.385684356689453125e+02,-1.888286285400390625e+02,-1.377105102539062500e+02,-1.216340408325195312e+02,-1.298631744384765625e+02,-1.574213104248046875e+02,-2.238652191162109375e+02,-2.895641479492187500e+02,-2.342453460693359375e+02,-1.604063262939453125e+02,-1.148460235595703125e+02,-1.171564941406250000e+02,-1.500105590820312500e+02,-2.178068237304687500e+02,-2.672385559082031250e+02,-2.046300201416015625e+02,-1.441843566894531250e+02,-1.463496551513671875e+02,-1.877187347412109375e+02,-2.057796783447265625e+02,-2.145791168212890625e+02,-2.256351165771484375e+02,-2.451537322998046875e+02,-2.702933044433593750e+02,-2.736065979003906250e+02,-2.247671356201171875e+02,-1.859223327636718750e+02,-1.943950195312500000e+02,-1.899620056152343750e+02,-1.728633117675781250e+02,-1.714937896728515625e+02,-1.794597778320312500e+02,-1.795320892333984375e+02,-1.773652801513671875e+02,-1.744581756591796875e+02,-1.620684051513671875e+02,-1.522674407958984375e+02,-1.396764373779296875e+02,-1.371208190917968750e+02,-1.529437255859375000e+02,-1.830823059082031250e+02,-1.991469268798828125e+02,-2.122692565917968750e+02,-2.414479522705078125e+02,-2.479400329589843750e+02,-2.502955780029296875e+02,-2.301148681640625000e+02,-2.349223480224609375e+02,-2.731195678710937500e+02,-2.896830444335937500e+02,-2.943599243164062500e+02,-3.034915771484375000e+02,-3.028770751953125000e+02,-2.967901000976562500e+02,-2.887824096679687500e+02,-2.812958374023437500e+02,-2.778479614257812500e+02,-2.708903198242187500e+02,-2.530693664550781250e+02,-2.416042327880859375e+02,-2.410133514404296875e+02,-2.456511688232421875e+02,-2.559560394287109375e+02,-2.695865783691406250e+02,-2.876289367675781250e+02,-3.089784545898437500e+02,-3.256929626464843750e+02,-3.317571411132812500e+02,-3.309900512695312500e+02,-3.135230712890625000e+02,-2.255179443359375000e+02,-1.550222930908203125e+02,-1.187446060180664062e+02,-1.092340087890625000e+02,-1.297052001953125000e+02,-1.609816741943359375e+02,-1.459808044433593750e+02,-1.223555374145507812e+02,-1.186130371093750000e+02,-1.164628906250000000e+02,-1.318110656738281250e+02,-1.632834472656250000e+02,-2.079437713623046875e+02,-2.135155639648437500e+02,-1.314749450683593750e+02,-8.709687805175781250e+01,-9.566765594482421875e+01,-1.345058898925781250e+02,-1.969039459228515625e+02,-1.901050262451171875e+02,-1.599496002197265625e+02,-1.509544982910156250e+02,-1.556215515136718750e+02,-1.652628631591796875e+02,-1.636580810546875000e+02,-1.632155914306640625e+02,-1.561678466796875000e+02,-1.413055419921875000e+02,-1.237515106201171875e+02,-1.129517822265625000e+02,-1.178591995239257812e+02,-1.542862243652343750e+02,-2.219572143554687500e+02,-1.223573303222656250e+02,-6.184505081176757812e+01,-7.283498382568359375e+01,-1.121465454101562500e+02,-1.431677246093750000e+02,-1.728168945312500000e+02,-1.989839477539062500e+02,-2.124238281250000000e+02,-2.019938964843750000e+02,-1.645307922363281250e+02,-1.296459350585937500e+02,-1.096882858276367188e+02,-9.716239166259765625e+01,-9.039594268798828125e+01,-9.290465545654296875e+01,-9.235800170898437500e+01,-9.936463928222656250e+01,-1.169414291381835938e+02,-1.656185760498046875e+02,-2.253152770996093750e+02,-2.527622680664062500e+02,-2.321937713623046875e+02,-2.057329864501953125e+02,-1.779626312255859375e+02,-1.408579101562500000e+02,-1.428639831542968750e+02,-1.768090209960937500e+02,-2.151226654052734375e+02,-2.724455871582031250e+02,-3.092565002441406250e+02,-2.385629577636718750e+02,-1.643832092285156250e+02,-1.255681076049804688e+02,-1.139824600219726562e+02,-1.103114471435546875e+02,-1.178819656372070312e+02,-1.290414886474609375e+02,-1.275657653808593750e+02,-1.303465728759765625e+02,-1.467960357666015625e+02,-1.821428527832031250e+02,-1.927029876708984375e+02,-1.763891906738281250e+02,-1.847852935791015625e+02,-1.873558044433593750e+02,-1.902752990722656250e+02,-1.977338867187500000e+02,-2.174195861816406250e+02,-2.775540466308593750e+02,-3.273267822265625000e+02,-2.966071777343750000e+02,-2.061423797607421875e+02,-1.854454803466796875e+02,-2.076387329101562500e+02,-2.309898223876953125e+02,-1.725148315429687500e+02,-1.390427856445312500e+02,-1.529191284179687500e+02,-1.600709991455078125e+02,-1.699222106933593750e+02,-1.975328674316406250e+02,-2.160185699462890625e+02,-2.334698333740234375e+02,-2.490706329345703125e+02,-2.512602233886718750e+02,-2.623671264648437500e+02,-2.833886718750000000e+02,-3.028234252929687500e+02,-2.831216125488281250e+02,-2.065089263916015625e+02,-1.611028900146484375e+02,-1.517007141113281250e+02,-1.610430297851562500e+02,-2.130144195556640625e+02,-2.883209838867187500e+02,-2.816271972656250000e+02,-2.431867675781250000e+02,-2.301546020507812500e+02,-2.500123443603515625e+02,-2.237645111083984375e+02,-1.933161468505859375e+02,-2.029010162353515625e+02,-2.238986206054687500e+02,-2.703538513183593750e+02,-2.832298889160156250e+02,-2.564815673828125000e+02,-2.200455474853515625e+02,-1.837491455078125000e+02,-1.784826354980468750e+02,-2.156845703125000000e+02,-2.272247314453125000e+02,-2.223874969482421875e+02,-2.170787200927734375e+02,-2.036398468017578125e+02,-1.577210235595703125e+02,-1.195830764770507812e+02,-9.338309478759765625e+01,-7.297614288330078125e+01,-5.379722976684570312e+01,-6.051855087280273438e+01,-9.587266540527343750e+01,-1.698380279541015625e+02,-2.316583404541015625e+02,-2.500958251953125000e+02,-2.568245544433593750e+02,-2.309548492431640625e+02,-1.683691406250000000e+02,-1.726093597412109375e+02,-2.087866058349609375e+02,-2.488060150146484375e+02,-2.997572021484375000e+02,-3.105345153808593750e+02,-2.413437805175781250e+02,-2.254107360839843750e+02,-2.050712738037109375e+02,-1.391381530761718750e+02,-1.270535888671875000e+02,-1.834070739746093750e+02,-2.474819488525390625e+02,-1.795505676269531250e+02,-1.231738433837890625e+02,-1.090286865234375000e+02,-1.138883590698242188e+02,-1.213952865600585938e+02,-1.330093994140625000e+02,-1.489075469970703125e+02,-1.598900604248046875e+02,-1.830929412841796875e+02,-2.157042541503906250e+02,-2.005784454345703125e+02,-1.781442260742187500e+02,-1.984361572265625000e+02,-2.431647491455078125e+02,-2.614061889648437500e+02,-2.246803283691406250e+02,-1.665395965576171875e+02,-1.321264801025390625e+02,-1.127245101928710938e+02,-1.081372909545898438e+02,-1.439161376953125000e+02,-2.083388366699218750e+02,-1.774032897949218750e+02,-1.540172271728515625e+02,-1.625915222167968750e+02,-1.743427276611328125e+02,-1.822624664306640625e+02,-2.152013854980468750e+02,-2.362740020751953125e+02,-2.394755401611328125e+02,-2.414633636474609375e+02,-2.458488769531250000e+02,-2.644675598144531250e+02,-2.727860412597656250e+02,-2.176534576416015625e+02,-1.642861633300781250e+02,-1.720861358642578125e+02,-2.375523986816406250e+02,-2.925258789062500000e+02,-3.028193054199218750e+02,-3.032228698730468750e+02,-2.821381835937500000e+02,-1.622553863525390625e+02,-1.130699386596679688e+02,-1.151073913574218750e+02,-1.213209915161132812e+02,-1.278241500854492188e+02,-1.311098327636718750e+02,-1.301958160400390625e+02,-1.527206726074218750e+02,-2.072716674804687500e+02,-2.513499145507812500e+02,-2.697098693847656250e+02,-2.803726501464843750e+02,-2.907403259277343750e+02,-2.932985839843750000e+02,-2.960494384765625000e+02,-2.999562683105468750e+02,-3.032660522460937500e+02,-2.994299926757812500e+02,-2.855810852050781250e+02,-2.728406982421875000e+02,-2.681405944824218750e+02,-2.647430725097656250e+02,-2.678667602539062500e+02,-2.788135681152343750e+02,-2.799950866699218750e+02,-2.773759765625000000e+02,-2.834386291503906250e+02,-2.930744934082031250e+02,-3.027833862304687500e+02,-3.156914978027343750e+02,-3.260180969238281250e+02,-3.272572937011718750e+02,-3.275737609863281250e+02,-2.662803039550781250e+02,-1.915280303955078125e+02,-1.726941528320312500e+02,-2.098941040039062500e+02,-2.378857574462890625e+02,-1.975754852294921875e+02,-1.543072357177734375e+02,-1.367575378417968750e+02,-1.343022460937500000e+02,-1.593413848876953125e+02,-1.347740936279296875e+02,-1.088524475097656250e+02,-1.043782882690429688e+02,-1.020097885131835938e+02,-9.885725402832031250e+01,-9.547825622558593750e+01,-1.014372787475585938e+02,-1.144024658203125000e+02,-1.334852142333984375e+02,-1.766193847656250000e+02,-2.047234802246093750e+02,-1.850757293701171875e+02,-1.426535949707031250e+02,-1.451459197998046875e+02,-1.831833801269531250e+02,-1.674705352783203125e+02,-1.775199737548828125e+02,-2.035000610351562500e+02,-2.097936248779296875e+02,-1.898228149414062500e+02,-1.796835327148437500e+02,-1.840077972412109375e+02,-2.092268218994140625e+02,-2.122005004882812500e+02,-1.597672271728515625e+02,-1.378896331787109375e+02,-1.565744781494140625e+02,-2.113385009765625000e+02,-2.489515228271484375e+02,-2.520281066894531250e+02,-2.509759063720703125e+02,-2.037600860595703125e+02,-1.589555358886718750e+02,-1.715341796875000000e+02,-2.027447357177734375e+02,-2.074850616455078125e+02,-2.059684753417968750e+02,-1.910112304687500000e+02,-1.711823730468750000e+02,-1.497325744628906250e+02,-1.412436218261718750e+02,-1.469906463623046875e+02,-1.620815277099609375e+02,-1.784607696533203125e+02,-1.918198699951171875e+02,-2.065108184814453125e+02,-2.207861480712890625e+02,-2.544534301757812500e+02,-3.108837280273437500e+02,-3.214746398925781250e+02,-2.983480529785156250e+02,-2.520711364746093750e+02,-2.346195220947265625e+02,-2.419727172851562500e+02,-2.329813232421875000e+02,-2.191122741699218750e+02,-1.981226348876953125e+02,-1.859561767578125000e+02,-1.646337890625000000e+02,-1.361221160888671875e+02,-1.175571136474609375e+02,-1.190303497314453125e+02,-1.428859558105468750e+02,-1.672701568603515625e+02,-1.709297943115234375e+02,-1.778149566650390625e+02,-1.859419708251953125e+02,-1.876783294677734375e+02,-1.811119079589843750e+02,-1.878568420410156250e+02,-1.960103912353515625e+02,-2.073625335693359375e+02,-2.569098205566406250e+02,-3.008105163574218750e+02,-3.030916137695312500e+02,-2.058402709960937500e+02,-1.377737121582031250e+02,-1.192519454956054688e+02,-1.145253372192382812e+02,-1.021056518554687500e+02,-1.136533660888671875e+02,-1.688775177001953125e+02,-1.624597930908203125e+02,-1.195401382446289062e+02,-1.102324676513671875e+02,-1.383100585937500000e+02,-1.724803466796875000e+02,-1.916071777343750000e+02,-2.156209259033203125e+02,-2.407823333740234375e+02,-2.496872100830078125e+02,-2.326957855224609375e+02,-2.112564392089843750e+02,-2.055357208251953125e+02,-1.511735534667968750e+02,-1.047812652587890625e+02,-9.012965393066406250e+01,-8.213098144531250000e+01,-8.442595672607421875e+01,-1.014488754272460938e+02,-9.743596649169921875e+01,-8.141992187500000000e+01,-8.051886749267578125e+01,-9.531675720214843750e+01,-1.266163711547851562e+02,-1.719094543457031250e+02,-2.084273376464843750e+02,-2.276409912109375000e+02,-2.418950805664062500e+02,-2.519564361572265625e+02,-2.640693054199218750e+02,-2.700386047363281250e+02,-2.608890686035156250e+02,-2.599711914062500000e+02,-2.610241699218750000e+02,-2.674955444335937500e+02,-2.724350585937500000e+02,-2.752836608886718750e+02,-2.808543395996093750e+02,-2.857217712402343750e+02,-2.868296508789062500e+02,-2.796679687500000000e+02,-2.553605346679687500e+02,-2.583766479492187500e+02,-2.716535644531250000e+02,-2.719345703125000000e+02,-2.642005004882812500e+02,-2.567329711914062500e+02,-2.522599945068359375e+02,-2.585648803710937500e+02,-2.600018005371093750e+02,-2.618770141601562500e+02,-2.711226196289062500e+02,-2.815419006347656250e+02,-2.922605895996093750e+02,-3.039709167480468750e+02,-3.141138305664062500e+02,-3.215539245605468750e+02,-3.321872863769531250e+02,-3.285932922363281250e+02,-2.672290039062500000e+02,-1.900985565185546875e+02,-1.249884567260742188e+02,-8.341205596923828125e+01,-7.508739471435546875e+01,-9.237368011474609375e+01,-1.356320343017578125e+02,-2.118546142578125000e+02,-2.385396423339843750e+02,-2.358492889404296875e+02,-1.548798217773437500e+02,-1.171001892089843750e+02,-1.184615936279296875e+02,-1.308906097412109375e+02,-1.521094360351562500e+02,-1.762502593994140625e+02,-1.853221740722656250e+02,-1.905664825439453125e+02,-2.003529052734375000e+02,-1.969129638671875000e+02,-1.770547637939453125e+02,-1.583291015625000000e+02,-1.583028717041015625e+02,-1.704325103759765625e+02,-1.912178649902343750e+02,-2.276809539794921875e+02,-2.867878417968750000e+02,-3.188404541015625000e+02,-3.349324951171875000e+02,-3.538475341796875000e+02,-3.602441406250000000e+02,-3.591903076171875000e+02,-3.633457946777343750e+02,-3.692850341796875000e+02,-3.596697387695312500e+02,-3.603966979980468750e+02,-3.487833862304687500e+02,-3.409358825683593750e+02,-3.401497802734375000e+02,-3.369586791992187500e+02,-3.287217102050781250e+02,-3.287821044921875000e+02,-3.307462768554687500e+02,-2.525241241455078125e+02,-2.316259307861328125e+02,-2.772032775878906250e+02,-2.755552978515625000e+02,-2.344798278808593750e+02,-1.588365173339843750e+02,-1.236600646972656250e+02,-1.278185806274414062e+02,-1.551014862060546875e+02,-1.900531616210937500e+02,-1.491295776367187500e+02,-1.292993316650390625e+02,-1.249848632812500000e+02,-1.300063171386718750e+02,-1.179168319702148438e+02,-1.093004531860351562e+02,-1.114494323730468750e+02,-1.207890090942382812e+02,-1.302672424316406250e+02,-1.666515197753906250e+02,-2.386774444580078125e+02,-2.483914031982421875e+02,-2.122606048583984375e+02,-2.181899108886718750e+02,-2.576093750000000000e+02,-2.653885192871093750e+02,-2.283736419677734375e+02,-1.882748107910156250e+02,-1.620275115966796875e+02,-1.644957427978515625e+02,-2.114468841552734375e+02,-2.458596954345703125e+02,-1.939432373046875000e+02,-1.915601806640625000e+02,-2.152723693847656250e+02,-2.147355651855468750e+02,-2.050588531494140625e+02,-2.183732910156250000e+02,-2.360049743652343750e+02,-2.550340270996093750e+02,-2.638969116210937500e+02,-2.408970489501953125e+02,-2.114123687744140625e+02,-1.831495666503906250e+02,-1.609859161376953125e+02,-1.421802062988281250e+02,-1.195087661743164062e+02,-1.068452911376953125e+02,-1.004425201416015625e+02,-9.791407775878906250e+01,-1.061371765136718750e+02,-1.181773452758789062e+02,-1.495877380371093750e+02,-2.210467529296875000e+02,-2.050490875244140625e+02,-1.566641693115234375e+02,-1.659171752929687500e+02,-1.725443420410156250e+02,-1.527525787353515625e+02,-1.448856353759765625e+02,-1.624027099609375000e+02,-1.775920410156250000e+02,-1.548139343261718750e+02,-1.378901519775390625e+02,-1.598206787109375000e+02,-1.978415374755859375e+02,-2.576351623535156250e+02,-2.333844604492187500e+02,-1.332624969482421875e+02,-8.883985137939453125e+01,-8.229492950439453125e+01,-9.133673095703125000e+01,-1.119689712524414062e+02,-1.393514099121093750e+02,-1.629316101074218750e+02,-1.694369049072265625e+02,-1.670680236816406250e+02,-1.583152313232421875e+02,-1.577996520996093750e+02,-1.808790283203125000e+02,-2.123335571289062500e+02,-2.323733520507812500e+02,-2.290947418212890625e+02,-1.826333312988281250e+02,-1.562798767089843750e+02,-1.660615234375000000e+02,-1.769265441894531250e+02,-1.753014526367187500e+02,-1.746715850830078125e+02,-1.891844635009765625e+02,-1.424493255615234375e+02,-1.129634323120117188e+02,-1.061752929687500000e+02,-1.092293930053710938e+02,-1.065268630981445312e+02,-1.222530136108398438e+02,-1.465078125000000000e+02,-1.508256835937500000e+02,-1.336681823730468750e+02,-1.186162185668945312e+02,-1.048806457519531250e+02,-9.531465911865234375e+01,-8.352081298828125000e+01,-8.227841186523437500e+01,-9.884751892089843750e+01,-1.359124755859375000e+02,-1.962016296386718750e+02,-2.089035491943359375e+02,-1.905487670898437500e+02,-1.918117370605468750e+02,-2.143283996582031250e+02,-2.242235107421875000e+02,-2.314500274658203125e+02,-2.538940734863281250e+02,-2.635708007812500000e+02,-2.642581176757812500e+02,-2.749918212890625000e+02,-2.801734619140625000e+02,-2.762742614746093750e+02,-2.742950744628906250e+02,-1.955326690673828125e+02,-1.575644989013671875e+02,-1.696215362548828125e+02,-1.763765258789062500e+02,-2.100710296630859375e+02,-2.661256103515625000e+02,-2.770475463867187500e+02,-2.397538146972656250e+02,-1.957025299072265625e+02,-1.593710479736328125e+02,-1.447100677490234375e+02,-1.660473022460937500e+02,-2.183007049560546875e+02,-2.285424346923828125e+02,-2.099145355224609375e+02,-1.967707977294921875e+02,-2.018880615234375000e+02,-1.941327056884765625e+02,-1.791017913818359375e+02,-1.732995147705078125e+02,-1.620540161132812500e+02,-1.634838867187500000e+02,-1.874611968994140625e+02,-1.626416778564453125e+02,-1.425507202148437500e+02,-1.322434692382812500e+02,-1.354240417480468750e+02,-1.503575897216796875e+02,-1.730814819335937500e+02,-1.932412261962890625e+02,-2.189625396728515625e+02,-2.409142608642578125e+02,-2.391013031005859375e+02,-2.139045867919921875e+02,-1.833645172119140625e+02,-1.590738830566406250e+02,-1.386319427490234375e+02,-1.331619262695312500e+02,-1.351593322753906250e+02,-1.254032287597656250e+02,-1.211823196411132812e+02,-1.338925170898437500e+02,-1.705576934814453125e+02,-1.877821197509765625e+02,-1.955325469970703125e+02,-2.009686889648437500e+02,-2.008261718750000000e+02,-2.032334594726562500e+02,-2.154786529541015625e+02,-2.365294189453125000e+02,-2.655552673339843750e+02,-3.030416870117187500e+02,-2.936115112304687500e+02,-2.753047180175781250e+02,-2.203815155029296875e+02,-1.901735076904296875e+02,-1.923664093017578125e+02,-1.879786224365234375e+02,-1.674693298339843750e+02,-1.771176757812500000e+02,-2.063581695556640625e+02,-2.294707946777343750e+02,-2.277449188232421875e+02,-1.812975311279296875e+02,-1.583195037841796875e+02,-1.490179138183593750e+02,-1.559418945312500000e+02,-1.855060577392578125e+02,-2.179388122558593750e+02,-2.480320281982421875e+02,-2.560831909179687500e+02,-2.527918853759765625e+02,-2.353679351806640625e+02,-2.200900726318359375e+02,-2.037205352783203125e+02,-1.983335876464843750e+02,-1.978613281250000000e+02,-1.934561157226562500e+02,-1.989604339599609375e+02,-2.153724060058593750e+02,-2.212005615234375000e+02,-2.453096008300781250e+02,-2.801427612304687500e+02,-1.890691833496093750e+02,-1.097296218872070312e+02,-1.030378952026367188e+02,-1.360520172119140625e+02,-1.923886108398437500e+02,-2.689329223632812500e+02,-3.073983459472656250e+02,-3.162185363769531250e+02,-3.161054077148437500e+02,-3.154088134765625000e+02,-3.218686218261718750e+02,-3.213275451660156250e+02,-3.206547241210937500e+02,-3.220404052734375000e+02,-3.229501647949218750e+02,-3.213694763183593750e+02,-3.206917724609375000e+02,-3.118099365234375000e+02,-3.095909729003906250e+02,-3.217905883789062500e+02,-3.144827880859375000e+02,-2.923094482421875000e+02,-2.746409912109375000e+02,-2.887028503417968750e+02,-2.872576904296875000e+02,-2.758507385253906250e+02,-2.834563903808593750e+02,-2.886677856445312500e+02,-2.876856689453125000e+02,-2.887273559570312500e+02,-3.006907043457031250e+02,-3.165554504394531250e+02,-3.257132263183593750e+02,-3.260486755371093750e+02,-3.218564453125000000e+02,-2.806828918457031250e+02,-1.862846374511718750e+02,-1.565125579833984375e+02,-1.923612213134765625e+02,-2.222764892578125000e+02,-1.406271057128906250e+02,-1.120344619750976562e+02,-1.254304504394531250e+02,-1.460194396972656250e+02,-1.603904724121093750e+02,-1.655603942871093750e+02,-1.597729644775390625e+02,-1.471458129882812500e+02,-1.452706146240234375e+02,-1.644947509765625000e+02,-1.930275268554687500e+02,-2.294980926513671875e+02,-2.513052825927734375e+02,-2.327003326416015625e+02,-2.004005889892578125e+02,-1.868475036621093750e+02,-1.831348876953125000e+02,-1.834972991943359375e+02,-1.904281158447265625e+02,-1.993668060302734375e+02,-2.062151489257812500e+02,-2.127960052490234375e+02,-2.147461395263671875e+02,-2.095382080078125000e+02,-2.116607055664062500e+02,-2.154100341796875000e+02,-2.082125549316406250e+02,-2.047557525634765625e+02,-1.925323486328125000e+02,-1.403432617187500000e+02,-1.363383178710937500e+02,-1.632646636962890625e+02,-1.448607177734375000e+02,-1.128299484252929688e+02,-1.042086715698242188e+02,-1.255362701416015625e+02,-1.655676116943359375e+02,-2.080808563232421875e+02,-2.337024536132812500e+02,-2.355243072509765625e+02,-2.346191406250000000e+02,-2.127822570800781250e+02,-1.701134643554687500e+02,-1.803675079345703125e+02,-2.176427001953125000e+02,-2.217254028320312500e+02,-2.077169799804687500e+02,-2.015256805419921875e+02,-1.977667694091796875e+02,-1.551927642822265625e+02,-1.345896148681640625e+02,-1.423380432128906250e+02,-1.489215545654296875e+02,-1.832109375000000000e+02,-2.493809814453125000e+02,-2.381428527832031250e+02,-2.216053009033203125e+02,-2.439800567626953125e+02,-2.014329376220703125e+02,-1.882229156494140625e+02,-2.221013793945312500e+02,-2.324076538085937500e+02,-2.146515808105468750e+02,-1.890016632080078125e+02,-1.815036773681640625e+02,-1.934689025878906250e+02,-2.427310180664062500e+02,-3.019607543945312500e+02,-2.976917724609375000e+02,-2.172764282226562500e+02,-1.946542663574218750e+02,-2.155764160156250000e+02,-2.296595306396484375e+02,-2.395928344726562500e+02,-2.021253662109375000e+02,-1.752204895019531250e+02,-1.757537841796875000e+02,-1.903749694824218750e+02,-1.942031402587890625e+02,-2.076519775390625000e+02,-1.844139556884765625e+02,-1.395891723632812500e+02,-1.111276321411132812e+02,-1.196544418334960938e+02,-1.532005615234375000e+02,-1.788612213134765625e+02,-1.746460113525390625e+02,-1.845270080566406250e+02,-2.007789154052734375e+02,-2.148809967041015625e+02,-2.354089660644531250e+02,-2.416699218750000000e+02,-2.409842376708984375e+02,-2.398730926513671875e+02,-2.423988189697265625e+02,-2.649166259765625000e+02,-2.862167053222656250e+02,-2.898547058105468750e+02,-2.952855224609375000e+02,-2.965692443847656250e+02,-3.044637451171875000e+02,-3.000367126464843750e+02,-2.995319213867187500e+02,-3.114886779785156250e+02,-3.048233642578125000e+02,-2.951364440917968750e+02,-2.845688171386718750e+02,-2.843740539550781250e+02,-2.753417968750000000e+02,-2.179007110595703125e+02,-2.027414550781250000e+02,-2.301681518554687500e+02,-2.510066070556640625e+02,-2.635919799804687500e+02,-2.799028320312500000e+02,-2.888439941406250000e+02,-2.918091125488281250e+02,-2.852501525878906250e+02,-2.834932861328125000e+02,-2.864745178222656250e+02,-2.905473937988281250e+02,-3.063136596679687500e+02,-3.175403137207031250e+02,-3.275736389160156250e+02,-3.323686218261718750e+02,-3.337566223144531250e+02,-3.333311157226562500e+02,-3.316603393554687500e+02,-2.886582641601562500e+02,-2.245717773437500000e+02,-1.817956695556640625e+02,-1.656647644042968750e+02,-1.495718841552734375e+02,-1.243344650268554688e+02,-1.076606292724609375e+02,-1.371306762695312500e+02,-1.978400421142578125e+02,-2.158760833740234375e+02,-1.748197784423828125e+02,-1.656121673583984375e+02,-1.853807830810546875e+02,-2.059907684326171875e+02,-2.164367065429687500e+02,-2.159153594970703125e+02,-2.206417388916015625e+02,-1.574398651123046875e+02,-1.135368576049804688e+02,-1.170860977172851562e+02,-1.180894393920898438e+02,-1.165926437377929688e+02,-1.123867416381835938e+02,-1.146333389282226562e+02,-1.189750747680664062e+02,-1.381034393310546875e+02,-1.841953735351562500e+02,-2.295126800537109375e+02,-2.399452667236328125e+02,-2.550122528076171875e+02,-2.262394714355468750e+02,-1.623947296142578125e+02,-1.199719009399414062e+02,-1.051805801391601562e+02,-1.059059600830078125e+02,-1.255289077758789062e+02,-1.309403686523437500e+02,-1.232222900390625000e+02,-1.218791275024414062e+02,-1.145689163208007812e+02,-1.317822265625000000e+02,-1.462160186767578125e+02,-1.567110900878906250e+02,-1.947415771484375000e+02,-2.197568206787109375e+02,-2.065476837158203125e+02,-1.684620971679687500e+02,-1.534808654785156250e+02,-1.759300689697265625e+02,-1.822317199707031250e+02,-1.791757202148437500e+02,-1.662538299560546875e+02,-1.570959625244140625e+02,-1.452214050292968750e+02,-1.352207183837890625e+02,-1.272563858032226562e+02,-9.842134857177734375e+01,-9.392971038818359375e+01,-1.030234603881835938e+02,-9.299018096923828125e+01,-8.038778686523437500e+01,-7.039244079589843750e+01,-6.697772216796875000e+01,-8.573593139648437500e+01,-1.310134429931640625e+02,-1.963723144531250000e+02,-2.319993896484375000e+02,-2.493262634277343750e+02,-2.507337799072265625e+02,-2.172981719970703125e+02,-1.694708404541015625e+02,-1.572823791503906250e+02,-1.522337951660156250e+02,-1.088756332397460938e+02,-1.016845321655273438e+02,-1.238337326049804688e+02,-1.389628143310546875e+02,-1.446924285888671875e+02,-1.567884826660156250e+02,-1.617989196777343750e+02,-1.528630676269531250e+02,-1.500495910644531250e+02,-1.641187896728515625e+02,-1.819954071044921875e+02,-1.939307250976562500e+02,-2.207741088867187500e+02,-2.518900146484375000e+02,-2.787608032226562500e+02,-2.841751098632812500e+02,-2.845832214355468750e+02,-2.737539978027343750e+02,-2.225731658935546875e+02,-1.696525421142578125e+02,-1.688181152343750000e+02,-1.895163726806640625e+02,-1.987790527343750000e+02,-1.848082122802734375e+02,-1.742341613769531250e+02,-1.919301147460937500e+02,-2.194954528808593750e+02,-2.423487243652343750e+02,-2.583097534179687500e+02,-2.318099212646484375e+02,-1.932045593261718750e+02,-1.881336059570312500e+02,-1.787918395996093750e+02,-1.803847808837890625e+02,-1.787982788085937500e+02,-1.907120971679687500e+02,-1.455741271972656250e+02,-1.226731872558593750e+02,-1.304194030761718750e+02,-1.481763153076171875e+02,-1.645333099365234375e+02,-1.848659973144531250e+02,-2.329296417236328125e+02,-2.780874328613281250e+02,-2.945238342285156250e+02,-2.811716918945312500e+02,-1.905735626220703125e+02,-1.799237213134765625e+02,-2.278204650878906250e+02,-2.401210937500000000e+02,-2.476558227539062500e+02,-2.755118408203125000e+02,-3.053703308105468750e+02,-3.139235839843750000e+02,-3.227220458984375000e+02,-2.970596008300781250e+02,-2.030983581542968750e+02,-1.534566650390625000e+02,-1.610656280517578125e+02,-1.503226928710937500e+02,-1.373110961914062500e+02,-1.438499908447265625e+02,-1.638083343505859375e+02,-2.082456817626953125e+02,-2.331055297851562500e+02,-1.933860778808593750e+02,-1.726655120849609375e+02,-1.841628570556640625e+02,-1.949256896972656250e+02,-2.130205993652343750e+02,-2.381297760009765625e+02,-2.441908416748046875e+02,-2.456773529052734375e+02,-2.669901123046875000e+02,-2.825627441406250000e+02,-2.920785217285156250e+02,-2.968977966308593750e+02,-3.036569519042968750e+02,-3.135341796875000000e+02,-3.187327270507812500e+02,-3.200386657714843750e+02,-3.241733703613281250e+02,-3.249528808593750000e+02,-3.299242248535156250e+02,-3.354068603515625000e+02,-2.534561309814453125e+02,-1.193868026733398438e+02,-6.795543670654296875e+01,-7.657397460937500000e+01,-1.159492416381835938e+02,-1.288478546142578125e+02,-1.378114624023437500e+02,-1.518461914062500000e+02,-1.772763671875000000e+02,-2.024642944335937500e+02,-1.928173065185546875e+02,-1.256165390014648438e+02,-9.492047119140625000e+01,-1.117417755126953125e+02,-1.677504425048828125e+02,-2.354756164550781250e+02,-2.588958129882812500e+02,-2.609928894042968750e+02,-1.879290161132812500e+02,-1.499525909423828125e+02,-1.699441986083984375e+02,-1.961951141357421875e+02,-1.676302642822265625e+02,-1.345377197265625000e+02,-1.251230926513671875e+02,-1.412239532470703125e+02,-1.667109527587890625e+02,-1.750802612304687500e+02,-1.742642974853515625e+02,-1.805501708984375000e+02,-1.845756225585937500e+02,-1.827227935791015625e+02,-1.927529144287109375e+02,-2.190511322021484375e+02,-2.467109527587890625e+02,-2.557917327880859375e+02,-2.569074096679687500e+02,-2.618279724121093750e+02,-2.716014709472656250e+02,-2.782831420898437500e+02,-2.884373474121093750e+02,-2.956353759765625000e+02,-3.012979125976562500e+02,-3.069708251953125000e+02,-3.069662170410156250e+02,-2.109786376953125000e+02,-1.256464004516601562e+02,-9.021388244628906250e+01,-7.901705932617187500e+01,-9.651778411865234375e+01,-1.120524291992187500e+02,-1.304862670898437500e+02,-1.761601104736328125e+02,-2.096452026367187500e+02,-2.061151123046875000e+02,-1.640166778564453125e+02,-1.216939849853515625e+02,-9.685106658935546875e+01,-1.005840148925781250e+02,-1.431177368164062500e+02,-1.851043853759765625e+02,-2.040881805419921875e+02,-2.202649688720703125e+02,-2.190933227539062500e+02,-1.842194366455078125e+02,-1.630554199218750000e+02,-1.581268157958984375e+02,-1.653971099853515625e+02,-1.906788635253906250e+02,-2.185485229492187500e+02,-2.552572631835937500e+02,-2.772165527343750000e+02,-2.578496704101562500e+02,-1.448425292968750000e+02,-9.366435241699218750e+01,-7.753218078613281250e+01,-6.285134124755859375e+01,-7.466289520263671875e+01,-1.038657150268554688e+02,-1.331677856445312500e+02,-1.029029388427734375e+02,-6.762355041503906250e+01,-8.072221374511718750e+01,-1.393561401367187500e+02,-2.184476165771484375e+02,-2.458753662109375000e+02,-2.073971099853515625e+02,-1.753388977050781250e+02,-1.838502044677734375e+02,-1.446000366210937500e+02,-1.088017196655273438e+02,-1.146377716064453125e+02,-1.258199768066406250e+02,-1.137384338378906250e+02,-8.619961547851562500e+01,-8.784104156494140625e+01,-9.574266052246093750e+01,-1.059987869262695312e+02,-1.461423034667968750e+02,-1.953246917724609375e+02,-2.120726165771484375e+02,-2.153223419189453125e+02,-2.109025421142578125e+02,-1.954215698242187500e+02,-1.952185211181640625e+02,-2.130339965820312500e+02,-2.148504943847656250e+02,-2.034058227539062500e+02,-1.903449554443359375e+02,-1.638285522460937500e+02,-1.552221221923828125e+02,-1.557509002685546875e+02,-1.652972412109375000e+02,-1.816312255859375000e+02,-1.978138122558593750e+02,-2.171008758544921875e+02,-2.291604003906250000e+02,-2.357040100097656250e+02,-2.521873626708984375e+02,-2.819730224609375000e+02,-2.931379699707031250e+02,-2.945200805664062500e+02,-2.982484436035156250e+02,-2.277245178222656250e+02,-1.383322753906250000e+02,-1.225449600219726562e+02,-1.532455139160156250e+02,-2.074528045654296875e+02,-2.427789459228515625e+02,-2.253286743164062500e+02,-2.311905517578125000e+02,-2.547432861328125000e+02,-2.430515899658203125e+02,-2.072539062500000000e+02,-2.078568725585937500e+02,-2.312061920166015625e+02,-2.795609741210937500e+02,-3.120168151855468750e+02,-2.970726623535156250e+02,-1.909747009277343750e+02,-1.663157043457031250e+02,-1.994504547119140625e+02,-1.279804763793945312e+02,-7.981576538085937500e+01,-8.953600311279296875e+01,-1.128558959960937500e+02,-1.299264526367187500e+02,-1.447373046875000000e+02,-1.746943511962890625e+02,-1.806779022216796875e+02,-1.567330169677734375e+02,-1.464368743896484375e+02,-1.504015960693359375e+02,-1.483037261962890625e+02,-1.361850585937500000e+02,-1.233095245361328125e+02,-1.139920501708984375e+02,-9.945415496826171875e+01,-9.051417541503906250e+01,-9.014352416992187500e+01,-9.358914947509765625e+01,-9.742661285400390625e+01,-9.122544860839843750e+01,-1.071742782592773438e+02,-1.543849182128906250e+02,-1.894143218994140625e+02,-2.017119750976562500e+02,-1.662005462646484375e+02,-1.405335540771484375e+02,-1.205788574218750000e+02,-1.128609466552734375e+02,-1.373612365722656250e+02,-1.760796813964843750e+02,-2.137054595947265625e+02,-2.416188201904296875e+02,-2.795488586425781250e+02,-2.809633483886718750e+02,-2.766138610839843750e+02,-2.132271728515625000e+02,-1.484552764892578125e+02,-1.399835510253906250e+02,-1.461414184570312500e+02,-1.453378753662109375e+02,-1.657994537353515625e+02,-2.042318420410156250e+02,-2.089509735107421875e+02,-1.989712371826171875e+02,-1.822722625732421875e+02,-1.811269226074218750e+02,-1.877705535888671875e+02,-2.060242614746093750e+02,-2.319402160644531250e+02,-2.664638977050781250e+02,-3.175450744628906250e+02,-3.286338500976562500e+02,-3.296058654785156250e+02,-3.320411682128906250e+02,-3.225372009277343750e+02,-3.219759826660156250e+02,-3.184851074218750000e+02,-2.913001403808593750e+02,-2.690740356445312500e+02,-2.607388305664062500e+02,-2.557502288818359375e+02,-2.585047607421875000e+02,-2.718554687500000000e+02,-2.811121520996093750e+02,-2.920114746093750000e+02,-3.066271057128906250e+02,-3.228261718750000000e+02,-3.275941162109375000e+02,-3.296290283203125000e+02,-3.149074707031250000e+02,-2.193284454345703125e+02,-1.501125488281250000e+02,-1.424504394531250000e+02,-1.628672943115234375e+02,-1.750674438476562500e+02,-1.910794677734375000e+02,-1.798310699462890625e+02,-1.504745178222656250e+02,-1.085693054199218750e+02,-8.122888946533203125e+01,-8.120555877685546875e+01,-1.171002731323242188e+02,-1.932837524414062500e+02,-2.243611755371093750e+02,-2.212903289794921875e+02,-2.205682373046875000e+02,-2.168822174072265625e+02,-1.594588470458984375e+02,-1.100565109252929688e+02,-1.013910903930664062e+02,-1.176339340209960938e+02,-1.334040985107421875e+02,-1.530722045898437500e+02,-1.869269866943359375e+02,-2.136114349365234375e+02,-2.011325225830078125e+02,-1.783158416748046875e+02,-1.542736511230468750e+02,-1.461012115478515625e+02,-1.508449859619140625e+02,-1.608569030761718750e+02,-1.684677734375000000e+02,-1.646275634765625000e+02,-1.655041961669921875e+02,-1.815096130371093750e+02,-2.019612274169921875e+02,-2.073360748291015625e+02,-2.055482025146484375e+02,-1.888986968994140625e+02,-1.442687683105468750e+02,-1.247238082885742188e+02,-1.163441162109375000e+02,-1.154635009765625000e+02,-1.087090225219726562e+02,-9.242665100097656250e+01,-7.411862945556640625e+01,-7.418951416015625000e+01,-9.286410522460937500e+01,-1.261960830688476562e+02,-1.863466339111328125e+02,-1.706746368408203125e+02,-1.346847076416015625e+02,-1.325651092529296875e+02,-1.638708190917968750e+02,-2.207297210693359375e+02,-2.414447174072265625e+02,-2.263316802978515625e+02,-2.061967163085937500e+02,-1.921942901611328125e+02,-1.750724639892578125e+02,-1.594361267089843750e+02,-1.563162536621093750e+02,-1.594264831542968750e+02,-1.682548828125000000e+02,-1.909209899902343750e+02,-2.045923461914062500e+02,-1.967009429931640625e+02,-1.710734863281250000e+02,-1.447086791992187500e+02,-1.377996215820312500e+02,-1.428747711181640625e+02,-1.539036560058593750e+02,-1.645944366455078125e+02,-1.765336303710937500e+02,-1.922143096923828125e+02,-2.038679351806640625e+02,-2.139986267089843750e+02,-2.240806884765625000e+02,-2.364312591552734375e+02,-2.331891479492187500e+02,-2.399994354248046875e+02,-2.534228515625000000e+02,-1.623572235107421875e+02,-9.755140686035156250e+01,-8.416290283203125000e+01,-1.025646972656250000e+02,-1.385128631591796875e+02,-1.926294555664062500e+02,-2.088722839355468750e+02,-1.762512969970703125e+02,-1.732525939941406250e+02,-2.048443450927734375e+02,-2.576413879394531250e+02,-2.806418762207031250e+02,-2.703000183105468750e+02,-2.392776947021484375e+02,-2.213252105712890625e+02,-2.198188323974609375e+02,-2.113030242919921875e+02,-1.884834899902343750e+02,-1.608018035888671875e+02,-1.562299499511718750e+02,-1.621713104248046875e+02,-1.695424804687500000e+02,-1.677579803466796875e+02,-1.571782531738281250e+02,-1.449403686523437500e+02,-1.573394927978515625e+02,-1.934532623291015625e+02,-2.150085601806640625e+02,-2.146370239257812500e+02,-2.154000244140625000e+02,-2.216704254150390625e+02,-2.011452636718750000e+02,-1.657899169921875000e+02,-1.404163055419921875e+02,-1.474394683837890625e+02,-1.746014099121093750e+02,-2.038097381591796875e+02,-2.300522003173828125e+02,-2.371949157714843750e+02,-2.396331787109375000e+02,-2.362999267578125000e+02,-2.344253540039062500e+02,-2.424336242675781250e+02,-2.506633758544921875e+02,-2.666595764160156250e+02,-2.857890930175781250e+02,-3.035352478027343750e+02,-3.110258789062500000e+02,-2.323847503662109375e+02,-1.697449798583984375e+02,-1.561585845947265625e+02,-1.522891845703125000e+02,-1.068676071166992188e+02,-8.079078674316406250e+01,-9.447583770751953125e+01,-1.266461715698242188e+02,-1.586801452636718750e+02,-1.854624023437500000e+02,-2.101441497802734375e+02,-2.395587921142578125e+02,-2.246172027587890625e+02,-1.726803741455078125e+02,-1.641012878417968750e+02,-2.058964385986328125e+02,-2.475000762939453125e+02,-2.532778778076171875e+02,-2.844448852539062500e+02,-2.978229370117187500e+02,-2.599340820312500000e+02,-2.251649475097656250e+02,-1.870102386474609375e+02,-1.541117095947265625e+02,-1.404189147949218750e+02,-1.225053405761718750e+02,-1.155737380981445312e+02,-1.245466690063476562e+02,-1.430730590820312500e+02,-1.433392181396484375e+02,-1.529953308105468750e+02,-1.752406616210937500e+02,-1.759702606201171875e+02,-1.700718231201171875e+02,-1.734748229980468750e+02,-1.884655303955078125e+02,-2.090040130615234375e+02,-2.295219268798828125e+02,-2.251244201660156250e+02,-2.317577819824218750e+02,-2.389411468505859375e+02,-2.419851989746093750e+02,-2.526293029785156250e+02,-2.552512969970703125e+02,-2.545515747070312500e+02,-2.636969604492187500e+02,-2.909226379394531250e+02,-3.303432312011718750e+02,-3.499304809570312500e+02,-3.313634948730468750e+02,-3.151391906738281250e+02,-3.100684204101562500e+02,-3.118213500976562500e+02,-3.074777526855468750e+02,-3.012021179199218750e+02,-2.978153076171875000e+02,-2.818792419433593750e+02,-2.794653625488281250e+02,-2.828989868164062500e+02,-2.837250671386718750e+02,-2.850513000488281250e+02,-2.855995788574218750e+02,-2.953783264160156250e+02,-3.011983337402343750e+02,-2.892179260253906250e+02,-2.823049011230468750e+02,-2.856184692382812500e+02,-2.996458129882812500e+02,-3.116314086914062500e+02,-3.177955627441406250e+02,-3.245418395996093750e+02,-3.323400268554687500e+02,-3.325833435058593750e+02,-3.320234375000000000e+02,-2.582038269042968750e+02,-1.697692565917968750e+02,-1.614668884277343750e+02,-1.946128845214843750e+02,-1.983132324218750000e+02,-1.840420227050781250e+02,-1.638982391357421875e+02,-1.209497528076171875e+02,-9.627732849121093750e+01,-8.498315429687500000e+01,-8.328882598876953125e+01,-9.266576385498046875e+01,-1.106327972412109375e+02,-1.461150054931640625e+02,-1.882460937500000000e+02,-2.092801666259765625e+02,-2.158281097412109375e+02,-2.124594726562500000e+02,-1.935384826660156250e+02,-1.818779754638671875e+02,-1.747963409423828125e+02,-1.535317687988281250e+02,-1.334343566894531250e+02,-1.139553146362304688e+02,-1.011081008911132812e+02,-1.054495391845703125e+02,-9.042378997802734375e+01,-8.427879333496093750e+01,-1.267663421630859375e+02,-2.033223724365234375e+02,-2.406980133056640625e+02,-2.111503143310546875e+02,-2.142789001464843750e+02,-2.544433746337890625e+02,-2.378834075927734375e+02,-2.070948486328125000e+02,-1.965425109863281250e+02,-1.931924133300781250e+02,-1.681729278564453125e+02,-1.233469314575195312e+02,-1.120752563476562500e+02,-1.560365447998046875e+02,-1.687745666503906250e+02,-1.417697296142578125e+02,-1.231642837524414062e+02,-1.073328781127929688e+02,-1.135025024414062500e+02,-1.281979370117187500e+02,-1.395637359619140625e+02,-1.705759124755859375e+02,-1.672051391601562500e+02,-1.597927703857421875e+02,-1.685982971191406250e+02,-1.843732604980468750e+02,-2.083394622802734375e+02,-2.460742950439453125e+02,-2.945249328613281250e+02,-2.550866546630859375e+02,-1.917911376953125000e+02,-1.672006225585937500e+02,-1.434400024414062500e+02,-1.162673187255859375e+02,-1.197803344726562500e+02,-1.537111816406250000e+02,-1.970550384521484375e+02,-2.031006622314453125e+02,-2.051679534912109375e+02,-2.149027099609375000e+02,-2.089001617431640625e+02,-1.713435516357421875e+02,-1.500247039794921875e+02,-1.705928344726562500e+02,-2.256999664306640625e+02,-2.803783569335937500e+02,-2.894180908203125000e+02,-2.810936279296875000e+02,-2.597898254394531250e+02,-1.916664428710937500e+02,-1.952615966796875000e+02,-2.797947998046875000e+02,-3.182037353515625000e+02,-3.091175231933593750e+02,-2.874053344726562500e+02,-2.427476806640625000e+02,-2.064237365722656250e+02,-1.807265777587890625e+02,-1.745502166748046875e+02,-1.784114379882812500e+02,-1.740818786621093750e+02,-1.606613922119140625e+02,-1.589095306396484375e+02,-1.614988861083984375e+02,-1.613084411621093750e+02,-1.596292877197265625e+02,-1.570972900390625000e+02,-1.581712493896484375e+02,-1.500291595458984375e+02,-1.383220825195312500e+02,-1.389857482910156250e+02,-1.453746032714843750e+02,-1.490748443603515625e+02,-1.560154876708984375e+02,-1.776231079101562500e+02,-2.096703033447265625e+02,-2.026903839111328125e+02,-1.855308532714843750e+02,-1.926525878906250000e+02,-2.030682983398437500e+02,-2.045684356689453125e+02,-1.997275848388671875e+02,-2.056503143310546875e+02,-2.026508331298828125e+02,-1.908032531738281250e+02,-1.881385192871093750e+02,-1.937259826660156250e+02,-1.960820007324218750e+02,-2.075133056640625000e+02,-2.195116424560546875e+02,-2.216407623291015625e+02,-2.364842224121093750e+02,-2.496942749023437500e+02,-2.566191711425781250e+02,-2.477531433105468750e+02,-2.422453918457031250e+02,-2.521785125732421875e+02,-2.581250305175781250e+02,-2.557069244384765625e+02,-2.593447570800781250e+02,-2.387197723388671875e+02,-2.114421386718750000e+02,-2.180187225341796875e+02,-2.297174530029296875e+02,-2.270751495361328125e+02,-2.283551788330078125e+02,-2.419027557373046875e+02,-2.488419799804687500e+02,-2.471073150634765625e+02,-2.214806060791015625e+02,-1.923959655761718750e+02,-1.819600524902343750e+02,-1.752079620361328125e+02,-1.753607025146484375e+02,-1.849268493652343750e+02,-1.993770446777343750e+02,-2.337720642089843750e+02,-2.811098022460937500e+02,-2.916547851562500000e+02,-2.591315307617187500e+02,-1.573935546875000000e+02,-1.173974838256835938e+02,-1.479403839111328125e+02,-2.330950469970703125e+02,-2.438391418457031250e+02,-1.912919769287109375e+02,-1.763063964843750000e+02,-1.566760101318359375e+02,-1.592413330078125000e+02,-1.947797393798828125e+02,-1.590404357910156250e+02,-1.297056579589843750e+02,-1.269081573486328125e+02,-1.438437957763671875e+02,-1.871745300292968750e+02,-2.467152862548828125e+02,-2.326585693359375000e+02,-2.178123168945312500e+02,-1.853993682861328125e+02,-1.341921539306640625e+02,-1.256085815429687500e+02,-1.390024719238281250e+02,-1.601687316894531250e+02,-1.920318756103515625e+02,-2.415698394775390625e+02,-2.852696838378906250e+02,-2.966493530273437500e+02,-2.490096740722656250e+02,-1.541061859130859375e+02,-1.499552917480468750e+02,-2.049623413085937500e+02,-2.468323516845703125e+02,-2.839857177734375000e+02,-2.787801208496093750e+02,-2.932705383300781250e+02,-3.073303222656250000e+02,-3.108954772949218750e+02,-3.107176818847656250e+02,-3.116515808105468750e+02,-3.156407470703125000e+02,-3.170631103515625000e+02,-3.123439025878906250e+02,-3.135421142578125000e+02,-3.234441833496093750e+02,-3.212269287109375000e+02,-3.166943054199218750e+02,-3.072926635742187500e+02,-2.677328186035156250e+02,-2.687341003417968750e+02,-2.976695251464843750e+02,-2.991104431152343750e+02,-2.916567382812500000e+02,-2.803076782226562500e+02,-2.735353698730468750e+02,-2.765917968750000000e+02,-2.830102844238281250e+02,-2.883483276367187500e+02,-2.896827087402343750e+02,-2.923962097167968750e+02,-2.985989990234375000e+02,-3.012677612304687500e+02,-3.062382507324218750e+02,-3.158299560546875000e+02,-3.179757385253906250e+02,-3.232442932128906250e+02,-3.252683715820312500e+02,-3.338561096191406250e+02,-3.371835937500000000e+02,-3.283003845214843750e+02,-1.944167327880859375e+02,-9.552873992919921875e+01,-6.612957763671875000e+01,-6.510431671142578125e+01,-8.220632171630859375e+01,-1.182641601562500000e+02,-1.483764801025390625e+02,-1.872774658203125000e+02,-1.812013702392578125e+02,-1.500554199218750000e+02,-1.563195190429687500e+02,-1.677981567382812500e+02,-1.710161437988281250e+02,-1.788910675048828125e+02,-1.884618682861328125e+02,-1.947610015869140625e+02,-2.169835510253906250e+02,-2.451871643066406250e+02,-2.479732055664062500e+02,-2.238751220703125000e+02,-2.137619323730468750e+02,-1.359722900390625000e+02,-8.612934112548828125e+01,-9.223342132568359375e+01,-1.111516647338867188e+02,-1.490016632080078125e+02,-2.034675140380859375e+02,-2.399416046142578125e+02,-2.007012481689453125e+02,-1.664858703613281250e+02,-1.506304016113281250e+02,-1.379778289794921875e+02,-1.388520812988281250e+02,-1.440200653076171875e+02,-1.455373840332031250e+02,-1.470091705322265625e+02,-9.743695068359375000e+01,-7.345630645751953125e+01,-9.202812957763671875e+01,-1.182300491333007812e+02,-1.375798950195312500e+02,-1.562227325439453125e+02,-1.817024841308593750e+02,-2.008451232910156250e+02,-2.018220367431640625e+02,-1.743974151611328125e+02,-1.481501007080078125e+02,-1.391876525878906250e+02,-1.362947845458984375e+02,-1.315251770019531250e+02,-1.446782531738281250e+02,-1.428504638671875000e+02,-1.142257003784179688e+02,-1.061264724731445312e+02,-1.146861877441406250e+02,-1.230060424804687500e+02,-1.517098999023437500e+02,-1.752205047607421875e+02,-1.617935028076171875e+02,-1.650053253173828125e+02,-1.775210723876953125e+02,-1.799683227539062500e+02,-1.816930541992187500e+02,-1.882463531494140625e+02,-2.022684631347656250e+02,-1.637233123779296875e+02,-1.210305557250976562e+02,-1.124056243896484375e+02,-1.111841659545898438e+02,-1.027014617919921875e+02,-1.088245162963867188e+02,-1.085446243286132812e+02,-1.110600891113281250e+02,-1.127879714965820312e+02,-1.114597320556640625e+02,-1.136653823852539062e+02,-1.159904861450195312e+02,-1.330385589599609375e+02,-1.667282104492187500e+02,-2.218563385009765625e+02,-2.554565887451171875e+02,-2.257644805908203125e+02,-2.012016906738281250e+02,-1.867395477294921875e+02,-1.716117401123046875e+02,-1.734507598876953125e+02,-1.685796203613281250e+02,-1.521984710693359375e+02,-1.490122680664062500e+02,-1.882032623291015625e+02,-2.622530517578125000e+02,-3.052041931152343750e+02,-1.946374664306640625e+02,-1.095190963745117188e+02,-8.923731231689453125e+01,-7.178823089599609375e+01,-6.253832626342773438e+01,-7.373040771484375000e+01,-8.996089935302734375e+01,-9.263303375244140625e+01,-8.464773559570312500e+01,-1.271762619018554688e+02,-2.091733703613281250e+02,-2.444674072265625000e+02,-2.513397216796875000e+02,-2.381326599121093750e+02,-1.446820831298828125e+02,-1.137763900756835938e+02,-1.512220611572265625e+02,-1.898368530273437500e+02,-2.170425872802734375e+02,-2.169379119873046875e+02,-2.150344543457031250e+02,-2.149841308593750000e+02,-2.214961853027343750e+02,-1.972479553222656250e+02,-1.487224731445312500e+02,-1.326007537841796875e+02,-1.615494842529296875e+02,-2.197042541503906250e+02,-2.201505279541015625e+02,-2.132746734619140625e+02,-1.721053924560546875e+02,-1.217954101562500000e+02,-1.228622589111328125e+02,-1.593905944824218750e+02,-1.825646972656250000e+02,-2.182550201416015625e+02,-2.333487091064453125e+02,-2.253933410644531250e+02,-2.255018463134765625e+02,-2.103271026611328125e+02,-2.112486724853515625e+02,-1.798359985351562500e+02,-1.628022308349609375e+02,-1.360706176757812500e+02,-1.084157638549804688e+02,-1.202626800537109375e+02,-1.918104858398437500e+02,-2.702503356933593750e+02,-2.929116516113281250e+02,-3.026264648437500000e+02,-2.877701110839843750e+02,-2.798902282714843750e+02,-2.930888061523437500e+02,-2.958082885742187500e+02,-2.935014953613281250e+02,-2.945703125000000000e+02,-2.931524963378906250e+02,-2.909506835937500000e+02,-2.788012390136718750e+02,-2.689644775390625000e+02,-2.636171875000000000e+02,-2.658613586425781250e+02,-2.639995422363281250e+02,-2.689665527343750000e+02,-2.815640869140625000e+02,-2.927209167480468750e+02,-3.084140319824218750e+02,-3.196898498535156250e+02,-3.281011657714843750e+02,-3.259167785644531250e+02,-2.834015197753906250e+02,-2.110813903808593750e+02,-1.521675567626953125e+02,-1.454846343994140625e+02,-1.494066314697265625e+02,-1.443721313476562500e+02,-1.354194335937500000e+02,-1.507675323486328125e+02,-1.660474395751953125e+02,-1.886192169189453125e+02,-2.106970977783203125e+02,-2.205646820068359375e+02,-2.409898834228515625e+02,-2.671742248535156250e+02,-2.892195434570312500e+02,-2.924780883789062500e+02,-2.419078826904296875e+02,-2.092515716552734375e+02,-1.629413452148437500e+02,-1.023778305053710938e+02,-9.375191497802734375e+01,-1.197680206298828125e+02,-1.707892608642578125e+02,-2.116082611083984375e+02,-2.062750549316406250e+02,-1.907825775146484375e+02,-1.990495147705078125e+02,-2.265091247558593750e+02,-2.607253417968750000e+02,-2.793242797851562500e+02,-2.874533081054687500e+02,-2.689468383789062500e+02,-1.694698486328125000e+02,-9.845780181884765625e+01,-8.974422454833984375e+01,-9.296384429931640625e+01,-8.528376770019531250e+01,-8.479585266113281250e+01,-9.179919433593750000e+01,-8.910371398925781250e+01,-8.953938293457031250e+01,-1.035754013061523438e+02,-1.579650421142578125e+02,-2.064641876220703125e+02,-2.061474914550781250e+02,-2.080935363769531250e+02,-2.064146728515625000e+02,-1.674443664550781250e+02,-1.504780883789062500e+02,-1.575395507812500000e+02,-1.706994934082031250e+02,-1.758690032958984375e+02,-1.774921112060546875e+02,-1.745653076171875000e+02,-1.982498016357421875e+02,-2.176687774658203125e+02,-2.295821533203125000e+02,-2.598450012207031250e+02,-2.625643005371093750e+02,-2.095185394287109375e+02,-2.013504638671875000e+02,-2.276289672851562500e+02,-2.256095275878906250e+02,-1.901744079589843750e+02,-1.566853485107421875e+02,-1.324858245849609375e+02,-1.174227066040039062e+02,-1.251637115478515625e+02,-1.464091491699218750e+02,-1.767714996337890625e+02,-2.057363891601562500e+02,-2.185837707519531250e+02,-2.310559997558593750e+02,-2.297686920166015625e+02,-2.257100830078125000e+02,-2.134375305175781250e+02,-1.920079650878906250e+02,-1.612940521240234375e+02,-1.489557952880859375e+02,-1.301000823974609375e+02,-1.073777694702148438e+02,-1.108413619995117188e+02,-1.075432052612304688e+02,-1.007840957641601562e+02,-8.788929748535156250e+01,-8.972484588623046875e+01,-1.264027557373046875e+02,-2.050225067138671875e+02,-2.598012390136718750e+02,-2.222909088134765625e+02,-1.737056427001953125e+02,-1.738451232910156250e+02,-1.838433074951171875e+02,-1.762275390625000000e+02,-1.848769073486328125e+02,-1.672665863037109375e+02,-1.426628417968750000e+02,-1.434612731933593750e+02,-1.562997131347656250e+02,-1.936536712646484375e+02,-2.514089050292968750e+02,-2.765603332519531250e+02,-2.787502136230468750e+02,-2.569331359863281250e+02,-2.371354522705078125e+02,-2.260360870361328125e+02,-1.578389282226562500e+02,-1.172583389282226562e+02,-1.432004089355468750e+02,-1.879637298583984375e+02,-2.117941894531250000e+02,-2.155541687011718750e+02,-2.124382171630859375e+02,-2.051184692382812500e+02,-1.988245391845703125e+02,-2.026556549072265625e+02,-2.116464385986328125e+02,-1.810926208496093750e+02,-1.933143310546875000e+02,-2.554467010498046875e+02,-2.767476196289062500e+02,-2.850445556640625000e+02,-2.536006927490234375e+02,-1.854897613525390625e+02,-1.541719818115234375e+02,-1.251075286865234375e+02,-8.563137817382812500e+01,-7.722800445556640625e+01,-8.319821929931640625e+01,-9.408699798583984375e+01,-8.268180847167968750e+01,-8.722606658935546875e+01,-1.449765777587890625e+02,-1.468222198486328125e+02,-1.451286163330078125e+02,-1.707897033691406250e+02,-2.150926055908203125e+02,-2.440544586181640625e+02,-2.565104370117187500e+02,-2.499845123291015625e+02,-2.351286468505859375e+02,-2.445810394287109375e+02,-2.608793334960937500e+02,-2.605742492675781250e+02,-2.668411254882812500e+02,-2.727849121093750000e+02,-2.762190246582031250e+02,-2.750590209960937500e+02,-2.728306274414062500e+02,-2.716585998535156250e+02,-2.813628540039062500e+02,-2.884337158203125000e+02,-2.873798522949218750e+02,-2.767972106933593750e+02,-2.775714416503906250e+02,-2.866746826171875000e+02,-2.869644165039062500e+02,-2.870867004394531250e+02,-2.774468688964843750e+02,-2.708477783203125000e+02,-2.757229003906250000e+02,-2.753129882812500000e+02,-2.792182312011718750e+02,-2.810272216796875000e+02,-2.858829650878906250e+02,-2.944686584472656250e+02,-3.037786254882812500e+02,-3.150806884765625000e+02,-3.237527770996093750e+02,-3.249936828613281250e+02,-2.669191589355468750e+02,-1.311468505859375000e+02,-7.756034088134765625e+01,-5.168285751342773438e+01,-2.966561317443847656e+01,-3.398559570312500000e+01,-7.368545532226562500e+01,-1.237157821655273438e+02,-1.338675384521484375e+02,-1.096006622314453125e+02,-9.629122924804687500e+01,-1.078360061645507812e+02,-1.340227661132812500e+02,-1.695675811767578125e+02,-2.087021942138671875e+02,-2.267815399169921875e+02,-2.210622558593750000e+02,-2.129998168945312500e+02,-2.016836853027343750e+02,-1.514231567382812500e+02,-1.256198730468750000e+02,-1.330172729492187500e+02,-1.415508575439453125e+02,-1.430946960449218750e+02,-1.342093353271484375e+02,-1.419854583740234375e+02,-1.682697296142578125e+02,-2.002684478759765625e+02,-2.280642852783203125e+02,-2.457557525634765625e+02,-2.396909027099609375e+02,-1.983790588378906250e+02,-1.659855651855468750e+02,-1.566572265625000000e+02,-1.545447082519531250e+02,-1.596036987304687500e+02,-1.746714935302734375e+02,-1.875644683837890625e+02,-1.710575256347656250e+02,-1.756590270996093750e+02,-1.838820648193359375e+02,-2.055753631591796875e+02,-2.140253906250000000e+02,-2.101504974365234375e+02,-1.930016326904296875e+02,-1.911051788330078125e+02,-1.863514251708984375e+02,-1.896444854736328125e+02,-1.845629425048828125e+02,-1.615195007324218750e+02,-1.506690979003906250e+02,-1.731837615966796875e+02,-2.020929260253906250e+02,-2.013781280517578125e+02,-1.694560546875000000e+02,-1.360153198242187500e+02,-1.094711914062500000e+02,-1.068440322875976562e+02,-1.148975219726562500e+02,-1.282236328125000000e+02,-1.752361297607421875e+02,-2.227613372802734375e+02,-1.439808349609375000e+02,-1.062435226440429688e+02,-1.280114440917968750e+02,-1.691418304443359375e+02,-1.983722381591796875e+02,-2.065455017089843750e+02,-1.989298858642578125e+02,-1.586588897705078125e+02,-1.371313323974609375e+02,-1.401091308593750000e+02,-1.424175720214843750e+02,-1.562469177246093750e+02,-1.649829406738281250e+02,-1.723490447998046875e+02,-1.652848205566406250e+02,-1.696536407470703125e+02,-2.112353668212890625e+02,-2.267824401855468750e+02,-2.160067749023437500e+02,-1.922422180175781250e+02,-1.620063934326171875e+02,-1.716447601318359375e+02,-1.860052032470703125e+02,-1.911524047851562500e+02,-2.076671600341796875e+02,-2.571998291015625000e+02,-3.035606384277343750e+02,-3.262484130859375000e+02,-2.874396057128906250e+02,-2.470970001220703125e+02,-2.637978515625000000e+02,-3.022701110839843750e+02,-3.284408569335937500e+02,-3.282573242187500000e+02,-3.254788208007812500e+02,-3.348790283203125000e+02,-3.031409606933593750e+02,-1.993786010742187500e+02,-1.392875213623046875e+02,-1.234845199584960938e+02,-1.489968566894531250e+02,-2.024812622070312500e+02,-2.574091491699218750e+02,-2.773222045898437500e+02,-2.967794494628906250e+02,-3.033279418945312500e+02,-1.975801696777343750e+02,-9.851992797851562500e+01,-6.157349014282226562e+01,-4.916268539428710938e+01,-3.901851272583007812e+01,-4.029057693481445312e+01,-7.049205017089843750e+01,-1.296099700927734375e+02,-1.917084808349609375e+02,-1.872821807861328125e+02,-1.826524505615234375e+02,-2.047759399414062500e+02,-2.046269989013671875e+02,-1.900441436767578125e+02,-1.954125671386718750e+02,-2.273125762939453125e+02,-2.553069152832031250e+02,-2.295230865478515625e+02,-2.076741790771484375e+02,-2.367903442382812500e+02,-2.541687774658203125e+02,-2.431587829589843750e+02,-2.232689361572265625e+02,-1.987690734863281250e+02,-1.860032196044921875e+02,-1.769977264404296875e+02,-1.634943695068359375e+02,-1.499877319335937500e+02,-1.537815704345703125e+02,-1.673064880371093750e+02,-2.024828491210937500e+02,-2.552711944580078125e+02,-2.770187377929687500e+02,-2.694241333007812500e+02,-2.472060241699218750e+02,-1.876845855712890625e+02,-1.396715240478515625e+02,-1.420829925537109375e+02,-1.597159271240234375e+02,-1.576385803222656250e+02,-1.477528228759765625e+02,-1.422975463867187500e+02,-1.422524261474609375e+02,-1.550231170654296875e+02,-1.667009887695312500e+02,-1.865665283203125000e+02,-2.236022491455078125e+02,-2.584180297851562500e+02,-2.219396820068359375e+02,-1.551268920898437500e+02,-1.258570327758789062e+02,-1.365027618408203125e+02,-1.772212829589843750e+02,-2.113945770263671875e+02,-2.186019897460937500e+02,-2.297050781250000000e+02,-2.434587249755859375e+02,-2.472386016845703125e+02,-1.753016662597656250e+02,-1.098292541503906250e+02,-9.348274993896484375e+01,-1.136298217773437500e+02,-1.564318389892578125e+02,-2.070587158203125000e+02,-2.464343414306640625e+02,-2.545867462158203125e+02,-2.246798095703125000e+02,-2.070004425048828125e+02,-2.200960693359375000e+02,-2.454934082031250000e+02,-2.485264129638671875e+02,-2.278758239746093750e+02,-1.742950286865234375e+02,-1.606850738525390625e+02,-1.627188110351562500e+02,-1.544121551513671875e+02,-1.436238555908203125e+02,-1.456676940917968750e+02,-1.647465515136718750e+02,-2.030432281494140625e+02,-1.970605621337890625e+02,-1.886092681884765625e+02,-1.692135772705078125e+02,-1.242433166503906250e+02,-9.074418640136718750e+01,-8.588790893554687500e+01,-9.498812103271484375e+01,-9.605049133300781250e+01,-1.001781234741210938e+02,-1.139714279174804688e+02,-1.442828216552734375e+02,-1.621241607666015625e+02,-1.703492431640625000e+02,-1.749861297607421875e+02,-1.800058593750000000e+02,-1.888711547851562500e+02,-1.993399810791015625e+02,-1.918259277343750000e+02,-1.808954010009765625e+02,-1.782783203125000000e+02,-1.987086181640625000e+02,-2.290910644531250000e+02,-2.193583831787109375e+02,-2.187307891845703125e+02,-2.249060058593750000e+02,-2.109439392089843750e+02,-1.944184722900390625e+02,-1.952190399169921875e+02,-2.031359100341796875e+02,-2.024851379394531250e+02,-1.979885559082031250e+02,-1.850514678955078125e+02,-1.720382232666015625e+02,-1.609004364013671875e+02,-1.476844482421875000e+02,-1.454654693603515625e+02,-1.634010467529296875e+02,-2.020567321777343750e+02,-2.439464569091796875e+02,-2.623538818359375000e+02,-2.742830200195312500e+02,-2.667600708007812500e+02,-2.559627838134765625e+02,-2.477064208984375000e+02,-2.494241943359375000e+02,-2.551831512451171875e+02,-2.534819335937500000e+02,-2.509896697998046875e+02,-2.472104034423828125e+02,-2.543177490234375000e+02,-2.637565917968750000e+02,-2.711237487792968750e+02,-2.741755065917968750e+02,-2.857851867675781250e+02,-3.052792358398437500e+02,-3.150096435546875000e+02,-3.143896789550781250e+02,-2.998609313964843750e+02,-2.448036499023437500e+02,-1.672061309814453125e+02,-1.209938507080078125e+02,-1.016170806884765625e+02,-9.463198852539062500e+01,-9.379138946533203125e+01,-1.397002410888671875e+02,-2.160658721923828125e+02,-1.336116790771484375e+02,-9.304912567138671875e+01,-1.186592178344726562e+02,-1.854323883056640625e+02,-2.118582763671875000e+02,-2.172284545898437500e+02,-1.914695892333984375e+02,-1.685260467529296875e+02,-1.936451873779296875e+02,-2.061035461425781250e+02,-1.900798645019531250e+02,-1.815302886962890625e+02,-1.783100738525390625e+02,-1.741736145019531250e+02,-1.829432525634765625e+02,-1.918631286621093750e+02,-1.704309997558593750e+02,-1.453377227783203125e+02,-1.550581207275390625e+02,-1.996361694335937500e+02,-2.481457977294921875e+02,-2.604157104492187500e+02,-2.310408325195312500e+02,-1.961510314941406250e+02,-1.800275115966796875e+02,-1.524975891113281250e+02,-1.513435668945312500e+02,-1.705012512207031250e+02,-1.762375946044921875e+02,-1.697240142822265625e+02,-2.075661315917968750e+02,-2.727185363769531250e+02,-3.080590515136718750e+02,-2.165281066894531250e+02,-1.305957946777343750e+02,-1.099173202514648438e+02,-1.052282485961914062e+02,-1.066905593872070312e+02,-1.101415252685546875e+02,-1.216698074340820312e+02,-1.262711868286132812e+02,-1.190486145019531250e+02,-1.161331481933593750e+02,-1.168441925048828125e+02,-1.426400604248046875e+02,-1.633012847900390625e+02,-2.039620666503906250e+02,-2.210659484863281250e+02,-1.752741851806640625e+02,-1.516807250976562500e+02,-1.556698303222656250e+02,-1.767164611816406250e+02,-1.873398742675781250e+02,-1.902056732177734375e+02,-1.861444702148437500e+02,-1.791736755371093750e+02,-2.026366271972656250e+02,-2.214157409667968750e+02,-2.188101654052734375e+02,-1.585354003906250000e+02,-1.322252807617187500e+02,-1.450019378662109375e+02,-1.652719268798828125e+02,-1.738153991699218750e+02,-1.868910522460937500e+02,-2.033286743164062500e+02,-2.128927154541015625e+02,-2.226233062744140625e+02,-2.256616668701171875e+02,-2.232374114990234375e+02,-2.189371337890625000e+02,-2.071499176025390625e+02,-2.012339782714843750e+02,-2.060216064453125000e+02,-2.130409698486328125e+02,-2.236029205322265625e+02,-2.358873901367187500e+02,-2.489768524169921875e+02,-2.610078430175781250e+02,-2.556599273681640625e+02,-2.726162109375000000e+02,-2.479323272705078125e+02,-1.859263610839843750e+02,-1.446992645263671875e+02,-1.457071380615234375e+02,-1.828289642333984375e+02,-2.241679687500000000e+02,-2.348629608154296875e+02,-2.268202514648437500e+02,-1.684696350097656250e+02,-1.528335571289062500e+02,-1.966951446533203125e+02,-2.788629455566406250e+02,-2.810603027343750000e+02,-2.444404144287109375e+02,-1.885755920410156250e+02,-1.539375152587890625e+02,-1.464738616943359375e+02,-1.405606079101562500e+02,-1.213599700927734375e+02,-1.033268432617187500e+02,-9.501786041259765625e+01,-9.340705108642578125e+01,-9.309423065185546875e+01,-9.509090423583984375e+01,-9.615050506591796875e+01,-9.991704559326171875e+01,-1.066144409179687500e+02,-1.228854827880859375e+02,-1.381879882812500000e+02,-1.490737152099609375e+02,-1.634296875000000000e+02,-1.794738159179687500e+02,-1.839663848876953125e+02,-1.802178497314453125e+02,-1.852030334472656250e+02,-2.031259765625000000e+02,-2.119737548828125000e+02,-2.230497894287109375e+02,-2.205319519042968750e+02,-1.762034912109375000e+02,-1.807881164550781250e+02,-2.511134338378906250e+02,-2.827243652343750000e+02,-2.516598358154296875e+02,-1.900318603515625000e+02,-1.625938568115234375e+02,-1.718112945556640625e+02,-1.871909332275390625e+02,-2.225538024902343750e+02,-2.580467224121093750e+02,-2.457478485107421875e+02,-2.041968078613281250e+02,-1.409900512695312500e+02,-1.303587036132812500e+02,-1.647164611816406250e+02,-1.943730010986328125e+02,-1.746460113525390625e+02,-1.409921264648437500e+02,-1.265690917968750000e+02,-1.210313110351562500e+02,-1.264092330932617188e+02,-1.247916793823242188e+02,-1.111419143676757812e+02,-9.908015441894531250e+01,-1.000476455688476562e+02,-1.151744842529296875e+02,-1.484372863769531250e+02,-1.909710083007812500e+02,-1.898488922119140625e+02,-1.904772338867187500e+02,-1.918259124755859375e+02,-1.946410675048828125e+02,-2.085113067626953125e+02,-2.347294158935546875e+02,-2.044387512207031250e+02,-1.484311981201171875e+02,-1.606190338134765625e+02,-1.750310821533203125e+02,-1.718610534667968750e+02,-1.956580963134765625e+02,-2.555696868896484375e+02,-2.278468627929687500e+02,-1.462230529785156250e+02,-1.198412857055664062e+02,-1.533820953369140625e+02,-1.863352355957031250e+02,-2.002523651123046875e+02,-1.974234924316406250e+02,-1.892297363281250000e+02,-1.834172363281250000e+02,-1.892151031494140625e+02,-1.954044647216796875e+02,-1.982843170166015625e+02,-2.000272369384765625e+02,-1.743404083251953125e+02,-1.396866302490234375e+02,-1.120653076171875000e+02,-1.070064468383789062e+02,-1.050998001098632812e+02,-1.245192413330078125e+02,-1.796584930419921875e+02,-1.898706207275390625e+02,-1.812322387695312500e+02,-1.899978332519531250e+02,-1.880576934814453125e+02,-1.766299896240234375e+02,-2.077123107910156250e+02,-2.740867919921875000e+02,-2.373013000488281250e+02,-1.784941864013671875e+02,-1.847836303710937500e+02,-2.329910278320312500e+02,-2.734051818847656250e+02,-2.919845886230468750e+02,-2.954254150390625000e+02,-2.981558227539062500e+02,-2.977861022949218750e+02,-3.000461425781250000e+02,-3.099243774414062500e+02,-3.063373718261718750e+02,-3.074311523437500000e+02,-3.136571044921875000e+02,-3.143660888671875000e+02,-3.156120300292968750e+02,-3.124952697753906250e+02,-3.167352294921875000e+02,-3.171018371582031250e+02,-3.115233459472656250e+02,-3.122056884765625000e+02,-2.938505859375000000e+02,-2.733913574218750000e+02,-2.821359863281250000e+02,-3.010823974609375000e+02,-3.105422668457031250e+02,-3.121619262695312500e+02,-3.170091247558593750e+02,-3.270511779785156250e+02,-3.258212280273437500e+02,-3.173184204101562500e+02,-3.144981079101562500e+02,-3.127217712402343750e+02,-3.240028991699218750e+02,-3.368841857910156250e+02,-3.284054870605468750e+02,-3.038332214355468750e+02,-2.385193176269531250e+02,-1.795553894042968750e+02,-1.388325805664062500e+02,-1.049864501953125000e+02,-7.700926208496093750e+01,-5.283953857421875000e+01,-6.285227203369140625e+01,-1.141360626220703125e+02,-1.803019256591796875e+02,-1.947732543945312500e+02,-1.925901794433593750e+02,-1.976839294433593750e+02,-1.512432556152343750e+02,-7.137199401855468750e+01,-4.514515686035156250e+01,-6.405404663085937500e+01,-7.808937835693359375e+01,-6.834107971191406250e+01,-6.337154769897460938e+01,-6.185628509521484375e+01,-8.742009735107421875e+01,-1.380594635009765625e+02,-1.937618865966796875e+02,-2.266862487792968750e+02,-1.853894195556640625e+02,-1.528350372314453125e+02,-1.615798645019531250e+02,-1.833547210693359375e+02,-2.195462493896484375e+02,-2.575242919921875000e+02,-2.785474853515625000e+02,-2.475352935791015625e+02,-1.849503631591796875e+02,-1.750807952880859375e+02,-2.024161682128906250e+02,-2.028747100830078125e+02,-1.783830413818359375e+02,-1.549367828369140625e+02,-1.054819564819335938e+02,-6.717008972167968750e+01,-5.024526214599609375e+01,-2.664048767089843750e+01,-1.106910037994384766e+01,-2.312718963623046875e+01,-5.205729293823242188e+01,-8.600387573242187500e+01,-1.594683380126953125e+02,-1.862866821289062500e+02,-1.682856903076171875e+02,-1.493611145019531250e+02,-1.301350708007812500e+02,-1.175655822753906250e+02,-1.276299362182617188e+02,-1.480729522705078125e+02,-1.702440032958984375e+02,-1.528896331787109375e+02,-1.317698211669921875e+02,-1.414840393066406250e+02,-1.522164764404296875e+02,-1.487828979492187500e+02,-1.371144714355468750e+02,-1.372173156738281250e+02,-1.741369323730468750e+02,-1.730228118896484375e+02,-1.174324951171875000e+02,-9.657876586914062500e+01,-1.106003417968750000e+02,-1.442890319824218750e+02,-1.759972686767578125e+02,-1.884688568115234375e+02,-1.556323089599609375e+02,-1.086049575805664062e+02,-8.547891998291015625e+01,-7.973593139648437500e+01,-7.888915252685546875e+01,-7.843366241455078125e+01,-7.103509521484375000e+01,-5.195384216308593750e+01,-5.072806930541992188e+01,-6.320122909545898438e+01,-7.796437835693359375e+01,-1.008960113525390625e+02,-1.248704605102539062e+02,-1.385534820556640625e+02,-1.504448394775390625e+02,-1.884627685546875000e+02,-2.146878967285156250e+02,-2.261832122802734375e+02,-2.291939544677734375e+02,-2.153632965087890625e+02,-1.984370117187500000e+02,-1.685019989013671875e+02,-1.379432220458984375e+02,-1.443722686767578125e+02,-1.621438446044921875e+02,-1.695723266601562500e+02,-1.808896942138671875e+02,-1.884537963867187500e+02,-1.723586120605468750e+02,-1.599722290039062500e+02,-1.529308013916015625e+02,-1.488783264160156250e+02,-1.405782623291015625e+02,-1.423511199951171875e+02,-1.618252563476562500e+02,-1.874540100097656250e+02,-1.927899169921875000e+02,-2.036191864013671875e+02,-2.108231506347656250e+02,-2.056897735595703125e+02,-1.940858764648437500e+02,-1.851271972656250000e+02,-2.049586334228515625e+02,-2.333744049072265625e+02,-2.571096496582031250e+02,-2.399947662353515625e+02,-1.729469299316406250e+02,-1.502032165527343750e+02,-1.651094970703125000e+02,-2.095005798339843750e+02,-2.377528686523437500e+02,-1.905937194824218750e+02,-1.668569641113281250e+02,-1.764518890380859375e+02,-1.874058074951171875e+02,-1.811232757568359375e+02,-1.680960083007812500e+02,-1.461783142089843750e+02,-1.219908523559570312e+02,-1.280965728759765625e+02,-1.604930572509765625e+02,-1.910571136474609375e+02,-2.099802856445312500e+02,-2.362944793701171875e+02,-2.343095703125000000e+02,-2.397224273681640625e+02,-2.522765197753906250e+02,-2.393725585937500000e+02,-2.482288513183593750e+02,-2.827376708984375000e+02,-2.583900451660156250e+02,-1.972448883056640625e+02,-2.105129852294921875e+02,-2.738558654785156250e+02,-2.959107360839843750e+02,-2.915039062500000000e+02,-2.891053466796875000e+02,-2.915224304199218750e+02,-2.909899597167968750e+02,-2.837609558105468750e+02,-2.732397460937500000e+02,-2.668948364257812500e+02,-2.641076660156250000e+02,-2.636088867187500000e+02,-2.625853271484375000e+02,-2.682466735839843750e+02,-2.661557312011718750e+02,-2.716674804687500000e+02,-2.884389343261718750e+02,-2.952482910156250000e+02,-3.035232849121093750e+02,-3.143698730468750000e+02,-3.185707092285156250e+02,-2.646326293945312500e+02,-2.143086853027343750e+02,-1.962467346191406250e+02,-2.223116607666015625e+02,-2.327917327880859375e+02,-1.856230773925781250e+02,-1.429540405273437500e+02,-1.259789962768554688e+02,-1.539477081298828125e+02,-1.686308135986328125e+02,-1.528445892333984375e+02,-1.346968841552734375e+02,-1.408850250244140625e+02,-1.978483734130859375e+02,-2.553491821289062500e+02,-2.435304107666015625e+02,-1.539116973876953125e+02,-1.129082565307617188e+02,-1.097137145996093750e+02,-1.175071029663085938e+02,-1.207746658325195312e+02,-1.260565185546875000e+02,-1.396679382324218750e+02,-1.374162139892578125e+02,-1.312026977539062500e+02,-1.302602691650390625e+02,-1.457872619628906250e+02,-1.801522216796875000e+02,-2.199512939453125000e+02,-2.381036834716796875e+02,-2.468741302490234375e+02,-2.007734832763671875e+02,-1.749637756347656250e+02,-1.856737060546875000e+02,-2.007589569091796875e+02,-1.993819732666015625e+02,-1.904592590332031250e+02,-1.842825622558593750e+02,-1.702403411865234375e+02,-1.579104156494140625e+02,-1.537835693359375000e+02,-1.490162811279296875e+02,-1.504885864257812500e+02,-1.507999267578125000e+02,-1.639843750000000000e+02,-1.787864532470703125e+02,-1.704647521972656250e+02,-1.448184967041015625e+02,-1.335379791259765625e+02,-1.511434631347656250e+02,-1.683945465087890625e+02,-1.716910858154296875e+02,-1.747772979736328125e+02,-1.698065795898437500e+02,-1.642572326660156250e+02,-1.804410858154296875e+02,-2.027393951416015625e+02,-2.148106994628906250e+02,-2.173992767333984375e+02,-2.216739196777343750e+02,-2.208917846679687500e+02,-2.327385101318359375e+02,-2.506703796386718750e+02,-2.620937500000000000e+02,-2.736325683593750000e+02,-2.776985778808593750e+02,-2.845541992187500000e+02,-2.374873962402343750e+02,-1.894276580810546875e+02,-2.045478363037109375e+02,-1.743468475341796875e+02,-1.449039306640625000e+02,-1.334195098876953125e+02,-1.286376342773437500e+02,-1.303404846191406250e+02,-1.213745956420898438e+02,-1.204060821533203125e+02,-1.439215850830078125e+02,-1.775796508789062500e+02,-2.066599426269531250e+02,-2.243372192382812500e+02,-2.053717193603515625e+02,-1.870288391113281250e+02,-1.962938995361328125e+02,-2.057378540039062500e+02,-2.137263031005859375e+02,-2.158256988525390625e+02,-2.303679504394531250e+02,-2.573486328125000000e+02,-2.979080810546875000e+02,-3.339118957519531250e+02,-3.324736633300781250e+02,-3.279495849609375000e+02,-3.192441101074218750e+02,-3.082688903808593750e+02,-3.011227416992187500e+02,-2.894776306152343750e+02,-2.768731384277343750e+02,-2.700202331542968750e+02,-2.657262268066406250e+02,-2.651974487304687500e+02,-2.694558410644531250e+02,-2.693503112792968750e+02,-2.845933837890625000e+02,-2.965863037109375000e+02,-3.044346618652343750e+02,-3.113442687988281250e+02,-3.018261718750000000e+02,-2.592098693847656250e+02,-1.757086181640625000e+02,-1.380915374755859375e+02,-1.588290405273437500e+02,-1.942891082763671875e+02,-2.008320007324218750e+02,-1.834076538085937500e+02,-1.588383178710937500e+02,-1.411460876464843750e+02,-1.381948089599609375e+02,-1.435528869628906250e+02,-1.407891693115234375e+02,-1.100923004150390625e+02,-1.004098739624023438e+02,-1.311427764892578125e+02,-1.473889770507812500e+02,-1.562682495117187500e+02,-1.718530426025390625e+02,-1.948447265625000000e+02,-2.100207061767578125e+02,-2.066362915039062500e+02,-1.947122955322265625e+02,-1.967637481689453125e+02,-1.507786407470703125e+02,-9.955194854736328125e+01,-8.890814208984375000e+01,-9.475601959228515625e+01,-1.227405090332031250e+02,-1.885157470703125000e+02,-2.301950225830078125e+02,-2.423952484130859375e+02,-2.062279663085937500e+02,-1.231525344848632812e+02,-1.024139328002929688e+02,-1.359710388183593750e+02,-1.808177795410156250e+02,-2.014833221435546875e+02,-1.816844482421875000e+02,-1.510752563476562500e+02,-1.327121734619140625e+02,-1.261790237426757812e+02,-1.271871185302734375e+02,-1.279790344238281250e+02,-1.272292938232421875e+02,-1.278034286499023438e+02,-1.274888610839843750e+02,-1.345503692626953125e+02,-1.436773681640625000e+02,-1.503905029296875000e+02,-1.654943847656250000e+02,-1.932538757324218750e+02,-2.216862945556640625e+02,-2.351470489501953125e+02,-2.407361450195312500e+02,-2.242602844238281250e+02,-1.730789031982421875e+02,-1.819579772949218750e+02,-2.430358276367187500e+02,-2.514725341796875000e+02,-2.120090484619140625e+02,-1.773161926269531250e+02,-1.230362091064453125e+02,-9.584281158447265625e+01,-1.030900115966796875e+02,-1.529758605957031250e+02,-2.020902709960937500e+02,-2.117890777587890625e+02,-2.164196166992187500e+02,-1.989948883056640625e+02,-1.685845947265625000e+02,-1.736226501464843750e+02,-1.689515686035156250e+02,-1.396568298339843750e+02,-1.177402801513671875e+02,-1.035556030273437500e+02,-1.192195892333984375e+02,-1.388049468994140625e+02,-1.224673309326171875e+02,-1.208889541625976562e+02,-1.263287200927734375e+02,-1.359727630615234375e+02,-1.526412353515625000e+02,-1.541769561767578125e+02,-1.464040985107421875e+02,-1.710895996093750000e+02,-2.134623260498046875e+02,-2.144249725341796875e+02,-2.077982025146484375e+02,-1.824228363037109375e+02,-1.780064392089843750e+02,-1.684923553466796875e+02,-1.642400054931640625e+02,-1.771090698242187500e+02,-1.811490631103515625e+02,-1.802400360107421875e+02,-1.887525787353515625e+02,-2.164046630859375000e+02,-2.429106445312500000e+02,-2.485323486328125000e+02,-2.550229034423828125e+02,-2.715120239257812500e+02,-2.861903381347656250e+02,-2.994527587890625000e+02,-3.065247802734375000e+02,-3.058471374511718750e+02,-3.074886779785156250e+02,-3.095053710937500000e+02,-3.018499755859375000e+02,-3.026510314941406250e+02,-2.993682861328125000e+02,-2.908481140136718750e+02,-2.828128356933593750e+02,-2.786236877441406250e+02,-2.859467773437500000e+02,-2.956466674804687500e+02,-3.008169860839843750e+02,-3.123282165527343750e+02,-3.276520996093750000e+02,-3.322773437500000000e+02,-3.334267272949218750e+02,-3.354083862304687500e+02,-2.591827392578125000e+02,-1.567634429931640625e+02,-1.272893524169921875e+02,-1.824839630126953125e+02,-2.787619018554687500e+02,-2.945865173339843750e+02,-2.299706420898437500e+02,-1.458012847900390625e+02,-1.322980041503906250e+02,-1.552486877441406250e+02,-1.604977722167968750e+02,-1.635092010498046875e+02,-1.573133392333984375e+02,-1.589699554443359375e+02,-1.703295898437500000e+02,-1.853793182373046875e+02,-2.029970855712890625e+02,-2.097863922119140625e+02,-2.125267639160156250e+02,-2.342817535400390625e+02,-2.319397583007812500e+02,-1.942268676757812500e+02,-1.857623748779296875e+02,-1.638687744140625000e+02,-1.608804321289062500e+02,-1.985609741210937500e+02,-1.740394592285156250e+02,-1.456633300781250000e+02,-1.309526367187500000e+02,-1.376592254638671875e+02,-1.547346496582031250e+02,-1.898545379638671875e+02,-2.287214660644531250e+02,-2.304562530517578125e+02,-2.131493988037109375e+02,-1.962610168457031250e+02,-1.708042602539062500e+02,-1.411006927490234375e+02,-1.252085113525390625e+02,-1.151244430541992188e+02,-1.004694442749023438e+02,-9.639677429199218750e+01,-9.985829925537109375e+01,-1.033536605834960938e+02,-1.064024658203125000e+02,-1.186350250244140625e+02,-1.640351715087890625e+02,-1.915560455322265625e+02,-2.028358459472656250e+02,-2.182798309326171875e+02,-2.324731292724609375e+02,-2.729020385742187500e+02,-2.537665710449218750e+02,-1.825511932373046875e+02,-1.428895263671875000e+02,-1.436623992919921875e+02,-1.465245056152343750e+02,-1.515320129394531250e+02,-1.660413513183593750e+02,-1.875387268066406250e+02,-1.860436096191406250e+02,-1.808224639892578125e+02,-1.995796813964843750e+02,-2.128508911132812500e+02,-2.052902221679687500e+02,-1.701693878173828125e+02,-1.298459167480468750e+02,-1.279180679321289062e+02,-1.653560333251953125e+02,-1.943521575927734375e+02,-1.491954040527343750e+02,-1.380319366455078125e+02,-1.550525360107421875e+02,-1.632442321777343750e+02,-1.630430450439453125e+02,-1.587986602783203125e+02,-1.654165496826171875e+02,-1.743118896484375000e+02,-1.891542510986328125e+02,-1.979811706542968750e+02,-1.872706298828125000e+02,-1.693830413818359375e+02,-2.026252288818359375e+02,-2.333560028076171875e+02,-2.087700805664062500e+02,-1.683293762207031250e+02,-1.476318359375000000e+02,-1.310650329589843750e+02,-1.074877624511718750e+02,-9.953028106689453125e+01,-1.038271102905273438e+02,-1.303353576660156250e+02,-1.777934875488281250e+02,-1.818362579345703125e+02,-1.674882507324218750e+02,-1.728936920166015625e+02,-2.054273529052734375e+02,-2.555251464843750000e+02,-2.784637145996093750e+02,-2.735781250000000000e+02,-2.320911865234375000e+02,-1.894855194091796875e+02,-1.902374877929687500e+02,-2.066328277587890625e+02,-2.251625823974609375e+02,-2.535701599121093750e+02,-2.409374237060546875e+02,-2.012999877929687500e+02,-1.840489654541015625e+02,-1.857474365234375000e+02,-1.839517974853515625e+02,-1.976275634765625000e+02,-2.080415191650390625e+02,-2.151204833984375000e+02,-2.226916351318359375e+02,-2.332280731201171875e+02,-2.302907867431640625e+02,-1.995630187988281250e+02,-2.172536315917968750e+02,-2.831066589355468750e+02,-2.975855102539062500e+02,-3.066182556152343750e+02,-3.153432617187500000e+02,-3.098729858398437500e+02,-2.925461425781250000e+02,-2.802905578613281250e+02,-2.790547790527343750e+02,-2.796771240234375000e+02,-2.787507019042968750e+02,-2.811807250976562500e+02,-2.910604858398437500e+02,-3.036049804687500000e+02,-3.045810241699218750e+02,-2.934582519531250000e+02,-2.962867126464843750e+02,-2.588070678710937500e+02,-2.350245208740234375e+02,-2.180156860351562500e+02,-1.866227416992187500e+02,-1.637595672607421875e+02,-1.140179595947265625e+02,-1.020810394287109375e+02,-1.062213211059570312e+02,-1.011220397949218750e+02,-1.073675842285156250e+02,-1.277027130126953125e+02,-1.599253387451171875e+02,-1.649775238037109375e+02,-1.066258468627929688e+02,-7.678490447998046875e+01,-1.115976486206054688e+02,-1.817345275878906250e+02,-2.331131896972656250e+02,-2.578805847167968750e+02,-2.473477020263671875e+02,-1.622089843750000000e+02,-8.766033935546875000e+01,-8.768148803710937500e+01,-1.308318786621093750e+02,-1.843622894287109375e+02,-2.053683319091796875e+02,-1.988708038330078125e+02,-1.676909637451171875e+02,-1.472682952880859375e+02,-1.663643951416015625e+02,-1.794163208007812500e+02,-1.820619506835937500e+02,-1.834335632324218750e+02,-1.975497283935546875e+02,-1.987313537597656250e+02,-1.889809265136718750e+02,-1.945292816162109375e+02,-1.864348907470703125e+02,-1.807700042724609375e+02,-1.850837707519531250e+02,-2.015425262451171875e+02,-2.178970794677734375e+02,-1.643282623291015625e+02,-9.817672729492187500e+01,-9.707263183593750000e+01,-1.397632904052734375e+02,-1.671452484130859375e+02,-1.916923980712890625e+02,-2.018616485595703125e+02,-2.030496368408203125e+02,-2.143298339843750000e+02,-2.203367767333984375e+02,-2.036980285644531250e+02,-1.773999786376953125e+02,-1.548747253417968750e+02,-1.722710266113281250e+02,-1.957512512207031250e+02,-2.576241149902343750e+02,-2.992539672851562500e+02,-2.982799072265625000e+02,-2.891676940917968750e+02,-2.246589050292968750e+02,-1.315708618164062500e+02,-9.216854858398437500e+01,-9.893649291992187500e+01,-1.110656967163085938e+02,-1.247437744140625000e+02,-1.334681701660156250e+02,-1.600822143554687500e+02,-1.979286041259765625e+02,-2.021542510986328125e+02,-1.588059997558593750e+02,-1.396421051025390625e+02,-1.398451385498046875e+02,-1.429181213378906250e+02,-1.681578826904296875e+02,-2.122138977050781250e+02,-2.322868194580078125e+02,-1.867830200195312500e+02,-1.775070800781250000e+02,-2.081164398193359375e+02,-1.968552551269531250e+02,-1.755896148681640625e+02,-1.616413574218750000e+02,-1.745467834472656250e+02,-1.965190429687500000e+02,-1.592205047607421875e+02,-1.193295211791992188e+02,-1.061921920776367188e+02,-9.815419769287109375e+01,-9.167976379394531250e+01,-7.644076538085937500e+01,-7.808133697509765625e+01,-1.172111282348632812e+02,-1.739421081542968750e+02,-2.022141265869140625e+02,-2.200949401855468750e+02,-2.142620544433593750e+02,-2.159195251464843750e+02,-2.274127502441406250e+02,-2.377477111816406250e+02,-2.428726348876953125e+02,-2.440853424072265625e+02,-2.342640686035156250e+02,-2.381149902343750000e+02,-2.524049377441406250e+02,-2.691112670898437500e+02,-2.898271179199218750e+02,-2.901793212890625000e+02,-2.712069091796875000e+02,-2.669924621582031250e+02,-2.735970764160156250e+02,-2.883504028320312500e+02,-2.990782470703125000e+02,-3.018949584960937500e+02,-2.998970336914062500e+02,-2.924425354003906250e+02,-2.884728088378906250e+02,-2.909441833496093750e+02,-3.112401733398437500e+02,-3.305228271484375000e+02,-3.413854064941406250e+02,-3.336240539550781250e+02,-2.568156127929687500e+02,-1.932716979980468750e+02,-2.126649932861328125e+02,-3.125559387207031250e+02,-3.348174438476562500e+02,-3.443936767578125000e+02,-3.430966796875000000e+02,-3.501433410644531250e+02,-3.484545593261718750e+02,-3.352892456054687500e+02,-3.235959472656250000e+02,-2.977300720214843750e+02,-3.003191833496093750e+02,-3.084358520507812500e+02,-3.114461059570312500e+02,-3.142888793945312500e+02,-3.169187011718750000e+02,-3.189912414550781250e+02,-3.164797058105468750e+02,-3.145690002441406250e+02,-3.201150512695312500e+02,-3.314537658691406250e+02,-2.305162963867187500e+02,-1.574651489257812500e+02,-1.740878448486328125e+02,-2.054710388183593750e+02,-2.136852416992187500e+02,-2.582225952148437500e+02,-3.007644958496093750e+02,-2.953298339843750000e+02,-1.913749237060546875e+02,-1.158447494506835938e+02,-9.594872283935546875e+01,-9.537972259521484375e+01,-1.161596450805664062e+02,-1.307936859130859375e+02,-1.118316497802734375e+02,-9.399884796142578125e+01,-1.330970764160156250e+02,-2.206829071044921875e+02,-2.490609283447265625e+02,-2.415821533203125000e+02,-2.004758605957031250e+02,-1.565930786132812500e+02,-1.209112854003906250e+02,-8.057821655273437500e+01,-5.005965423583984375e+01,-2.885846900939941406e+01,-3.221813201904296875e+01,-5.446119308471679688e+01,-7.048107147216796875e+01,-6.588312530517578125e+01,-5.561469650268554688e+01,-4.092792510986328125e+01,-2.267745780944824219e+01,-2.282741165161132812e+01,-3.064176940917968750e+01,-4.705322265625000000e+01,-9.288494110107421875e+01,-1.145889053344726562e+02,-1.214412689208984375e+02,-1.204456481933593750e+02,-1.115011520385742188e+02,-1.270165557861328125e+02,-1.719483337402343750e+02,-1.760935668945312500e+02,-1.735580444335937500e+02,-2.153125152587890625e+02,-2.334124145507812500e+02,-2.225239562988281250e+02,-2.054009246826171875e+02,-1.654160003662109375e+02,-1.388890380859375000e+02,-1.189946441650390625e+02,-1.235013198852539062e+02,-1.393058776855468750e+02,-1.041722869873046875e+02,-9.058611297607421875e+01,-1.038274230957031250e+02,-1.372128906250000000e+02,-2.075040740966796875e+02,-2.325867309570312500e+02,-2.338217010498046875e+02,-2.123740692138671875e+02,-1.835398254394531250e+02,-1.417256469726562500e+02,-1.281092681884765625e+02,-1.665920715332031250e+02,-2.382052917480468750e+02,-2.575134887695312500e+02,-2.474135894775390625e+02,-1.971069641113281250e+02,-1.798089599609375000e+02,-1.563405609130859375e+02,-1.405685577392578125e+02,-1.465155487060546875e+02,-1.480368194580078125e+02,-1.530343170166015625e+02,-1.469501495361328125e+02,-1.379372711181640625e+02,-1.153712768554687500e+02,-8.289539337158203125e+01,-6.024405288696289062e+01,-6.466503906250000000e+01,-9.246347045898437500e+01,-9.945861816406250000e+01,-1.099183959960937500e+02,-1.378609008789062500e+02,-1.406974182128906250e+02,-1.474185180664062500e+02,-1.692035675048828125e+02,-2.115073547363281250e+02,-2.605575561523437500e+02,-2.607236022949218750e+02,-2.605305480957031250e+02,-2.858346862792968750e+02,-2.453215026855468750e+02,-1.809651794433593750e+02,-1.215459060668945312e+02,-1.082647933959960938e+02,-1.077226028442382812e+02,-9.501785278320312500e+01,-1.061022491455078125e+02,-1.489491119384765625e+02,-1.630640869140625000e+02,-1.674479064941406250e+02,-1.765108795166015625e+02,-2.010740814208984375e+02,-2.440890960693359375e+02,-2.599608764648437500e+02,-2.576315002441406250e+02,-2.513623809814453125e+02,-2.396956024169921875e+02,-2.184240875244140625e+02,-1.977680358886718750e+02,-1.762517089843750000e+02,-1.565859832763671875e+02,-1.443479461669921875e+02,-1.338332519531250000e+02,-1.223993453979492188e+02,-1.093173599243164062e+02,-1.200422744750976562e+02,-1.400585021972656250e+02,-1.542106323242187500e+02,-1.585148925781250000e+02,-1.501445465087890625e+02,-1.764949188232421875e+02,-1.969019622802734375e+02,-2.117176666259765625e+02,-2.587758789062500000e+02,-2.757145385742187500e+02,-2.829623718261718750e+02,-2.554626922607421875e+02,-2.198853607177734375e+02,-2.420948638916015625e+02,-2.834295043945312500e+02,-2.813897705078125000e+02,-2.884647521972656250e+02,-2.825072937011718750e+02,-2.570655212402343750e+02,-2.539405212402343750e+02,-2.546072692871093750e+02,-2.616005859375000000e+02,-2.751470947265625000e+02,-2.936841125488281250e+02,-3.027400207519531250e+02,-3.088892517089843750e+02,-2.823135986328125000e+02,-2.687915344238281250e+02,-2.817379760742187500e+02,-2.018448028564453125e+02,-1.278420333862304688e+02,-7.393873596191406250e+01,-7.322975158691406250e+01,-1.129383850097656250e+02,-1.691677246093750000e+02,-1.955585021972656250e+02,-1.470699920654296875e+02,-9.865059661865234375e+01,-1.129022979736328125e+02,-1.937830352783203125e+02,-2.624209289550781250e+02,-2.698486328125000000e+02,-2.095173645019531250e+02,-1.263127059936523438e+02,-1.058520812988281250e+02,-1.264567947387695312e+02,-1.482082366943359375e+02,-1.633030395507812500e+02,-1.583797454833984375e+02,-1.458534698486328125e+02,-1.401742553710937500e+02,-1.505846252441406250e+02,-1.545626678466796875e+02,-1.762516479492187500e+02,-2.001882934570312500e+02,-2.042370300292968750e+02,-2.136554718017578125e+02,-1.908570251464843750e+02,-1.746838531494140625e+02,-1.884151611328125000e+02,-1.937399139404296875e+02,-1.871336822509765625e+02,-1.955336914062500000e+02,-2.230494995117187500e+02,-2.441230163574218750e+02,-2.571122131347656250e+02,-1.816143798828125000e+02,-1.226052322387695312e+02,-8.627081298828125000e+01,-6.656422424316406250e+01,-7.195017242431640625e+01,-8.170223236083984375e+01,-8.837869262695312500e+01,-9.642225646972656250e+01,-1.080300445556640625e+02,-1.179200134277343750e+02,-1.300686950683593750e+02,-1.520003509521484375e+02,-1.835585784912109375e+02,-2.190445098876953125e+02,-2.296687011718750000e+02,-1.860904693603515625e+02,-1.335189514160156250e+02,-1.175373687744140625e+02,-1.300686340332031250e+02,-1.817623901367187500e+02,-2.116656646728515625e+02,-1.820939941406250000e+02,-1.839549255371093750e+02,-2.165837249755859375e+02,-2.112853240966796875e+02,-1.726457214355468750e+02,-1.401098327636718750e+02,-1.101608581542968750e+02,-9.399571990966796875e+01,-8.887236022949218750e+01,-1.079967269897460938e+02,-1.460741271972656250e+02,-1.648783874511718750e+02,-1.362425231933593750e+02,-1.165749511718750000e+02,-1.142872085571289062e+02,-9.977960968017578125e+01,-9.487556457519531250e+01,-9.880593872070312500e+01,-1.147009582519531250e+02,-1.549364776611328125e+02,-2.097548675537109375e+02,-2.155402526855468750e+02,-1.649182128906250000e+02,-1.627623748779296875e+02,-1.520421295166015625e+02,-1.411948089599609375e+02,-1.328120422363281250e+02,-1.207173309326171875e+02,-1.223385162353515625e+02,-1.519430389404296875e+02,-1.820872497558593750e+02,-1.925109863281250000e+02,-1.735205535888671875e+02,-1.567149505615234375e+02,-1.645062713623046875e+02,-1.851137084960937500e+02,-2.060773468017578125e+02,-1.970117492675781250e+02,-1.622757110595703125e+02,-1.323749237060546875e+02,-1.308706817626953125e+02,-3.324084091186523438e+01,-2.190950202941894531e+01,-2.211374473571777344e+01,1.753144645690917969e+01,-1.446403980255126953e+01,-7.829122924804687500e+01,-1.351683044433593750e+02,-1.374428710937500000e+02,-1.337166748046875000e+02,-1.306781768798828125e+02,-1.340169677734375000e+02,-1.511049957275390625e+02,-1.675019073486328125e+02,-1.737210998535156250e+02,-1.729198608398437500e+02,-1.918347778320312500e+02,-2.293338165283203125e+02,-2.460276184082031250e+02,-2.532538452148437500e+02,-2.517572174072265625e+02,-2.495449676513671875e+02,-2.526822967529296875e+02,-2.643434448242187500e+02,-2.424015045166015625e+02,-1.406807708740234375e+02,-1.243288726806640625e+02,-1.893901824951171875e+02,-2.481884307861328125e+02,-2.692434692382812500e+02,-2.761796569824218750e+02,-2.775306396484375000e+02,-2.885362548828125000e+02,-2.924699096679687500e+02,-2.623074645996093750e+02,-2.278425445556640625e+02,-2.277213287353515625e+02,-2.318768157958984375e+02,-2.346540069580078125e+02,-2.436501159667968750e+02,-2.250253295898437500e+02,-1.613034057617187500e+02,-1.501477050781250000e+02,-1.875122985839843750e+02,-2.263960418701171875e+02,-2.231135864257812500e+02,-1.892443237304687500e+02,-1.714654388427734375e+02,-1.794821319580078125e+02,-1.249120483398437500e+02,-9.551109313964843750e+01,-1.296688079833984375e+02,-1.786787109375000000e+02,-2.042804260253906250e+02,-2.089902496337890625e+02,-1.995069580078125000e+02,-1.850265502929687500e+02,-1.722540435791015625e+02,-1.527780914306640625e+02,-1.418306884765625000e+02,-1.317981109619140625e+02,-1.395055084228515625e+02,-1.506657409667968750e+02,-1.518312683105468750e+02,-1.427854461669921875e+02,-1.384060668945312500e+02,-1.452432403564453125e+02,-1.495774078369140625e+02,-1.410548706054687500e+02,-1.356502532958984375e+02,-1.409329376220703125e+02,-1.422844238281250000e+02,-1.452931976318359375e+02,-1.557089233398437500e+02,-1.602980346679687500e+02,-1.554206848144531250e+02,-1.558956909179687500e+02,-1.572321166992187500e+02,-1.643130187988281250e+02,-1.747645874023437500e+02,-1.835457305908203125e+02,-1.691141967773437500e+02,-1.103597259521484375e+02,-7.824252319335937500e+01,-6.547627258300781250e+01,-6.915531158447265625e+01,-8.770079040527343750e+01,-1.236871566772460938e+02,-1.791206054687500000e+02,-2.141063537597656250e+02,-2.242582855224609375e+02,-2.104468231201171875e+02,-1.944806213378906250e+02,-2.018320770263671875e+02,-2.239015350341796875e+02,-2.466481323242187500e+02,-2.602813415527343750e+02,-2.598405151367187500e+02,-2.554572143554687500e+02,-2.490682220458984375e+02,-2.449025421142578125e+02,-2.372602996826171875e+02,-2.321058502197265625e+02,-2.396408386230468750e+02,-2.543365631103515625e+02,-2.729205017089843750e+02,-2.909582214355468750e+02,-2.882856140136718750e+02,-2.723562316894531250e+02,-2.435578918457031250e+02,-1.374658508300781250e+02,-1.086455688476562500e+02,-1.680471496582031250e+02,-2.789183044433593750e+02,-2.885026245117187500e+02,-2.135326995849609375e+02,-1.536008148193359375e+02,-1.479996337890625000e+02,-1.718282318115234375e+02,-1.632891235351562500e+02,-1.256301116943359375e+02,-1.263680343627929688e+02,-1.380209960937500000e+02,-1.698972320556640625e+02,-2.294605560302734375e+02,-2.734931945800781250e+02,-2.498265686035156250e+02,-1.416858520507812500e+02,-7.906658172607421875e+01,-8.317278289794921875e+01,-1.214167480468750000e+02,-1.258110351562500000e+02,-9.995394897460937500e+01,-8.906723022460937500e+01,-1.125155181884765625e+02,-1.541014099121093750e+02,-1.648785095214843750e+02,-1.768103485107421875e+02,-1.898147888183593750e+02,-1.917120513916015625e+02,-1.782496032714843750e+02,-1.305512237548828125e+02,-9.885423278808593750e+01,-9.903171539306640625e+01,-1.324169921875000000e+02,-1.471485595703125000e+02,-1.497978057861328125e+02,-1.336959991455078125e+02,-1.268624954223632812e+02,-1.384453887939453125e+02,-1.488773345947265625e+02,-1.632772064208984375e+02,-1.334765167236328125e+02,-9.293821716308593750e+01,-1.097569808959960938e+02,-1.645541076660156250e+02,-1.642243347167968750e+02,-1.552399139404296875e+02,-1.577524414062500000e+02,-1.655197753906250000e+02,-1.887781524658203125e+02,-1.997953643798828125e+02,-2.124912872314453125e+02,-2.223047332763671875e+02,-2.299654083251953125e+02,-2.391191406250000000e+02,-2.372612457275390625e+02,-2.679981994628906250e+02,-2.493456573486328125e+02,-1.693026123046875000e+02,-1.317624206542968750e+02,-1.226149673461914062e+02,-1.503054351806640625e+02,-2.098460845947265625e+02,-2.067835235595703125e+02,-1.549965209960937500e+02,-1.402661285400390625e+02,-1.541264190673828125e+02,-1.636867523193359375e+02,-1.515716247558593750e+02,-1.284714965820312500e+02,-1.079553833007812500e+02,-1.035855102539062500e+02,-1.241941680908203125e+02,-1.735709381103515625e+02,-2.088344726562500000e+02,-2.065650482177734375e+02,-1.612442474365234375e+02,-1.132743453979492188e+02,-1.044647979736328125e+02,-1.320003967285156250e+02,-1.734866485595703125e+02,-1.851163940429687500e+02,-1.638622894287109375e+02,-1.390959320068359375e+02,-1.002990417480468750e+02,-7.414926910400390625e+01,-6.012591171264648438e+01,-4.952318954467773438e+01,-5.373567962646484375e+01,-6.233315277099609375e+01,-1.015947113037109375e+02,-1.756792449951171875e+02,-2.160311737060546875e+02,-2.054989624023437500e+02,-1.725640716552734375e+02,-1.479426574707031250e+02,-1.218581314086914062e+02,-1.286752471923828125e+02,-1.622896728515625000e+02,-1.773711395263671875e+02,-1.632985229492187500e+02,-1.289210968017578125e+02,-1.136295852661132812e+02,-1.225462112426757812e+02,-1.334670104980468750e+02,-1.361950378417968750e+02,-1.290966033935546875e+02,-1.216568298339843750e+02,-1.226439208984375000e+02,-1.393707733154296875e+02,-1.662078704833984375e+02,-1.636623229980468750e+02,-1.494170837402343750e+02,-1.475831604003906250e+02,-1.419057159423828125e+02,-1.409702911376953125e+02,-1.787285308837890625e+02,-2.326007995605468750e+02,-2.646250915527343750e+02,-2.102396697998046875e+02,-1.647815704345703125e+02,-1.761520385742187500e+02,-1.684140319824218750e+02,-1.618102722167968750e+02,-1.701326599121093750e+02,-1.295584259033203125e+02,-1.087100677490234375e+02,-1.185130310058593750e+02,-1.445700836181640625e+02,-1.591438293457031250e+02,-1.582348632812500000e+02,-1.443597869873046875e+02,-1.559140472412109375e+02,-1.835774993896484375e+02,-1.542581634521484375e+02,-1.245954589843750000e+02,-1.260206146240234375e+02,-1.520791931152343750e+02,-1.707557220458984375e+02,-1.728872375488281250e+02,-1.767927703857421875e+02,-1.824060516357421875e+02,-2.075713958740234375e+02,-2.491623840332031250e+02,-2.723273315429687500e+02,-2.209245758056640625e+02,-1.895617370605468750e+02,-2.174581604003906250e+02,-2.652303771972656250e+02,-2.547599029541015625e+02,-2.061873779296875000e+02,-1.706404876708984375e+02,-1.773984527587890625e+02,-2.260630493164062500e+02,-2.256735076904296875e+02,-2.083345184326171875e+02,-2.374476470947265625e+02,-2.715687866210937500e+02,-2.587045898437500000e+02,-2.435876617431640625e+02,-2.270795898437500000e+02,-1.632820129394531250e+02,-1.408738250732421875e+02,-1.552404632568359375e+02,-1.444538116455078125e+02,-1.393356781005859375e+02,-1.433091278076171875e+02,-1.464111480712890625e+02,-1.545899810791015625e+02,-1.625599212646484375e+02,-1.736222076416015625e+02,-1.752876434326171875e+02,-1.709276123046875000e+02,-1.750832672119140625e+02,-1.815974884033203125e+02,-2.056940155029296875e+02,-2.423632354736328125e+02,-2.499936981201171875e+02,-2.493198547363281250e+02,-2.368038177490234375e+02,-2.198261718750000000e+02,-2.228300476074218750e+02,-1.614557647705078125e+02,-9.444702911376953125e+01,-8.748295593261718750e+01,-1.042851638793945312e+02,-9.926427459716796875e+01,-9.742420196533203125e+01,-1.103485488891601562e+02,-1.154790496826171875e+02,-1.354770050048828125e+02,-1.630425567626953125e+02,-1.613765258789062500e+02,-1.571369628906250000e+02,-1.583679351806640625e+02,-1.741352233886718750e+02,-1.976925811767578125e+02,-2.140135650634765625e+02,-2.315657958984375000e+02,-2.397082519531250000e+02,-2.515700683593750000e+02,-2.592825317382812500e+02,-2.523728942871093750e+02,-2.531542816162109375e+02,-2.634082031250000000e+02,-2.640085449218750000e+02,-2.709371643066406250e+02,-2.824061584472656250e+02,-2.911678161621093750e+02,-2.881922302246093750e+02,-2.774176635742187500e+02,-2.788637084960937500e+02,-2.709627685546875000e+02,-2.592658081054687500e+02,-2.465885925292968750e+02,-2.437168579101562500e+02,-2.478253021240234375e+02,-2.501530456542968750e+02,-2.453080902099609375e+02,-2.479806060791015625e+02,-2.553596649169921875e+02,-2.657475280761718750e+02,-2.693388671875000000e+02,-2.590860900878906250e+02,-2.589020690917968750e+02,-2.637219848632812500e+02,-2.747554321289062500e+02,-2.873390197753906250e+02,-2.930721435546875000e+02,-2.961975402832031250e+02,-3.063608398437500000e+02,-3.120463256835937500e+02,-3.065787048339843750e+02,-3.021845092773437500e+02,-2.319029235839843750e+02,-1.341107940673828125e+02,-9.499377441406250000e+01,-9.527834320068359375e+01,-1.057906646728515625e+02,-8.841639709472656250e+01,-8.537738037109375000e+01,-1.119190979003906250e+02,-1.812352905273437500e+02,-2.469555053710937500e+02,-2.318585968017578125e+02,-2.199558715820312500e+02,-2.106692810058593750e+02,-1.992397613525390625e+02,-1.902300567626953125e+02,-1.936619720458984375e+02,-2.021875610351562500e+02,-2.242513732910156250e+02,-2.546334533691406250e+02,-2.771426086425781250e+02,-2.810075073242187500e+02,-2.784278564453125000e+02,-2.821028747558593750e+02,-2.218405303955078125e+02,-1.531859130859375000e+02,-1.410737152099609375e+02,-1.449270172119140625e+02,-1.367491302490234375e+02,-1.509591369628906250e+02,-1.796726989746093750e+02,-2.002655487060546875e+02,-2.069265289306640625e+02,-1.805238952636718750e+02,-1.480199279785156250e+02,-1.293854980468750000e+02,-1.245387268066406250e+02,-1.267543029785156250e+02,-1.350089111328125000e+02,-1.258279571533203125e+02,-9.665073394775390625e+01,-1.041443481445312500e+02,-1.482143402099609375e+02,-1.739722137451171875e+02,-2.195823974609375000e+02,-2.588947448730468750e+02,-2.350618438720703125e+02,-1.539270477294921875e+02,-1.042727737426757812e+02,-9.809232330322265625e+01,-1.068124313354492188e+02,-1.127014846801757812e+02,-1.218803939819335938e+02,-1.395835418701171875e+02,-1.599617767333984375e+02,-1.842152557373046875e+02,-2.030813751220703125e+02,-2.042054290771484375e+02,-1.507909851074218750e+02,-1.351259765625000000e+02,-1.567363433837890625e+02,-1.734731597900390625e+02,-1.812177276611328125e+02,-1.840796051025390625e+02,-2.012014770507812500e+02,-2.490480194091796875e+02,-2.133044738769531250e+02,-1.478955993652343750e+02,-1.320970764160156250e+02,-1.400027618408203125e+02,-1.730472717285156250e+02,-2.211475982666015625e+02,-2.584015502929687500e+02,-2.749455871582031250e+02,-2.745769653320312500e+02,-2.685261230468750000e+02,-2.380717620849609375e+02,-2.125812683105468750e+02,-2.131887207031250000e+02,-2.172923889160156250e+02,-2.185319824218750000e+02,-2.275142822265625000e+02,-2.450295257568359375e+02,-2.679779663085937500e+02,-2.918120422363281250e+02,-3.029732971191406250e+02,-3.061594543457031250e+02,-2.950773010253906250e+02,-2.372758789062500000e+02,-1.639678802490234375e+02,-1.155226745605468750e+02,-1.297767791748046875e+02,-1.876497039794921875e+02,-2.684172973632812500e+02,-2.343752746582031250e+02,-1.624411010742187500e+02,-1.685103912353515625e+02,-1.928952178955078125e+02,-1.570986175537109375e+02,-8.882336425781250000e+01,-4.723936462402343750e+01,-4.911516571044921875e+01,-6.252219390869140625e+01,-7.365261840820312500e+01,-9.413419342041015625e+01,-1.236706924438476562e+02,-1.700548858642578125e+02,-1.748831329345703125e+02,-1.346476135253906250e+02,-9.840756225585937500e+01,-9.209531402587890625e+01,-9.916523742675781250e+01,-1.169626083374023438e+02,-1.580960083007812500e+02,-2.195259704589843750e+02,-1.699680480957031250e+02,-9.109768676757812500e+01,-8.701261138916015625e+01,-1.033887100219726562e+02,-1.020665283203125000e+02,-1.231148986816406250e+02,-1.606205749511718750e+02,-2.225879669189453125e+02,-2.659441833496093750e+02,-2.360979614257812500e+02,-2.117017059326171875e+02,-2.094619903564453125e+02,-2.008226013183593750e+02,-1.779019317626953125e+02,-1.727408447265625000e+02,-1.934598999023437500e+02,-2.324952697753906250e+02,-2.641058349609375000e+02,-2.847803344726562500e+02,-2.866949462890625000e+02,-2.656697692871093750e+02,-2.047643127441406250e+02,-1.955681915283203125e+02,-1.507716979980468750e+02,-1.114011993408203125e+02,-1.005443038940429688e+02,-1.122636871337890625e+02,-1.323900756835937500e+02,-1.906351928710937500e+02,-2.575012817382812500e+02,-2.722222290039062500e+02,-2.683406372070312500e+02,-2.333184051513671875e+02,-2.244371337890625000e+02,-2.230504913330078125e+02,-1.577127685546875000e+02,-1.317042388916015625e+02,-1.511114807128906250e+02,-1.623930053710937500e+02,-1.679185638427734375e+02,-1.693339691162109375e+02,-1.619038391113281250e+02,-1.544257659912109375e+02,-1.517432403564453125e+02,-1.574102325439453125e+02,-1.778306274414062500e+02,-2.205347442626953125e+02,-2.220097961425781250e+02,-2.151529388427734375e+02,-2.178461761474609375e+02,-2.114765014648437500e+02,-2.046623077392578125e+02,-2.134611968994140625e+02,-2.080536499023437500e+02,-1.917445068359375000e+02,-1.576841888427734375e+02,-1.549138946533203125e+02,-1.705490722656250000e+02,-1.774277038574218750e+02,-1.823790740966796875e+02,-1.809135131835937500e+02,-1.689070892333984375e+02,-1.456384735107421875e+02,-1.407523193359375000e+02,-1.492936706542968750e+02,-1.632358245849609375e+02,-1.821944122314453125e+02,-1.617978820800781250e+02,-1.038532409667968750e+02,-7.962960815429687500e+01,-8.127760314941406250e+01,-1.119584732055664062e+02,-1.793317718505859375e+02,-2.289073944091796875e+02,-2.492768859863281250e+02,-2.494231567382812500e+02,-2.473724365234375000e+02,-2.485692596435546875e+02,-2.508947906494140625e+02,-2.468249816894531250e+02,-2.395633392333984375e+02,-2.290691680908203125e+02,-2.302848663330078125e+02,-2.350725402832031250e+02,-2.230108795166015625e+02,-2.161383361816406250e+02,-2.222010498046875000e+02,-2.231313781738281250e+02,-2.308908386230468750e+02,-2.350491027832031250e+02,-2.400890045166015625e+02,-2.473246612548828125e+02,-2.437735443115234375e+02,-2.357703247070312500e+02,-2.377439727783203125e+02,-2.459382781982421875e+02,-2.198935394287109375e+02,-1.861180267333984375e+02,-1.870554656982421875e+02,-1.708603515625000000e+02,-1.336684112548828125e+02,-9.308777618408203125e+01,-1.091858596801757812e+02,-1.341202239990234375e+02,-1.632939147949218750e+02,-2.178026885986328125e+02,-1.785213012695312500e+02,-1.172724761962890625e+02,-1.140476303100585938e+02,-1.414413757324218750e+02,-1.789688568115234375e+02,-1.717382659912109375e+02,-1.683803405761718750e+02,-1.869165344238281250e+02,-2.045322113037109375e+02,-1.763604278564453125e+02,-1.668698120117187500e+02,-1.283633117675781250e+02,-9.327167510986328125e+01,-8.263067626953125000e+01,-7.541691589355468750e+01,-7.693946075439453125e+01,-1.187944107055664062e+02,-1.737567291259765625e+02,-1.841100921630859375e+02,-1.138811264038085938e+02,-7.172236633300781250e+01,-7.264892578125000000e+01,-7.268264007568359375e+01,-4.973460769653320312e+01,-4.613348388671875000e+01,-5.933822631835937500e+01,-8.255982208251953125e+01,-1.218415145874023438e+02,-1.672140502929687500e+02,-1.486293945312500000e+02,-1.282017669677734375e+02,-1.062840728759765625e+02,-9.043434143066406250e+01,-8.960935211181640625e+01,-9.875127410888671875e+01,-1.204268951416015625e+02,-1.647527770996093750e+02,-2.330404052734375000e+02,-2.483973846435546875e+02,-1.648062896728515625e+02,-1.044636764526367188e+02,-9.647915649414062500e+01,-1.053125457763671875e+02,-7.844695281982421875e+01,-5.660830688476562500e+01,-3.915945053100585938e+01,-5.308699798583984375e+01,-9.501296234130859375e+01,-1.555454864501953125e+02,-1.988735198974609375e+02,-1.973474121093750000e+02,-1.419464874267578125e+02,-1.281849822998046875e+02,-1.314241485595703125e+02,-1.423217926025390625e+02,-1.553799133300781250e+02,-1.775897674560546875e+02,-2.236587219238281250e+02,-2.584488525390625000e+02,-2.420044860839843750e+02,-2.015135192871093750e+02,-1.910590057373046875e+02,-2.048338012695312500e+02,-2.219524841308593750e+02,-2.215320892333984375e+02,-2.124218139648437500e+02,-2.129762573242187500e+02,-2.137990875244140625e+02,-2.223363037109375000e+02,-2.259486236572265625e+02,-2.330426330566406250e+02,-2.421628417968750000e+02,-2.420800628662109375e+02,-2.413217620849609375e+02,-2.441446838378906250e+02,-2.384934387207031250e+02,-2.379748077392578125e+02,-2.399859924316406250e+02,-2.337574768066406250e+02,-2.186532135009765625e+02,-2.171527099609375000e+02,-1.915755920410156250e+02,-1.714216003417968750e+02,-1.205219650268554688e+02,-1.076908187866210938e+02,-1.155213470458984375e+02,-1.223211212158203125e+02,-1.256884841918945312e+02,-1.255208587646484375e+02,-1.409781341552734375e+02,-1.710031738281250000e+02,-2.046929016113281250e+02,-2.360157012939453125e+02,-2.470295715332031250e+02,-2.036005554199218750e+02,-1.738786010742187500e+02,-1.733500671386718750e+02,-1.756352539062500000e+02,-1.876181793212890625e+02,-2.137567291259765625e+02,-2.506031188964843750e+02,-2.802997436523437500e+02,-2.959804992675781250e+02,-2.966356201171875000e+02,-2.668265380859375000e+02,-2.077439727783203125e+02,-1.708851623535156250e+02,-1.685685272216796875e+02,-1.649826965332031250e+02,-1.620691680908203125e+02,-1.665018005371093750e+02,-1.602847137451171875e+02,-1.534902954101562500e+02,-1.702043914794921875e+02,-1.953169708251953125e+02,-2.476218872070312500e+02,-2.111115875244140625e+02,-1.604348449707031250e+02,-1.092693557739257812e+02,-1.072645874023437500e+02,-1.356394195556640625e+02,-1.627614898681640625e+02,-2.281274261474609375e+02,-2.499094390869140625e+02,-2.526596984863281250e+02,-2.638075866699218750e+02,-2.339327239990234375e+02,-1.811908874511718750e+02,-1.752912445068359375e+02,-1.838348541259765625e+02,-1.911008758544921875e+02,-1.871847381591796875e+02,-1.962203521728515625e+02,-2.177140655517578125e+02,-2.378932647705078125e+02,-2.390538940429687500e+02,-2.455743255615234375e+02,-2.635749816894531250e+02,-2.785928649902343750e+02,-2.863770446777343750e+02,-2.787001037597656250e+02,-2.714396667480468750e+02,-2.837021484375000000e+02,-2.927269287109375000e+02,-2.988095397949218750e+02,-2.932751159667968750e+02,-2.270937652587890625e+02,-1.584993438720703125e+02,-1.410535888671875000e+02,-1.458523101806640625e+02,-1.487709655761718750e+02,-1.549622039794921875e+02,-1.422403564453125000e+02,-1.471901092529296875e+02,-1.743643341064453125e+02,-1.946018829345703125e+02,-2.058356933593750000e+02,-2.176986846923828125e+02,-2.203532867431640625e+02,-2.183102874755859375e+02,-2.315770568847656250e+02,-2.422682342529296875e+02,-2.442909240722656250e+02,-2.431398468017578125e+02,-2.380127410888671875e+02,-2.381078491210937500e+02,-2.417879028320312500e+02,-2.507207794189453125e+02,-2.355537414550781250e+02,-2.258826751708984375e+02,-2.401083831787109375e+02,-2.540778503417968750e+02,-2.643564147949218750e+02,-2.848373107910156250e+02,-2.980079040527343750e+02,-2.843946838378906250e+02,-2.341031341552734375e+02,-2.236923522949218750e+02,-2.398527832031250000e+02,-2.477637176513671875e+02,-2.301245422363281250e+02,-2.330117492675781250e+02,-2.647084350585937500e+02,-2.735185852050781250e+02,-2.576726989746093750e+02,-2.315580902099609375e+02,-2.372658691406250000e+02,-2.674858703613281250e+02,-2.842706604003906250e+02,-2.834834899902343750e+02,-2.723072814941406250e+02,-2.257971649169921875e+02,-2.024898223876953125e+02,-2.075531005859375000e+02,-2.160033416748046875e+02,-2.196771087646484375e+02,-2.161588134765625000e+02,-2.430966033935546875e+02,-2.715538024902343750e+02,-2.781213684082031250e+02,-2.873850097656250000e+02,-2.975211791992187500e+02,-3.079197998046875000e+02,-2.906372680664062500e+02,-2.922309265136718750e+02,-3.010953369140625000e+02,-2.975688476562500000e+02,-2.968776245117187500e+02,-2.954956970214843750e+02,-2.819271545410156250e+02,-2.663482666015625000e+02,-2.735373840332031250e+02,-2.802880554199218750e+02,-2.855516967773437500e+02,-2.955841369628906250e+02,-2.896433715820312500e+02,-2.873740844726562500e+02,-2.947739562988281250e+02,-2.970592651367187500e+02,-2.985685729980468750e+02,-2.963435974121093750e+02,-2.638763427734375000e+02,-2.310351104736328125e+02,-2.142014923095703125e+02,-2.204640960693359375e+02,-2.246454315185546875e+02,-2.413341522216796875e+02,-2.559212646484375000e+02,-2.588694763183593750e+02,-2.644775390625000000e+02,-2.574710693359375000e+02,-2.600501098632812500e+02,-2.645450744628906250e+02,-2.778383789062500000e+02,-2.946506958007812500e+02,-3.053466796875000000e+02,-2.924285888671875000e+02,-1.783531646728515625e+02,-1.334638519287109375e+02,-1.262500457763671875e+02,-1.270461196899414062e+02,-1.313457031250000000e+02,-1.759837036132812500e+02,-2.050045928955078125e+02,-1.410519409179687500e+02,-1.161431198120117188e+02,-1.435638427734375000e+02,-1.445084228515625000e+02,-1.220713806152343750e+02,-1.196454086303710938e+02,-1.262003707885742188e+02,-1.434639282226562500e+02,-1.383190612792968750e+02,-1.410191192626953125e+02,-1.458520050048828125e+02,-1.291762847900390625e+02,-1.261540145874023438e+02,-1.006690368652343750e+02,-4.921676254272460938e+01,-4.656609344482421875e+01,-5.659047698974609375e+01,-4.967237472534179688e+01,-7.147120666503906250e+01,-1.089548339843750000e+02,-1.355732269287109375e+02,-1.533970184326171875e+02,-1.608717498779296875e+02,-1.471335601806640625e+02,-1.011723556518554688e+02,-7.997335052490234375e+01,-8.832861328125000000e+01,-1.242852325439453125e+02,-1.340158081054687500e+02,-1.395488433837890625e+02,-1.355867156982421875e+02,-1.337272033691406250e+02,-1.449603576660156250e+02,-1.528992309570312500e+02,-1.324129791259765625e+02,-8.870284271240234375e+01,-8.896965026855468750e+01,-1.082246322631835938e+02,-1.111673126220703125e+02,-1.203327178955078125e+02,-1.566407775878906250e+02,-2.075223541259765625e+02,-2.278497467041015625e+02,-1.890255279541015625e+02,-9.641345214843750000e+01,-6.786054992675781250e+01,-6.631660461425781250e+01,-6.184056472778320312e+01,-6.031172180175781250e+01,-5.964299392700195312e+01,-5.397256469726562500e+01,-7.125548553466796875e+01,-1.214436798095703125e+02,-1.209766921997070312e+02,-1.071388473510742188e+02,-1.172712249755859375e+02,-1.281600189208984375e+02,-1.468452606201171875e+02,-1.589357147216796875e+02,-1.537420959472656250e+02,-1.616582336425781250e+02,-1.809733734130859375e+02,-2.118188323974609375e+02,-2.472919006347656250e+02,-2.523835296630859375e+02,-2.507774658203125000e+02,-2.374431152343750000e+02,-2.143193359375000000e+02,-1.686498718261718750e+02,-1.269118041992187500e+02,-1.176278762817382812e+02,-1.358614044189453125e+02,-1.703801116943359375e+02,-2.119647521972656250e+02,-2.321395111083984375e+02,-2.337435913085937500e+02,-2.240301208496093750e+02,-1.861488342285156250e+02,-1.628469238281250000e+02,-1.633447113037109375e+02,-1.475672302246093750e+02,-1.259617996215820312e+02,-1.229420623779296875e+02,-1.187245178222656250e+02,-1.111134338378906250e+02,-1.127959518432617188e+02,-1.435350494384765625e+02,-2.227320251464843750e+02,-2.458116607666015625e+02,-1.386386718750000000e+02,-6.474474334716796875e+01,-5.820111465454101562e+01,-6.007637786865234375e+01,-5.129576873779296875e+01,-5.981217193603515625e+01,-8.718602752685546875e+01,-1.278076705932617188e+02,-1.650240631103515625e+02,-1.888931884765625000e+02,-2.068509521484375000e+02,-1.745235595703125000e+02,-1.474075012207031250e+02,-1.474350585937500000e+02,-1.641902313232421875e+02,-2.167675476074218750e+02,-2.262076568603515625e+02,-2.013023071289062500e+02,-1.324131622314453125e+02,-8.819078063964843750e+01,-1.025041580200195312e+02,-1.249617309570312500e+02,-1.524729461669921875e+02,-1.906128540039062500e+02,-2.233739166259765625e+02,-2.464651184082031250e+02,-2.565703430175781250e+02,-2.595571594238281250e+02,-1.280284729003906250e+02,-6.899298858642578125e+01,-6.976118469238281250e+01,-8.442115020751953125e+01,-9.148809051513671875e+01,-6.661766815185546875e+01,-3.958569335937500000e+01,-3.180243301391601562e+01,-5.655191421508789062e+01,-1.167207717895507812e+02,-1.743512115478515625e+02,-2.011913604736328125e+02,-1.920326995849609375e+02,-1.515223541259765625e+02,-9.730426025390625000e+01,-9.139199829101562500e+01,-1.295248870849609375e+02,-1.638240356445312500e+02,-2.039519500732421875e+02,-1.809680633544921875e+02,-1.539315490722656250e+02,-1.328696594238281250e+02,-1.191722869873046875e+02,-1.135573577880859375e+02,-1.264104156494140625e+02,-1.600336303710937500e+02,-1.393468170166015625e+02,-1.281544342041015625e+02,-1.246542053222656250e+02,-1.304084625244140625e+02,-1.326606292724609375e+02,-1.317958068847656250e+02,-1.144314651489257812e+02,-1.025659179687500000e+02,-1.316256408691406250e+02,-1.988944091796875000e+02,-2.475759887695312500e+02,-2.643414306640625000e+02,-2.756535034179687500e+02,-2.805153198242187500e+02,-2.790955810546875000e+02,-2.581642761230468750e+02,-2.388925476074218750e+02,-2.366776885986328125e+02,-2.302592163085937500e+02,-2.274798889160156250e+02,-2.274974975585937500e+02,-2.282908325195312500e+02,-2.386077880859375000e+02,-2.554036102294921875e+02,-2.746218872070312500e+02,-2.945937500000000000e+02,-3.081254577636718750e+02,-3.016672363281250000e+02,-2.464215240478515625e+02,-1.300449218750000000e+02,-7.561777496337890625e+01,-7.154518890380859375e+01,-8.404583740234375000e+01,-8.754010009765625000e+01,-8.610108184814453125e+01,-1.003086853027343750e+02,-1.145706329345703125e+02,-1.177038879394531250e+02,-1.641147003173828125e+02,-1.887138824462890625e+02,-1.741411437988281250e+02,-1.805905303955078125e+02,-1.986678924560546875e+02,-2.068074035644531250e+02,-2.033877410888671875e+02,-1.222173004150390625e+02,-8.416796112060546875e+01,-9.012358093261718750e+01,-8.607655334472656250e+01,-6.606044769287109375e+01,-6.230244827270507812e+01,-6.846748352050781250e+01,-7.376586914062500000e+01,-9.571115875244140625e+01,-1.328654174804687500e+02,-1.641098327636718750e+02,-1.980687408447265625e+02,-1.910852203369140625e+02,-1.466099548339843750e+02,-1.227845458984375000e+02,-1.204101181030273438e+02,-1.565498046875000000e+02,-2.119684143066406250e+02,-2.270842895507812500e+02,-1.965487365722656250e+02,-1.695480804443359375e+02,-1.626474456787109375e+02,-1.480439910888671875e+02,-1.319454345703125000e+02,-1.285948944091796875e+02,-1.356284027099609375e+02,-1.578799896240234375e+02,-1.746958160400390625e+02,-1.793854064941406250e+02,-1.897809753417968750e+02,-1.917960662841796875e+02,-2.012446441650390625e+02,-1.784067535400390625e+02,-1.426708526611328125e+02,-1.546043853759765625e+02,-2.087838897705078125e+02,-2.579171752929687500e+02,-2.325912933349609375e+02,-1.212028198242187500e+02,-7.324100494384765625e+01,-9.297097015380859375e+01,-1.024942092895507812e+02,-9.266616058349609375e+01,-9.200892639160156250e+01,-1.139599075317382812e+02,-1.464384155273437500e+02,-1.367851715087890625e+02,-1.414145202636718750e+02,-1.558824157714843750e+02,-1.714132995605468750e+02,-1.750388946533203125e+02,-1.690824432373046875e+02,-1.887926940917968750e+02,-2.172790832519531250e+02,-2.190513153076171875e+02,-1.916023559570312500e+02,-2.043007354736328125e+02,-2.327970581054687500e+02,-2.500384216308593750e+02,-2.347765350341796875e+02,-1.909571990966796875e+02,-1.848207702636718750e+02,-1.983859100341796875e+02,-1.828872985839843750e+02,-1.614068756103515625e+02,-1.677490386962890625e+02,-1.582672576904296875e+02,-1.388659210205078125e+02,-1.195386962890625000e+02,-1.207024765014648438e+02,-1.324269866943359375e+02,-1.359959411621093750e+02,-1.516852416992187500e+02,-2.091793518066406250e+02,-2.704351806640625000e+02,-2.930438232421875000e+02,-2.709695739746093750e+02,-1.949157867431640625e+02,-1.546749877929687500e+02,-1.534131927490234375e+02,-1.599980316162109375e+02,-1.611695251464843750e+02,-1.660943450927734375e+02,-1.762634887695312500e+02,-1.859441986083984375e+02,-1.940746917724609375e+02,-1.867998199462890625e+02,-1.694659118652343750e+02,-1.690351104736328125e+02,-1.921203155517578125e+02,-2.351027221679687500e+02,-2.619369812011718750e+02,-2.678635559082031250e+02,-2.771612854003906250e+02,-2.757573242187500000e+02,-2.775744018554687500e+02,-2.691442871093750000e+02,-2.617210083007812500e+02,-2.527871704101562500e+02,-2.489485015869140625e+02,-2.502917175292968750e+02,-2.494843139648437500e+02,-2.489722747802734375e+02,-2.493871154785156250e+02,-2.526427612304687500e+02,-2.630912475585937500e+02,-2.699236450195312500e+02,-2.821702880859375000e+02,-2.810978698730468750e+02,-2.823961181640625000e+02,-3.006012573242187500e+02,-3.096307678222656250e+02,-3.072487182617187500e+02,-2.666771545410156250e+02,-1.898055114746093750e+02,-1.304178619384765625e+02,-1.102441558837890625e+02,-1.157199401855468750e+02,-1.131943435668945312e+02,-1.075312652587890625e+02,-1.272980804443359375e+02,-1.832081909179687500e+02,-2.411894683837890625e+02,-1.596293029785156250e+02,-1.022362670898437500e+02,-9.806726837158203125e+01,-1.119729690551757812e+02,-1.259571685791015625e+02,-1.279203109741210938e+02,-1.402273406982421875e+02,-1.699907379150390625e+02,-2.030395812988281250e+02,-2.029320068359375000e+02,-1.846997222900390625e+02,-1.660886535644531250e+02,-1.745648193359375000e+02,-2.179231109619140625e+02,-2.516029968261718750e+02,-2.579094543457031250e+02,-2.641578369140625000e+02,-1.974651794433593750e+02,-1.338001708984375000e+02,-1.359742736816406250e+02,-1.779154968261718750e+02,-2.152289886474609375e+02,-2.304384307861328125e+02,-2.334315490722656250e+02,-2.452287902832031250e+02,-2.501201019287109375e+02,-2.174378356933593750e+02,-1.777898406982421875e+02,-1.506800079345703125e+02,-1.377418060302734375e+02,-1.369535522460937500e+02,-1.262424697875976562e+02,-1.121662597656250000e+02,-1.167143478393554688e+02,-1.289579162597656250e+02,-1.390546417236328125e+02,-1.463647766113281250e+02,-1.698903045654296875e+02,-2.042958526611328125e+02,-2.235416564941406250e+02,-2.295050048828125000e+02,-2.272476043701171875e+02,-1.883318481445312500e+02,-1.819415130615234375e+02,-1.969964599609375000e+02,-1.627269134521484375e+02,-1.322406616210937500e+02,-1.132284469604492188e+02,-1.103546447753906250e+02,-1.348342895507812500e+02,-1.896430664062500000e+02,-2.301206512451171875e+02,-2.479110565185546875e+02,-2.567542114257812500e+02,-2.644878540039062500e+02,-2.664995727539062500e+02,-2.601161499023437500e+02,-1.717584228515625000e+02,-1.428009185791015625e+02,-1.759960479736328125e+02,-1.962875518798828125e+02,-1.972371520996093750e+02,-1.945533294677734375e+02,-1.866265563964843750e+02,-1.855269470214843750e+02,-1.889948730468750000e+02,-1.895039215087890625e+02,-1.848324584960937500e+02,-1.677916107177734375e+02,-1.465771331787109375e+02,-1.342616577148437500e+02,-1.334551391601562500e+02,-1.595993194580078125e+02,-2.240479125976562500e+02,-2.494498291015625000e+02,-2.130200347900390625e+02,-2.156251831054687500e+02,-2.480241088867187500e+02,-2.580571594238281250e+02,-2.476903381347656250e+02,-2.154699707031250000e+02,-1.873466033935546875e+02,-1.865529327392578125e+02,-1.894361724853515625e+02,-2.121991882324218750e+02,-2.623442687988281250e+02,-2.704999389648437500e+02,-2.890824890136718750e+02,-2.925565795898437500e+02,-2.981571960449218750e+02,-2.495708007812500000e+02,-1.754217834472656250e+02,-1.470228118896484375e+02,-1.547155456542968750e+02,-1.519606018066406250e+02,-1.436923522949218750e+02,-1.341993865966796875e+02,-1.366582183837890625e+02,-1.455331420898437500e+02,-1.442308959960937500e+02,-1.400379028320312500e+02,-1.183413543701171875e+02,-1.042418594360351562e+02,-1.249364318847656250e+02,-1.827837829589843750e+02,-2.364386138916015625e+02,-2.528907318115234375e+02,-2.484469299316406250e+02,-1.794072875976562500e+02,-1.369402008056640625e+02,-1.433243865966796875e+02,-1.788753814697265625e+02,-2.217170715332031250e+02,-2.332256469726562500e+02,-2.373669433593750000e+02,-2.449323730468750000e+02,-2.585184631347656250e+02,-2.676756591796875000e+02,-2.737448730468750000e+02,-2.800904235839843750e+02,-2.852603454589843750e+02,-2.952347717285156250e+02,-2.979675903320312500e+02,-2.983307800292968750e+02,-3.021856079101562500e+02,-3.111116943359375000e+02,-3.139349975585937500e+02,-3.154829711914062500e+02,-3.161193237304687500e+02,-3.158988342285156250e+02,-3.150808715820312500e+02,-3.211823730468750000e+02,-3.243611145019531250e+02,-3.228667907714843750e+02,-3.136469726562500000e+02,-3.126412353515625000e+02,-3.166905822753906250e+02,-3.163567810058593750e+02,-3.012474365234375000e+02,-2.645761108398437500e+02,-2.538311157226562500e+02,-2.615506896972656250e+02,-2.570593872070312500e+02,-2.538231201171875000e+02,-2.626354675292968750e+02,-2.830108032226562500e+02,-2.985825805664062500e+02,-2.916735534667968750e+02,-2.956529846191406250e+02,-3.025345153808593750e+02,-3.139639892578125000e+02,-3.248572998046875000e+02,-3.369499816894531250e+02,-3.449579772949218750e+02,-3.491018066406250000e+02,-3.088247375488281250e+02,-1.807902221679687500e+02,-1.148956146240234375e+02,-1.079901199340820312e+02,-1.394953460693359375e+02,-1.956516113281250000e+02,-2.000291442871093750e+02,-1.628847503662109375e+02,-9.735195159912109375e+01,-7.161170196533203125e+01,-8.745207214355468750e+01,-1.167545013427734375e+02,-1.309718933105468750e+02,-1.417509918212890625e+02,-1.625402069091796875e+02,-1.960676269531250000e+02,-1.789217224121093750e+02,-1.031699371337890625e+02,-7.341942596435546875e+01,-9.151284790039062500e+01,-1.386129455566406250e+02,-2.037918853759765625e+02,-2.617782592773437500e+02,-2.496264953613281250e+02,-1.835282440185546875e+02,-1.194458236694335938e+02,-9.951443481445312500e+01,-1.063963088989257812e+02,-1.146804733276367188e+02,-1.263466720581054688e+02,-1.309428863525390625e+02,-1.395626373291015625e+02,-1.764002838134765625e+02,-2.292886047363281250e+02,-2.498850097656250000e+02,-2.616984863281250000e+02,-2.632698669433593750e+02,-2.239985046386718750e+02,-2.029366149902343750e+02,-2.089656372070312500e+02,-2.001759796142578125e+02,-1.714683837890625000e+02,-1.567085266113281250e+02,-1.670064086914062500e+02,-1.932527008056640625e+02,-2.133354644775390625e+02,-2.121623687744140625e+02,-1.948491363525390625e+02,-1.579156036376953125e+02,-1.232222137451171875e+02,-1.188026351928710938e+02,-1.508406677246093750e+02,-1.500543975830078125e+02,-1.621982116699218750e+02,-1.789872589111328125e+02,-1.772525329589843750e+02,-1.637524566650390625e+02,-1.505091705322265625e+02,-1.424535522460937500e+02,-1.619567108154296875e+02,-2.109671478271484375e+02,-2.610229187011718750e+02,-2.748400573730468750e+02,-2.757417297363281250e+02,-2.685402832031250000e+02,-2.663345947265625000e+02,-2.381727142333984375e+02,-2.055413970947265625e+02,-1.781807708740234375e+02,-1.584316558837890625e+02,-1.582160491943359375e+02,-1.395722656250000000e+02,-1.347985229492187500e+02,-1.668956298828125000e+02,-2.207849884033203125e+02,-2.537442169189453125e+02,-2.716497497558593750e+02,-2.718515625000000000e+02,-2.358280029296875000e+02,-2.298903656005859375e+02,-2.220321350097656250e+02,-1.909426269531250000e+02,-1.719781036376953125e+02,-1.691096343994140625e+02,-1.905316314697265625e+02,-2.230217895507812500e+02,-2.685845336914062500e+02,-3.164921569824218750e+02,-3.392774658203125000e+02,-3.316282958984375000e+02,-3.385333557128906250e+02,-3.559032287597656250e+02,-3.639649963378906250e+02,-3.600989685058593750e+02,-3.538290405273437500e+02,-3.517406616210937500e+02,-3.525849914550781250e+02,-3.493338012695312500e+02,-3.427547302246093750e+02,-3.437032165527343750e+02,-3.428869323730468750e+02,-3.381445922851562500e+02,-3.379380493164062500e+02,-3.388692321777343750e+02,-3.387362670898437500e+02,-3.328640441894531250e+02,-3.290314636230468750e+02,-3.270963134765625000e+02,-3.346413574218750000e+02,-3.365561828613281250e+02,-3.424062805175781250e+02,-3.449245300292968750e+02,-3.415092163085937500e+02,-3.397977294921875000e+02,-3.401806640625000000e+02,-3.449754028320312500e+02,-3.445046997070312500e+02,-3.406815490722656250e+02,-3.081339416503906250e+02,-2.056547088623046875e+02,-1.439923553466796875e+02,-1.069886550903320312e+02,-8.447552490234375000e+01,-8.981169891357421875e+01,-1.111014099121093750e+02,-1.800986633300781250e+02,-2.321154327392578125e+02,-2.133051147460937500e+02,-1.144757690429687500e+02,-8.068273162841796875e+01,-1.298083038330078125e+02,-2.002792358398437500e+02,-1.557924957275390625e+02,-1.347952423095703125e+02,-1.426311950683593750e+02,-1.709400787353515625e+02,-1.803399200439453125e+02,-1.941441192626953125e+02,-2.032736816406250000e+02,-2.086116180419921875e+02,-2.128024139404296875e+02,-2.211173706054687500e+02,-2.104222717285156250e+02,-2.021981658935546875e+02,-1.922285614013671875e+02,-1.720679168701171875e+02,-1.731499481201171875e+02,-1.866226959228515625e+02,-1.791184234619140625e+02,-1.667562713623046875e+02,-1.533964080810546875e+02,-1.499164581298828125e+02,-1.460274047851562500e+02,-1.417936553955078125e+02,-1.513468170166015625e+02,-1.677113037109375000e+02,-1.373124847412109375e+02,-1.029234390258789062e+02,-1.074576034545898438e+02,-1.203480682373046875e+02,-1.145621261596679688e+02,-1.115679092407226562e+02,-1.083337478637695312e+02,-1.156902008056640625e+02,-1.418601226806640625e+02,-1.877903594970703125e+02,-2.250256805419921875e+02,-2.404015808105468750e+02,-2.532338256835937500e+02,-2.570251464843750000e+02,-2.655499267578125000e+02,-2.686875915527343750e+02,-2.766554260253906250e+02,-2.788446655273437500e+02,-2.832845764160156250e+02,-2.739050903320312500e+02,-2.769410705566406250e+02,-3.070622253417968750e+02,-3.111352539062500000e+02,-3.141897583007812500e+02,-3.210859069824218750e+02,-3.282843322753906250e+02,-3.302551574707031250e+02,-3.327753906250000000e+02,-3.340083312988281250e+02,-3.327803649902343750e+02,-2.992091979980468750e+02,-2.689341430664062500e+02,-1.792025604248046875e+02,-1.039849853515625000e+02,-9.246341705322265625e+01,-1.354507141113281250e+02,-2.105278320312500000e+02,-2.517966613769531250e+02,-2.178712768554687500e+02,-1.319622039794921875e+02,-1.062028732299804688e+02,-1.396406402587890625e+02,-2.032415161132812500e+02,-2.357873077392578125e+02,-2.317947845458984375e+02,-2.015662536621093750e+02,-1.622984619140625000e+02,-1.233466033935546875e+02,-8.580827331542968750e+01,-4.938351058959960938e+01,-3.175119400024414062e+01,-4.067316436767578125e+01,-4.638535690307617188e+01,-7.958062744140625000e+01,-1.495745697021484375e+02,-2.146883697509765625e+02,-2.320787048339843750e+02,-2.170113830566406250e+02,-1.838197784423828125e+02,-1.700966186523437500e+02,-1.688201141357421875e+02,-2.058809356689453125e+02,-2.673814392089843750e+02,-2.716056823730468750e+02,-2.747674560546875000e+02,-2.697887268066406250e+02,-2.318624420166015625e+02,-1.943034973144531250e+02,-1.844486389160156250e+02,-1.989342498779296875e+02,-1.954735107421875000e+02,-1.770779571533203125e+02,-1.587625885009765625e+02,-1.450886535644531250e+02,-1.382774353027343750e+02,-1.373500366210937500e+02,-1.502341918945312500e+02,-1.647749481201171875e+02,-1.814825897216796875e+02,-1.669311828613281250e+02,-1.108031005859375000e+02,-8.224997711181640625e+01,-8.375782775878906250e+01,-1.037237854003906250e+02,-1.252220993041992188e+02,-1.238979568481445312e+02,-1.261357727050781250e+02,-1.359222869873046875e+02,-1.676609954833984375e+02,-1.804669494628906250e+02,-1.840092315673828125e+02,-2.159913635253906250e+02,-2.462172851562500000e+02,-2.569615783691406250e+02,-2.613585510253906250e+02,-2.724890136718750000e+02,-2.107191314697265625e+02,-1.395404663085937500e+02,-1.330306396484375000e+02,-1.457654113769531250e+02,-1.435005035400390625e+02,-1.344465789794921875e+02,-1.242688064575195312e+02,-1.567330322265625000e+02,-2.085028076171875000e+02,-2.389827117919921875e+02,-2.576726684570312500e+02,-2.035786895751953125e+02,-1.513395690917968750e+02,-1.572822875976562500e+02,-1.952277526855468750e+02,-2.119368438720703125e+02,-2.114310760498046875e+02,-2.369396820068359375e+02,-2.596274414062500000e+02,-2.437522125244140625e+02,-2.415546417236328125e+02,-2.326033020019531250e+02,-2.257219696044921875e+02,-2.232773284912109375e+02,-2.332182617187500000e+02,-1.993933563232421875e+02,-1.880886535644531250e+02,-2.150499267578125000e+02,-2.399997100830078125e+02,-2.373761901855468750e+02,-2.198730926513671875e+02,-1.894268798828125000e+02,-1.661287384033203125e+02,-1.407258605957031250e+02,-1.060336227416992188e+02,-7.333907318115234375e+01,-6.849578094482421875e+01,-1.055468597412109375e+02,-1.544635314941406250e+02,-1.393745269775390625e+02,-1.242945175170898438e+02,-1.558832550048828125e+02,-2.036881408691406250e+02,-2.315601959228515625e+02,-2.362583770751953125e+02,-2.002009887695312500e+02,-1.642265014648437500e+02,-1.541328277587890625e+02,-1.367524414062500000e+02,-1.185723190307617188e+02,-1.154358139038085938e+02,-1.292936096191406250e+02,-1.442247314453125000e+02,-1.694897308349609375e+02,-1.889568481445312500e+02,-2.032020874023437500e+02,-1.905326843261718750e+02,-1.914285430908203125e+02,-2.266985931396484375e+02,-2.494309692382812500e+02,-1.929340209960937500e+02,-1.796636199951171875e+02,-1.675126037597656250e+02,-1.539727630615234375e+02,-1.749243621826171875e+02,-2.137100524902343750e+02,-2.708811950683593750e+02,-3.049003906250000000e+02,-2.281638183593750000e+02,-1.708623046875000000e+02,-1.687090301513671875e+02,-1.544113922119140625e+02,-1.423164215087890625e+02,-1.577822570800781250e+02,-1.532971343994140625e+02,-1.136491012573242188e+02,-1.019622344970703125e+02,-1.098846664428710938e+02,-1.242871475219726562e+02,-1.521986541748046875e+02,-2.001774902343750000e+02,-2.490355072021484375e+02,-2.348506774902343750e+02,-1.708919982910156250e+02,-1.599431610107421875e+02,-1.920215606689453125e+02,-2.229145507812500000e+02,-2.404246063232421875e+02,-2.337101440429687500e+02,-2.200365447998046875e+02,-2.229411468505859375e+02,-2.430959625244140625e+02,-2.507526245117187500e+02,-2.249329833984375000e+02,-1.916286468505859375e+02,-1.950721282958984375e+02,-2.148715515136718750e+02,-2.197202453613281250e+02,-2.127549285888671875e+02,-2.057277526855468750e+02,-1.928711547851562500e+02,-1.756059722900390625e+02,-1.624016571044921875e+02,-1.522880554199218750e+02,-1.679927215576171875e+02,-2.028076171875000000e+02,-2.030437164306640625e+02,-1.711654815673828125e+02,-1.693497772216796875e+02,-1.822704010009765625e+02,-2.068817138671875000e+02,-2.307619934082031250e+02,-2.501065673828125000e+02,-2.457654418945312500e+02,-2.304183807373046875e+02,-2.242326049804687500e+02,-2.294566192626953125e+02,-2.347744598388671875e+02,-2.289530029296875000e+02,-2.151589355468750000e+02,-2.158313446044921875e+02,-2.140161743164062500e+02,-1.924467163085937500e+02,-1.786609954833984375e+02,-1.840528259277343750e+02,-1.877576904296875000e+02,-2.025842590332031250e+02,-2.266589050292968750e+02,-2.510768737792968750e+02,-2.567582397460937500e+02,-2.518642730712890625e+02,-2.347769012451171875e+02,-2.163725128173828125e+02,-2.109496917724609375e+02,-1.948717498779296875e+02,-1.380719451904296875e+02,-1.218365402221679688e+02,-1.356623077392578125e+02,-1.301896057128906250e+02,-1.281004943847656250e+02,-1.333097534179687500e+02,-1.411387786865234375e+02,-1.420138092041015625e+02,-1.414557189941406250e+02,-1.469009399414062500e+02,-1.650892181396484375e+02,-1.740859985351562500e+02,-1.625890502929687500e+02,-1.464521636962890625e+02,-1.355726776123046875e+02,-1.501349029541015625e+02,-1.739900207519531250e+02,-2.012466278076171875e+02,-2.405387268066406250e+02,-2.575633239746093750e+02,-2.662999572753906250e+02,-2.648328552246093750e+02,-2.759255981445312500e+02,-2.995657653808593750e+02,-2.935572814941406250e+02,-2.940097961425781250e+02,-2.988157653808593750e+02,-3.092175903320312500e+02,-3.124303894042968750e+02,-3.111090393066406250e+02,-3.136137695312500000e+02,-3.077810363769531250e+02,-3.007771301269531250e+02,-2.956292114257812500e+02,-2.936147460937500000e+02,-2.942512817382812500e+02,-2.899679260253906250e+02,-2.870197448730468750e+02,-2.848595275878906250e+02,-2.913679504394531250e+02,-3.000725097656250000e+02,-3.084437255859375000e+02,-3.167107238769531250e+02,-3.231658630371093750e+02,-3.278080444335937500e+02,-3.301119079589843750e+02,-3.240791625976562500e+02,-2.386173706054687500e+02,-1.871609802246093750e+02,-1.427835845947265625e+02,-1.047679595947265625e+02,-8.583654022216796875e+01,-6.582218933105468750e+01,-7.178916931152343750e+01,-9.644249725341796875e+01,-1.088615951538085938e+02,-1.221068801879882812e+02,-1.371491699218750000e+02,-1.773225097656250000e+02,-2.324125976562500000e+02,-2.714637145996093750e+02,-2.195116119384765625e+02,-1.050694808959960938e+02,-6.013042831420898438e+01,-6.016215515136718750e+01,-8.924679565429687500e+01,-1.368865203857421875e+02,-1.874808807373046875e+02,-2.185995788574218750e+02,-2.360391387939453125e+02,-1.960586395263671875e+02,-1.678907928466796875e+02,-1.781973114013671875e+02,-1.871624145507812500e+02,-1.659957733154296875e+02,-1.448824005126953125e+02,-1.322326354980468750e+02,-1.217906799316406250e+02,-1.261624069213867188e+02,-1.388415985107421875e+02,-1.599629821777343750e+02,-1.815390625000000000e+02,-1.842882843017578125e+02,-1.824214172363281250e+02,-2.006777954101562500e+02,-2.228028106689453125e+02,-2.254152221679687500e+02,-2.198627319335937500e+02,-2.168744506835937500e+02,-2.109342498779296875e+02,-1.709316711425781250e+02,-1.342903747558593750e+02,-1.192165679931640625e+02,-1.178667678833007812e+02,-1.091870346069335938e+02,-8.900733184814453125e+01,-7.960227966308593750e+01,-8.339644622802734375e+01,-9.444150543212890625e+01,-1.359939727783203125e+02,-2.058710479736328125e+02,-2.560090942382812500e+02,-2.624196777343750000e+02,-2.481011047363281250e+02,-2.502147827148437500e+02,-2.702566528320312500e+02,-2.544935760498046875e+02,-2.340854492187500000e+02,-2.261996307373046875e+02,-1.873966369628906250e+02,-1.326933441162109375e+02,-1.271902923583984375e+02,-1.577346191406250000e+02,-1.413774566650390625e+02,-1.295517425537109375e+02,-1.303743591308593750e+02,-1.604359741210937500e+02,-2.168385772705078125e+02,-2.089591369628906250e+02,-1.838766326904296875e+02,-1.650616149902343750e+02,-1.503287811279296875e+02,-1.460977172851562500e+02,-1.574974212646484375e+02,-1.264154891967773438e+02,-8.418199920654296875e+01,-8.538699340820312500e+01,-1.156908493041992188e+02,-9.641418457031250000e+01,-7.450278472900390625e+01,-8.669847869873046875e+01,-1.326784973144531250e+02,-1.427252197265625000e+02,-1.398790740966796875e+02,-1.575177612304687500e+02,-2.141850585937500000e+02,-2.348583679199218750e+02,-2.092510375976562500e+02,-1.809075164794921875e+02,-1.661776275634765625e+02,-1.366288146972656250e+02,-1.176652908325195312e+02,-1.285095825195312500e+02,-1.563437042236328125e+02,-1.709016418457031250e+02,-1.781593933105468750e+02,-1.894862213134765625e+02,-2.103507385253906250e+02,-2.345897064208984375e+02,-2.288516082763671875e+02,-1.908875427246093750e+02,-1.607583160400390625e+02,-1.400318908691406250e+02,-1.283105163574218750e+02,-1.168375015258789062e+02,-1.228878326416015625e+02,-1.450964050292968750e+02,-1.659566955566406250e+02,-1.893642883300781250e+02,-1.938416442871093750e+02,-1.920940704345703125e+02,-2.058843841552734375e+02,-2.436843872070312500e+02,-2.718054199218750000e+02,-2.252938842773437500e+02,-1.969922027587890625e+02,-1.430145721435546875e+02,-1.116509017944335938e+02,-1.241777191162109375e+02,-1.336412811279296875e+02,-1.648169097900390625e+02,-2.388874664306640625e+02,-2.847550659179687500e+02,-2.953080139160156250e+02,-2.911159667968750000e+02,-2.728482971191406250e+02,-2.626900024414062500e+02,-2.623789978027343750e+02,-2.583990478515625000e+02,-2.699132690429687500e+02,-2.769561767578125000e+02,-2.688628845214843750e+02,-2.603807067871093750e+02,-2.559819335937500000e+02,-2.614747619628906250e+02,-2.689244995117187500e+02,-2.655877685546875000e+02,-2.669770202636718750e+02,-2.720775451660156250e+02,-2.797364807128906250e+02,-2.894107971191406250e+02,-2.910161743164062500e+02,-3.041778869628906250e+02,-3.261593017578125000e+02,-3.352542419433593750e+02,-3.392714233398437500e+02,-2.385268707275390625e+02,-8.656399536132812500e+01,-3.283731842041015625e+01,-3.205146026611328125e+01,-3.400426483154296875e+01,-5.680494308471679688e+01,-1.277052154541015625e+02,-1.856399078369140625e+02,-1.979675750732421875e+02,-1.899657135009765625e+02,-1.603821105957031250e+02,-1.260032958984375000e+02,-1.281503295898437500e+02,-1.698011016845703125e+02,-2.115792999267578125e+02,-2.213210754394531250e+02,-1.630166778564453125e+02,-1.197893218994140625e+02,-1.260446319580078125e+02,-1.696670227050781250e+02,-2.240829772949218750e+02,-1.920626525878906250e+02,-1.263522109985351562e+02,-9.600845336914062500e+01,-9.441687774658203125e+01,-1.114157867431640625e+02,-1.310365600585937500e+02,-1.348374176025390625e+02,-1.412211608886718750e+02,-1.772022399902343750e+02,-2.168690490722656250e+02,-2.099928283691406250e+02,-1.995933532714843750e+02,-2.049855804443359375e+02,-2.245290527343750000e+02,-2.499792938232421875e+02,-2.641551818847656250e+02,-2.629751892089843750e+02,-2.585086975097656250e+02,-1.908731842041015625e+02,-1.474112396240234375e+02,-1.479705352783203125e+02,-1.588758239746093750e+02,-1.735693969726562500e+02,-1.846296997070312500e+02,-1.827079010009765625e+02,-1.877254486083984375e+02,-1.611927642822265625e+02,-1.207841644287109375e+02,-1.158115539550781250e+02,-1.142014770507812500e+02,-1.306619415283203125e+02,-1.753727569580078125e+02,-2.355589599609375000e+02,-2.713143005371093750e+02,-2.301075286865234375e+02,-1.795511474609375000e+02,-1.349351501464843750e+02,-1.546997985839843750e+02,-2.271702270507812500e+02,-2.570704956054687500e+02,-2.707802429199218750e+02,-2.897324523925781250e+02,-2.961377868652343750e+02,-2.957133178710937500e+02,-2.978338317871093750e+02,-2.995900268554687500e+02,-3.113965759277343750e+02,-3.097639770507812500e+02,-3.065741882324218750e+02,-3.173754272460937500e+02,-3.200363464355468750e+02,-3.087060241699218750e+02,-3.177411804199218750e+02,-2.909012451171875000e+02,-2.607799682617187500e+02,-2.801586303710937500e+02,-2.924062194824218750e+02,-2.899384155273437500e+02,-2.879060363769531250e+02,-2.902698364257812500e+02,-2.953427734375000000e+02,-2.979004516601562500e+02,-3.101623840332031250e+02,-3.272756652832031250e+02,-3.355257568359375000e+02,-3.407295227050781250e+02,-3.423580017089843750e+02,-3.177964172363281250e+02,-2.799639892578125000e+02,-1.933355712890625000e+02,-1.204724655151367188e+02,-1.207760696411132812e+02,-1.581493072509765625e+02,-2.028417663574218750e+02,-2.302385864257812500e+02,-2.411490936279296875e+02,-1.967754669189453125e+02,-1.285279693603515625e+02,-1.037084274291992188e+02,-1.021451873779296875e+02,-1.032479171752929688e+02,-1.200932235717773438e+02,-1.338611450195312500e+02,-1.486311340332031250e+02,-1.574394226074218750e+02,-1.713342285156250000e+02,-1.917134399414062500e+02,-2.135813140869140625e+02,-2.332732391357421875e+02,-2.238508605957031250e+02,-1.563834381103515625e+02,-1.251738204956054688e+02,-1.330033721923828125e+02,-1.370348510742187500e+02,-1.564338226318359375e+02,-1.992565917968750000e+02,-2.401866607666015625e+02,-2.432631530761718750e+02,-2.183582916259765625e+02,-1.500453033447265625e+02,-1.319036254882812500e+02,-1.539284057617187500e+02,-1.776901245117187500e+02,-1.994535675048828125e+02,-1.881433105468750000e+02,-1.541284332275390625e+02,-1.375997009277343750e+02,-1.439284515380859375e+02,-1.488040161132812500e+02,-1.641194152832031250e+02,-1.875022583007812500e+02,-1.757678070068359375e+02,-1.469923858642578125e+02,-1.167120819091796875e+02,-9.156118774414062500e+01,-8.140616607666015625e+01,-7.976818084716796875e+01,-9.139333343505859375e+01,-1.120100021362304688e+02,-1.427425384521484375e+02,-1.815921325683593750e+02,-2.101378479003906250e+02,-2.367854766845703125e+02,-2.558417358398437500e+02,-2.608727416992187500e+02,-2.611440124511718750e+02,-2.676867675781250000e+02,-2.761381835937500000e+02,-2.819155883789062500e+02,-2.823232421875000000e+02,-2.849850769042968750e+02,-2.376716308593750000e+02,-1.719135437011718750e+02,-1.058955307006835938e+02,-9.695597076416015625e+01,-1.305615692138671875e+02,-1.853244171142578125e+02,-2.056818847656250000e+02,-1.842992858886718750e+02,-1.896520843505859375e+02,-1.937447052001953125e+02,-2.173820343017578125e+02,-2.651895751953125000e+02,-3.001042480468750000e+02,-2.709876708984375000e+02,-1.965301971435546875e+02,-1.482154235839843750e+02,-1.308148651123046875e+02,-1.278899078369140625e+02,-1.316110382080078125e+02,-1.406369323730468750e+02,-1.594255523681640625e+02,-1.611788940429687500e+02,-1.889141235351562500e+02,-2.176051330566406250e+02,-1.912807922363281250e+02,-1.668295745849609375e+02,-1.657586212158203125e+02,-2.041250152587890625e+02,-2.746883544921875000e+02,-2.823218994140625000e+02,-2.482561340332031250e+02,-2.302662658691406250e+02,-2.026511535644531250e+02,-1.185325393676757812e+02,-8.011897277832031250e+01,-8.114073944091796875e+01,-1.103727111816406250e+02,-1.495689697265625000e+02,-2.011181488037109375e+02,-2.456449432373046875e+02,-2.605567016601562500e+02,-2.148282623291015625e+02,-1.310310363769531250e+02,-1.052719421386718750e+02,-1.319934692382812500e+02,-1.519180145263671875e+02,-1.331510162353515625e+02,-9.942644500732421875e+01,-9.194399261474609375e+01,-1.105962829589843750e+02,-1.260069656372070312e+02,-1.415882263183593750e+02,-1.734427490234375000e+02,-1.934389495849609375e+02,-1.988731689453125000e+02,-2.031889038085937500e+02,-1.946977386474609375e+02,-1.874770050048828125e+02,-1.960017547607421875e+02,-1.606015319824218750e+02,-1.430158691406250000e+02,-1.368431091308593750e+02,-1.526605224609375000e+02,-1.569619293212890625e+02,-1.451472320556640625e+02,-1.201286926269531250e+02,-1.110696487426757812e+02,-1.470525360107421875e+02,-1.769634094238281250e+02,-1.708861083984375000e+02,-1.938380889892578125e+02,-2.481297454833984375e+02,-1.988901367187500000e+02,-1.397129364013671875e+02,-1.328147430419921875e+02,-1.644522857666015625e+02,-2.272038879394531250e+02,-2.814130249023437500e+02,-2.932461547851562500e+02,-2.857282409667968750e+02,-2.611026611328125000e+02,-2.506101989746093750e+02,-2.755596313476562500e+02,-2.700845336914062500e+02,-2.676390380859375000e+02,-2.701589355468750000e+02,-2.738688354492187500e+02,-2.490314483642578125e+02,-2.041243438720703125e+02,-1.974284973144531250e+02,-2.057757110595703125e+02,-1.963265075683593750e+02,-2.035720367431640625e+02,-2.098131713867187500e+02,-2.114213256835937500e+02,-2.167508239746093750e+02,-2.270193023681640625e+02,-2.301458435058593750e+02,-2.581934204101562500e+02,-3.143633728027343750e+02,-3.028415527343750000e+02,-2.162239227294921875e+02,-1.697776947021484375e+02,-1.836985168457031250e+02,-1.890140533447265625e+02,-1.968852081298828125e+02,-2.169406433105468750e+02,-2.602642211914062500e+02,-2.927120666503906250e+02,-3.010267639160156250e+02,-3.038948364257812500e+02,-3.059976501464843750e+02,-2.236432800292968750e+02,-1.903507385253906250e+02,-2.171201934814453125e+02,-1.690167541503906250e+02,-1.255031204223632812e+02,-1.068237457275390625e+02,-1.179144210815429688e+02,-1.364756622314453125e+02,-1.556254577636718750e+02,-1.819795227050781250e+02,-2.314236450195312500e+02,-3.032449951171875000e+02,-3.258094482421875000e+02,-3.283972473144531250e+02,-3.386718139648437500e+02,-3.389188842773437500e+02,-2.130075378417968750e+02,-1.136922912597656250e+02,-8.176815032958984375e+01,-7.163757324218750000e+01,-6.503057098388671875e+01,-5.781483840942382812e+01,-7.615140533447265625e+01,-1.066475601196289062e+02,-1.066050415039062500e+02,-1.073781051635742188e+02,-1.206124038696289062e+02,-1.383005981445312500e+02,-1.471889495849609375e+02,-1.526664428710937500e+02,-1.731811218261718750e+02,-2.049150695800781250e+02,-2.377319183349609375e+02,-2.500503234863281250e+02,-2.517360076904296875e+02,-2.421019439697265625e+02,-2.077295684814453125e+02,-2.208250579833984375e+02,-2.668270874023437500e+02,-2.749325256347656250e+02,-2.773698730468750000e+02,-2.832920227050781250e+02,-2.889154052734375000e+02,-2.938046875000000000e+02,-2.959507751464843750e+02,-2.958566894531250000e+02,-3.032261352539062500e+02,-3.096769104003906250e+02,-3.103987121582031250e+02,-3.113699035644531250e+02,-3.168381347656250000e+02,-3.046376953125000000e+02,-3.074232177734375000e+02,-3.135866088867187500e+02,-3.191620788574218750e+02,-3.207210388183593750e+02,-3.141014099121093750e+02,-3.093908081054687500e+02,-3.058580322265625000e+02,-3.072069702148437500e+02,-3.060852661132812500e+02,-3.076573181152343750e+02,-3.160336608886718750e+02,-3.248144531250000000e+02,-3.307161254882812500e+02,-3.364190673828125000e+02,-3.408766479492187500e+02,-3.481177673339843750e+02,-3.461465759277343750e+02,-2.793301391601562500e+02,-2.145946960449218750e+02,-1.640053710937500000e+02,-1.074900588989257812e+02,-8.988488769531250000e+01,-1.213118591308593750e+02,-1.595968933105468750e+02,-1.446089630126953125e+02,-1.091150665283203125e+02,-1.315771179199218750e+02,-1.421967620849609375e+02,-1.174918060302734375e+02,-1.051644821166992188e+02,-9.829543304443359375e+01,-7.895701599121093750e+01,-5.721249008178710938e+01,-5.330403518676757812e+01,-5.085601425170898438e+01,-4.683283233642578125e+01,-7.196853637695312500e+01,-1.285074768066406250e+02,-1.822611541748046875e+02,-1.932879638671875000e+02,-2.088177642822265625e+02,-2.173963623046875000e+02,-1.717571563720703125e+02,-1.127952041625976562e+02,-7.980316162109375000e+01,-6.868655395507812500e+01,-6.472528839111328125e+01,-7.860192871093750000e+01,-1.137677993774414062e+02,-1.277705841064453125e+02,-1.395836029052734375e+02,-1.674938659667968750e+02,-1.702643127441406250e+02,-1.883559570312500000e+02,-1.962346496582031250e+02,-1.941802825927734375e+02,-1.994994964599609375e+02,-2.032122802734375000e+02,-1.758632659912109375e+02,-1.512194519042968750e+02,-1.431843109130859375e+02,-1.484825439453125000e+02,-1.550255584716796875e+02,-1.222353668212890625e+02,-9.169067382812500000e+01,-8.062245178222656250e+01,-6.998665618896484375e+01,-6.453403472900390625e+01,-6.954782104492187500e+01,-9.804164123535156250e+01,-1.497825775146484375e+02,-2.058791351318359375e+02,-2.242672576904296875e+02,-2.267694549560546875e+02,-2.365071868896484375e+02,-2.427138366699218750e+02,-2.353605957031250000e+02,-2.058387603759765625e+02,-1.628670349121093750e+02,-1.550418853759765625e+02,-1.523087310791015625e+02,-1.517442932128906250e+02,-1.508255157470703125e+02,-1.416781921386718750e+02,-1.476530303955078125e+02,-1.684327545166015625e+02,-1.731804199218750000e+02,-1.756483306884765625e+02,-1.942121276855468750e+02,-2.132344055175781250e+02,-2.298594207763671875e+02,-2.397963562011718750e+02,-2.409169158935546875e+02,-2.377282257080078125e+02,-2.500859375000000000e+02,-2.712406921386718750e+02,-2.570596008300781250e+02,-2.098377380371093750e+02,-1.698079376220703125e+02,-1.704438323974609375e+02,-2.033447723388671875e+02,-2.086347961425781250e+02,-1.788418273925781250e+02,-1.593625030517578125e+02,-1.729855804443359375e+02,-2.057568511962890625e+02,-2.335561065673828125e+02,-2.480245666503906250e+02,-2.497273712158203125e+02,-2.369797973632812500e+02,-2.333215332031250000e+02,-2.434216308593750000e+02,-2.499863891601562500e+02,-2.406239318847656250e+02,-2.290505065917968750e+02,-2.388899841308593750e+02,-2.132068939208984375e+02,-1.747427062988281250e+02,-1.629459075927734375e+02,-1.553753051757812500e+02,-1.468208618164062500e+02,-1.299642791748046875e+02,-1.235148620605468750e+02,-1.641756286621093750e+02,-2.284263916015625000e+02,-2.831423034667968750e+02,-2.928662719726562500e+02,-2.642567138671875000e+02,-2.540909423828125000e+02,-2.925642700195312500e+02,-2.712947082519531250e+02,-2.261714782714843750e+02,-2.126163940429687500e+02,-2.243600463867187500e+02,-2.483002166748046875e+02,-2.318917846679687500e+02,-2.118147735595703125e+02,-2.078433837890625000e+02,-2.155648651123046875e+02,-2.121845550537109375e+02,-1.958206024169921875e+02,-1.847820587158203125e+02,-1.748761444091796875e+02,-1.677686157226562500e+02,-1.595397491455078125e+02,-1.534300689697265625e+02,-1.621448059082031250e+02,-1.781324005126953125e+02,-1.864301910400390625e+02,-1.953687133789062500e+02,-1.999355621337890625e+02,-2.022120971679687500e+02,-2.066885986328125000e+02,-2.177206268310546875e+02,-2.453837280273437500e+02,-2.481786346435546875e+02,-2.350244598388671875e+02,-2.312057037353515625e+02,-2.416470489501953125e+02,-2.634712219238281250e+02,-2.960003662109375000e+02,-3.086039733886718750e+02,-3.116405029296875000e+02,-3.209685668945312500e+02,-3.285535583496093750e+02,-3.212294921875000000e+02,-3.234100952148437500e+02,-3.271383361816406250e+02,-3.269445495605468750e+02,-3.332223510742187500e+02,-3.284917297363281250e+02,-3.264235534667968750e+02,-3.195980834960937500e+02,-3.063008117675781250e+02,-2.982527160644531250e+02,-3.020740966796875000e+02,-2.999814453125000000e+02,-2.951038208007812500e+02,-2.998297424316406250e+02,-3.072487182617187500e+02,-3.130336608886718750e+02,-3.238033447265625000e+02,-3.268684387207031250e+02,-3.278647155761718750e+02,-3.328875122070312500e+02,-3.276997680664062500e+02,-2.071062164306640625e+02,-1.444530944824218750e+02,-1.403943786621093750e+02,-1.791154022216796875e+02,-2.262121276855468750e+02,-3.092912902832031250e+02,-3.370837402343750000e+02,-2.768042907714843750e+02,-2.552949371337890625e+02,-2.456349182128906250e+02,-1.986428985595703125e+02,-1.324068450927734375e+02,-1.246944885253906250e+02,-1.492335968017578125e+02,-1.438180847167968750e+02,-1.420085296630859375e+02,-1.396038818359375000e+02,-1.095399169921875000e+02,-8.583850860595703125e+01,-8.425257873535156250e+01,-8.367144775390625000e+01,-1.139693679809570312e+02,-1.386453704833984375e+02,-1.531063079833984375e+02,-1.662541961669921875e+02,-1.758897247314453125e+02,-1.745590820312500000e+02,-1.625760192871093750e+02,-1.573833312988281250e+02,-1.451976928710937500e+02,-1.169266662597656250e+02,-1.257427444458007812e+02,-1.704415893554687500e+02,-2.256675720214843750e+02,-2.468569183349609375e+02,-2.148963623046875000e+02,-1.957798919677734375e+02,-1.719886779785156250e+02,-9.400913238525390625e+01,-6.212289047241210938e+01,-1.002117996215820312e+02,-1.697167205810546875e+02,-1.808355712890625000e+02,-1.263792343139648438e+02,-1.240658416748046875e+02,-1.772869262695312500e+02,-2.251962890625000000e+02,-2.439883117675781250e+02,-2.523731079101562500e+02,-2.633681945800781250e+02,-2.058731994628906250e+02,-1.636637268066406250e+02,-1.678150482177734375e+02,-1.891893615722656250e+02,-2.169783630371093750e+02,-2.151059722900390625e+02,-1.695679779052734375e+02,-1.558014068603515625e+02,-1.693007354736328125e+02,-2.053953399658203125e+02,-2.223726959228515625e+02,-2.073010559082031250e+02,-1.983663635253906250e+02,-1.998310546875000000e+02,-2.100632324218750000e+02,-2.351107635498046875e+02,-2.460016021728515625e+02,-2.562864685058593750e+02,-2.619895629882812500e+02,-2.638726196289062500e+02,-2.677273559570312500e+02,-2.833821411132812500e+02,-2.957831420898437500e+02,-3.009216003417968750e+02,-2.989858703613281250e+02,-3.019217529296875000e+02,-3.009146118164062500e+02,-2.989110412597656250e+02,-3.031235046386718750e+02,-3.031016845703125000e+02,-3.026899414062500000e+02,-3.050389404296875000e+02,-3.076381225585937500e+02,-3.084655151367187500e+02,-3.158394165039062500e+02,-3.206806335449218750e+02,-3.269229125976562500e+02,-3.296303710937500000e+02,-3.250038146972656250e+02,-3.259229431152343750e+02,-3.329721374511718750e+02,-3.398618164062500000e+02,-3.461191711425781250e+02,-3.439313964843750000e+02,-3.458007812500000000e+02,-3.476688232421875000e+02,-3.499786682128906250e+02,-3.542984619140625000e+02,-3.483924865722656250e+02,-3.400000000000000000e+02,-2.496670379638671875e+02,-1.125425338745117188e+02,-6.879759979248046875e+01,-5.461669158935546875e+01,-4.597429275512695312e+01,-8.669677734375000000e+01,-1.526549987792968750e+02,-1.547012329101562500e+02,-1.397912902832031250e+02,-1.124958801269531250e+02,-1.028319396972656250e+02,-1.120648574829101562e+02,-1.362301177978515625e+02,-1.788254699707031250e+02,-2.142206115722656250e+02,-2.268547363281250000e+02,-2.252710113525390625e+02,-2.025635986328125000e+02,-1.555091705322265625e+02,-1.294455566406250000e+02,-1.281677856445312500e+02,-1.507054901123046875e+02,-1.831833190917968750e+02,-1.947855834960937500e+02,-1.827024688720703125e+02,-1.399436798095703125e+02,-1.508290557861328125e+02,-1.791534423828125000e+02,-1.785964813232421875e+02,-1.607363739013671875e+02,-1.291887969970703125e+02,-1.364669494628906250e+02,-1.538312377929687500e+02,-1.838056793212890625e+02,-2.137284545898437500e+02,-1.737172851562500000e+02,-1.549805450439453125e+02,-1.615346832275390625e+02,-1.711744079589843750e+02,-1.687345123291015625e+02,-1.718111572265625000e+02,-1.556820526123046875e+02,-1.390042877197265625e+02,-1.524269104003906250e+02,-2.089918670654296875e+02,-2.696098022460937500e+02,-2.624267272949218750e+02,-1.771243591308593750e+02,-1.330928649902343750e+02,-1.628535614013671875e+02,-2.217839965820312500e+02,-2.765475158691406250e+02,-2.691714477539062500e+02,-2.431437530517578125e+02,-2.362779083251953125e+02,-1.814947509765625000e+02,-1.155656661987304688e+02,-1.214100646972656250e+02,-1.670797882080078125e+02,-1.934146728515625000e+02,-1.990269012451171875e+02,-1.973517608642578125e+02,-2.010772552490234375e+02,-2.161444702148437500e+02,-2.231601104736328125e+02,-2.356783294677734375e+02,-2.536512756347656250e+02,-2.738799133300781250e+02,-2.767086486816406250e+02,-2.494944915771484375e+02,-2.141504974365234375e+02,-1.694964599609375000e+02,-1.440793762207031250e+02,-1.533482818603515625e+02,-1.739769897460937500e+02,-2.084060363769531250e+02,-2.615932922363281250e+02,-3.037545471191406250e+02,-3.151667785644531250e+02,-3.159396667480468750e+02,-3.165561218261718750e+02,-3.189177246093750000e+02,-3.201782531738281250e+02,-3.207568969726562500e+02,-3.234632263183593750e+02,-3.224719848632812500e+02,-3.165530700683593750e+02,-3.088468933105468750e+02,-3.099736938476562500e+02,-3.125760498046875000e+02,-3.132383728027343750e+02,-3.113181152343750000e+02,-3.229897155761718750e+02,-3.292835693359375000e+02,-3.271407775878906250e+02,-3.288826293945312500e+02,-3.285319213867187500e+02,-3.335214233398437500e+02,-3.250645751953125000e+02,-2.405755157470703125e+02,-1.823014373779296875e+02,-1.466891937255859375e+02,-1.215895004272460938e+02,-1.298900146484375000e+02,-1.413573913574218750e+02,-1.007866058349609375e+02,-7.304518127441406250e+01,-6.751188659667968750e+01,-4.889727020263671875e+01,-3.156093025207519531e+01,-3.126616287231445312e+01,-3.725785064697265625e+01,-5.067274475097656250e+01,-7.861334228515625000e+01,-1.317671508789062500e+02,-1.914843750000000000e+02,-1.831204528808593750e+02,-1.480979309082031250e+02,-1.436810607910156250e+02,-1.594486236572265625e+02,-1.412384948730468750e+02,-1.212288055419921875e+02,-1.015937042236328125e+02,-1.029024429321289062e+02,-1.131597824096679688e+02,-1.154275970458984375e+02,-1.035444869995117188e+02,-9.715109252929687500e+01,-1.019443664550781250e+02,-1.268729705810546875e+02,-1.857850036621093750e+02,-2.413533935546875000e+02,-2.575411682128906250e+02,-2.669807434082031250e+02,-2.451029052734375000e+02,-1.664832305908203125e+02,-1.304710083007812500e+02,-1.201765899658203125e+02,-1.214367294311523438e+02,-1.279871368408203125e+02,-1.400959320068359375e+02,-1.473641357421875000e+02,-1.315810546875000000e+02,-1.006242065429687500e+02,-7.981068420410156250e+01,-7.499315643310546875e+01,-8.495381164550781250e+01,-9.144818878173828125e+01,-1.044480590820312500e+02,-1.345892791748046875e+02,-1.821399383544921875e+02,-2.142987976074218750e+02,-2.107052154541015625e+02,-1.615492248535156250e+02,-1.251719436645507812e+02,-1.432162933349609375e+02,-1.973335418701171875e+02,-2.490060272216796875e+02,-2.755129089355468750e+02,-2.758726196289062500e+02,-2.680526733398437500e+02,-2.451928558349609375e+02,-2.276270141601562500e+02,-2.035265045166015625e+02,-1.883222198486328125e+02,-1.832498931884765625e+02,-1.862448883056640625e+02,-2.029438323974609375e+02,-2.139504394531250000e+02,-2.212994689941406250e+02,-2.291053161621093750e+02,-1.916118621826171875e+02,-1.128341140747070312e+02,-7.822986602783203125e+01,-8.167600250244140625e+01,-1.068204879760742188e+02,-1.505686798095703125e+02,-1.890846252441406250e+02,-2.144145660400390625e+02,-2.347709350585937500e+02,-2.529131164550781250e+02,-2.577379150390625000e+02,-2.600535888671875000e+02,-2.653628234863281250e+02,-2.450950317382812500e+02,-2.163256378173828125e+02,-2.171491546630859375e+02,-2.003617553710937500e+02,-1.202619705200195312e+02,-9.803510284423828125e+01,-1.326295013427734375e+02,-1.733831329345703125e+02,-2.253058624267578125e+02,-2.593637390136718750e+02,-2.296785888671875000e+02,-2.006121520996093750e+02,-2.109138793945312500e+02,-2.555874023437500000e+02,-2.553791809082031250e+02,-2.382128143310546875e+02,-2.294237823486328125e+02,-2.075666046142578125e+02,-1.909810180664062500e+02,-1.852279663085937500e+02,-1.795996856689453125e+02,-1.889786834716796875e+02,-2.110610351562500000e+02,-1.611723022460937500e+02,-1.299940795898437500e+02,-1.209601211547851562e+02,-1.354261016845703125e+02,-1.548373565673828125e+02,-1.964175567626953125e+02,-2.247599945068359375e+02,-2.366578979492187500e+02,-2.331312713623046875e+02,-2.180895690917968750e+02,-2.182349853515625000e+02,-2.425485382080078125e+02,-2.773452453613281250e+02,-2.583490905761718750e+02,-2.023942565917968750e+02,-1.455127563476562500e+02,-1.234461975097656250e+02,-1.270596466064453125e+02,-1.384354248046875000e+02,-1.395159149169921875e+02,-1.404679565429687500e+02,-1.561537628173828125e+02,-1.614756622314453125e+02,-1.326341857910156250e+02,-8.770435333251953125e+01,-6.619663238525390625e+01,-6.892579650878906250e+01,-9.329452514648437500e+01,-1.497638854980468750e+02,-1.846598205566406250e+02,-1.721929779052734375e+02,-1.719887542724609375e+02,-1.903778991699218750e+02,-2.088785858154296875e+02,-2.272354278564453125e+02,-2.313016052246093750e+02,-2.291009368896484375e+02,-2.325471343994140625e+02,-2.262745056152343750e+02,-2.224613189697265625e+02,-2.316034088134765625e+02,-2.278538513183593750e+02,-2.228926696777343750e+02,-2.068614807128906250e+02,-1.825577850341796875e+02,-1.735717468261718750e+02,-1.937270965576171875e+02,-2.474526672363281250e+02,-2.761264038085937500e+02,-2.667210693359375000e+02,-1.909929351806640625e+02,-1.680342559814453125e+02,-1.937564086914062500e+02,-2.092868652343750000e+02,-2.126394653320312500e+02,-2.320851745605468750e+02,-2.420981445312500000e+02,-2.400275726318359375e+02,-2.542028503417968750e+02,-2.662467956542968750e+02,-2.635993041992187500e+02,-2.482304687500000000e+02,-2.213870391845703125e+02,-1.874021606445312500e+02,-1.670627441406250000e+02,-1.627562408447265625e+02,-1.789741210937500000e+02,-2.037040405273437500e+02,-2.179838562011718750e+02,-2.362938842773437500e+02,-2.713745422363281250e+02,-2.931559143066406250e+02,-3.042182006835937500e+02,-3.046009216308593750e+02,-3.032467346191406250e+02,-3.071076354980468750e+02,-3.110903320312500000e+02,-2.962019653320312500e+02,-2.975435180664062500e+02,-3.148648681640625000e+02,-3.219848022460937500e+02,-3.249176330566406250e+02,-3.331952209472656250e+02,-3.332392272949218750e+02,-3.371184997558593750e+02,-3.424743347167968750e+02,-3.385430603027343750e+02,-3.412414550781250000e+02,-3.425504455566406250e+02,-3.404489440917968750e+02,-3.310573120117187500e+02,-3.281050109863281250e+02,-3.314057312011718750e+02,-3.383308715820312500e+02,-3.200908203125000000e+02,-2.072885894775390625e+02,-1.141146621704101562e+02,-8.909185791015625000e+01,-7.810948944091796875e+01,-5.927063751220703125e+01,-6.585453796386718750e+01,-1.093193664550781250e+02,-1.780957794189453125e+02,-2.218781890869140625e+02,-1.954994201660156250e+02,-1.225459976196289062e+02,-6.644757080078125000e+01,-5.717229843139648438e+01,-6.563613891601562500e+01,-8.332386016845703125e+01,-1.490329437255859375e+02,-1.893224792480468750e+02,-1.613376007080078125e+02,-1.450268402099609375e+02,-1.368436126708984375e+02,-1.258201599121093750e+02,-1.295603179931640625e+02,-1.480643310546875000e+02,-1.660798034667968750e+02,-1.440363616943359375e+02,-1.378963775634765625e+02,-1.341549987792968750e+02,-1.531521606445312500e+02,-1.543355407714843750e+02,-1.329711761474609375e+02,-1.503485717773437500e+02,-2.020841522216796875e+02,-2.444503173828125000e+02,-2.572695312500000000e+02,-2.271136322021484375e+02,-2.107545928955078125e+02,-1.691992645263671875e+02,-1.666510162353515625e+02,-1.871732788085937500e+02,-1.908393707275390625e+02,-2.025606689453125000e+02,-2.027871398925781250e+02,-1.707898254394531250e+02,-1.568733520507812500e+02,-1.587902526855468750e+02,-1.834849700927734375e+02,-2.010218505859375000e+02,-1.644898529052734375e+02,-1.395886840820312500e+02,-1.381069793701171875e+02,-1.444194335937500000e+02,-1.549197540283203125e+02,-1.604142761230468750e+02,-1.513069915771484375e+02,-1.368681945800781250e+02,-1.320347747802734375e+02,-1.702745056152343750e+02,-2.176092529296875000e+02,-2.442250213623046875e+02,-2.120951538085937500e+02,-1.157598190307617188e+02,-9.005006408691406250e+01,-1.161186218261718750e+02,-1.431678466796875000e+02,-1.762615966796875000e+02,-2.078864593505859375e+02,-2.290661315917968750e+02,-2.490248413085937500e+02,-2.471324615478515625e+02,-2.328494262695312500e+02,-1.861683807373046875e+02,-1.316296844482421875e+02,-1.113427276611328125e+02,-1.231682968139648438e+02,-1.579062194824218750e+02,-2.067274780273437500e+02,-2.236788330078125000e+02,-2.371257324218750000e+02,-2.264006652832031250e+02,-2.110211791992187500e+02,-2.488277893066406250e+02,-2.377902069091796875e+02,-1.729571990966796875e+02,-1.458725280761718750e+02,-1.632576751708984375e+02,-1.856309814453125000e+02,-2.104644927978515625e+02,-2.071183013916015625e+02,-2.046316070556640625e+02,-1.967933959960937500e+02,-1.862348327636718750e+02,-1.798043212890625000e+02,-1.763767700195312500e+02,-2.032452239990234375e+02,-1.859323577880859375e+02,-1.735530395507812500e+02,-1.719415130615234375e+02,-1.454147796630859375e+02,-1.475299530029296875e+02,-1.761119079589843750e+02,-2.297511291503906250e+02,-2.565977478027343750e+02,-2.043794250488281250e+02,-1.993775024414062500e+02,-2.572507019042968750e+02,-2.966824340820312500e+02,-3.034706115722656250e+02,-2.867731018066406250e+02,-2.773506164550781250e+02,-2.743110046386718750e+02,-2.783912353515625000e+02,-2.840729370117187500e+02,-2.769715270996093750e+02,-2.728400268554687500e+02,-2.700324401855468750e+02,-2.660151367187500000e+02,-2.759816589355468750e+02,-3.144034423828125000e+02,-3.290360717773437500e+02,-3.059488220214843750e+02,-3.066278991699218750e+02,-2.370595703125000000e+02,-1.339352264404296875e+02,-1.226525115966796875e+02,-1.701100616455078125e+02,-2.081958770751953125e+02,-2.110129394531250000e+02,-1.853285675048828125e+02,-1.493412017822265625e+02,-1.290302886962890625e+02,-1.182053833007812500e+02,-1.309615173339843750e+02,-1.415902099609375000e+02,-1.349333648681640625e+02,-1.363579254150390625e+02,-1.524459075927734375e+02,-1.661735382080078125e+02,-1.728369140625000000e+02,-1.826068267822265625e+02,-1.979110412597656250e+02,-2.275953674316406250e+02,-2.541558990478515625e+02,-2.490764617919921875e+02,-2.079750213623046875e+02,-1.413199157714843750e+02,-9.319467926025390625e+01,-8.247571563720703125e+01,-9.273081207275390625e+01,-1.062154083251953125e+02,-1.439250793457031250e+02,-2.031407623291015625e+02,-1.804036102294921875e+02,-8.581979370117187500e+01,-4.794955062866210938e+01,-4.545238876342773438e+01,-5.536985015869140625e+01,-7.619927215576171875e+01,-1.037511825561523438e+02,-1.383531494140625000e+02,-1.658953247070312500e+02,-1.588828887939453125e+02,-1.691757049560546875e+02,-1.878316192626953125e+02,-2.020740966796875000e+02,-2.039030914306640625e+02,-1.727018127441406250e+02,-1.690620727539062500e+02,-1.869286041259765625e+02,-1.721682434082031250e+02,-1.544524383544921875e+02,-1.411020965576171875e+02,-1.543776092529296875e+02,-1.939264068603515625e+02,-2.112447357177734375e+02,-2.128286437988281250e+02,-1.839062347412109375e+02,-1.025038986206054688e+02,-6.815565490722656250e+01,-7.794313812255859375e+01,-1.013552322387695312e+02,-1.022600097656250000e+02,-1.068884658813476562e+02,-1.223608551025390625e+02,-1.304839477539062500e+02,-1.373885650634765625e+02,-1.511266632080078125e+02,-1.719652709960937500e+02,-1.911566772460937500e+02,-2.167337493896484375e+02,-2.255950927734375000e+02,-2.186962432861328125e+02,-2.060046234130859375e+02,-1.868343658447265625e+02,-1.566832580566406250e+02,-1.392021026611328125e+02,-1.351143798828125000e+02,-1.118550338745117188e+02,-7.958826446533203125e+01,-5.734526824951171875e+01,-7.273026275634765625e+01,-1.325308074951171875e+02,-2.126230010986328125e+02,-2.260242004394531250e+02,-2.265236663818359375e+02,-2.050151977539062500e+02,-2.085126800537109375e+02,-2.229865112304687500e+02,-2.210360717773437500e+02,-2.262161407470703125e+02,-2.357391662597656250e+02,-2.410511627197265625e+02,-2.453867187500000000e+02,-2.524895477294921875e+02,-2.584369812011718750e+02,-2.718994750976562500e+02,-2.849846191406250000e+02,-2.903043823242187500e+02,-2.836466674804687500e+02,-2.660998535156250000e+02,-2.714684448242187500e+02,-2.877865295410156250e+02,-2.880179138183593750e+02,-2.890080566406250000e+02,-2.884878234863281250e+02,-2.876771240234375000e+02,-2.730139160156250000e+02,-2.646327209472656250e+02,-2.775347595214843750e+02,-2.836214904785156250e+02,-2.737620544433593750e+02,-2.654035949707031250e+02,-2.650797119140625000e+02,-2.661808166503906250e+02,-2.841540527343750000e+02,-2.995675659179687500e+02,-3.098113403320312500e+02,-3.174693603515625000e+02,-3.164879760742187500e+02,-2.662481689453125000e+02,-2.054206085205078125e+02,-1.361540985107421875e+02,-9.537763214111328125e+01,-8.727027130126953125e+01,-9.873847961425781250e+01,-7.159453582763671875e+01,-3.816370010375976562e+01,-3.676682662963867188e+01,-6.556869506835937500e+01,-9.884590148925781250e+01,-1.043769607543945312e+02,-1.045860748291015625e+02,-1.110290222167968750e+02,-1.118817367553710938e+02,-1.154012145996093750e+02,-1.195343627929687500e+02,-1.336223602294921875e+02,-1.144510269165039062e+02,-1.063360595703125000e+02,-1.195445022583007812e+02,-1.526357421875000000e+02,-1.994537658691406250e+02,-2.365632476806640625e+02,-2.374674987792968750e+02,-2.037508087158203125e+02,-1.789537353515625000e+02,-1.842635192871093750e+02,-1.911168823242187500e+02,-1.756600189208984375e+02,-1.727726135253906250e+02,-1.771315155029296875e+02,-1.918972320556640625e+02,-2.065332183837890625e+02,-2.233172760009765625e+02,-2.387628631591796875e+02,-2.397144317626953125e+02,-2.458264465332031250e+02,-2.330187988281250000e+02,-2.247502899169921875e+02,-2.348853759765625000e+02,-2.357359924316406250e+02,-2.159214630126953125e+02,-1.795483245849609375e+02,-1.369575195312500000e+02,-1.140594863891601562e+02,-9.050888824462890625e+01,-8.319672393798828125e+01,-7.114990234375000000e+01,-7.375146484375000000e+01,-1.023719482421875000e+02,-1.554602050781250000e+02,-2.156726379394531250e+02,-2.348511199951171875e+02,-2.455517578125000000e+02,-2.420139770507812500e+02,-2.258927612304687500e+02,-1.944169006347656250e+02,-1.636744689941406250e+02,-1.502726135253906250e+02,-1.678571777343750000e+02,-1.913838958740234375e+02,-2.288369903564453125e+02,-2.466292114257812500e+02,-1.979561920166015625e+02,-1.802191314697265625e+02,-1.967903137207031250e+02,-1.887505950927734375e+02,-1.322448272705078125e+02,-7.277412414550781250e+01,-5.944501876831054688e+01,-9.534098815917968750e+01,-1.063041381835937500e+02,-1.034626235961914062e+02,-9.350708007812500000e+01,-1.097310104370117188e+02,-1.716123352050781250e+02,-2.212301177978515625e+02,-2.256027984619140625e+02,-2.287394104003906250e+02,-2.358159484863281250e+02,-2.442418365478515625e+02,-2.104280700683593750e+02,-1.634800567626953125e+02,-1.191106643676757812e+02,-9.443006134033203125e+01,-9.478875732421875000e+01,-1.070489273071289062e+02,-1.419465026855468750e+02,-1.911913452148437500e+02,-2.405024414062500000e+02,-2.445231018066406250e+02,-2.387957458496093750e+02,-2.204890289306640625e+02,-2.100224456787109375e+02,-2.053206939697265625e+02,-2.048694458007812500e+02,-2.092583770751953125e+02,-2.090040435791015625e+02,-2.072151489257812500e+02,-1.994682464599609375e+02,-1.946886749267578125e+02,-2.105952758789062500e+02,-2.402423248291015625e+02,-2.091096496582031250e+02,-1.686928863525390625e+02,-1.842223815917968750e+02,-1.970103302001953125e+02,-2.115705413818359375e+02,-2.402327728271484375e+02,-2.515022583007812500e+02,-2.414505004882812500e+02,-2.035644531250000000e+02,-1.910986633300781250e+02,-1.975948638916015625e+02,-2.038694610595703125e+02,-1.874775085449218750e+02,-1.803508911132812500e+02,-1.831176300048828125e+02,-1.880432128906250000e+02,-1.849557189941406250e+02,-1.781256866455078125e+02,-1.637559204101562500e+02,-1.466414337158203125e+02,-1.293980102539062500e+02,-1.183104553222656250e+02,-1.439780120849609375e+02,-1.961218109130859375e+02,-1.932775115966796875e+02,-1.567343902587890625e+02,-1.431655120849609375e+02,-1.377231903076171875e+02,-1.473835754394531250e+02,-1.738897094726562500e+02,-1.924606170654296875e+02,-1.872722015380859375e+02,-2.045653991699218750e+02,-2.202814941406250000e+02,-2.271350097656250000e+02,-2.271946105957031250e+02,-2.334078521728515625e+02,-2.535249023437500000e+02,-2.975068969726562500e+02,-3.235255737304687500e+02,-3.188473510742187500e+02,-3.173606567382812500e+02,-3.189644165039062500e+02,-3.121168518066406250e+02,-3.046198730468750000e+02,-3.005270080566406250e+02,-2.946532897949218750e+02,-2.836494140625000000e+02,-2.756668395996093750e+02,-2.745058288574218750e+02,-2.842567138671875000e+02,-2.850098266601562500e+02,-2.908204956054687500e+02,-3.055175781250000000e+02,-3.196199645996093750e+02,-3.276819763183593750e+02,-3.365195007324218750e+02,-3.332690734863281250e+02,-2.981384277343750000e+02,-1.686027374267578125e+02,-8.052565002441406250e+01,-4.867381668090820312e+01,-4.993560791015625000e+01,-6.727107238769531250e+01,-9.120749664306640625e+01,-1.416174621582031250e+02,-1.634002075195312500e+02,-1.610710601806640625e+02,-1.752453308105468750e+02,-1.910040283203125000e+02,-1.962130584716796875e+02,-2.193860931396484375e+02,-2.563437194824218750e+02,-1.947647705078125000e+02,-1.492922821044921875e+02,-1.584811706542968750e+02,-1.845065765380859375e+02,-1.855036315917968750e+02,-1.315070953369140625e+02,-1.109166717529296875e+02,-1.464572296142578125e+02,-1.698782806396484375e+02,-1.714665222167968750e+02,-1.696625366210937500e+02,-1.732085571289062500e+02,-1.993211517333984375e+02,-2.216017150878906250e+02,-2.399236297607421875e+02,-2.442359313964843750e+02,-2.623880004882812500e+02,-2.140673980712890625e+02,-1.568739318847656250e+02,-1.709309387207031250e+02,-1.732467956542968750e+02,-1.633309326171875000e+02,-1.895985717773437500e+02,-2.636742553710937500e+02,-2.354394989013671875e+02,-1.779616241455078125e+02,-1.689730072021484375e+02,-1.675168304443359375e+02,-1.448817138671875000e+02,-1.138860549926757812e+02,-1.182368698120117188e+02,-1.369898986816406250e+02,-1.310059509277343750e+02,-1.450461883544921875e+02,-1.912327880859375000e+02,-2.126543579101562500e+02,-1.905285034179687500e+02,-1.804115142822265625e+02,-1.913710479736328125e+02,-1.790346374511718750e+02,-1.898016510009765625e+02,-2.031666564941406250e+02,-2.106894989013671875e+02,-2.098071136474609375e+02,-2.033529510498046875e+02,-2.067161712646484375e+02,-2.270802612304687500e+02,-2.700728149414062500e+02,-2.830028991699218750e+02,-2.223398437500000000e+02,-2.080680236816406250e+02,-2.050599670410156250e+02,-2.018601684570312500e+02,-2.094937591552734375e+02,-2.083936920166015625e+02,-1.605178070068359375e+02,-1.354975585937500000e+02,-1.404011993408203125e+02,-1.504793395996093750e+02,-1.392647552490234375e+02,-1.403850708007812500e+02,-1.474282836914062500e+02,-1.461590881347656250e+02,-1.567865295410156250e+02,-1.713470764160156250e+02,-1.618661193847656250e+02,-1.614604492187500000e+02,-1.737367553710937500e+02,-1.980559082031250000e+02,-2.394096069335937500e+02,-2.606329650878906250e+02,-2.408233489990234375e+02,-2.232365570068359375e+02,-2.330908203125000000e+02,-2.426767578125000000e+02,-2.223351898193359375e+02,-1.908241424560546875e+02,-1.473087768554687500e+02,-1.090625762939453125e+02,-7.426733398437500000e+01,-5.452435684204101562e+01,-6.749935150146484375e+01,-1.160033950805664062e+02,-1.450471343994140625e+02,-1.163786468505859375e+02,-1.093053283691406250e+02,-1.550021820068359375e+02,-2.230950775146484375e+02,-1.745939178466796875e+02,-1.063465652465820312e+02,-1.003553390502929688e+02,-1.194717636108398438e+02,-1.181974563598632812e+02,-1.123950805664062500e+02,-1.282184600830078125e+02,-1.531184387207031250e+02,-1.833470611572265625e+02,-1.969916839599609375e+02,-1.969842987060546875e+02,-2.048131256103515625e+02,-2.198028259277343750e+02,-1.605148925781250000e+02,-1.068739700317382812e+02,-1.141836547851562500e+02,-1.240386276245117188e+02,-1.331728820800781250e+02,-1.383526916503906250e+02,-1.570223846435546875e+02,-1.910881195068359375e+02,-2.011490478515625000e+02,-2.146324615478515625e+02,-2.371489562988281250e+02,-2.442600250244140625e+02,-2.067763214111328125e+02,-2.082497558593750000e+02,-2.261500396728515625e+02,-2.267659149169921875e+02,-2.313189086914062500e+02,-2.379114532470703125e+02,-2.403671875000000000e+02,-2.561388244628906250e+02,-2.891508178710937500e+02,-3.236659851074218750e+02,-3.357410583496093750e+02,-3.377624816894531250e+02,-3.419685974121093750e+02,-3.443940429687500000e+02,-3.442885742187500000e+02,-3.386147766113281250e+02,-3.344948730468750000e+02,-3.307010192871093750e+02,-2.816916198730468750e+02,-2.393839721679687500e+02,-1.848066558837890625e+02,-1.329629211425781250e+02,-1.150808181762695312e+02,-1.154865722656250000e+02,-1.233674697875976562e+02,-1.202113265991210938e+02,-1.113512725830078125e+02,-1.232031707763671875e+02,-1.356667175292968750e+02,-1.393793182373046875e+02,-1.467525329589843750e+02,-1.612789764404296875e+02,-1.908217926025390625e+02,-2.250953216552734375e+02,-2.558609161376953125e+02,-2.631437072753906250e+02,-2.588815612792968750e+02,-1.932646179199218750e+02,-1.654281158447265625e+02,-1.805340118408203125e+02,-1.928933715820312500e+02,-2.036490325927734375e+02,-2.189392242431640625e+02,-2.447133483886718750e+02,-2.555360107421875000e+02,-2.472491760253906250e+02,-2.338690643310546875e+02,-2.364575958251953125e+02,-2.470093078613281250e+02,-2.521959533691406250e+02,-2.574313964843750000e+02,-2.582132263183593750e+02,-2.595364990234375000e+02,-2.589798278808593750e+02,-2.550634613037109375e+02,-2.629827575683593750e+02,-2.663406372070312500e+02,-2.699868164062500000e+02,-2.785924682617187500e+02,-2.808332824707031250e+02,-2.913761596679687500e+02,-3.088139343261718750e+02,-3.166382446289062500e+02,-3.129526367187500000e+02,-2.452383270263671875e+02,-1.567648620605468750e+02,-9.920008087158203125e+01,-9.874076843261718750e+01,-1.556841430664062500e+02,-2.358031463623046875e+02,-2.607402648925781250e+02,-1.891007537841796875e+02,-1.314801025390625000e+02,-1.312823333740234375e+02,-1.408692016601562500e+02,-1.861826019287109375e+02,-2.233361968994140625e+02,-1.807204132080078125e+02,-1.406553192138671875e+02,-1.346710968017578125e+02,-1.378361206054687500e+02,-1.289846038818359375e+02,-1.201785659790039062e+02,-1.127103652954101562e+02,-1.108096389770507812e+02,-1.251161880493164062e+02,-1.390060119628906250e+02,-1.494315338134765625e+02,-1.549361877441406250e+02,-1.591846771240234375e+02,-1.675811920166015625e+02,-1.681334686279296875e+02,-1.653064422607421875e+02,-1.689488372802734375e+02,-1.707017364501953125e+02,-1.552335510253906250e+02,-1.383020019531250000e+02,-1.180393524169921875e+02,-1.079805603027343750e+02,-1.080121765136718750e+02,-1.096108245849609375e+02,-1.164402008056640625e+02,-1.230451583862304688e+02,-1.189891128540039062e+02,-9.442666625976562500e+01,-6.930324554443359375e+01,-6.868982696533203125e+01,-8.497013092041015625e+01,-1.376219482421875000e+02,-1.799333648681640625e+02,-2.165666809082031250e+02,-2.309484710693359375e+02,-2.354772338867187500e+02,-2.385156250000000000e+02,-2.336890258789062500e+02,-2.099263763427734375e+02,-1.802928771972656250e+02,-1.631451416015625000e+02,-1.441993713378906250e+02,-1.429361114501953125e+02,-1.489219512939453125e+02,-1.504945526123046875e+02,-1.545578308105468750e+02,-1.578309631347656250e+02,-1.005917434692382812e+02,-8.340139770507812500e+01,-1.246360702514648438e+02,-1.509586486816406250e+02,-1.813449554443359375e+02,-1.651433563232421875e+02,-1.283210449218750000e+02,-1.389294586181640625e+02,-1.547777709960937500e+02,-1.599073638916015625e+02,-1.636169433593750000e+02,-1.786093750000000000e+02,-2.136411437988281250e+02,-2.216317138671875000e+02,-1.843497314453125000e+02,-1.874629211425781250e+02,-2.008393859863281250e+02,-1.514940795898437500e+02,-9.764184570312500000e+01,-7.489989471435546875e+01,-7.769348907470703125e+01,-8.667030334472656250e+01,-9.675263214111328125e+01,-9.928007507324218750e+01,-1.305369415283203125e+02,-1.530804595947265625e+02,-1.429721374511718750e+02,-1.519205169677734375e+02,-1.878706817626953125e+02,-2.233606109619140625e+02,-2.234501342773437500e+02,-2.057494659423828125e+02,-1.582653656005859375e+02,-1.802857971191406250e+02,-2.578912048339843750e+02,-2.617020263671875000e+02,-1.849880218505859375e+02,-1.308385467529296875e+02,-1.607961578369140625e+02,-2.268725128173828125e+02,-2.346981048583984375e+02,-2.528810882568359375e+02,-2.795567016601562500e+02,-2.811327209472656250e+02,-2.045145721435546875e+02,-1.361203765869140625e+02,-1.179535827636718750e+02,-1.308282623291015625e+02,-1.445392761230468750e+02,-1.532135162353515625e+02,-1.652354583740234375e+02,-1.717431945800781250e+02,-1.798726196289062500e+02,-1.950461883544921875e+02,-1.966450195312500000e+02,-1.885971679687500000e+02,-1.934540863037109375e+02,-1.950000915527343750e+02,-1.824503173828125000e+02,-1.587368774414062500e+02,-1.545287170410156250e+02,-1.687706604003906250e+02,-1.904363555908203125e+02,-2.176096954345703125e+02,-2.287471008300781250e+02,-2.269295196533203125e+02,-2.015179138183593750e+02,-1.700720214843750000e+02,-1.758351745605468750e+02,-2.312040100097656250e+02,-2.621018066406250000e+02,-2.617648620605468750e+02,-2.663595886230468750e+02,-2.579223632812500000e+02,-2.518124694824218750e+02,-2.542883300781250000e+02,-2.610387573242187500e+02,-2.686033020019531250e+02,-2.815794677734375000e+02,-2.917380676269531250e+02,-2.991218872070312500e+02,-3.015971679687500000e+02,-2.768068237304687500e+02,-2.266210327148437500e+02,-1.518894958496093750e+02,-1.025456314086914062e+02,-9.940406799316406250e+01,-1.063363952636718750e+02,-1.196483078002929688e+02,-1.299639129638671875e+02,-1.553590240478515625e+02,-2.038484497070312500e+02,-2.152811279296875000e+02,-1.603750000000000000e+02,-1.444671020507812500e+02,-1.632206268310546875e+02,-1.855125885009765625e+02,-1.993420715332031250e+02,-1.949748229980468750e+02,-1.660789031982421875e+02,-1.182673492431640625e+02,-9.037955474853515625e+01,-8.373476409912109375e+01,-8.712957000732421875e+01,-1.016480865478515625e+02,-1.293532104492187500e+02,-1.569070434570312500e+02,-1.674379272460937500e+02,-1.672156677246093750e+02,-1.627735900878906250e+02,-1.566120147705078125e+02,-1.490998535156250000e+02,-1.491633911132812500e+02,-1.408248596191406250e+02,-1.300057525634765625e+02,-1.297582855224609375e+02,-1.150841369628906250e+02,-1.061710281372070312e+02,-9.765434265136718750e+01,-1.023172454833984375e+02,-1.035721817016601562e+02,-1.318228607177734375e+02,-2.050636749267578125e+02,-2.460059967041015625e+02,-2.358520812988281250e+02,-2.307074432373046875e+02,-2.428015747070312500e+02,-2.394582672119140625e+02,-2.421546325683593750e+02,-2.141022033691406250e+02,-1.796441802978515625e+02,-1.525623779296875000e+02,-1.198516769409179688e+02,-8.960477447509765625e+01,-9.097193908691406250e+01,-1.372841033935546875e+02,-1.886023712158203125e+02,-2.332830200195312500e+02,-2.449306182861328125e+02,-1.902895812988281250e+02,-1.531989898681640625e+02,-1.576184997558593750e+02,-1.723008117675781250e+02,-1.972095947265625000e+02,-2.293552703857421875e+02,-2.486792755126953125e+02,-2.719908142089843750e+02,-2.742966918945312500e+02,-1.876186370849609375e+02,-1.388226623535156250e+02,-1.397652282714843750e+02,-1.554732666015625000e+02,-1.830636444091796875e+02,-2.301286621093750000e+02,-2.458365631103515625e+02,-2.396698760986328125e+02,-2.515163269042968750e+02,-2.664006958007812500e+02,-2.660299682617187500e+02,-2.652517089843750000e+02,-2.483049774169921875e+02,-2.188167419433593750e+02,-2.410619506835937500e+02,-2.911997375488281250e+02,-3.009119873046875000e+02,-3.015135803222656250e+02,-3.103280639648437500e+02,-3.196772155761718750e+02,-3.246434936523437500e+02,-3.290930175781250000e+02,-3.277149353027343750e+02,-3.323649291992187500e+02,-3.377541809082031250e+02,-3.385445861816406250e+02,-3.310444946289062500e+02,-3.249510498046875000e+02,-3.297120971679687500e+02,-3.261728820800781250e+02,-3.236690673828125000e+02,-3.334578857421875000e+02,-3.292372131347656250e+02,-3.226788940429687500e+02,-3.226311950683593750e+02,-3.214285278320312500e+02,-3.282829589843750000e+02,-3.313497924804687500e+02,-3.265514221191406250e+02,-3.261559448242187500e+02,-3.193473510742187500e+02,-3.242474365234375000e+02,-3.251159973144531250e+02,-3.258719177246093750e+02,-3.311659851074218750e+02,-3.361541442871093750e+02,-3.348347473144531250e+02,-3.380979919433593750e+02,-3.463752136230468750e+02,-2.960180358886718750e+02,-1.368965606689453125e+02,-5.974446868896484375e+01,-3.134566116333007812e+01,-3.223006057739257812e+01,-6.199457550048828125e+01,-1.241534957885742188e+02,-2.022908477783203125e+02,-2.122338867187500000e+02,-1.827485198974609375e+02,-1.285306701660156250e+02,-6.973990631103515625e+01,-6.319306182861328125e+01,-1.122367553710937500e+02,-1.835248565673828125e+02,-2.001275787353515625e+02,-2.157219848632812500e+02,-1.129416198730468750e+02,-4.871105194091796875e+01,-4.885535430908203125e+01,-6.524596405029296875e+01,-7.068581390380859375e+01,-8.769197845458984375e+01,-1.295938262939453125e+02,-1.921060943603515625e+02,-2.251239471435546875e+02,-1.939936523437500000e+02,-1.354009094238281250e+02,-1.085582733154296875e+02,-1.306872100830078125e+02,-1.717260131835937500e+02,-2.018771667480468750e+02,-2.323006286621093750e+02,-2.525054168701171875e+02,-2.102967224121093750e+02,-1.416134033203125000e+02,-1.442284851074218750e+02,-1.654295806884765625e+02,-1.828131866455078125e+02,-1.961191558837890625e+02,-2.117374114990234375e+02,-2.214631347656250000e+02,-1.753228302001953125e+02,-1.172386169433593750e+02,-8.469329071044921875e+01,-7.888272857666015625e+01,-9.524972534179687500e+01,-1.252246398925781250e+02,-1.582676239013671875e+02,-1.682103881835937500e+02,-1.776959228515625000e+02,-1.958383636474609375e+02,-2.012267913818359375e+02,-2.073858642578125000e+02,-2.000596008300781250e+02,-1.918973846435546875e+02,-1.897439270019531250e+02,-1.797156219482421875e+02,-1.748798980712890625e+02,-1.791152343750000000e+02,-2.042157135009765625e+02,-2.315723114013671875e+02,-2.448427124023437500e+02,-2.387111206054687500e+02,-2.270171661376953125e+02,-2.099173736572265625e+02,-2.116024627685546875e+02,-2.213406829833984375e+02,-2.251665954589843750e+02,-1.836926116943359375e+02,-1.772617645263671875e+02,-1.957562713623046875e+02,-2.051321563720703125e+02,-2.047916564941406250e+02,-1.986352386474609375e+02,-1.703635559082031250e+02,-1.666563568115234375e+02,-1.797872467041015625e+02,-2.056107177734375000e+02,-2.660920715332031250e+02,-3.068172912597656250e+02,-2.341396026611328125e+02,-1.918629150390625000e+02,-2.126796264648437500e+02,-2.291188659667968750e+02,-2.266324462890625000e+02,-2.212856597900390625e+02,-2.274804840087890625e+02,-2.611954040527343750e+02,-2.767817382812500000e+02,-2.357901306152343750e+02,-1.968523101806640625e+02,-2.109617462158203125e+02,-2.218635711669921875e+02,-2.089277648925781250e+02,-2.114461212158203125e+02,-1.752524261474609375e+02,-1.578290405273437500e+02,-1.415369262695312500e+02,-1.305222625732421875e+02,-1.266583023071289062e+02,-1.287343292236328125e+02,-1.436262359619140625e+02,-1.864969024658203125e+02,-2.302123260498046875e+02,-2.437220153808593750e+02,-2.412968597412109375e+02,-2.412890930175781250e+02,-2.517584075927734375e+02,-2.561254272460937500e+02,-2.709611511230468750e+02,-2.944648742675781250e+02,-2.974763793945312500e+02,-2.911561584472656250e+02,-2.887346496582031250e+02,-2.837474060058593750e+02,-2.861503295898437500e+02,-2.835896606445312500e+02,-2.847924499511718750e+02,-2.845937805175781250e+02,-2.878306884765625000e+02,-2.992432250976562500e+02,-3.093411254882812500e+02,-3.252192687988281250e+02,-3.356226196289062500e+02,-3.065972900390625000e+02,-1.864057922363281250e+02,-1.178794784545898438e+02,-1.257744903564453125e+02,-2.059096984863281250e+02,-2.908730163574218750e+02,-3.039406433105468750e+02,-2.785533142089843750e+02,-1.622647552490234375e+02,-8.254284667968750000e+01,-4.966756820678710938e+01,-4.011649322509765625e+01,-3.569498825073242188e+01,-3.262517166137695312e+01,-7.253911590576171875e+01,-1.399187164306640625e+02,-1.385929107666015625e+02,-8.566561126708984375e+01,-7.193899536132812500e+01,-1.063974380493164062e+02,-1.663719787597656250e+02,-2.321550140380859375e+02,-2.234799194335937500e+02,-1.827794189453125000e+02,-1.313734588623046875e+02,-1.124260025024414062e+02,-1.114979248046875000e+02,-1.018927230834960938e+02,-9.915877532958984375e+01,-1.129554519653320312e+02,-1.454696960449218750e+02,-1.792115631103515625e+02,-2.088889312744140625e+02,-2.176703948974609375e+02,-2.231291351318359375e+02,-2.411800689697265625e+02,-2.686473083496093750e+02,-2.496230621337890625e+02,-2.197232818603515625e+02,-1.608334503173828125e+02,-1.026691055297851562e+02,-8.381929779052734375e+01,-7.881800842285156250e+01,-9.345339202880859375e+01,-1.537330169677734375e+02,-1.273241882324218750e+02,-7.412192535400390625e+01,-7.148026275634765625e+01,-1.286636352539062500e+02,-1.833569488525390625e+02,-2.325040130615234375e+02,-2.295282592773437500e+02,-1.798682403564453125e+02,-1.702247161865234375e+02,-1.827139434814453125e+02,-1.599120330810546875e+02,-1.383627014160156250e+02,-1.431376495361328125e+02,-1.516454010009765625e+02,-1.396995239257812500e+02,-1.668564453125000000e+02,-2.212936096191406250e+02,-2.314232635498046875e+02,-2.391927795410156250e+02,-2.378869171142578125e+02,-2.316287841796875000e+02,-2.234880828857421875e+02,-1.876361083984375000e+02,-1.654062805175781250e+02,-1.456249237060546875e+02,-1.361001586914062500e+02,-1.592620391845703125e+02,-1.931000061035156250e+02,-2.159344940185546875e+02,-2.529203186035156250e+02,-2.704858093261718750e+02,-2.749945678710937500e+02,-2.064371337890625000e+02,-1.699827728271484375e+02,-1.862458190917968750e+02,-2.267866973876953125e+02,-2.713822937011718750e+02,-3.042735290527343750e+02,-3.182435913085937500e+02,-3.159944152832031250e+02,-3.151567687988281250e+02,-3.152154541015625000e+02,-3.149703674316406250e+02,-3.129874877929687500e+02,-3.120619506835937500e+02,-3.245466918945312500e+02,-3.260060729980468750e+02,-3.234823608398437500e+02,-2.587395019531250000e+02,-1.757513732910156250e+02,-1.430286407470703125e+02,-1.895359954833984375e+02,-2.440162963867187500e+02,-2.029613952636718750e+02,-1.512854003906250000e+02,-1.261419296264648438e+02,-1.245049362182617188e+02,-1.338113250732421875e+02,-1.319184417724609375e+02,-1.061733093261718750e+02,-1.138907928466796875e+02,-1.248918457031250000e+02,-1.506339111328125000e+02,-1.796646728515625000e+02,-1.913884582519531250e+02,-2.103826293945312500e+02,-2.071941986083984375e+02,-1.594397125244140625e+02,-8.205233764648437500e+01,-5.517322158813476562e+01,-7.762559509277343750e+01,-8.814472198486328125e+01,-8.944827270507812500e+01,-1.004408645629882812e+02,-1.071820678710937500e+02,-1.163342132568359375e+02,-1.166058959960937500e+02,-1.354046630859375000e+02,-1.727931365966796875e+02,-1.928061370849609375e+02,-1.989063262939453125e+02,-2.019196014404296875e+02,-2.053374938964843750e+02,-2.001251525878906250e+02,-1.947762298583984375e+02,-1.665929107666015625e+02,-1.542524261474609375e+02,-1.525489654541015625e+02,-1.573339385986328125e+02,-1.873161773681640625e+02,-2.398931579589843750e+02,-2.664638671875000000e+02,-2.153495330810546875e+02,-1.669454956054687500e+02,-1.357557525634765625e+02,-1.262669601440429688e+02,-1.159065322875976562e+02,-9.580413818359375000e+01,-8.849703216552734375e+01,-1.207654037475585938e+02,-1.980380096435546875e+02,-2.331476135253906250e+02,-2.278814849853515625e+02,-1.966676483154296875e+02,-1.952369537353515625e+02,-2.202129669189453125e+02,-2.454816284179687500e+02,-1.951705780029296875e+02,-1.574495239257812500e+02,-1.688762512207031250e+02,-1.887891845703125000e+02,-1.855307159423828125e+02,-1.789811248779296875e+02,-1.856877593994140625e+02,-1.880919494628906250e+02,-1.899996795654296875e+02,-2.169557495117187500e+02,-2.599648742675781250e+02,-2.903337402343750000e+02,-3.043403625488281250e+02,-3.119091186523437500e+02,-3.127185668945312500e+02,-3.201434936523437500e+02,-3.159812927246093750e+02,-3.002182312011718750e+02,-2.883345031738281250e+02,-2.770486145019531250e+02,-2.704307556152343750e+02,-2.735448608398437500e+02,-2.764382934570312500e+02,-2.732037963867187500e+02,-2.795072631835937500e+02,-2.910744628906250000e+02,-2.988326110839843750e+02,-2.974192199707031250e+02,-2.927565307617187500e+02,-3.005492553710937500e+02,-3.227602539062500000e+02,-3.217789306640625000e+02,-1.840357818603515625e+02,-1.188797607421875000e+02,-7.081292724609375000e+01,-6.332277679443359375e+01,-9.728842163085937500e+01,-1.664217224121093750e+02,-2.291938323974609375e+02,-1.959112091064453125e+02,-1.274874343872070312e+02,-9.045277404785156250e+01,-7.856378173828125000e+01,-8.499404144287109375e+01,-1.142258148193359375e+02,-1.349782562255859375e+02,-1.471001586914062500e+02,-1.488500061035156250e+02,-1.533690643310546875e+02,-1.289690246582031250e+02,-9.444352722167968750e+01,-7.275296020507812500e+01,-8.950323486328125000e+01,-1.120934906005859375e+02,-1.468595733642578125e+02,-1.907863769531250000e+02,-2.356023101806640625e+02,-2.379139404296875000e+02,-1.909723510742187500e+02,-1.458282165527343750e+02,-1.437908172607421875e+02,-1.651607208251953125e+02,-2.011895751953125000e+02,-2.511606140136718750e+02,-2.657468566894531250e+02,-1.845650024414062500e+02,-1.003655700683593750e+02,-8.174779510498046875e+01,-8.431803131103515625e+01,-7.591851043701171875e+01,-8.783962249755859375e+01,-1.201851501464843750e+02,-1.782685699462890625e+02,-2.434287567138671875e+02,-2.647958679199218750e+02,-2.103441772460937500e+02,-1.720658264160156250e+02,-1.791124420166015625e+02,-1.830501861572265625e+02,-1.928279876708984375e+02,-2.042311096191406250e+02,-2.017034759521484375e+02,-1.814775848388671875e+02,-1.784132690429687500e+02,-1.830719604492187500e+02,-1.533972473144531250e+02,-1.351343841552734375e+02,-1.477395172119140625e+02,-1.810936584472656250e+02,-2.154064941406250000e+02,-2.241774749755859375e+02,-2.168712463378906250e+02,-1.844218902587890625e+02,-1.420632171630859375e+02,-1.535532226562500000e+02,-2.075519409179687500e+02,-2.250738830566406250e+02,-2.347492980957031250e+02,-2.345341033935546875e+02,-2.331144714355468750e+02,-2.364353332519531250e+02,-2.174046020507812500e+02,-1.922257232666015625e+02,-1.719411315917968750e+02,-1.635220642089843750e+02,-1.557130584716796875e+02,-1.621110076904296875e+02,-1.958787536621093750e+02,-2.289260711669921875e+02,-2.287381896972656250e+02,-1.719598999023437500e+02,-1.407116088867187500e+02,-1.612277069091796875e+02,-2.044390869140625000e+02,-2.768984680175781250e+02,-2.512767791748046875e+02,-1.239708938598632812e+02,-9.368409729003906250e+01,-1.217845993041992188e+02,-1.759854888916015625e+02,-2.007874603271484375e+02,-1.959770812988281250e+02,-1.692988739013671875e+02,-1.313516540527343750e+02,-1.230577011108398438e+02,-1.315607910156250000e+02,-1.324669342041015625e+02,-1.354914398193359375e+02,-1.272706298828125000e+02,-1.345555725097656250e+02,-1.683318023681640625e+02,-2.181770477294921875e+02,-2.424689941406250000e+02,-2.506987762451171875e+02,-2.472606811523437500e+02,-2.106046752929687500e+02,-1.948743591308593750e+02,-2.123702239990234375e+02,-2.268030700683593750e+02,-2.241615600585937500e+02,-2.163312072753906250e+02,-2.137030792236328125e+02,-2.114929656982421875e+02,-2.064914093017578125e+02,-2.027714996337890625e+02,-2.119725799560546875e+02,-2.410187072753906250e+02,-2.686190490722656250e+02,-2.716573486328125000e+02,-2.332772216796875000e+02,-1.848506469726562500e+02,-1.585484619140625000e+02,-1.454061431884765625e+02,-1.428495635986328125e+02,-1.371963043212890625e+02,-1.359383392333984375e+02,-1.363574371337890625e+02,-1.431536560058593750e+02,-1.449292907714843750e+02,-1.454700622558593750e+02,-1.479631347656250000e+02,-1.750961761474609375e+02,-1.963597106933593750e+02,-2.196031341552734375e+02,-2.460577697753906250e+02,-2.630756530761718750e+02,-2.660975036621093750e+02,-2.287201232910156250e+02,-1.846555480957031250e+02,-1.603993530273437500e+02,-1.333836822509765625e+02,-1.245143203735351562e+02,-1.286398010253906250e+02,-1.450506134033203125e+02,-1.645117340087890625e+02,-1.805166473388671875e+02,-1.992637176513671875e+02,-2.217867889404296875e+02,-2.573141174316406250e+02,-3.061901245117187500e+02,-3.116972351074218750e+02,-2.573468627929687500e+02,-2.002838439941406250e+02,-1.641391906738281250e+02,-1.880355834960937500e+02,-2.428586120605468750e+02,-2.358611297607421875e+02,-2.054371032714843750e+02,-1.206064300537109375e+02,-8.493830871582031250e+01,-9.645406341552734375e+01,-1.400564880371093750e+02,-2.041530151367187500e+02,-2.748480224609375000e+02,-2.565737304687500000e+02,-1.834361572265625000e+02,-1.184248886108398438e+02,-1.071640625000000000e+02,-1.418079071044921875e+02,-1.981090087890625000e+02,-2.543822479248046875e+02,-2.690994567871093750e+02,-2.578850708007812500e+02,-2.299579010009765625e+02,-1.747751617431640625e+02,-1.515360717773437500e+02,-1.458797302246093750e+02,-1.338203277587890625e+02,-1.316760406494140625e+02,-1.340570526123046875e+02,-1.581864013671875000e+02,-2.065364227294921875e+02,-2.445158538818359375e+02,-2.185522918701171875e+02,-1.858430633544921875e+02,-1.791201629638671875e+02,-1.776968841552734375e+02,-1.682597656250000000e+02,-1.416448059082031250e+02,-1.228924484252929688e+02,-1.177926864624023438e+02,-1.173978729248046875e+02,-1.279723205566406250e+02,-1.384947662353515625e+02,-1.476253814697265625e+02,-1.585730285644531250e+02,-1.691132965087890625e+02,-1.800418853759765625e+02,-2.035225982666015625e+02,-2.328600921630859375e+02,-2.605983581542968750e+02,-2.734591979980468750e+02,-2.686404724121093750e+02,-2.405073699951171875e+02,-2.470586395263671875e+02,-2.810637512207031250e+02,-3.002991333007812500e+02,-3.125664367675781250e+02,-3.173037414550781250e+02,-3.187901000976562500e+02,-3.126618652343750000e+02,-3.022269287109375000e+02,-2.967598876953125000e+02,-2.933389587402343750e+02,-2.980968322753906250e+02,-2.784226074218750000e+02,-2.725119628906250000e+02,-2.856167602539062500e+02,-2.968662719726562500e+02,-3.030917358398437500e+02,-3.197554321289062500e+02,-3.264112854003906250e+02,-3.355117492675781250e+02,-3.303837280273437500e+02,-1.889219360351562500e+02,-1.221487045288085938e+02,-1.075585632324218750e+02,-1.297528228759765625e+02,-2.027142333984375000e+02,-2.798858337402343750e+02,-2.981037292480468750e+02,-2.408230895996093750e+02,-1.620575866699218750e+02,-1.340819244384765625e+02,-1.165631484985351562e+02,-8.669986724853515625e+01,-8.933686828613281250e+01,-1.059743576049804688e+02,-1.188174362182617188e+02,-1.254914016723632812e+02,-1.127105255126953125e+02,-9.700696563720703125e+01,-9.507279205322265625e+01,-1.187506713867187500e+02,-1.729980468750000000e+02,-1.913503723144531250e+02,-1.654411926269531250e+02,-1.141829910278320312e+02,-7.475221252441406250e+01,-8.283840942382812500e+01,-1.465300903320312500e+02,-2.041589050292968750e+02,-1.488583068847656250e+02,-1.135058288574218750e+02,-1.183228454589843750e+02,-1.157711486816406250e+02,-1.054674301147460938e+02,-9.373741912841796875e+01,-8.930259704589843750e+01,-1.097197799682617188e+02,-1.517630615234375000e+02,-2.067158508300781250e+02,-2.582251281738281250e+02,-2.750386047363281250e+02,-2.769257507324218750e+02,-2.795945739746093750e+02,-2.743789672851562500e+02,-1.883312225341796875e+02,-1.112718429565429688e+02,-1.164690628051757812e+02,-1.593987274169921875e+02,-2.077245483398437500e+02,-2.438454437255859375e+02,-2.182092437744140625e+02,-1.799346160888671875e+02,-1.611958770751953125e+02,-1.586585693359375000e+02,-1.897985076904296875e+02,-2.205192108154296875e+02,-2.002866973876953125e+02,-1.900006408691406250e+02,-2.248219757080078125e+02,-2.916604003906250000e+02,-3.123795776367187500e+02,-2.948085327148437500e+02,-1.974383697509765625e+02,-1.510252532958984375e+02,-1.531717224121093750e+02,-1.602178802490234375e+02,-1.999141082763671875e+02,-2.705206909179687500e+02,-2.985799255371093750e+02,-3.021813659667968750e+02,-2.633518371582031250e+02,-2.474698486328125000e+02,-2.464508972167968750e+02,-2.210706024169921875e+02,-2.128476867675781250e+02,-1.636275024414062500e+02,-1.194253082275390625e+02,-1.230806884765625000e+02,-1.335247802734375000e+02,-1.271842803955078125e+02,-1.399966278076171875e+02,-1.402493591308593750e+02,-1.203497848510742188e+02,-1.186101074218750000e+02,-1.369726562500000000e+02,-1.444177551269531250e+02,-1.514491424560546875e+02,-1.877891693115234375e+02,-2.091954956054687500e+02,-1.964701232910156250e+02,-1.853434143066406250e+02,-1.899529418945312500e+02,-1.893895263671875000e+02,-2.037857666015625000e+02,-2.245592193603515625e+02,-2.580477600097656250e+02,-2.987411804199218750e+02,-2.929715576171875000e+02,-2.859146728515625000e+02,-2.825617065429687500e+02,-2.621049499511718750e+02,-1.537851715087890625e+02,-9.171730041503906250e+01,-7.901141357421875000e+01,-6.371799468994140625e+01,-4.982868576049804688e+01,-4.942827987670898438e+01,-5.655808639526367188e+01,-6.599430084228515625e+01,-7.528031921386718750e+01,-1.009051818847656250e+02,-1.338843688964843750e+02,-1.576983337402343750e+02,-1.756986846923828125e+02,-1.796286315917968750e+02,-1.819743041992187500e+02,-1.837221221923828125e+02,-2.015298309326171875e+02,-2.023939514160156250e+02,-1.751403350830078125e+02,-1.800240173339843750e+02,-1.815616149902343750e+02,-1.337880554199218750e+02,-1.348123016357421875e+02,-1.771505126953125000e+02,-1.830938262939453125e+02,-1.880627746582031250e+02,-1.981270141601562500e+02,-2.289329528808593750e+02,-2.688083496093750000e+02,-2.776983032226562500e+02,-2.866597290039062500e+02,-2.922548217773437500e+02,-2.857998657226562500e+02,-2.766272583007812500e+02,-2.057074279785156250e+02,-1.555037078857421875e+02,-1.508436584472656250e+02,-1.550211486816406250e+02,-1.619713897705078125e+02,-1.777702026367187500e+02,-2.073043823242187500e+02,-2.235915679931640625e+02,-2.237368011474609375e+02,-2.266467285156250000e+02,-2.306779632568359375e+02,-2.397889556884765625e+02,-2.520747985839843750e+02,-2.792002563476562500e+02,-2.789927673339843750e+02,-2.808990173339843750e+02,-2.747572326660156250e+02,-2.087959289550781250e+02,-1.932743682861328125e+02,-2.190233612060546875e+02,-2.383350524902343750e+02,-2.292774353027343750e+02,-2.116848602294921875e+02,-2.105731048583984375e+02,-2.026464691162109375e+02,-1.708049468994140625e+02,-1.416511230468750000e+02,-1.321437988281250000e+02,-1.206038284301757812e+02,-1.118740310668945312e+02,-1.213523330688476562e+02,-1.260947189331054688e+02,-1.088960189819335938e+02,-1.201624450683593750e+02,-1.771645050048828125e+02,-2.219402465820312500e+02,-2.556982269287109375e+02,-2.652894592285156250e+02,-2.836459350585937500e+02,-2.293661193847656250e+02,-1.736731719970703125e+02,-1.549852600097656250e+02,-1.610814514160156250e+02,-1.822333831787109375e+02,-1.882937774658203125e+02,-2.063727569580078125e+02,-2.201440124511718750e+02,-2.273565979003906250e+02,-2.590886535644531250e+02,-3.165260620117187500e+02,-3.327731628417968750e+02,-2.827142333984375000e+02,-2.496238861083984375e+02,-2.289463806152343750e+02,-1.949313049316406250e+02,-1.956642150878906250e+02,-2.038880462646484375e+02,-2.037754058837890625e+02,-2.014935760498046875e+02,-1.892831726074218750e+02,-1.669848480224609375e+02,-1.558548278808593750e+02,-1.524555206298828125e+02,-1.574316253662109375e+02,-1.763614044189453125e+02,-1.856844024658203125e+02,-1.988557891845703125e+02,-2.131314544677734375e+02,-2.184333038330078125e+02,-2.242645568847656250e+02,-2.433697509765625000e+02,-2.509052124023437500e+02,-2.433688812255859375e+02,-2.345380859375000000e+02,-2.321289520263671875e+02,-2.330146331787109375e+02,-2.480350036621093750e+02,-2.796064758300781250e+02,-2.539234008789062500e+02,-2.061136016845703125e+02,-1.586684112548828125e+02,-1.337634887695312500e+02,-1.649884338378906250e+02,-2.467002105712890625e+02,-2.708233337402343750e+02,-2.674403381347656250e+02,-2.061898345947265625e+02,-1.818742980957031250e+02,-1.790578765869140625e+02,-1.755964660644531250e+02,-1.779310760498046875e+02,-1.831590118408203125e+02,-1.965690307617187500e+02,-2.065443572998046875e+02,-2.133833160400390625e+02,-2.273551940917968750e+02,-2.492564697265625000e+02,-2.794720764160156250e+02,-2.908660278320312500e+02,-2.971535949707031250e+02,-2.416438140869140625e+02,-1.723823242187500000e+02,-1.453070526123046875e+02,-1.548323059082031250e+02,-1.564828948974609375e+02,-1.866398925781250000e+02,-2.146788940429687500e+02,-2.235317535400390625e+02,-2.366482238769531250e+02,-2.398773803710937500e+02,-2.499361267089843750e+02,-2.512609863281250000e+02,-2.558567657470703125e+02,-2.471286773681640625e+02,-2.360870819091796875e+02,-2.373399963378906250e+02,-2.352244415283203125e+02,-2.469855041503906250e+02,-2.587227172851562500e+02,-2.624813537597656250e+02,-2.708808898925781250e+02,-2.895554809570312500e+02,-3.405043945312500000e+02,-3.641428833007812500e+02,-3.643303833007812500e+02,-3.580462646484375000e+02,-3.577292480468750000e+02,-3.593065185546875000e+02,-3.543694763183593750e+02,-3.577516479492187500e+02,-3.466047058105468750e+02,-3.370057678222656250e+02,-3.325039672851562500e+02,-3.343520812988281250e+02,-3.325112609863281250e+02,-3.127064819335937500e+02,-3.209019470214843750e+02,-3.394325256347656250e+02,-3.411079406738281250e+02,-3.354288635253906250e+02,-3.319920349121093750e+02,-3.326657714843750000e+02,-3.403225097656250000e+02,-3.455760192871093750e+02,-3.438493652343750000e+02,-3.417644348144531250e+02,-3.061192626953125000e+02,-2.500028839111328125e+02,-1.229997024536132812e+02,-6.210103988647460938e+01,-4.476991271972656250e+01,-5.086185073852539062e+01,-7.944428253173828125e+01,-1.431750488281250000e+02,-2.205180969238281250e+02,-2.196022949218750000e+02,-1.622852172851562500e+02,-1.614844055175781250e+02,-1.899096069335937500e+02,-2.358899383544921875e+02,-2.715500793457031250e+02,-2.313279724121093750e+02,-2.344089965820312500e+02,-2.814548950195312500e+02,-2.860946350097656250e+02,-2.678749694824218750e+02,-2.266527557373046875e+02,-2.142124328613281250e+02,-2.227453155517578125e+02,-2.242220764160156250e+02,-2.087937164306640625e+02,-2.007369232177734375e+02,-1.894281005859375000e+02,-1.667771148681640625e+02,-1.650646209716796875e+02,-1.851656036376953125e+02,-1.548597717285156250e+02,-1.509111480712890625e+02,-1.871689758300781250e+02,-2.347529449462890625e+02,-2.352804565429687500e+02,-1.831160583496093750e+02,-1.595873565673828125e+02,-1.646491394042968750e+02,-1.847784729003906250e+02,-2.319007720947265625e+02,-2.791647644042968750e+02,-2.445153045654296875e+02,-1.895144805908203125e+02,-1.421172790527343750e+02,-1.463465423583984375e+02,-2.000209960937500000e+02,-2.137977447509765625e+02,-1.629935150146484375e+02,-1.389868164062500000e+02,-1.378591308593750000e+02,-1.427179565429687500e+02,-1.726104431152343750e+02,-2.444535522460937500e+02,-2.778806152343750000e+02,-2.916155090332031250e+02,-3.018947753906250000e+02,-3.037510375976562500e+02,-3.100660705566406250e+02,-3.130344848632812500e+02,-3.104822387695312500e+02,-3.079498291015625000e+02,-3.075206298828125000e+02,-3.025177612304687500e+02,-3.057148437500000000e+02,-3.024515991210937500e+02,-2.773338928222656250e+02,-1.925192260742187500e+02,-1.328993072509765625e+02,-1.159609909057617188e+02,-1.229882278442382812e+02,-9.789035034179687500e+01,-9.187903594970703125e+01,-1.271140060424804688e+02,-1.793943786621093750e+02,-2.332519683837890625e+02,-1.988199615478515625e+02,-1.529849853515625000e+02,-1.558028259277343750e+02,-1.950757141113281250e+02,-2.291118316650390625e+02,-2.676716918945312500e+02,-2.539794006347656250e+02,-1.743879089355468750e+02,-1.354797821044921875e+02,-1.548086242675781250e+02,-1.449004669189453125e+02,-1.170724487304687500e+02,-1.253264617919921875e+02,-1.313685913085937500e+02,-1.416251525878906250e+02,-1.454095611572265625e+02,-1.448150634765625000e+02,-1.672191009521484375e+02,-2.017873992919921875e+02,-2.388706054687500000e+02,-2.620760498046875000e+02,-2.900285339355468750e+02,-3.035915527343750000e+02,-3.171506042480468750e+02,-3.162255249023437500e+02,-3.033211059570312500e+02,-2.914260864257812500e+02,-2.801591796875000000e+02,-2.841401367187500000e+02,-2.777076416015625000e+02,-2.706951293945312500e+02,-2.677165527343750000e+02,-2.687891235351562500e+02,-2.648646240234375000e+02,-2.625581054687500000e+02,-2.712712707519531250e+02,-2.754557495117187500e+02,-2.747105407714843750e+02,-2.874454956054687500e+02,-2.993110656738281250e+02,-3.138427429199218750e+02,-3.278367919921875000e+02,-3.389063720703125000e+02,-2.872988891601562500e+02,-2.513599853515625000e+02,-2.280988769531250000e+02,-1.681296081542968750e+02,-1.381508483886718750e+02,-1.102449111938476562e+02,-8.625813293457031250e+01,-8.772404479980468750e+01,-9.696834564208984375e+01,-1.263627624511718750e+02,-1.670450134277343750e+02,-1.944290313720703125e+02,-2.153511199951171875e+02,-1.960261840820312500e+02,-1.190293731689453125e+02,-7.637328338623046875e+01,-4.303192520141601562e+01,-3.291706466674804688e+01,-5.761925506591796875e+01,-5.279391098022460938e+01,-6.976632690429687500e+01,-1.171601104736328125e+02,-1.730690002441406250e+02,-1.839498291015625000e+02,-1.819725952148437500e+02,-1.854025878906250000e+02,-2.114631195068359375e+02,-2.143291015625000000e+02,-1.681705017089843750e+02,-1.719991455078125000e+02,-1.715884246826171875e+02,-1.244013442993164062e+02,-1.010151367187500000e+02,-1.199470748901367188e+02,-1.538862609863281250e+02,-1.771729888916015625e+02,-2.005514678955078125e+02,-2.304754180908203125e+02,-2.471641540527343750e+02,-2.477598876953125000e+02,-1.992511749267578125e+02,-1.640793914794921875e+02,-1.748348846435546875e+02,-1.691361999511718750e+02,-1.827509307861328125e+02,-2.173527221679687500e+02,-2.385147857666015625e+02,-1.961533813476562500e+02,-1.211000595092773438e+02,-1.069229125976562500e+02,-1.632449188232421875e+02,-2.460613250732421875e+02,-2.742456970214843750e+02,-2.337290649414062500e+02,-1.186730957031250000e+02,-7.590274047851562500e+01,-9.678985595703125000e+01,-1.388132324218750000e+02,-1.723725433349609375e+02,-2.020263671875000000e+02,-2.288523406982421875e+02,-2.140200347900390625e+02,-1.487884063720703125e+02,-1.151558151245117188e+02,-1.531530456542968750e+02,-2.571462707519531250e+02,-2.130966186523437500e+02,-1.470972290039062500e+02,-1.495535583496093750e+02,-2.145270233154296875e+02,-2.630242004394531250e+02,-1.799350585937500000e+02,-1.020702056884765625e+02,-8.050918579101562500e+01,-7.902397918701171875e+01,-7.434561157226562500e+01,-8.125399780273437500e+01,-1.031509475708007812e+02,-1.135796051025390625e+02,-1.222219848632812500e+02,-1.460863494873046875e+02,-1.825560150146484375e+02,-1.654321289062500000e+02,-1.293709716796875000e+02,-1.264489822387695312e+02,-1.563377532958984375e+02,-2.094603118896484375e+02,-2.528069458007812500e+02,-2.443049316406250000e+02,-1.895429382324218750e+02,-1.756790618896484375e+02,-1.812805328369140625e+02,-2.021170501708984375e+02,-2.309256896972656250e+02,-2.477786865234375000e+02,-2.753450317382812500e+02,-3.191927185058593750e+02,-3.352760314941406250e+02,-3.032788391113281250e+02,-2.887332458496093750e+02,-2.948864440917968750e+02,-2.985160217285156250e+02,-2.918823547363281250e+02,-2.869734191894531250e+02,-2.750657958984375000e+02,-2.750086059570312500e+02,-2.738060913085937500e+02,-2.690573730468750000e+02,-2.684055786132812500e+02,-2.736953735351562500e+02,-2.806820373535156250e+02,-2.930595092773437500e+02,-3.088333129882812500e+02,-3.206932373046875000e+02,-3.355600891113281250e+02,-3.322302551269531250e+02,-2.331085968017578125e+02,-1.526885986328125000e+02,-1.533030548095703125e+02,-2.137517242431640625e+02,-2.309585266113281250e+02,-1.968350219726562500e+02,-1.636864471435546875e+02,-1.549147796630859375e+02,-1.535336608886718750e+02,-1.652406921386718750e+02,-1.651911468505859375e+02,-1.510066375732421875e+02,-1.479349212646484375e+02,-1.566058654785156250e+02,-1.606874847412109375e+02,-1.752987518310546875e+02,-2.102464447021484375e+02,-2.275281829833984375e+02,-2.123605346679687500e+02,-1.570785675048828125e+02,-9.839936065673828125e+01,-7.773496246337890625e+01,-8.666698455810546875e+01,-9.327253723144531250e+01,-9.003453826904296875e+01,-7.569837951660156250e+01,-5.336688995361328125e+01,-5.271994781494140625e+01,-9.506804656982421875e+01,-1.693284454345703125e+02,-2.025476531982421875e+02,-2.123247833251953125e+02,-1.397128143310546875e+02,-1.154427337646484375e+02,-1.423216094970703125e+02,-1.699102783203125000e+02,-1.834507293701171875e+02,-2.081310729980468750e+02,-2.479769134521484375e+02,-1.959666748046875000e+02,-1.347152099609375000e+02,-8.997850799560546875e+01,-7.570645904541015625e+01,-8.404103851318359375e+01,-9.737120056152343750e+01,-1.151487579345703125e+02,-1.637225646972656250e+02,-2.203629760742187500e+02,-2.338123168945312500e+02,-2.303070983886718750e+02,-2.041342468261718750e+02,-1.520974121093750000e+02,-1.390745697021484375e+02,-1.515387878417968750e+02,-1.888668212890625000e+02,-2.722387084960937500e+02,-2.993608398437500000e+02,-2.327006225585937500e+02,-1.899825286865234375e+02,-1.862297515869140625e+02,-1.771162719726562500e+02,-1.454886169433593750e+02,-1.306046142578125000e+02,-1.313215179443359375e+02,-1.453347167968750000e+02,-1.637585906982421875e+02,-1.787909545898437500e+02,-1.942429351806640625e+02,-1.963851165771484375e+02,-1.874780426025390625e+02,-1.882168121337890625e+02,-2.069107513427734375e+02,-2.270908355712890625e+02,-2.173585052490234375e+02,-2.295616760253906250e+02,-2.716536254882812500e+02,-2.888201904296875000e+02,-2.168272247314453125e+02,-1.473541259765625000e+02,-1.372423248291015625e+02,-1.296058654785156250e+02,-1.195369873046875000e+02,-1.370151214599609375e+02,-1.610557861328125000e+02,-1.896496734619140625e+02,-1.967709503173828125e+02,-1.860770568847656250e+02,-1.847645721435546875e+02,-1.972917175292968750e+02,-1.823270111083984375e+02,-1.887436218261718750e+02,-2.180666503906250000e+02,-2.465805053710937500e+02,-2.401199493408203125e+02,-2.310677185058593750e+02,-2.166694793701171875e+02,-1.947031555175781250e+02,-1.640936279296875000e+02,-1.482888183593750000e+02,-1.807100219726562500e+02,-2.056964721679687500e+02,-2.190413818359375000e+02,-2.189624938964843750e+02,-2.070853271484375000e+02,-1.469857482910156250e+02,-1.219549865722656250e+02,-1.281534576416015625e+02,-1.301629028320312500e+02,-1.369157104492187500e+02,-1.536699371337890625e+02,-1.566994628906250000e+02,-1.585727844238281250e+02,-1.729462432861328125e+02,-2.012079620361328125e+02,-2.396542510986328125e+02,-2.716348571777343750e+02,-2.178927612304687500e+02,-1.785728302001953125e+02,-1.897074737548828125e+02,-1.993041534423828125e+02,-1.971521453857421875e+02,-1.970615386962890625e+02,-1.802101135253906250e+02,-1.986843719482421875e+02,-1.947536621093750000e+02,-1.646110382080078125e+02,-1.659274902343750000e+02,-1.802784729003906250e+02,-2.132238922119140625e+02,-2.683129577636718750e+02,-2.937762451171875000e+02,-2.996701354980468750e+02,-2.154538726806640625e+02,-1.081226806640625000e+02,-8.367026519775390625e+01,-1.050792312622070312e+02,-1.111873168945312500e+02,-1.356202850341796875e+02,-1.658794250488281250e+02,-1.973183288574218750e+02,-2.342774353027343750e+02,-2.289123535156250000e+02,-1.938920135498046875e+02,-1.585966033935546875e+02,-1.354802093505859375e+02,-1.083127746582031250e+02,-9.236191558837890625e+01,-8.192232513427734375e+01,-6.907144165039062500e+01,-6.836091613769531250e+01,-9.323566436767578125e+01,-1.667471771240234375e+02,-2.187793884277343750e+02,-2.455547180175781250e+02,-2.480777130126953125e+02,-2.388299560546875000e+02,-2.128374786376953125e+02,-2.183980255126953125e+02,-2.113113098144531250e+02,-1.978634338378906250e+02,-2.073627929687500000e+02,-2.404216461181640625e+02,-2.803274841308593750e+02,-3.115630798339843750e+02,-3.192817993164062500e+02,-3.217355041503906250e+02,-3.152812194824218750e+02,-3.134338684082031250e+02,-3.042074890136718750e+02,-2.949131774902343750e+02,-2.781477966308593750e+02,-2.768126525878906250e+02,-2.751259155273437500e+02,-2.770804138183593750e+02,-2.930461120605468750e+02,-3.165136413574218750e+02,-3.229080505371093750e+02,-3.338515014648437500e+02,-3.423108520507812500e+02,-3.435663757324218750e+02,-3.481766662597656250e+02,-2.215117645263671875e+02,-1.178442993164062500e+02,-8.255889892578125000e+01,-8.447225952148437500e+01,-1.199000015258789062e+02,-1.156544647216796875e+02,-1.003374862670898438e+02,-1.169380493164062500e+02,-1.567700042724609375e+02,-2.122852630615234375e+02,-2.316143035888671875e+02,-1.997572784423828125e+02,-1.630054321289062500e+02,-9.705400848388671875e+01,-6.061029052734375000e+01,-4.782034301757812500e+01,-5.846669006347656250e+01,-6.130445098876953125e+01,-5.042518615722656250e+01,-5.755773162841796875e+01,-6.540059661865234375e+01,-8.064453887939453125e+01,-1.058947601318359375e+02,-1.340023498535156250e+02,-1.647307128906250000e+02,-2.021452941894531250e+02,-1.780543212890625000e+02,-1.880249328613281250e+02,-2.444028015136718750e+02,-2.446129760742187500e+02,-2.017611846923828125e+02,-1.578073425292968750e+02,-1.260216369628906250e+02,-1.141084289550781250e+02,-1.211387557983398438e+02,-1.557022857666015625e+02,-1.453507690429687500e+02,-1.093552246093750000e+02,-1.169099426269531250e+02,-1.801816864013671875e+02,-1.720413360595703125e+02,-1.001789779663085938e+02,-8.189117431640625000e+01,-1.220447006225585938e+02,-1.876336975097656250e+02,-2.270982055664062500e+02,-2.375823974609375000e+02,-2.163363037109375000e+02,-1.920736236572265625e+02,-1.794924163818359375e+02,-1.598448791503906250e+02,-1.271171264648437500e+02,-8.115795135498046875e+01,-7.450802612304687500e+01,-8.511488342285156250e+01,-7.495299530029296875e+01,-1.100319061279296875e+02,-1.916585693359375000e+02,-2.438602905273437500e+02,-2.335951232910156250e+02,-1.721623992919921875e+02,-1.230187301635742188e+02,-1.374463195800781250e+02,-2.013810424804687500e+02,-2.370892181396484375e+02,-2.500963134765625000e+02,-2.574859619140625000e+02,-2.067718505859375000e+02,-1.673576660156250000e+02,-1.902144012451171875e+02,-1.922023162841796875e+02,-1.660650024414062500e+02,-1.872031707763671875e+02,-2.358491363525390625e+02,-2.503590850830078125e+02,-2.434036407470703125e+02,-2.187448272705078125e+02,-2.174718017578125000e+02,-2.255410308837890625e+02,-2.296734008789062500e+02,-2.325489654541015625e+02,-2.365370941162109375e+02,-2.416468811035156250e+02,-2.612431030273437500e+02,-2.635066528320312500e+02,-2.207668609619140625e+02,-1.882412414550781250e+02,-1.839801635742187500e+02,-2.107841033935546875e+02,-2.652891540527343750e+02,-3.007409973144531250e+02,-3.065873718261718750e+02,-2.672842407226562500e+02,-2.100081634521484375e+02,-2.088504791259765625e+02,-2.372050628662109375e+02,-2.545033721923828125e+02,-2.580523681640625000e+02,-2.581183776855468750e+02,-2.563106994628906250e+02,-2.456677703857421875e+02,-2.351774749755859375e+02,-2.304821929931640625e+02,-2.055635681152343750e+02,-1.788919219970703125e+02,-1.599848632812500000e+02,-1.424503631591796875e+02,-1.425905761718750000e+02,-1.856494750976562500e+02,-2.401344146728515625e+02,-2.135165710449218750e+02,-2.078798675537109375e+02,-2.271594238281250000e+02,-2.557195281982421875e+02,-2.879017639160156250e+02,-2.813374328613281250e+02,-2.601636657714843750e+02,-2.422879791259765625e+02,-2.408639373779296875e+02,-2.450814208984375000e+02,-2.555671997070312500e+02,-2.525176086425781250e+02,-2.594125061035156250e+02,-2.681462707519531250e+02,-2.793145141601562500e+02,-2.907064208984375000e+02,-3.051361999511718750e+02,-3.179833679199218750e+02,-3.206003417968750000e+02,-2.129229888916015625e+02,-1.350967254638671875e+02,-1.009492034912109375e+02,-1.101896133422851562e+02,-1.641467590332031250e+02,-2.040132904052734375e+02,-1.597368164062500000e+02,-1.578478546142578125e+02,-1.810327606201171875e+02,-2.247390594482421875e+02,-2.770390625000000000e+02,-2.618702392578125000e+02,-2.442358856201171875e+02,-2.269918823242187500e+02,-2.136826171875000000e+02,-1.882097625732421875e+02,-1.322711486816406250e+02,-1.148776168823242188e+02,-1.464960937500000000e+02,-1.327876281738281250e+02,-1.172024383544921875e+02,-1.114150848388671875e+02,-9.308370971679687500e+01,-1.130055694580078125e+02,-1.668527526855468750e+02,-1.833366851806640625e+02,-1.799549255371093750e+02,-1.684901733398437500e+02,-1.653855743408203125e+02,-1.796963043212890625e+02,-2.030321960449218750e+02,-1.377082672119140625e+02,-9.378314208984375000e+01,-9.337434387207031250e+01,-1.172552108764648438e+02,-1.201855392456054688e+02,-1.117043151855468750e+02,-1.295664367675781250e+02,-1.684709320068359375e+02,-1.561414489746093750e+02,-1.629736785888671875e+02,-2.083908691406250000e+02,-2.098542022705078125e+02,-1.595330047607421875e+02,-1.375115661621093750e+02,-1.620474243164062500e+02,-2.123264617919921875e+02,-2.173092651367187500e+02,-2.238008880615234375e+02,-2.255741119384765625e+02,-2.210060882568359375e+02,-1.764499359130859375e+02,-1.311674804687500000e+02,-1.177934799194335938e+02,-1.111112518310546875e+02,-1.122779159545898438e+02,-1.374680633544921875e+02,-1.696768951416015625e+02,-1.779071655273437500e+02,-1.813974914550781250e+02,-1.841151275634765625e+02,-1.949791717529296875e+02,-2.101883087158203125e+02,-2.097384948730468750e+02,-1.996463317871093750e+02,-1.766931762695312500e+02,-1.661199798583984375e+02,-1.526477050781250000e+02,-1.222468872070312500e+02,-9.049401092529296875e+01,-9.212100219726562500e+01,-9.800807952880859375e+01,-1.080010833740234375e+02,-1.274461135864257812e+02,-1.637890167236328125e+02,-2.213516693115234375e+02,-2.553015136718750000e+02,-2.587752075195312500e+02,-2.096262054443359375e+02,-2.013368682861328125e+02,-2.333463592529296875e+02,-2.818612060546875000e+02,-3.040899353027343750e+02,-2.893398437500000000e+02,-2.831740417480468750e+02,-2.819779357910156250e+02,-2.854776611328125000e+02,-2.672792968750000000e+02,-2.010966033935546875e+02,-1.605332336425781250e+02,-1.225456314086914062e+02,-8.606385040283203125e+01,-6.516024780273437500e+01,-6.051165390014648438e+01,-7.596030426025390625e+01,-1.124866867065429688e+02,-1.541729736328125000e+02,-2.058497009277343750e+02,-2.459667205810546875e+02,-2.591777954101562500e+02,-2.696236877441406250e+02,-2.777049560546875000e+02,-2.782395629882812500e+02,-2.765897827148437500e+02,-2.243310394287109375e+02,-1.663291473388671875e+02,-1.481412048339843750e+02,-1.489574279785156250e+02,-1.504358825683593750e+02,-1.521794586181640625e+02,-1.538443145751953125e+02,-1.584907989501953125e+02,-1.658427429199218750e+02,-1.762585449218750000e+02,-2.071833648681640625e+02,-2.628089294433593750e+02,-3.007803344726562500e+02,-3.016019287109375000e+02,-2.617316284179687500e+02,-2.158832550048828125e+02,-2.433594665527343750e+02,-3.099259643554687500e+02,-3.268441162109375000e+02,-3.308320007324218750e+02,-3.198472290039062500e+02,-3.064789733886718750e+02,-2.980845031738281250e+02,-2.950794677734375000e+02,-2.911748046875000000e+02,-2.936049499511718750e+02,-2.946083068847656250e+02,-2.935478515625000000e+02,-3.037103271484375000e+02,-3.092130126953125000e+02,-3.192480773925781250e+02,-3.248683776855468750e+02,-3.344288635253906250e+02,-3.473909912109375000e+02,-3.181282958984375000e+02,-2.657076110839843750e+02,-1.452730255126953125e+02,-7.607574462890625000e+01,-6.100060272216796875e+01,-5.201556396484375000e+01,-4.976338958740234375e+01,-4.905377960205078125e+01,-5.359246826171875000e+01,-8.694918060302734375e+01,-1.429090270996093750e+02,-1.748061065673828125e+02,-1.710723571777343750e+02,-1.719189910888671875e+02,-1.808835144042968750e+02,-1.846517181396484375e+02,-1.644920959472656250e+02,-1.363456115722656250e+02,-1.281342468261718750e+02,-1.649724426269531250e+02,-2.253281402587890625e+02,-2.499488677978515625e+02,-2.689962158203125000e+02,-2.729880676269531250e+02,-2.655680541992187500e+02,-2.323834686279296875e+02,-2.266525726318359375e+02,-2.673717346191406250e+02,-3.031413269042968750e+02,-3.076957092285156250e+02,-3.090213317871093750e+02,-3.101300659179687500e+02,-3.136350402832031250e+02,-3.201454772949218750e+02,-3.224473876953125000e+02,-3.097728576660156250e+02,-2.691838989257812500e+02,-2.387878112792968750e+02,-2.123786010742187500e+02,-1.579183807373046875e+02,-1.234017181396484375e+02,-1.035033569335937500e+02,-7.681814575195312500e+01,-6.601321411132812500e+01,-6.783914184570312500e+01,-7.101821136474609375e+01,-9.428014373779296875e+01,-1.189591293334960938e+02,-1.511719360351562500e+02,-1.871570587158203125e+02,-2.104726409912109375e+02,-2.130210723876953125e+02,-1.850540771484375000e+02,-1.836019744873046875e+02,-2.177919769287109375e+02,-2.083414154052734375e+02,-1.467854919433593750e+02,-1.238721008300781250e+02,-1.267547378540039062e+02,-1.310623321533203125e+02,-1.424225006103515625e+02,-1.662839660644531250e+02,-1.839939575195312500e+02,-1.992996215820312500e+02,-2.126444549560546875e+02,-2.390031738281250000e+02,-2.568692932128906250e+02,-2.535322570800781250e+02,-2.567751770019531250e+02,-2.542888641357421875e+02,-2.638633728027343750e+02,-2.856759643554687500e+02,-2.947533264160156250e+02,-2.951511230468750000e+02,-2.362798156738281250e+02,-1.698142700195312500e+02,-1.328161621093750000e+02,-1.403225250244140625e+02,-1.740619049072265625e+02,-2.117468872070312500e+02,-2.475604400634765625e+02,-2.535596160888671875e+02,-2.434312438964843750e+02,-2.032768554687500000e+02,-1.653457641601562500e+02,-1.169685287475585938e+02,-1.030752258300781250e+02,-1.116885986328125000e+02,-1.031483993530273438e+02,-9.534477233886718750e+01,-1.052536849975585938e+02,-1.145205917358398438e+02,-1.470634460449218750e+02,-2.046892395019531250e+02,-2.424898529052734375e+02,-2.283315277099609375e+02,-1.451774597167968750e+02,-1.327550964355468750e+02,-1.698120269775390625e+02,-1.590923309326171875e+02,-1.186431274414062500e+02,-8.923065948486328125e+01,-9.787511444091796875e+01,-1.346779479980468750e+02,-1.581505279541015625e+02,-1.875476837158203125e+02,-1.828278350830078125e+02,-1.938460388183593750e+02,-2.359117736816406250e+02,-2.439724273681640625e+02,-2.044736480712890625e+02,-1.730293731689453125e+02,-1.732771301269531250e+02,-1.720984497070312500e+02,-1.897369842529296875e+02,-2.105405731201171875e+02,-2.218959503173828125e+02,-2.341105194091796875e+02,-2.615425720214843750e+02,-2.117698516845703125e+02,-1.532141265869140625e+02,-1.523855133056640625e+02,-1.753511352539062500e+02,-1.844572143554687500e+02,-1.999798431396484375e+02,-2.319174194335937500e+02,-2.611447143554687500e+02,-2.585047607421875000e+02,-2.506944427490234375e+02,-2.493795623779296875e+02,-2.545274047851562500e+02,-2.621831054687500000e+02,-2.676646728515625000e+02,-2.754119873046875000e+02,-2.890769348144531250e+02,-2.984458312988281250e+02,-2.959695739746093750e+02,-3.070773010253906250e+02,-3.180133361816406250e+02,-3.175191345214843750e+02,-3.098742065429687500e+02,-3.166013183593750000e+02,-3.247312316894531250e+02,-3.292450256347656250e+02,-3.295798950195312500e+02,-3.312200622558593750e+02,-3.172842102050781250e+02,-3.060950012207031250e+02,-3.086419677734375000e+02,-2.986277160644531250e+02,-2.872782897949218750e+02,-2.885223388671875000e+02,-2.997560729980468750e+02,-3.105573730468750000e+02,-3.183086547851562500e+02,-3.241991271972656250e+02,-3.251877136230468750e+02,-3.279746704101562500e+02,-3.385224304199218750e+02,-3.394765014648437500e+02,-3.409239501953125000e+02,-2.631172485351562500e+02,-1.249828872680664062e+02,-6.781819915771484375e+01,-5.790644073486328125e+01,-6.747760009765625000e+01,-7.795124816894531250e+01,-7.923259735107421875e+01,-9.243375396728515625e+01,-1.017607498168945312e+02,-1.168874053955078125e+02,-1.197363510131835938e+02,-1.248893966674804688e+02,-1.348345489501953125e+02,-1.616780090332031250e+02,-2.072059326171875000e+02,-2.537149963378906250e+02,-2.683795166015625000e+02,-2.351558074951171875e+02,-1.631849822998046875e+02,-1.326405029296875000e+02,-1.436061859130859375e+02,-1.657844085693359375e+02,-1.771517639160156250e+02,-1.843530120849609375e+02,-1.866438903808593750e+02,-1.933140258789062500e+02,-2.012638092041015625e+02,-2.078632354736328125e+02,-1.487012481689453125e+02,-1.130131301879882812e+02,-1.241612319946289062e+02,-1.472959136962890625e+02,-1.367081604003906250e+02,-1.601278686523437500e+02,-2.220218505859375000e+02,-2.574402160644531250e+02,-2.366524963378906250e+02,-1.905041198730468750e+02,-1.305667114257812500e+02,-1.229391555786132812e+02,-1.433771820068359375e+02,-1.485470886230468750e+02,-1.525663299560546875e+02,-1.613712463378906250e+02,-1.878822631835937500e+02,-2.421296234130859375e+02,-2.685549926757812500e+02,-2.763924255371093750e+02,-2.489891662597656250e+02,-1.646652069091796875e+02,-1.000163192749023438e+02,-7.772491455078125000e+01,-7.731206512451171875e+01,-8.558413696289062500e+01,-7.808892059326171875e+01,-7.507858276367187500e+01,-1.040885391235351562e+02,-1.408001098632812500e+02,-1.478208160400390625e+02,-1.641056518554687500e+02,-1.803996734619140625e+02,-1.473195953369140625e+02,-1.423639373779296875e+02,-1.588491210937500000e+02,-1.741735992431640625e+02,-1.879840545654296875e+02,-1.974589538574218750e+02,-1.906361846923828125e+02,-1.928513336181640625e+02,-2.189673614501953125e+02,-2.698905639648437500e+02,-3.167338562011718750e+02,-3.312354431152343750e+02,-2.855709533691406250e+02,-1.964806060791015625e+02,-1.737789459228515625e+02,-1.916304626464843750e+02,-1.990492553710937500e+02,-1.991160736083984375e+02,-2.051264343261718750e+02,-2.057376708984375000e+02,-2.161902923583984375e+02,-2.308423919677734375e+02,-2.438722686767578125e+02,-2.561139831542968750e+02,-2.665614318847656250e+02,-2.889864196777343750e+02,-3.003115844726562500e+02,-3.063739013671875000e+02,-3.120244140625000000e+02,-3.199812622070312500e+02,-2.995580444335937500e+02,-2.860800781250000000e+02,-2.864059143066406250e+02,-2.860142211914062500e+02,-2.869023132324218750e+02,-2.792482910156250000e+02,-2.800825500488281250e+02,-2.924406433105468750e+02,-3.007674255371093750e+02,-3.085202026367187500e+02,-3.243997802734375000e+02,-3.355714416503906250e+02,-3.402715759277343750e+02,-2.653170471191406250e+02,-1.819422302246093750e+02,-1.156616973876953125e+02,-8.159593963623046875e+01,-1.034092407226562500e+02,-1.685913391113281250e+02,-2.364657745361328125e+02,-2.384802093505859375e+02,-1.594384460449218750e+02,-1.232773056030273438e+02,-1.352524261474609375e+02,-1.499607086181640625e+02,-1.857322692871093750e+02,-2.248691864013671875e+02,-2.218340606689453125e+02,-1.896472930908203125e+02,-1.555008392333984375e+02,-1.501398773193359375e+02,-1.526459655761718750e+02,-1.813271026611328125e+02,-1.943222961425781250e+02,-1.917050018310546875e+02,-2.188074188232421875e+02,-2.411523437500000000e+02,-1.975564117431640625e+02,-1.520504150390625000e+02,-1.424110412597656250e+02,-1.432930297851562500e+02,-1.463028717041015625e+02,-1.628715972900390625e+02,-1.891777954101562500e+02,-2.128988494873046875e+02,-2.214022979736328125e+02,-2.187052917480468750e+02,-2.249467620849609375e+02,-2.441552429199218750e+02,-2.381416625976562500e+02,-2.214651794433593750e+02,-2.220951995849609375e+02,-2.191994934082031250e+02,-2.172185516357421875e+02,-2.183899993896484375e+02,-2.133440399169921875e+02,-2.149559936523437500e+02,-2.115878753662109375e+02,-2.074960174560546875e+02,-2.115281219482421875e+02,-2.297832489013671875e+02,-2.138211669921875000e+02,-1.871696624755859375e+02,-1.925906677246093750e+02,-2.189745483398437500e+02,-2.501166381835937500e+02,-2.625798034667968750e+02,-2.593860168457031250e+02,-2.491203155517578125e+02,-2.538455657958984375e+02,-2.766474609375000000e+02,-2.930881958007812500e+02,-2.570134277343750000e+02,-2.281945800781250000e+02,-1.971937561035156250e+02,-1.560796356201171875e+02,-1.437596588134765625e+02,-1.872510528564453125e+02,-2.458788146972656250e+02,-2.507264709472656250e+02,-2.451558685302734375e+02,-1.943894958496093750e+02,-1.484591979980468750e+02,-1.596261749267578125e+02,-1.699129943847656250e+02,-1.602906188964843750e+02,-1.762664947509765625e+02,-2.183593292236328125e+02,-2.616629638671875000e+02,-2.727936706542968750e+02,-2.739282226562500000e+02,-2.745478515625000000e+02,-2.892307128906250000e+02,-2.915306091308593750e+02,-2.975701904296875000e+02,-3.035909729003906250e+02,-3.107267150878906250e+02,-3.145383605957031250e+02,-3.210427551269531250e+02,-3.260815734863281250e+02,-3.260349731445312500e+02,-3.276425170898437500e+02,-3.260023193359375000e+02,-3.243590393066406250e+02,-3.260956726074218750e+02,-3.232214660644531250e+02,-3.202270202636718750e+02,-3.245110168457031250e+02,-3.284661560058593750e+02,-3.277573242187500000e+02,-3.329923095703125000e+02,-3.396190795898437500e+02,-3.391828308105468750e+02
4.789203643798828125e+01,4.724009323120117188e+01,4.005931091308593750e+01,3.696446990966796875e+01,4.108991241455078125e+01,4.520760345458984375e+01,7.030052185058593750e+01,8.877807617187500000e+01,7.890525054931640625e+01,2.910806465148925781e+01,6.672778606414794922e+00,2.692846059799194336e+00,3.085051536560058594e+00,-3.762217283248901367e+00,-1.960966491699218750e+01,-2.662446022033691406e+01,1.359477996826171875e+01,4.265819549560546875e+01,7.781169128417968750e+01,1.138453979492187500e+02,1.248961944580078125e+02,1.264035034179687500e+02,1.292342529296875000e+02,1.288309173583984375e+02,1.274571533203125000e+02,1.206483154296875000e+02,1.185403518676757812e+02,1.261279144287109375e+02,1.334907379150390625e+02,1.282937622070312500e+02,1.171652221679687500e+02,1.040304489135742188e+02,8.925605773925781250e+01,8.181886291503906250e+01,7.236233520507812500e+01,6.509863281250000000e+01,6.036729812622070312e+01,7.004210662841796875e+01,7.189535522460937500e+01,6.836004638671875000e+01,6.792793273925781250e+01,5.980815505981445312e+01,5.135133743286132812e+01,4.910558319091796875e+01,5.535207366943359375e+01,6.751824188232421875e+01,6.741659545898437500e+01,5.768601989746093750e+01,1.085057220458984375e+02,1.238289184570312500e+02,1.234025421142578125e+02,1.314704589843750000e+02,1.351335906982421875e+02,9.639176940917968750e+01,1.062814331054687500e+02,1.301768188476562500e+02,1.414192810058593750e+02,1.363575744628906250e+02,1.288489990234375000e+02,1.235905914306640625e+02,1.208984222412109375e+02,1.324412689208984375e+02,1.366079864501953125e+02,1.291587066650390625e+02,1.291224060058593750e+02,1.315612792968750000e+02,1.033227539062500000e+02,9.013058471679687500e+01,7.141262817382812500e+01,6.778259277343750000e+01,9.893473815917968750e+01,1.092651672363281250e+02,1.098547210693359375e+02,1.114896316528320312e+02,1.197322769165039062e+02,1.214371871948242188e+02,1.027931518554687500e+02,1.080331268310546875e+02,1.065109405517578125e+02,1.060911712646484375e+02,1.311166687011718750e+02,1.386289062500000000e+02,1.411129150390625000e+02,1.430251617431640625e+02,1.455318603515625000e+02,1.439703521728515625e+02,1.438756713867187500e+02,1.409733886718750000e+02,1.308827056884765625e+02,1.226934509277343750e+02,1.233003387451171875e+02,1.179861907958984375e+02,1.196523132324218750e+02,1.246997985839843750e+02,1.278769073486328125e+02,1.286826782226562500e+02,9.793716430664062500e+01,6.466136932373046875e+01,6.974670410156250000e+01,8.451329040527343750e+01,4.837095260620117188e+01,2.449966239929199219e+01,2.810680770874023438e+01,5.978527450561523438e+01,8.823046875000000000e+01,8.909966278076171875e+01,8.491081237792968750e+01,7.996314239501953125e+01,8.327882385253906250e+01,7.944008636474609375e+01,7.514834594726562500e+01,7.401405334472656250e+01,7.312283325195312500e+01,7.252288055419921875e+01,6.944413757324218750e+01,6.873863983154296875e+01,7.060054016113281250e+01,7.085748291015625000e+01,6.698921966552734375e+01,5.735418701171875000e+01,5.623927307128906250e+01,6.588353729248046875e+01,7.035109710693359375e+01,7.975497436523437500e+01,8.311113739013671875e+01,7.856177520751953125e+01,7.708126831054687500e+01,7.237512969970703125e+01,6.617637634277343750e+01,6.196338653564453125e+01,6.459600830078125000e+01,1.163700866699218750e+02,1.437108764648437500e+02,1.342195739746093750e+02,1.330795898437500000e+02,1.413887329101562500e+02,1.471069335937500000e+02,1.521888885498046875e+02,1.115463943481445312e+02,4.671705627441406250e+01,1.168043327331542969e+01,3.033223390579223633e+00,2.925605010986328125e+01,1.010809020996093750e+02,1.295009460449218750e+02,1.122576293945312500e+02,1.014733886718750000e+02,9.345591735839843750e+01,9.584860229492187500e+01,1.266217651367187500e+02,1.483499450683593750e+02,1.462808380126953125e+02,1.292381591796875000e+02,1.239509811401367188e+02,1.354226684570312500e+02,1.299144439697265625e+02,1.239382781982421875e+02,1.099163513183593750e+02,8.536654663085937500e+01,6.523963928222656250e+01,6.808221435546875000e+01,7.448937988281250000e+01,9.391298294067382812e+00,-8.335014343261718750e+00,5.133817672729492188e+00,8.868527221679687500e+01,1.388886413574218750e+02,1.300709686279296875e+02,1.134970169067382812e+02,1.167494964599609375e+02,1.200715103149414062e+02,1.112153930664062500e+02,1.042024459838867188e+02,1.050237503051757812e+02,9.975960540771484375e+01,9.286391448974609375e+01,1.066490859985351562e+02,1.292285919189453125e+02,1.289508666992187500e+02,1.133826370239257812e+02,1.062304916381835938e+02,1.073349914550781250e+02,9.702943420410156250e+01,8.248377990722656250e+01,7.658679199218750000e+01,7.071672058105468750e+01,7.344516754150390625e+01,9.103910827636718750e+01,1.121653213500976562e+02,1.246403198242187500e+02,1.300041809082031250e+02,1.391628417968750000e+02,1.227046966552734375e+02,8.715438842773437500e+01,4.243908691406250000e+01,9.056226611137390137e-01,9.685262680053710938e+00,6.039205169677734375e+01,7.721014404296875000e+01,7.525750732421875000e+01,8.554800415039062500e+01,8.572886657714843750e+01,8.093580627441406250e+01,7.807290649414062500e+01,8.727706146240234375e+01,1.073690185546875000e+02,1.213159332275390625e+02,1.355455322265625000e+02,1.474468078613281250e+02,1.463645172119140625e+02,1.410104827880859375e+02,1.343962402343750000e+02,1.280970764160156250e+02,1.275668563842773438e+02,1.312362365722656250e+02,1.350831604003906250e+02,1.303413391113281250e+02,1.231165618896484375e+02,1.296956939697265625e+02,1.304093933105468750e+02,1.228301696777343750e+02,1.306003723144531250e+02,1.350117492675781250e+02,1.337409973144531250e+02,1.259143066406250000e+02,1.190059204101562500e+02,1.093526611328125000e+02,1.009100494384765625e+02,1.228489227294921875e+02,1.426991882324218750e+02,1.316358947753906250e+02,1.238511962890625000e+02,1.072242126464843750e+02,4.353423309326171875e+01,2.211110687255859375e+01,2.961581039428710938e+01,4.967887878417968750e+01,5.827278137207031250e+01,9.078871917724609375e+01,1.234384689331054688e+02,1.246417694091796875e+02,1.141388168334960938e+02,1.001092605590820312e+02,8.748789978027343750e+01,9.437460327148437500e+01,1.012525024414062500e+02,8.469110107421875000e+01,6.394444274902343750e+01,1.017448883056640625e+02,1.229190750122070312e+02,1.021088867187500000e+02,9.474147033691406250e+01,1.191646881103515625e+02,1.394217529296875000e+02,1.355256500244140625e+02,1.356594238281250000e+02,1.235100173950195312e+02,1.187463684082031250e+02,1.265092239379882812e+02,1.179061584472656250e+02,8.904714965820312500e+01,8.842794799804687500e+01,1.084725341796875000e+02,1.051330566406250000e+02,1.075937194824218750e+02,1.302120513916015625e+02,1.480473785400390625e+02,1.397235260009765625e+02,1.040539474487304688e+02,8.098052978515625000e+01,8.357389831542968750e+01,8.522888183593750000e+01,8.717671203613281250e+01,5.859796142578125000e+01,8.515163421630859375e+01,1.073806152343750000e+02,1.183727569580078125e+02,1.476922912597656250e+02,1.422603759765625000e+02,1.057990875244140625e+02,8.202314758300781250e+01,8.063510131835937500e+01,7.268112182617187500e+01,4.152082443237304688e+01,1.173056221008300781e+01,-4.520987033843994141e+00,-2.086985349655151367e+00,4.252065658569335938e+01,1.069481811523437500e+02,1.185269470214843750e+02,1.275327148437500000e+02,1.358413696289062500e+02,1.318075561523437500e+02,1.227378082275390625e+02,1.229074096679687500e+02,1.232697601318359375e+02,1.209660644531250000e+02,1.263839797973632812e+02,1.312495117187500000e+02,1.293883056640625000e+02,1.238727111816406250e+02,1.234634780883789062e+02,1.314857635498046875e+02,1.307909088134765625e+02,1.209460449218750000e+02,1.190265502929687500e+02,1.230937194824218750e+02,1.212326660156250000e+02,1.259997863769531250e+02,1.170158843994140625e+02,1.082307128906250000e+02,9.049684143066406250e+01,8.024411010742187500e+01,7.920840454101562500e+01,7.491633605957031250e+01,7.559532165527343750e+01,7.915806579589843750e+01,7.748253631591796875e+01,6.886117553710937500e+01,6.781681823730468750e+01,6.408998107910156250e+01,5.801082992553710938e+01,5.132101440429687500e+01,4.887686920166015625e+01,4.279510116577148438e+01,3.942901611328125000e+01,4.228041076660156250e+01,4.152547836303710938e+01,4.232369232177734375e+01,4.694371795654296875e+01,5.361690521240234375e+01,5.532263183593750000e+01,5.197834014892578125e+01,5.301889801025390625e+01,7.984848022460937500e+01,1.553302917480468750e+02,1.609898986816406250e+02,1.347286071777343750e+02,1.037609024047851562e+02,9.300540161132812500e+01,1.040326385498046875e+02,1.099419555664062500e+02,1.047030792236328125e+02,1.011546478271484375e+02,1.074872589111328125e+02,1.134702148437500000e+02,1.268959197998046875e+02,1.291647491455078125e+02,9.450329589843750000e+01,1.080579833984375000e+02,1.082591705322265625e+02,9.968482208251953125e+01,9.918388366699218750e+01,1.135301208496093750e+02,9.692945861816406250e+01,7.502666473388671875e+01,5.713622283935546875e+01,5.050126266479492188e+01,5.385874176025390625e+01,5.407654190063476562e+01,6.961849975585937500e+01,9.740240478515625000e+01,1.147024154663085938e+02,1.224823913574218750e+02,1.159767913818359375e+02,1.082420272827148438e+02,1.154473953247070312e+02,1.283148651123046875e+02,1.082049713134765625e+02,1.115231628417968750e+02,1.243597717285156250e+02,1.465326843261718750e+02,1.500100708007812500e+02,1.507533721923828125e+02,1.545800323486328125e+02,1.547615661621093750e+02,1.560505218505859375e+02,1.629072113037109375e+02,1.510680084228515625e+02,1.291461791992187500e+02,1.157831726074218750e+02,1.129028015136718750e+02,1.103421478271484375e+02,1.136426544189453125e+02,1.245958709716796875e+02,1.420008697509765625e+02,1.474339294433593750e+02,1.357803039550781250e+02,1.203301849365234375e+02,7.668675231933593750e+01,2.828093338012695312e+01,5.195646762847900391e+00,1.289940118789672852e+00,-2.774190902709960938e+00,5.675098419189453125e+00,5.289388275146484375e+01,8.982469177246093750e+01,7.802328491210937500e+01,1.025087890625000000e+02,1.293992919921875000e+02,1.275375366210937500e+02,1.110494232177734375e+02,1.109132232666015625e+02,1.119645538330078125e+02,1.041082763671875000e+02,1.031470031738281250e+02,9.551368713378906250e+01,9.534878540039062500e+01,9.581626892089843750e+01,7.686447143554687500e+01,2.926091575622558594e+01,-1.981521248817443848e+00,-1.096777725219726562e+01,-1.789968299865722656e+01,-2.412877273559570312e+01,-1.612752914428710938e+01,1.175671005249023438e+01,5.653566741943359375e+01,3.322009277343750000e+01,-8.255497932434082031e+00,-1.610039710998535156e+01,3.994839668273925781e+00,6.104035186767578125e+01,9.707608032226562500e+01,1.027749710083007812e+02,9.993225097656250000e+01,1.017491455078125000e+02,1.119705352783203125e+02,1.199068603515625000e+02,1.298790588378906250e+02,1.230259246826171875e+02,1.117140045166015625e+02,1.190839385986328125e+02,1.175439529418945312e+02,9.918795776367187500e+01,8.213224792480468750e+01,6.883357238769531250e+01,6.359169769287109375e+01,8.071869659423828125e+01,9.062631988525390625e+01,9.716448974609375000e+01,9.467584228515625000e+01,8.340015411376953125e+01,5.898462677001953125e+01,1.755078315734863281e+01,7.612346649169921875e+00,3.575080108642578125e+01,6.584342193603515625e+01,6.331257629394531250e+01,6.291618347167968750e+01,8.767983245849609375e+01,9.781239318847656250e+01,1.000651016235351562e+02,1.214098052978515625e+02,1.308573455810546875e+02,1.209452362060546875e+02,1.192127075195312500e+02,1.165947418212890625e+02,1.077675552368164062e+02,1.032212066650390625e+02,9.371463775634765625e+01,9.084706115722656250e+01,1.195060348510742188e+02,1.204098358154296875e+02,1.257031707763671875e+02,1.293763885498046875e+02,1.187188339233398438e+02,1.080149993896484375e+02,1.079804916381835938e+02,1.196786804199218750e+02,1.349007263183593750e+02,1.207288284301757812e+02,1.172199859619140625e+02,8.739762878417968750e+01,2.881224441528320312e+01,1.337650299072265625e+01,4.897660064697265625e+01,1.005742568969726562e+02,1.034638366699218750e+02,9.016694641113281250e+01,6.805383300781250000e+01,6.126690673828125000e+01,1.049159927368164062e+02,1.465623168945312500e+02,1.529742584228515625e+02,1.528674316406250000e+02,1.531834106445312500e+02,1.485578613281250000e+02,1.317116699218750000e+02,1.178768310546875000e+02,1.054020843505859375e+02,9.871679687500000000e+01,9.920885467529296875e+01,1.122269287109375000e+02,1.367438659667968750e+02,1.542661895751953125e+02,1.456631774902343750e+02,8.544906616210937500e+01,4.225875091552734375e+01,3.619703674316406250e+01,6.407475280761718750e+01,8.324855041503906250e+01,1.209131469726562500e+02,1.374736633300781250e+02,1.301833343505859375e+02,1.280574035644531250e+02,1.276990051269531250e+02,1.317769470214843750e+02,1.436393585205078125e+02,9.389373779296875000e+01,6.273025512695312500e+01,7.194503784179687500e+01,8.275193786621093750e+01,8.930451202392578125e+01,1.061459197998046875e+02,1.274305953979492188e+02,1.300809020996093750e+02,1.322050628662109375e+02,1.294034423828125000e+02,1.201003189086914062e+02,1.114147644042968750e+02,1.216603164672851562e+02,1.204228820800781250e+02,1.181920776367187500e+02,1.162818450927734375e+02,1.056264495849609375e+02,8.945479583740234375e+01,8.149864959716796875e+01,9.216947174072265625e+01,1.139103393554687500e+02,1.097582092285156250e+02,1.037976226806640625e+02,9.902983093261718750e+01,9.572643280029296875e+01,1.022130126953125000e+02,1.133208923339843750e+02,1.305899810791015625e+02,1.440032196044921875e+02,1.368117065429687500e+02,1.245388793945312500e+02,1.134279174804687500e+02,9.974654388427734375e+01,9.444424438476562500e+01,9.594733428955078125e+01,8.742385864257812500e+01,8.230364990234375000e+01,7.893378448486328125e+01,7.309188842773437500e+01,6.638375854492187500e+01,6.054581832885742188e+01,5.716513824462890625e+01,5.782406616210937500e+01,5.948676300048828125e+01,4.649151229858398438e+01,4.512278747558593750e+01,4.793173217773437500e+01,4.709321594238281250e+01,4.986946487426757812e+01,5.411083221435546875e+01,5.668939208984375000e+01,5.595095443725585938e+01,5.521630859375000000e+01,8.656671142578125000e+01,9.051216125488281250e+01,8.710357666015625000e+01,9.437987518310546875e+01,1.098758087158203125e+02,9.931382751464843750e+01,9.315708923339843750e+01,8.957032775878906250e+01,8.975545501708984375e+01,1.054173126220703125e+02,9.645935058593750000e+01,7.373982238769531250e+01,6.575375366210937500e+01,6.295651245117187500e+01,6.446430969238281250e+01,7.112042236328125000e+01,7.004531860351562500e+01,6.398818969726562500e+01,7.305624389648437500e+01,9.195310211181640625e+01,5.887052536010742188e+01,1.754439544677734375e+01,-1.504620671272277832e+00,-1.130160045623779297e+01,6.085991382598876953e+00,8.391239166259765625e+01,1.345213317871093750e+02,1.316553802490234375e+02,1.303795471191406250e+02,1.295095825195312500e+02,1.144933776855468750e+02,1.133972549438476562e+02,1.193288574218750000e+02,1.275071411132812500e+02,1.241062240600585938e+02,1.126956024169921875e+02,1.162240600585937500e+02,1.249087905883789062e+02,1.127577209472656250e+02,9.725734710693359375e+01,9.967109680175781250e+01,1.397290802001953125e+02,1.515547790527343750e+02,1.450404357910156250e+02,1.226928405761718750e+02,1.152994842529296875e+02,1.131205520629882812e+02,1.133011016845703125e+02,1.162837066650390625e+02,1.223846435546875000e+02,1.244899444580078125e+02,1.077471160888671875e+02,5.173394775390625000e+01,1.502849769592285156e+01,-4.194331645965576172e+00,-5.764327049255371094e+00,5.805182456970214844e+00,2.641822242736816406e+01,5.837718200683593750e+01,8.117744445800781250e+01,1.049036865234375000e+02,1.228828887939453125e+02,1.242013778686523438e+02,1.231259002685546875e+02,1.222097778320312500e+02,1.196530227661132812e+02,1.238447723388671875e+02,1.253170166015625000e+02,1.262649841308593750e+02,1.232262649536132812e+02,1.133428039550781250e+02,9.643421936035156250e+01,8.890202331542968750e+01,7.304085540771484375e+01,3.779216003417968750e+01,1.267631149291992188e+01,1.342889785766601562e+00,4.770896911621093750e+00,-1.141702651977539062e+00,-1.009577941894531250e+01,-1.274072837829589844e+01,1.187972068786621094e+01,5.232694244384765625e+01,5.755044555664062500e+01,7.147436523437500000e+01,1.301270599365234375e+02,1.461431884765625000e+02,1.351503295898437500e+02,1.221908264160156250e+02,1.038390350341796875e+02,1.046040649414062500e+02,1.177100601196289062e+02,1.199009704589843750e+02,1.130848846435546875e+02,1.240597000122070312e+02,1.356752319335937500e+02,1.424818115234375000e+02,1.537216186523437500e+02,1.502745666503906250e+02,1.332665710449218750e+02,1.317465209960937500e+02,1.378947753906250000e+02,1.382884826660156250e+02,1.287262268066406250e+02,1.145412139892578125e+02,9.790908813476562500e+01,8.830300903320312500e+01,9.292551422119140625e+01,8.715684509277343750e+01,8.456327819824218750e+01,9.662506103515625000e+01,1.139320983886718750e+02,1.327940979003906250e+02,1.466553039550781250e+02,1.644434204101562500e+02,1.760909423828125000e+02,1.799383087158203125e+02,1.742378234863281250e+02,1.641539916992187500e+02,1.494423217773437500e+02,1.362236328125000000e+02,1.293692932128906250e+02,1.285558929443359375e+02,1.273419265747070312e+02,1.262608871459960938e+02,1.214850921630859375e+02,1.163273315429687500e+02,1.111588821411132812e+02,1.111208343505859375e+02,1.069194717407226562e+02,1.056052703857421875e+02,1.011085968017578125e+02,9.296992492675781250e+01,9.084632873535156250e+01,8.649861907958984375e+01,7.670797729492187500e+01,6.973516082763671875e+01,6.443487548828125000e+01,5.578290557861328125e+01,5.178543472290039062e+01,5.168665313720703125e+01,5.300101470947265625e+01,5.567028045654296875e+01,5.732225418090820312e+01,6.380632781982421875e+01,6.823542785644531250e+01,7.356248474121093750e+01,7.495675659179687500e+01,6.842732238769531250e+01,7.460004425048828125e+01,1.360499572753906250e+02,1.563282775878906250e+02,1.494575500488281250e+02,1.342221374511718750e+02,1.141923065185546875e+02,1.071575469970703125e+02,1.244407348632812500e+02,1.373412475585937500e+02,1.318171844482421875e+02,1.256791839599609375e+02,1.007148132324218750e+02,8.517318725585937500e+01,6.845278930664062500e+01,6.368601608276367188e+01,6.079505157470703125e+01,6.914956665039062500e+01,3.956468963623046875e+01,1.595975875854492188e+00,-7.379084587097167969e+00,-1.038200950622558594e+01,-1.366534805297851562e+01,-1.005881309509277344e+01,-8.630260467529296875e+00,-9.739559173583984375e+00,-1.454269289970397949e+00,2.971070861816406250e+01,6.556652832031250000e+01,5.868377304077148438e+01,4.973558425903320312e+01,5.262132263183593750e+01,5.373326110839843750e+01,5.488497924804687500e+01,5.487665557861328125e+01,5.277191162109375000e+01,4.955616760253906250e+01,4.773986816406250000e+01,5.065496063232421875e+01,5.394367980957031250e+01,5.604005050659179688e+01,5.182378387451171875e+01,5.861336517333984375e+01,6.098792266845703125e+01,5.993358612060546875e+01,5.923155212402343750e+01,6.461370849609375000e+01,6.372545623779296875e+01,2.375051879882812500e+01,-1.416617012023925781e+01,-9.349378585815429688e+00,-2.161695063114166260e-01,-6.825741529464721680e-01,-1.288367271423339844e+01,-1.124132728576660156e+01,6.231237792968750000e+01,1.107670898437500000e+02,1.116150970458984375e+02,9.941756439208984375e+01,9.061328125000000000e+01,9.601820373535156250e+01,9.225203704833984375e+01,9.075564575195312500e+01,1.072613220214843750e+02,1.277543182373046875e+02,1.256445007324218750e+02,1.194970397949218750e+02,1.330154724121093750e+02,1.358451080322265625e+02,1.170442047119140625e+02,1.119801788330078125e+02,1.231408691406250000e+02,1.210386505126953125e+02,1.223433532714843750e+02,1.280731353759765625e+02,1.326857757568359375e+02,1.108114395141601562e+02,5.724895095825195312e+01,2.337106895446777344e+01,3.217687988281250000e+01,7.291091918945312500e+01,8.856925964355468750e+01,8.344018554687500000e+01,9.446353149414062500e+01,1.014861907958984375e+02,1.081278991699218750e+02,1.210288085937500000e+02,1.241966705322265625e+02,1.288135070800781250e+02,1.254651489257812500e+02,1.170849151611328125e+02,1.163588333129882812e+02,1.104313049316406250e+02,1.060932922363281250e+02,1.035727920532226562e+02,1.039517822265625000e+02,1.136777725219726562e+02,1.247806930541992188e+02,1.324965667724609375e+02,1.124821166992187500e+02,9.626457214355468750e+01,9.367448425292968750e+01,7.482797241210937500e+01,3.174133682250976562e+01,1.803141975402832031e+01,1.229479980468750000e+01,1.452883243560791016e+00,2.393667221069335938e+00,7.527779579162597656e+00,-6.150676250457763672e+00,-1.859707641601562500e+01,-3.281737565994262695e+00,4.974084472656250000e+01,9.262362670898437500e+01,1.077209320068359375e+02,9.345872497558593750e+01,7.115930938720703125e+01,5.726104736328125000e+01,5.435662078857421875e+01,5.746052932739257812e+01,6.148384094238281250e+01,5.837622451782226562e+01,6.391803741455078125e+01,7.902320098876953125e+01,9.123728179931640625e+01,1.027817230224609375e+02,1.120516052246093750e+02,8.761750793457031250e+01,3.298953247070312500e+01,7.164406776428222656e+00,-8.481969833374023438e+00,-1.803456687927246094e+01,-2.380974197387695312e+01,-2.152201843261718750e+01,-8.027316093444824219e+00,8.006898498535156250e+01,1.276655426025390625e+02,1.280883178710937500e+02,1.218402328491210938e+02,1.253529205322265625e+02,1.293567199707031250e+02,1.256667938232421875e+02,1.251940383911132812e+02,1.274265289306640625e+02,1.279138565063476562e+02,1.261825408935546875e+02,1.231095428466796875e+02,1.193360290527343750e+02,1.077652130126953125e+02,1.010715713500976562e+02,1.151796112060546875e+02,1.363981323242187500e+02,1.213379364013671875e+02,1.105937805175781250e+02,1.084090728759765625e+02,1.026050338745117188e+02,1.051652984619140625e+02,9.985251617431640625e+01,9.797030639648437500e+01,1.010265960693359375e+02,1.080306777954101562e+02,1.055906066894531250e+02,1.015118103027343750e+02,9.254159545898437500e+01,8.359439086914062500e+01,7.185598754882812500e+01,6.052371597290039062e+01,5.325974273681640625e+01,7.224452209472656250e+01,1.001821441650390625e+02,1.147962188720703125e+02,1.128134613037109375e+02,1.183004837036132812e+02,1.134697265625000000e+02,1.106977157592773438e+02,1.143516693115234375e+02,1.238205871582031250e+02,1.387099456787109375e+02,1.361397094726562500e+02,1.360750579833984375e+02,1.531728973388671875e+02,1.485872192382812500e+02,9.589930725097656250e+01,2.973538970947265625e+01,-1.613914728164672852e+00,-7.632055282592773438e+00,-1.123376941680908203e+01,-8.268735885620117188e+00,6.583758544921875000e+01,1.106601791381835938e+02,9.793990325927734375e+01,8.977682495117187500e+01,8.203533935546875000e+01,6.544833374023437500e+01,5.830850982666015625e+01,6.173942184448242188e+01,6.929150390625000000e+01,6.831640625000000000e+01,5.679923248291015625e+01,6.534326171875000000e+01,9.263096618652343750e+01,1.040943374633789062e+02,1.082845306396484375e+02,1.102249450683593750e+02,1.079847412109375000e+02,1.076410064697265625e+02,1.096560363769531250e+02,9.841278076171875000e+01,4.596263122558593750e+01,1.383324146270751953e+01,-2.162741184234619141e+00,-6.762177467346191406e+00,-7.913598060607910156e+00,-1.100912666320800781e+01,-2.412943840026855469e+00,4.066509628295898438e+01,7.380535888671875000e+01,9.256274414062500000e+01,1.162383346557617188e+02,1.462150268554687500e+02,1.360383148193359375e+02,1.143103790283203125e+02,1.108766021728515625e+02,1.212681121826171875e+02,1.310810546875000000e+02,1.222039184570312500e+02,1.028196640014648438e+02,1.070543823242187500e+02,1.152691497802734375e+02,1.009448242187500000e+02,9.641424560546875000e+01,9.983786010742187500e+01,1.065233459472656250e+02,1.089086685180664062e+02,1.109864501953125000e+02,1.316222534179687500e+02,1.465096130371093750e+02,1.396625366210937500e+02,1.271890640258789062e+02,1.070266113281250000e+02,8.270364379882812500e+01,6.361341476440429688e+01,4.469303512573242188e+01,3.805806732177734375e+01,4.108666992187500000e+01,5.078672790527343750e+01,7.749490356445312500e+01,1.023013916015625000e+02,8.894691467285156250e+01,9.507031250000000000e+01,1.041978530883789062e+02,1.159441833496093750e+02,1.235503540039062500e+02,1.219098587036132812e+02,1.035722198486328125e+02,9.691829681396484375e+01,9.846643066406250000e+01,9.364891052246093750e+01,8.249156188964843750e+01,8.177810668945312500e+01,7.956230926513671875e+01,7.677340698242187500e+01,7.516638946533203125e+01,7.277488708496093750e+01,7.037734985351562500e+01,5.944527435302734375e+01,4.829997253417968750e+01,5.273392868041992188e+01,5.930427551269531250e+01,5.712556457519531250e+01,4.720970916748046875e+01,4.407195281982421875e+01,4.935553741455078125e+01,4.041448211669921875e+01,3.576875305175781250e+01,2.758537292480468750e+01,3.074563026428222656e+01,4.096676635742187500e+01,4.541880035400390625e+01,5.191226577758789062e+01,5.588402175903320312e+01,5.567815399169921875e+01,4.678894042968750000e+01,7.256146240234375000e+01,7.663510131835937500e+01,6.419946289062500000e+01,6.350904846191406250e+01,8.390464019775390625e+01,8.585105895996093750e+01,8.956126403808593750e+01,1.060711212158203125e+02,1.118453521728515625e+02,1.098768157958984375e+02,1.168123016357421875e+02,1.139527893066406250e+02,1.108147964477539062e+02,1.164090576171875000e+02,1.205226211547851562e+02,1.243655395507812500e+02,1.308342590332031250e+02,1.392516326904296875e+02,1.427908325195312500e+02,1.256138305664062500e+02,9.624826049804687500e+01,8.404745483398437500e+01,7.618600463867187500e+01,4.844939422607421875e+01,2.337703704833984375e+01,1.835064315795898438e+01,1.702001571655273438e+01,1.025593757629394531e+01,1.295707464218139648e+00,1.716285824775695801e+00,3.461548566818237305e+00,3.257962703704833984e+00,1.020157814025878906e+01,4.425522613525390625e+01,1.078019256591796875e+02,1.196760635375976562e+02,1.158075714111328125e+02,1.339618835449218750e+02,1.398536987304687500e+02,1.383194274902343750e+02,1.413413696289062500e+02,1.382964019775390625e+02,1.208357696533203125e+02,1.089133377075195312e+02,9.897750854492187500e+01,8.967466735839843750e+01,7.749083709716796875e+01,7.014292144775390625e+01,6.212646484375000000e+01,5.264268493652343750e+01,5.321880340576171875e+01,6.677774047851562500e+01,8.222807312011718750e+01,9.134831237792968750e+01,8.918565368652343750e+01,7.359956359863281250e+01,7.502387237548828125e+01,7.730178833007812500e+01,7.671815490722656250e+01,8.912767028808593750e+01,6.487240600585937500e+01,4.938265228271484375e+01,5.858149337768554688e+01,7.603848266601562500e+01,7.576348876953125000e+01,8.273263549804687500e+01,9.017150878906250000e+01,6.470193481445312500e+01,5.763893890380859375e+01,5.683586883544921875e+01,6.433695983886718750e+01,7.544460296630859375e+01,7.720243835449218750e+01,6.906037139892578125e+01,2.522873687744140625e+01,2.304089665412902832e-01,-1.033095550537109375e+01,6.370297431945800781e+00,2.048656654357910156e+01,9.037628173828125000e+01,1.473246765136718750e+02,1.410044403076171875e+02,1.378847961425781250e+02,1.478119812011718750e+02,1.408374633789062500e+02,1.492845153808593750e+02,1.531875152587890625e+02,1.438302307128906250e+02,1.393311462402343750e+02,1.289307861328125000e+02,1.007682495117187500e+02,5.790626525878906250e+01,3.292905807495117188e+01,2.697534179687500000e+01,2.560925674438476562e+01,2.788289260864257812e+01,2.750307083129882812e+01,2.660607337951660156e+01,3.148458099365234375e+01,4.723253631591796875e+01,5.925504684448242188e+01,5.245546722412109375e+01,5.329671478271484375e+01,5.524907302856445312e+01,5.959259414672851562e+01,6.164176940917968750e+01,6.749378967285156250e+01,6.691215515136718750e+01,6.151141357421875000e+01,6.108675765991210938e+01,5.623400497436523438e+01,5.614015960693359375e+01,5.006732177734375000e+01,4.767070007324218750e+01,3.482847213745117188e+01,3.279228973388671875e+01,3.888967132568359375e+01,4.181563186645507812e+01,4.535559082031250000e+01,4.637739944458007812e+01,4.757152175903320312e+01,4.825855255126953125e+01,5.187358856201171875e+01,5.296730804443359375e+01,5.551369857788085938e+01,5.957159423828125000e+01,6.071250915527343750e+01,6.345344543457031250e+01,6.484538269042968750e+01,6.090660095214843750e+01,6.399578094482421875e+01,6.374994659423828125e+01,6.317578887939453125e+01,1.156507186889648438e+02,1.381985778808593750e+02,1.367939453125000000e+02,1.446652832031250000e+02,1.604653167724609375e+02,1.607487487792968750e+02,1.489822082519531250e+02,1.446267242431640625e+02,1.537527618408203125e+02,1.488160552978515625e+02,1.097555084228515625e+02,7.499866485595703125e+01,5.057641983032226562e+01,4.658305358886718750e+01,5.225535583496093750e+01,4.465518188476562500e+01,5.655007553100585938e+01,1.397965087890625000e+02,1.567499694824218750e+02,1.455000305175781250e+02,1.197210006713867188e+02,1.098765258789062500e+02,1.082035903930664062e+02,1.045112686157226562e+02,9.901290893554687500e+01,1.038096237182617188e+02,1.233046112060546875e+02,1.339048461914062500e+02,1.336951904296875000e+02,1.318245849609375000e+02,9.116613769531250000e+01,7.190743255615234375e+01,9.356445312500000000e+01,1.116488647460937500e+02,1.135048446655273438e+02,1.202724990844726562e+02,1.278674926757812500e+02,1.162669982910156250e+02,1.056384735107421875e+02,1.034907073974609375e+02,9.510413360595703125e+01,8.881224822998046875e+01,8.328845214843750000e+01,8.807290649414062500e+01,8.942919921875000000e+01,8.810599517822265625e+01,8.535148620605468750e+01,7.996199035644531250e+01,8.180554199218750000e+01,5.792999267578125000e+01,2.209632492065429688e+01,1.030032730102539062e+01,3.312550735473632812e+01,1.058248825073242188e+02,1.352262420654296875e+02,1.321414489746093750e+02,1.294186096191406250e+02,1.185059967041015625e+02,1.186360931396484375e+02,1.223043365478515625e+02,1.120330657958984375e+02,1.105579986572265625e+02,1.097677001953125000e+02,1.056555633544921875e+02,1.207071990966796875e+02,1.476900024414062500e+02,1.406271362304687500e+02,1.270099487304687500e+02,1.149667663574218750e+02,8.214465332031250000e+01,3.570463943481445312e+01,1.162342548370361328e+01,1.329798507690429688e+01,7.732322692871093750e+01,1.247682037353515625e+02,1.307678070068359375e+02,1.355314025878906250e+02,1.272020568847656250e+02,1.191654357910156250e+02,1.074563827514648438e+02,9.284869384765625000e+01,6.976457214355468750e+01,4.068912124633789062e+01,2.695478820800781250e+01,4.947740936279296875e+01,7.258650207519531250e+01,6.639054870605468750e+01,5.709915161132812500e+01,5.901448822021484375e+01,4.933188629150390625e+01,3.657547760009765625e+01,5.689257812500000000e+01,8.224414062500000000e+01,9.368481445312500000e+01,9.231085205078125000e+01,8.346878051757812500e+01,9.227448272705078125e+01,9.179682922363281250e+01,8.352981567382812500e+01,9.294223022460937500e+01,1.050489501953125000e+02,1.063858795166015625e+02,7.164794158935546875e+01,1.745699691772460938e+01,-1.607925796508789062e+01,-1.976332473754882812e+01,-2.496376419067382812e+01,-2.423248291015625000e+01,-2.218450736999511719e+01,5.285698318481445312e+01,1.179667358398437500e+02,1.274328231811523438e+02,1.166228027343750000e+02,1.167030029296875000e+02,1.201915283203125000e+02,1.092502822875976562e+02,9.504266357421875000e+01,8.194647216796875000e+01,6.239860153198242188e+01,1.308956241607666016e+01,-9.493908882141113281e-01,1.476427650451660156e+01,9.150298309326171875e+01,1.230730514526367188e+02,1.154620361328125000e+02,1.020703964233398438e+02,9.010261535644531250e+01,7.583105468750000000e+01,8.263655090332031250e+01,9.316767120361328125e+01,8.758044433593750000e+01,7.962036132812500000e+01,9.100514984130859375e+01,1.192561035156250000e+02,1.355557098388671875e+02,1.467377014160156250e+02,1.398860473632812500e+02,1.224111633300781250e+02,8.479029083251953125e+01,5.922058868408203125e+01,4.929791259765625000e+01,4.616176605224609375e+01,4.517002487182617188e+01,4.640587615966796875e+01,3.727375030517578125e+01,2.601301383972167969e+01,3.618886566162109375e+01,4.536747741699218750e+01,4.723302459716796875e+01,5.446080017089843750e+01,5.646137237548828125e+01,5.703832626342773438e+01,5.652866363525390625e+01,5.700681304931640625e+01,5.518336105346679688e+01,5.808721160888671875e+01,5.921121215820312500e+01,6.161611175537109375e+01,1.154088439941406250e+02,1.326841430664062500e+02,1.183174438476562500e+02,1.156905212402343750e+02,1.381060943603515625e+02,1.485207519531250000e+02,1.498028259277343750e+02,1.622944946289062500e+02,1.724185028076171875e+02,1.575020904541015625e+02,1.454381713867187500e+02,1.275113830566406250e+02,1.235558547973632812e+02,1.408632049560546875e+02,1.605750427246093750e+02,1.568784179687500000e+02,1.432430419921875000e+02,1.335798950195312500e+02,7.681790924072265625e+01,5.035999298095703125e+01,4.593367004394531250e+01,6.433928680419921875e+01,7.712613677978515625e+01,6.763119506835937500e+01,6.087508392333984375e+01,6.625241851806640625e+01,8.893358612060546875e+01,1.079040069580078125e+02,1.197048950195312500e+02,1.204398498535156250e+02,1.141718444824218750e+02,1.215509490966796875e+02,1.295598754882812500e+02,1.274266204833984375e+02,1.153152847290039062e+02,1.073319091796875000e+02,1.038874740600585938e+02,9.320912170410156250e+01,8.284820556640625000e+01,8.190507507324218750e+01,8.696119689941406250e+01,8.833363342285156250e+01,8.141873168945312500e+01,8.247052001953125000e+01,8.562037658691406250e+01,1.155877761840820312e+02,1.170635757446289062e+02,1.052322387695312500e+02,1.086817092895507812e+02,1.085758209228515625e+02,1.339128723144531250e+02,1.574494781494140625e+02,1.586178894042968750e+02,1.564615325927734375e+02,1.505817718505859375e+02,1.530652160644531250e+02,1.475618896484375000e+02,1.404705047607421875e+02,1.432573547363281250e+02,1.457988281250000000e+02,1.569420928955078125e+02,1.633893127441406250e+02,1.592613525390625000e+02,1.509891357421875000e+02,1.421300811767578125e+02,1.467865600585937500e+02,1.609223022460937500e+02,1.608783874511718750e+02,1.527856140136718750e+02,1.391235961914062500e+02,1.250565338134765625e+02,1.253340148925781250e+02,1.156469573974609375e+02,1.112717056274414062e+02,1.197933654785156250e+02,1.268997039794921875e+02,1.289506378173828125e+02,1.193064651489257812e+02,1.195512084960937500e+02,1.418566131591796875e+02,1.544541931152343750e+02,1.484686431884765625e+02,1.371269531250000000e+02,1.349351959228515625e+02,1.442455444335937500e+02,1.421188201904296875e+02,1.076635894775390625e+02,6.880545043945312500e+01,6.523616027832031250e+01,8.967184448242187500e+01,8.527937316894531250e+01,7.870266723632812500e+01,8.028089904785156250e+01,8.053070068359375000e+01,8.386955261230468750e+01,8.980699157714843750e+01,9.818361663818359375e+01,1.117120971679687500e+02,1.013972320556640625e+02,6.760302734375000000e+01,5.092560577392578125e+01,4.180042266845703125e+01,6.149539947509765625e+01,9.112017822265625000e+01,9.338711547851562500e+01,7.429970550537109375e+01,6.840296936035156250e+01,6.805110168457031250e+01,7.723437500000000000e+01,7.237406158447265625e+01,7.174074554443359375e+01,8.303926086425781250e+01,1.031507415771484375e+02,1.122197113037109375e+02,1.154031906127929688e+02,1.206008911132812500e+02,1.288122100830078125e+02,1.286030578613281250e+02,1.162953567504882812e+02,1.010166168212890625e+02,9.455225372314453125e+01,9.403074645996093750e+01,9.107717895507812500e+01,1.032309875488281250e+02,1.091278686523437500e+02,1.041757659912109375e+02,9.137957000732421875e+01,6.572901153564453125e+01,3.567030334472656250e+01,1.771629142761230469e+01,1.482137298583984375e+01,5.867816925048828125e+01,9.342938232421875000e+01,8.809898376464843750e+01,8.293903350830078125e+01,1.003225708007812500e+02,1.080137329101562500e+02,9.072348022460937500e+01,7.869851684570312500e+01,5.592631912231445312e+01,4.588632202148437500e+01,5.682395172119140625e+01,1.141072921752929688e+02,1.261906890869140625e+02,1.223833541870117188e+02,1.268031616210937500e+02,1.360299987792968750e+02,1.494522705078125000e+02,1.512912597656250000e+02,1.426191101074218750e+02,1.324053497314453125e+02,1.171690597534179688e+02,9.067111968994140625e+01,7.881385803222656250e+01,9.173022460937500000e+01,1.095241088867187500e+02,1.272493133544921875e+02,1.416081848144531250e+02,1.362953948974609375e+02,1.248424453735351562e+02,1.202040481567382812e+02,1.216551055908203125e+02,1.310032806396484375e+02,1.497011108398437500e+02,1.688110961914062500e+02,1.685177917480468750e+02,1.672932739257812500e+02,1.581218872070312500e+02,1.448216552734375000e+02,1.324931335449218750e+02,1.198954467773437500e+02,1.166359252929687500e+02,1.165818099975585938e+02,1.011761474609375000e+02,9.498374938964843750e+01,1.120608520507812500e+02,1.132526245117187500e+02,1.172740936279296875e+02,1.150839385986328125e+02,1.002673873901367188e+02,9.370268249511718750e+01,9.885868072509765625e+01,9.681623840332031250e+01,1.004202423095703125e+02,9.274447631835937500e+01,4.544631195068359375e+01,9.987904548645019531e+00,-5.361403465270996094e+00,-9.588435173034667969e+00,-1.558092880249023438e+01,-2.143987274169921875e+01,-2.508167266845703125e+01,-6.283971667289733887e-01,3.452915191650390625e+01,4.224022674560546875e+01,4.702335357666015625e+01,6.229981994628906250e+01,5.975075531005859375e+01,5.484928131103515625e+01,5.383266448974609375e+01,4.340528869628906250e+01,3.657723236083984375e+01,3.256451416015625000e+01,3.217832565307617188e+01,3.816543960571289062e+01,4.264675903320312500e+01,4.706092453002929688e+01,5.093460845947265625e+01,5.472051620483398438e+01,6.040941619873046875e+01,6.015168380737304688e+01,6.490545654296875000e+01,8.231861877441406250e+01,9.121487426757812500e+01,8.508384704589843750e+01,8.862760925292968750e+01,1.012537384033203125e+02,1.211858673095703125e+02,1.388344421386718750e+02,1.386799774169921875e+02,1.289248962402343750e+02,1.166623916625976562e+02,1.120532150268554688e+02,1.210241088867187500e+02,1.365667419433593750e+02,1.443824157714843750e+02,1.381730651855468750e+02,1.436434326171875000e+02,1.401280212402343750e+02,1.350515136718750000e+02,1.208864974975585938e+02,1.084951705932617188e+02,1.176130599975585938e+02,1.353183746337890625e+02,1.479864349365234375e+02,1.536036682128906250e+02,1.625403442382812500e+02,1.649420013427734375e+02,1.591776733398437500e+02,1.548074035644531250e+02,1.435363006591796875e+02,1.313828430175781250e+02,1.326181640625000000e+02,1.355947570800781250e+02,1.391629943847656250e+02,1.409354248046875000e+02,1.495487518310546875e+02,1.566987609863281250e+02,1.523331909179687500e+02,1.393233337402343750e+02,1.321298522949218750e+02,1.410687103271484375e+02,1.461910400390625000e+02,1.351652526855468750e+02,1.240474853515625000e+02,1.146684417724609375e+02,1.118153076171875000e+02,1.140740814208984375e+02,1.150666656494140625e+02,1.067266235351562500e+02,1.011277999877929688e+02,1.183785858154296875e+02,1.396654357910156250e+02,1.209197769165039062e+02,1.024494171142578125e+02,9.949501037597656250e+01,1.118492279052734375e+02,1.140468368530273438e+02,9.513883209228515625e+01,7.987210845947265625e+01,7.528993225097656250e+01,7.757197570800781250e+01,8.687592315673828125e+01,1.010337142944335938e+02,1.122886581420898438e+02,1.303496704101562500e+02,1.517643432617187500e+02,1.523333740234375000e+02,1.409332733154296875e+02,1.376780090332031250e+02,1.332252197265625000e+02,1.372884063720703125e+02,1.450975952148437500e+02,1.505012817382812500e+02,1.512250366210937500e+02,1.449277954101562500e+02,1.398347778320312500e+02,1.367926940917968750e+02,1.338584289550781250e+02,1.320050964355468750e+02,1.342556610107421875e+02,1.353367919921875000e+02,1.229127807617187500e+02,1.157667541503906250e+02,1.184776916503906250e+02,1.099999237060546875e+02,1.006794738769531250e+02,1.002110214233398438e+02,1.058687362670898438e+02,1.261768722534179688e+02,1.532311859130859375e+02,1.431155700683593750e+02,1.237401962280273438e+02,1.151081695556640625e+02,1.134509124755859375e+02,1.161483917236328125e+02,1.154075012207031250e+02,1.091311798095703125e+02,1.159549255371093750e+02,1.387107849121093750e+02,1.476704559326171875e+02,1.394882354736328125e+02,1.301752624511718750e+02,1.075313644409179688e+02,7.168902587890625000e+01,4.799930191040039062e+01,4.171947479248046875e+01,3.655937957763671875e+01,1.290627765655517578e+01,6.370031356811523438e+00,4.186424732208251953e+00,-8.294869422912597656e+00,1.687364578247070312e+01,6.573390197753906250e+01,5.746208953857421875e+01,4.988082885742187500e+01,5.271119689941406250e+01,6.056401824951171875e+01,7.816717529296875000e+01,9.838731384277343750e+01,1.221390609741210938e+02,1.247268066406250000e+02,1.159636077880859375e+02,1.139500808715820312e+02,1.116573028564453125e+02,1.105124893188476562e+02,1.112621688842773438e+02,1.153735580444335938e+02,1.312671203613281250e+02,1.381330871582031250e+02,1.295704650878906250e+02,1.195326461791992188e+02,1.099626159667968750e+02,1.079527664184570312e+02,1.371018676757812500e+02,1.607424316406250000e+02,1.352828979492187500e+02,1.135016708374023438e+02,9.375373840332031250e+01,7.518557739257812500e+01,6.199537658691406250e+01,6.312008666992187500e+01,6.568332672119140625e+01,7.608966064453125000e+01,9.594941711425781250e+01,1.123207702636718750e+02,1.108012390136718750e+02,1.098707580566406250e+02,1.053789443969726562e+02,7.982846069335937500e+01,6.752439117431640625e+01,7.667228698730468750e+01,8.610392761230468750e+01,9.742259216308593750e+01,1.142333221435546875e+02,1.504635009765625000e+02,1.629024658203125000e+02,1.558597106933593750e+02,1.587156982421875000e+02,1.589696960449218750e+02,1.510977783203125000e+02,1.317996826171875000e+02,1.337167053222656250e+02,1.393013305664062500e+02,1.382984313964843750e+02,1.396048278808593750e+02,1.343573913574218750e+02,1.192023849487304688e+02,1.104506683349609375e+02,1.035587310791015625e+02,8.401483154296875000e+01,5.327787399291992188e+01,3.546873474121093750e+01,2.224722290039062500e+01,1.159533882141113281e+01,1.568835020065307617e+00,-1.573751688003540039e+00,-8.328870773315429688e+00,-8.754448890686035156e+00,7.936050415039062500e+00,4.183489227294921875e+01,6.085041046142578125e+01,5.363493728637695312e+01,4.698263168334960938e+01,4.696651458740234375e+01,5.468260955810546875e+01,6.235452270507812500e+01,6.764595031738281250e+01,5.903318786621093750e+01,5.867621231079101562e+01,6.255068969726562500e+01,6.053764343261718750e+01,6.166475677490234375e+01,6.346838378906250000e+01,6.366587066650390625e+01,6.103327178955078125e+01,5.371710968017578125e+01,5.170285034179687500e+01,5.470199966430664062e+01,6.019432830810546875e+01,5.674701690673828125e+01,5.828167724609375000e+01,6.451673889160156250e+01,6.380035400390625000e+01,6.095071411132812500e+01,6.087893676757812500e+01,5.978730010986328125e+01,9.160826110839843750e+01,8.787059783935546875e+01,7.145381164550781250e+01,5.929527282714843750e+01,4.850680541992187500e+01,5.426924133300781250e+01,6.874023437500000000e+01,8.184902954101562500e+01,1.015740509033203125e+02,1.187095947265625000e+02,1.273610992431640625e+02,1.289320678710937500e+02,1.283316497802734375e+02,1.350921936035156250e+02,1.456720581054687500e+02,1.515837097167968750e+02,1.519500274658203125e+02,1.431149291992187500e+02,1.301006774902343750e+02,1.345733642578125000e+02,1.423401794433593750e+02,1.347172393798828125e+02,1.287640686035156250e+02,1.219806137084960938e+02,1.133240509033203125e+02,1.132717437744140625e+02,1.210011291503906250e+02,1.326750183105468750e+02,1.371534118652343750e+02,1.385252685546875000e+02,1.285316467285156250e+02,9.122531127929687500e+01,8.038970947265625000e+01,9.279103088378906250e+01,8.714573669433593750e+01,7.423474884033203125e+01,6.775755310058593750e+01,6.984352111816406250e+01,1.215119018554687500e+02,1.509177856445312500e+02,1.432009277343750000e+02,1.300494689941406250e+02,1.321935424804687500e+02,1.404862670898437500e+02,1.490198364257812500e+02,1.556516723632812500e+02,1.601201477050781250e+02,1.568947448730468750e+02,1.494923553466796875e+02,1.456781616210937500e+02,9.610338592529296875e+01,6.850741577148437500e+01,6.551344299316406250e+01,6.151980590820312500e+01,6.184170532226562500e+01,8.104544830322265625e+01,1.156254806518554688e+02,1.083384857177734375e+02,1.025773925781250000e+02,1.051640472412109375e+02,1.148168487548828125e+02,1.112713317871093750e+02,1.069946136474609375e+02,1.212761993408203125e+02,1.323117370605468750e+02,1.081388244628906250e+02,1.006103286743164062e+02,1.124521102905273438e+02,1.216457824707031250e+02,1.478001708984375000e+02,1.386589050292968750e+02,1.367812652587890625e+02,1.396578063964843750e+02,1.224605941772460938e+02,1.084278564453125000e+02,1.057346954345703125e+02,8.669573974609375000e+01,5.346839904785156250e+01,5.012388992309570312e+01,7.239470672607421875e+01,8.787519836425781250e+01,9.964306640625000000e+01,1.224041595458984375e+02,1.417522888183593750e+02,1.503509216308593750e+02,1.474599914550781250e+02,1.384107055664062500e+02,1.381739654541015625e+02,1.369490356445312500e+02,1.430756530761718750e+02,1.431469116210937500e+02,1.394869689941406250e+02,1.383813781738281250e+02,1.361141204833984375e+02,1.413109436035156250e+02,1.457870483398437500e+02,1.472258148193359375e+02,1.453053283691406250e+02,1.398357086181640625e+02,1.298163909912109375e+02,1.166657638549804688e+02,1.054007415771484375e+02,1.017698822021484375e+02,1.063198089599609375e+02,7.273431396484375000e+01,4.359563446044921875e+01,1.995685958862304688e+01,2.489908933639526367e+00,4.322721958160400391e+00,3.477106857299804688e+01,9.512413024902343750e+01,1.179281463623046875e+02,1.226225280761718750e+02,1.209967498779296875e+02,1.022600784301757812e+02,6.694741821289062500e+01,2.483825492858886719e+01,9.023664593696594238e-01,-7.112021923065185547e+00,-5.150037288665771484e+00,3.103677749633789062e+01,7.573434448242187500e+01,9.595117187500000000e+01,1.026467132568359375e+02,1.012838439941406250e+02,1.030648193359375000e+02,1.068217086791992188e+02,1.066436309814453125e+02,9.004072570800781250e+01,5.153238677978515625e+01,2.566516113281250000e+01,2.070214462280273438e+01,6.262508392333984375e+01,1.185970077514648438e+02,1.349274291992187500e+02,1.396246337890625000e+02,1.474207611083984375e+02,1.505719299316406250e+02,1.545771484375000000e+02,1.552905273437500000e+02,1.533396759033203125e+02,1.472377166748046875e+02,1.291741790771484375e+02,1.196781005859375000e+02,1.247572021484375000e+02,1.258114929199218750e+02,1.155909652709960938e+02,1.107825622558593750e+02,1.322382812500000000e+02,1.353435058593750000e+02,1.300674591064453125e+02,1.272898254394531250e+02,8.486588287353515625e+01,2.425609970092773438e+01,1.563365817070007324e+00,-4.709460258483886719e+00,-1.025564575195312500e+01,-9.602448463439941406e+00,7.651681518554687500e+01,1.170807037353515625e+02,1.130820312500000000e+02,1.138314743041992188e+02,1.114399948120117188e+02,1.162588958740234375e+02,1.231584930419921875e+02,1.105130004882812500e+02,1.050204315185546875e+02,9.682115173339843750e+01,8.777662658691406250e+01,9.472739410400390625e+01,1.110561370849609375e+02,1.222683258056640625e+02,1.123169708251953125e+02,1.001918640136718750e+02,9.100425720214843750e+01,7.852924346923828125e+01,8.406199645996093750e+01,9.255867004394531250e+01,9.576717376708984375e+01,9.252968597412109375e+01,1.068456497192382812e+02,1.136866607666015625e+02,1.027617034912109375e+02,8.998014831542968750e+01,8.105771636962890625e+01,7.723418426513671875e+01,7.751248931884765625e+01,7.676840209960937500e+01,7.495437622070312500e+01,7.427359008789062500e+01,7.565449523925781250e+01,7.303546142578125000e+01,6.440653228759765625e+01,6.438818359375000000e+01,7.422578430175781250e+01,8.313923645019531250e+01,7.687500000000000000e+01,6.384793853759765625e+01,6.247240066528320312e+01,5.935325241088867188e+01,5.675669860839843750e+01,5.823506927490234375e+01,5.895565795898437500e+01,5.623901367187500000e+01,5.776359176635742188e+01,6.363784027099609375e+01,6.669429016113281250e+01,6.923563385009765625e+01,6.807431793212890625e+01,7.168945312500000000e+01,6.972521972656250000e+01,7.047869873046875000e+01,6.999896240234375000e+01,7.123968505859375000e+01,7.064314270019531250e+01,6.568704986572265625e+01,6.800788879394531250e+01,8.133229827880859375e+01,1.092566528320312500e+02,1.227427062988281250e+02,1.343002624511718750e+02,1.378817749023437500e+02,1.316376800537109375e+02,1.430902709960937500e+02,1.610450592041015625e+02,1.090682525634765625e+02,5.538827133178710938e+01,3.221744155883789062e+01,5.272510528564453125e+01,9.302732849121093750e+01,1.056618652343750000e+02,9.978486633300781250e+01,1.058624343872070312e+02,1.004662933349609375e+02,7.839228820800781250e+01,6.271392440795898438e+01,4.309553527832031250e+01,4.306492233276367188e+01,8.264772796630859375e+01,8.016681671142578125e+01,7.025503540039062500e+01,6.955543518066406250e+01,7.794853973388671875e+01,1.042826919555664062e+02,1.107678985595703125e+02,5.438771820068359375e+01,1.084214210510253906e+01,5.334205627441406250e+00,1.313520622253417969e+01,9.345878601074218750e+00,9.641047477722167969e+00,5.618593215942382812e+00,1.358938980102539062e+01,8.576331329345703125e+01,1.118254089355468750e+02,1.056954421997070312e+02,1.194000473022460938e+02,1.340004577636718750e+02,1.413081359863281250e+02,1.453101501464843750e+02,1.475084838867187500e+02,1.362711486816406250e+02,8.342811584472656250e+01,3.134278488159179688e+01,9.204452514648437500e+00,7.231710433959960938e+00,1.216763496398925781e+01,2.817028760910034180e+00,2.901780319213867188e+01,9.961860656738281250e+01,1.229322433471679688e+02,1.095573120117187500e+02,1.074403839111328125e+02,1.122400054931640625e+02,9.769528198242187500e+01,8.661524963378906250e+01,8.788922119140625000e+01,7.638409423828125000e+01,6.495747375488281250e+01,4.328821563720703125e+01,1.132921409606933594e+01,4.928464889526367188e+00,6.777016448974609375e+01,1.110923004150390625e+02,1.108069305419921875e+02,1.061860885620117188e+02,1.019980773925781250e+02,8.821192932128906250e+01,8.622254943847656250e+01,9.283200073242187500e+01,1.017851333618164062e+02,1.076494369506835938e+02,1.013495788574218750e+02,9.114365386962890625e+01,8.641354370117187500e+01,1.064120330810546875e+02,1.306070861816406250e+02,1.200595474243164062e+02,5.823226928710937500e+01,1.686543083190917969e+01,-2.696149647235870361e-01,-4.427024841308593750e+00,-8.542801856994628906e+00,-1.037622356414794922e+01,-5.080295562744140625e+00,-9.802721023559570312e+00,-1.622756767272949219e+01,-2.626049518585205078e+00,3.929241180419921875e+01,6.805690002441406250e+01,9.489267730712890625e+01,9.884674072265625000e+01,8.915903472900390625e+01,9.095046997070312500e+01,8.627943420410156250e+01,7.919963073730468750e+01,8.303559875488281250e+01,1.060878753662109375e+02,1.306475524902343750e+02,1.306818237304687500e+02,1.098688964843750000e+02,1.009853363037109375e+02,9.851325988769531250e+01,1.029357299804687500e+02,9.633702087402343750e+01,7.910118103027343750e+01,8.255013275146484375e+01,9.924256896972656250e+01,1.075674896240234375e+02,1.113730773925781250e+02,1.187978363037109375e+02,1.164716262817382812e+02,1.225930557250976562e+02,1.048167648315429688e+02,8.960769653320312500e+01,9.291528320312500000e+01,8.863193511962890625e+01,6.933583068847656250e+01,7.187595367431640625e+01,1.085007629394531250e+02,1.401112213134765625e+02,1.471218872070312500e+02,1.551337127685546875e+02,1.131049041748046875e+02,6.787657165527343750e+01,6.281692504882812500e+01,4.390489959716796875e+01,2.298035049438476562e+01,2.084782409667968750e+01,3.660904693603515625e+01,1.063371124267578125e+02,1.292129211425781250e+02,1.144815063476562500e+02,1.062367553710937500e+02,1.073769989013671875e+02,1.192838516235351562e+02,1.193323211669921875e+02,1.077347106933593750e+02,1.037107086181640625e+02,9.611021423339843750e+01,8.587953948974609375e+01,8.523095703125000000e+01,8.510925292968750000e+01,9.025497436523437500e+01,8.908485412597656250e+01,8.487139892578125000e+01,8.086334228515625000e+01,8.182150268554687500e+01,7.491424560546875000e+01,6.745426940917968750e+01,6.841760253906250000e+01,7.370065307617187500e+01,7.902717590332031250e+01,8.444960021972656250e+01,8.616440582275390625e+01,7.751264953613281250e+01,7.377932739257812500e+01,6.582965087890625000e+01,6.431309509277343750e+01,4.279508972167968750e+01,5.667583465576171875e+01,1.328455047607421875e+02,1.676986541748046875e+02,1.604110412597656250e+02,1.497803955078125000e+02,1.057829437255859375e+02,5.100034713745117188e+01,3.840506362915039062e+01,3.094501113891601562e+01,3.550650787353515625e+01,7.655905151367187500e+01,1.008309783935546875e+02,1.042253799438476562e+02,9.804896545410156250e+01,8.996649169921875000e+01,9.261404418945312500e+01,8.295718383789062500e+01,1.084996948242187500e+02,1.236833801269531250e+02,1.103756866455078125e+02,1.183264923095703125e+02,1.400520172119140625e+02,1.362261962890625000e+02,1.390097656250000000e+02,1.393838500976562500e+02,1.358679504394531250e+02,1.414619445800781250e+02,1.376206817626953125e+02,1.207692031860351562e+02,1.093913955688476562e+02,1.085730438232421875e+02,1.006086730957031250e+02,9.636582946777343750e+01,8.322760009765625000e+01,6.014085388183593750e+01,6.223413848876953125e+01,7.154737854003906250e+01,7.143455505371093750e+01,6.840792083740234375e+01,7.152612304687500000e+01,9.197105407714843750e+01,1.105554275512695312e+02,9.225015258789062500e+01,6.996430206298828125e+01,7.936437988281250000e+01,7.748786926269531250e+01,3.532383346557617188e+01,1.584904193878173828e+01,8.988780975341796875e+00,2.959595203399658203e+00,-4.334858894348144531e+00,2.622458934783935547e+00,4.551463317871093750e+01,7.929354095458984375e+01,6.666490936279296875e+01,6.684777069091796875e+01,7.763921356201171875e+01,7.304515075683593750e+01,5.004970550537109375e+01,4.354732513427734375e+01,4.467205047607421875e+01,4.257649230957031250e+01,5.349150085449218750e+01,6.879806518554687500e+01,9.261668395996093750e+01,1.072603302001953125e+02,1.139332885742187500e+02,1.108009948730468750e+02,1.128684005737304688e+02,1.258859252929687500e+02,1.266191558837890625e+02,1.193105773925781250e+02,1.252063827514648438e+02,1.265096359252929688e+02,1.326469116210937500e+02,1.360147857666015625e+02,1.475975952148437500e+02,1.503800048828125000e+02,1.501600341796875000e+02,1.374285430908203125e+02,1.273207092285156250e+02,1.238499679565429688e+02,1.182007598876953125e+02,1.290583801269531250e+02,1.399591064453125000e+02,1.380970764160156250e+02,1.371222534179687500e+02,1.304040527343750000e+02,7.782498931884765625e+01,3.191246795654296875e+01,1.014254856109619141e+01,-2.702807426452636719e+00,-9.021686553955078125e+00,-6.858123302459716797e+00,4.821875762939453125e+01,1.199807815551757812e+02,1.351758422851562500e+02,1.358142852783203125e+02,1.349170379638671875e+02,1.300948791503906250e+02,1.101141967773437500e+02,9.685173034667968750e+01,8.688633728027343750e+01,8.523521423339843750e+01,9.937672424316406250e+01,1.517037506103515625e+02,1.641365356445312500e+02,1.672281494140625000e+02,1.607787933349609375e+02,1.574333038330078125e+02,1.574025573730468750e+02,1.568755187988281250e+02,1.525185546875000000e+02,1.557323303222656250e+02,1.505013732910156250e+02,1.396219787597656250e+02,1.047330169677734375e+02,8.118374633789062500e+01,9.057141113281250000e+01,1.026520462036132812e+02,1.025852355957031250e+02,1.050888824462890625e+02,1.417569274902343750e+02,1.546258850097656250e+02,1.263147125244140625e+02,1.184493865966796875e+02,1.234727325439453125e+02,1.306524200439453125e+02,1.162985305786132812e+02,1.068608551025390625e+02,1.255874633789062500e+02,1.427550354003906250e+02,1.433728637695312500e+02,1.441698608398437500e+02,1.435229949951171875e+02,1.399428100585937500e+02,1.322990722656250000e+02,1.285299987792968750e+02,1.174647827148437500e+02,1.131121520996093750e+02,1.139629364013671875e+02,1.114130783081054688e+02,1.079028930664062500e+02,9.870429992675781250e+01,8.786031341552734375e+01,8.535612487792968750e+01,8.775709533691406250e+01,9.241958618164062500e+01,9.785649108886718750e+01,9.500489044189453125e+01,9.179466247558593750e+01,9.113844299316406250e+01,9.114114379882812500e+01,8.373293304443359375e+01,7.811386108398437500e+01,7.851998901367187500e+01,7.382836914062500000e+01,7.417465209960937500e+01,7.299055480957031250e+01,7.019612121582031250e+01,6.776238250732421875e+01,6.851750946044921875e+01,7.850122833251953125e+01,7.872135162353515625e+01,7.710433197021484375e+01,6.982635498046875000e+01,6.910242462158203125e+01,7.011882781982421875e+01,6.727058410644531250e+01,9.839715576171875000e+01,1.249226226806640625e+02,1.307884979248046875e+02,1.364875488281250000e+02,1.335776214599609375e+02,1.233400573730468750e+02,1.198564605712890625e+02,1.361308288574218750e+02,1.302966003417968750e+02,1.371533508300781250e+02,1.457344055175781250e+02,1.645604858398437500e+02,1.751345825195312500e+02,1.703612365722656250e+02,1.606458129882812500e+02,1.492851257324218750e+02,1.468084106445312500e+02,1.523908996582031250e+02,1.483805541992187500e+02,1.416193237304687500e+02,1.304376220703125000e+02,1.243533935546875000e+02,1.283276062011718750e+02,1.402057037353515625e+02,1.530011596679687500e+02,1.468236694335937500e+02,1.472455749511718750e+02,1.524253540039062500e+02,1.494921569824218750e+02,1.453701019287109375e+02,1.440306701660156250e+02,1.479125061035156250e+02,1.416575622558593750e+02,1.302487487792968750e+02,1.087258453369140625e+02,6.259891510009765625e+01,2.844467544555664062e+01,1.815123367309570312e+01,7.114775085449218750e+01,1.354414367675781250e+02,1.450866394042968750e+02,1.412070007324218750e+02,1.362496948242187500e+02,1.346948242187500000e+02,1.345951232910156250e+02,1.371076354980468750e+02,1.389105834960937500e+02,1.333911132812500000e+02,1.199536895751953125e+02,9.398413848876953125e+01,8.402671813964843750e+01,8.621801757812500000e+01,8.618899536132812500e+01,8.443127441406250000e+01,8.287128448486328125e+01,9.463895416259765625e+01,1.056460571289062500e+02,1.091773376464843750e+02,1.184777679443359375e+02,1.467934570312500000e+02,1.539751129150390625e+02,1.298328094482421875e+02,1.272481384277343750e+02,1.237166213989257812e+02,1.184083709716796875e+02,1.160313568115234375e+02,9.705584716796875000e+01,8.703533935546875000e+01,8.265156555175781250e+01,9.448114013671875000e+01,1.054523468017578125e+02,9.535720825195312500e+01,9.566231536865234375e+01,9.842832946777343750e+01,1.019991455078125000e+02,1.007833557128906250e+02,1.091623611450195312e+02,1.245872344970703125e+02,1.323782653808593750e+02,9.007685852050781250e+01,4.116122055053710938e+01,1.630271530151367188e+01,1.318129158020019531e+01,9.703411102294921875e+00,4.087186813354492188e+01,9.786001586914062500e+01,1.107844543457031250e+02,1.029380874633789062e+02,9.840854644775390625e+01,8.997544860839843750e+01,7.541329956054687500e+01,6.741501617431640625e+01,6.735973358154296875e+01,6.511737060546875000e+01,6.486915588378906250e+01,6.541928100585937500e+01,6.621152496337890625e+01,6.262248229980468750e+01,7.077918243408203125e+01,7.978610992431640625e+01,1.007689819335937500e+02,1.086324234008789062e+02,1.114699249267578125e+02,1.327766113281250000e+02,1.316150207519531250e+02,1.210327987670898438e+02,1.062579040527343750e+02,9.627444458007812500e+01,1.182141265869140625e+02,1.018119812011718750e+02,8.487480163574218750e+01,8.525003814697265625e+01,9.903108215332031250e+01,1.030948028564453125e+02,1.050976638793945312e+02,1.277874755859375000e+02,1.510814361572265625e+02,1.424375915527343750e+02,1.367245330810546875e+02,1.241817779541015625e+02,1.091261291503906250e+02,9.719113922119140625e+01,9.809031677246093750e+01,1.116613311767578125e+02,1.137919998168945312e+02,1.006582183837890625e+02,1.091154022216796875e+02,1.224055786132812500e+02,1.251518096923828125e+02,1.305453033447265625e+02,1.370016937255859375e+02,1.337876281738281250e+02,1.286386718750000000e+02,1.355050811767578125e+02,1.380130310058593750e+02,1.356227111816406250e+02,1.264578094482421875e+02,1.318403625488281250e+02,1.491446533203125000e+02,1.457625427246093750e+02,1.314577941894531250e+02,1.321292419433593750e+02,1.353918762207031250e+02,1.595515594482421875e+02,1.577053527832031250e+02,1.470019073486328125e+02,1.373084869384765625e+02,1.377792663574218750e+02,1.424998779296875000e+02,1.474922485351562500e+02,1.442837829589843750e+02,1.357301025390625000e+02,9.615934753417968750e+01,7.516337585449218750e+01,7.700814819335937500e+01,8.853343200683593750e+01,7.683840179443359375e+01,7.770425415039062500e+01,1.055745239257812500e+02,1.116393585205078125e+02,9.263034057617187500e+01,5.099341964721679688e+01,3.747735595703125000e+01,3.646481704711914062e+01,3.156487655639648438e+01,3.370596313476562500e+01,7.488636779785156250e+01,7.900704956054687500e+01,6.466514587402343750e+01,6.197660064697265625e+01,7.376970672607421875e+01,1.137945404052734375e+02,1.148876190185546875e+02,9.623762512207031250e+01,7.196250152587890625e+01,4.547495269775390625e+01,3.109477996826171875e+01,3.107286071777343750e+01,2.514029693603515625e+01,4.623802566528320312e+01,1.266612701416015625e+02,1.628913574218750000e+02,1.491587524414062500e+02,1.340698699951171875e+02,1.276237487792968750e+02,1.201353149414062500e+02,1.333917846679687500e+02,1.485012512207031250e+02,1.361452331542968750e+02,1.188813247680664062e+02,1.169220886230468750e+02,1.154517669677734375e+02,1.130657653808593750e+02,1.124646072387695312e+02,1.086229248046875000e+02,1.083441467285156250e+02,1.188587417602539062e+02,1.425448608398437500e+02,1.564870910644531250e+02,1.740148620605468750e+02,1.863375549316406250e+02,1.887130432128906250e+02,1.828587951660156250e+02,1.824090881347656250e+02,1.754980468750000000e+02,1.655232849121093750e+02,1.554137573242187500e+02,1.477084503173828125e+02,1.482590942382812500e+02,1.507616882324218750e+02,1.569475708007812500e+02,1.516557464599609375e+02,1.495281829833984375e+02,1.549711303710937500e+02,1.512871398925781250e+02,1.438237762451171875e+02,1.420343780517578125e+02,1.474310302734375000e+02,1.569597625732421875e+02,1.614813079833984375e+02,1.578941650390625000e+02,1.516520080566406250e+02,1.484642333984375000e+02,1.501720275878906250e+02,1.602963256835937500e+02,1.656396026611328125e+02,1.552777404785156250e+02,1.424902191162109375e+02,1.351203308105468750e+02,1.255280456542968750e+02,1.180501327514648438e+02,1.172218780517578125e+02,1.133746337890625000e+02,1.086511688232421875e+02,1.058555221557617188e+02,1.011166381835937500e+02,9.616429901123046875e+01,9.202289581298828125e+01,9.096598815917968750e+01,8.980737304687500000e+01,9.565702819824218750e+01,9.435289001464843750e+01,9.393644714355468750e+01,9.650645446777343750e+01,9.241064453125000000e+01,1.046870574951171875e+02,1.501321411132812500e+02,1.579459838867187500e+02,1.460753021240234375e+02,1.222665252685546875e+02,9.881417846679687500e+01,9.888067626953125000e+01,1.079392089843750000e+02,1.233826293945312500e+02,8.596930694580078125e+01,6.932395935058593750e+01,7.232601928710937500e+01,9.138216400146484375e+01,8.021687316894531250e+01,7.057649230957031250e+01,6.141323471069335938e+01,6.053123855590820312e+01,6.620709228515625000e+01,6.990974426269531250e+01,5.707035446166992188e+01,2.749560928344726562e+01,1.128552055358886719e+01,1.435294342041015625e+01,1.637233352661132812e+01,1.688713455200195312e+01,5.774628829956054688e+01,1.059839172363281250e+02,1.211096649169921875e+02,1.138102416992187500e+02,1.029917907714843750e+02,1.003200988769531250e+02,6.235725402832031250e+01,1.379593944549560547e+01,-5.661246776580810547e-01,4.392395973205566406e+00,4.280157089233398438e+00,-5.072006225585937500e+00,-9.784327507019042969e+00,-5.841230392456054688e+00,-5.775950431823730469e+00,1.045736980438232422e+01,4.453149414062500000e+01,5.258238220214843750e+01,7.606354522705078125e+01,7.075955200195312500e+01,5.745141983032226562e+01,6.056025695800781250e+01,5.950881958007812500e+01,4.789748382568359375e+01,4.618932342529296875e+01,6.058478927612304688e+01,7.456938171386718750e+01,7.757102203369140625e+01,7.535199737548828125e+01,9.882566833496093750e+01,1.151555633544921875e+02,1.116860275268554688e+02,8.127894592285156250e+01,5.424791717529296875e+01,4.453010559082031250e+01,4.875212478637695312e+01,3.471649932861328125e+01,5.759340286254882812e+00,2.624770164489746094e+00,1.126905918121337891e+01,1.386529541015625000e+01,3.543447875976562500e+01,9.786576080322265625e+01,1.630358581542968750e+02,1.807379302978515625e+02,1.797811279296875000e+02,1.688926391601562500e+02,1.656069946289062500e+02,1.625643615722656250e+02,1.566161804199218750e+02,1.488030700683593750e+02,1.418501586914062500e+02,1.419394836425781250e+02,1.302778320312500000e+02,1.181843109130859375e+02,1.101601562500000000e+02,1.083624114990234375e+02,1.097262878417968750e+02,1.104696350097656250e+02,1.182788238525390625e+02,1.318577423095703125e+02,1.257252273559570312e+02,1.170664672851562500e+02,1.124014282226562500e+02,1.111837310791015625e+02,8.252929687500000000e+01,8.065383148193359375e+01,8.066085052490234375e+01,8.714374542236328125e+01,9.892218017578125000e+01,1.168369598388671875e+02,1.190602493286132812e+02,1.114876022338867188e+02,8.008102416992187500e+01,6.362698745727539062e+01,6.984332275390625000e+01,9.401104736328125000e+01,9.780799865722656250e+01,1.185333099365234375e+02,1.511437683105468750e+02,1.608254852294921875e+02,1.593199005126953125e+02,1.483882751464843750e+02,1.425712280273437500e+02,1.295787963867187500e+02,1.176328277587890625e+02,1.130646972656250000e+02,1.074625549316406250e+02,1.048195953369140625e+02,1.057901000976562500e+02,1.083871841430664062e+02,1.191838226318359375e+02,1.226083908081054688e+02,1.216082229614257812e+02,1.286965484619140625e+02,1.393682861328125000e+02,1.427841796875000000e+02,1.379737854003906250e+02,1.420740661621093750e+02,1.577131347656250000e+02,1.627249450683593750e+02,1.529560241699218750e+02,1.472380065917968750e+02,1.339435272216796875e+02,8.378780364990234375e+01,7.883105468750000000e+01,1.068766021728515625e+02,1.077960052490234375e+02,1.195575103759765625e+02,1.454015350341796875e+02,1.500359649658203125e+02,1.490024566650390625e+02,1.563553161621093750e+02,1.564141235351562500e+02,1.362747192382812500e+02,1.221842651367187500e+02,1.282943878173828125e+02,1.564217681884765625e+02,1.576971740722656250e+02,1.497578277587890625e+02,1.534703369140625000e+02,1.286965026855468750e+02,1.170834808349609375e+02,1.189356842041015625e+02,1.248466339111328125e+02,1.282774963378906250e+02,1.289137878417968750e+02,1.268599319458007812e+02,1.212351608276367188e+02,1.159378051757812500e+02,1.233451538085937500e+02,1.426252746582031250e+02,1.513632659912109375e+02,1.413663024902343750e+02,1.295553588867187500e+02,1.265270385742187500e+02,1.270088653564453125e+02,1.375757293701171875e+02,1.372232513427734375e+02,9.527481842041015625e+01,3.553826141357421875e+01,1.187367725372314453e+01,5.533601379394531250e+01,9.351812744140625000e+01,9.370658874511718750e+01,9.732709503173828125e+01,1.013386459350585938e+02,1.175990447998046875e+02,1.143458404541015625e+02,1.072293853759765625e+02,1.182999572753906250e+02,1.149584197998046875e+02,1.196736450195312500e+02,1.114108276367187500e+02,9.976721954345703125e+01,1.020515670776367188e+02,1.093543243408203125e+02,1.071285095214843750e+02,1.119078674316406250e+02,1.249403686523437500e+02,1.355135040283203125e+02,1.536657409667968750e+02,1.729891662597656250e+02,1.712148437500000000e+02,1.527612915039062500e+02,1.487474822998046875e+02,1.256908111572265625e+02,9.401758575439453125e+01,8.201396942138671875e+01,6.798548889160156250e+01,5.681765747070312500e+01,7.097270965576171875e+01,1.036549453735351562e+02,8.976622009277343750e+01,4.613190460205078125e+01,3.441065216064453125e+01,4.944110870361328125e+01,8.088299560546875000e+01,9.357041931152343750e+01,9.665823364257812500e+01,9.394305419921875000e+01,9.129531860351562500e+01,8.776139831542968750e+01,8.408692169189453125e+01,9.125726318359375000e+01,9.469554138183593750e+01,8.711952209472656250e+01,8.381635284423828125e+01,8.412825012207031250e+01,8.676763916015625000e+01,8.246031951904296875e+01,8.135107421875000000e+01,8.072949218750000000e+01,7.525738525390625000e+01,7.451025390625000000e+01,7.407489013671875000e+01,6.983481597900390625e+01,7.911903381347656250e+01,7.889177703857421875e+01,7.392925262451171875e+01,6.865159606933593750e+01,6.490636444091796875e+01,7.320628356933593750e+01,8.328034973144531250e+01,8.116784667968750000e+01,7.080918121337890625e+01,6.524610900878906250e+01,6.623986816406250000e+01,6.866114807128906250e+01,9.441784667968750000e+01,1.468264465332031250e+02,1.470215148925781250e+02,1.429009399414062500e+02,1.417609252929687500e+02,1.318358154296875000e+02,1.249658355712890625e+02,1.298752136230468750e+02,1.445519409179687500e+02,1.602104797363281250e+02,1.547738189697265625e+02,1.545304870605468750e+02,1.568579559326171875e+02,1.479711608886718750e+02,1.386036682128906250e+02,1.380791473388671875e+02,1.354208679199218750e+02,1.269762725830078125e+02,1.144219360351562500e+02,1.041716766357421875e+02,1.040386810302734375e+02,1.021867980957031250e+02,1.140570526123046875e+02,1.294098358154296875e+02,1.219637145996093750e+02,6.946902465820312500e+01,3.623291015625000000e+01,2.254156875610351562e+01,3.019295692443847656e+01,4.808062744140625000e+01,7.467521667480468750e+01,8.767597961425781250e+01,1.082811737060546875e+02,1.220671005249023438e+02,1.318420867919921875e+02,1.315761108398437500e+02,1.378667144775390625e+02,1.591870422363281250e+02,1.654790344238281250e+02,1.528062438964843750e+02,1.374299468994140625e+02,1.273323059082031250e+02,1.262888336181640625e+02,1.270155181884765625e+02,1.189823608398437500e+02,1.222690658569335938e+02,1.442936401367187500e+02,1.520187377929687500e+02,1.332336273193359375e+02,8.272433471679687500e+01,4.990187072753906250e+01,2.720626831054687500e+01,1.924640655517578125e+01,1.832554244995117188e+01,2.465147781372070312e+01,5.767678451538085938e+01,1.211110763549804688e+02,1.311713867187500000e+02,1.190877380371093750e+02,1.091256561279296875e+02,1.011470031738281250e+02,9.938070678710937500e+01,1.115120391845703125e+02,1.257538299560546875e+02,1.218474197387695312e+02,1.251311111450195312e+02,1.267544250488281250e+02,1.385130920410156250e+02,1.519407348632812500e+02,1.421620788574218750e+02,1.245566177368164062e+02,1.212989654541015625e+02,1.204332427978515625e+02,1.216520538330078125e+02,1.221913604736328125e+02,1.258147277832031250e+02,1.233255462646484375e+02,1.209095382690429688e+02,1.305549926757812500e+02,1.394457702636718750e+02,1.349755859375000000e+02,1.290748596191406250e+02,1.306551818847656250e+02,1.402583007812500000e+02,1.447043304443359375e+02,1.553828125000000000e+02,1.580393066406250000e+02,1.487330627441406250e+02,1.400044708251953125e+02,1.408889923095703125e+02,1.488427581787109375e+02,1.508292236328125000e+02,1.481039123535156250e+02,1.438134765625000000e+02,1.316038208007812500e+02,1.284172363281250000e+02,1.288388671875000000e+02,1.360459289550781250e+02,1.402963714599609375e+02,1.448937072753906250e+02,1.394180908203125000e+02,1.333097229003906250e+02,1.193271942138671875e+02,1.059833831787109375e+02,9.516452026367187500e+01,8.776473236083984375e+01,7.680397033691406250e+01,4.968374633789062500e+01,3.723039245605468750e+01,3.325284957885742188e+01,5.399255752563476562e+01,8.926614379882812500e+01,9.103965759277343750e+01,9.073785400390625000e+01,9.819245910644531250e+01,1.040849914550781250e+02,1.086406860351562500e+02,9.851589965820312500e+01,8.615312194824218750e+01,9.170378112792968750e+01,1.056140441894531250e+02,1.141660614013671875e+02,1.349106140136718750e+02,1.241659469604492188e+02,1.051147766113281250e+02,1.014622802734375000e+02,1.007843856811523438e+02,1.051602325439453125e+02,1.195525207519531250e+02,1.386170043945312500e+02,1.533136138916015625e+02,1.631137542724609375e+02,1.567721099853515625e+02,1.490374908447265625e+02,1.374879150390625000e+02,1.021847457885742188e+02,8.066181182861328125e+01,8.510701751708984375e+01,8.239326477050781250e+01,8.647676086425781250e+01,1.022848052978515625e+02,8.419712066650390625e+01,5.543330001831054688e+01,4.850527954101562500e+01,7.026196289062500000e+01,7.627326965332031250e+01,7.569876098632812500e+01,8.217366027832031250e+01,8.404043579101562500e+01,7.851205444335937500e+01,7.373377990722656250e+01,6.948078155517578125e+01,6.236904907226562500e+01,5.711170196533203125e+01,5.794822692871093750e+01,5.747989654541015625e+01,5.489714050292968750e+01,5.772899246215820312e+01,5.962733459472656250e+01,6.048546981811523438e+01,6.333983230590820312e+01,6.822416687011718750e+01,6.823476409912109375e+01,7.237983703613281250e+01,1.169667053222656250e+02,1.375866088867187500e+02,1.480678100585937500e+02,1.500979766845703125e+02,1.493139801025390625e+02,1.421457061767578125e+02,1.194262847900390625e+02,7.963491821289062500e+01,3.459452056884765625e+01,2.132452011108398438e+01,5.497388458251953125e+01,8.795478820800781250e+01,1.135733566284179688e+02,1.271506195068359375e+02,1.124264221191406250e+02,8.775155639648437500e+01,1.191630935668945312e+02,1.197500152587890625e+02,1.165630798339843750e+02,1.228910827636718750e+02,1.190725555419921875e+02,1.191176147460937500e+02,1.298681640625000000e+02,1.425457611083984375e+02,1.213282012939453125e+02,9.592881774902343750e+01,8.871394348144531250e+01,1.054291000366210938e+02,1.324790954589843750e+02,1.306428222656250000e+02,1.197090454101562500e+02,7.961031341552734375e+01,5.311605453491210938e+01,6.995266723632812500e+01,1.029042510986328125e+02,1.101642150878906250e+02,1.105762329101562500e+02,9.904569244384765625e+01,8.845707702636718750e+01,7.985795593261718750e+01,6.988299560546875000e+01,7.159834289550781250e+01,8.459986877441406250e+01,1.038413009643554688e+02,1.093452911376953125e+02,1.139960632324218750e+02,1.179694519042968750e+02,1.193415298461914062e+02,1.090071792602539062e+02,9.158055877685546875e+01,7.920744323730468750e+01,7.465977478027343750e+01,9.625762176513671875e+01,1.261232299804687500e+02,1.480423736572265625e+02,1.573072509765625000e+02,1.519495391845703125e+02,1.476452331542968750e+02,1.422265319824218750e+02,1.304577026367187500e+02,1.339309692382812500e+02,1.416144256591796875e+02,1.421481170654296875e+02,1.312761688232421875e+02,1.192978515625000000e+02,1.113765106201171875e+02,1.049417266845703125e+02,9.086331939697265625e+01,7.973704528808593750e+01,8.362389373779296875e+01,1.482843322753906250e+02,1.729961853027343750e+02,1.685687408447265625e+02,1.546654968261718750e+02,1.329513549804687500e+02,1.161621398925781250e+02,1.104429397583007812e+02,1.010144195556640625e+02,9.665663146972656250e+01,1.023344268798828125e+02,9.832791137695312500e+01,6.328090667724609375e+01,3.069095611572265625e+01,1.150259971618652344e+01,-1.648514747619628906e+00,-1.257995605468750000e+01,-1.098808860778808594e+01,-6.426414966583251953e+00,7.440240383148193359e+00,3.141485214233398438e+01,5.493861007690429688e+01,5.829998397827148438e+01,5.442977142333984375e+01,5.001241302490234375e+01,5.332176971435546875e+01,5.347494506835937500e+01,5.446942901611328125e+01,5.323461151123046875e+01,5.181435394287109375e+01,5.201488876342773438e+01,5.411322021484375000e+01,5.478482055664062500e+01,5.941755676269531250e+01,5.981352996826171875e+01,5.711505889892578125e+01,5.172695922851562500e+01,5.340911102294921875e+01,5.438717651367187500e+01,7.544961547851562500e+01,1.124903488159179688e+02,1.167556610107421875e+02,1.065862579345703125e+02,1.153038635253906250e+02,1.296315307617187500e+02,1.318462524414062500e+02,1.308956604003906250e+02,1.282869262695312500e+02,1.342950744628906250e+02,1.420910949707031250e+02,1.317595825195312500e+02,1.092739562988281250e+02,9.813602447509765625e+01,9.465773773193359375e+01,8.370443725585937500e+01,5.419179534912109375e+01,4.162407684326171875e+01,3.789923858642578125e+01,4.053165817260742188e+01,7.193951416015625000e+01,1.259450378417968750e+02,1.345091400146484375e+02,1.311987915039062500e+02,1.178478851318359375e+02,1.071969146728515625e+02,1.091351013183593750e+02,1.199376983642578125e+02,1.183275604248046875e+02,1.105599212646484375e+02,1.097098846435546875e+02,1.099223175048828125e+02,1.143332061767578125e+02,1.202317962646484375e+02,1.383045043945312500e+02,1.438956146240234375e+02,1.397214965820312500e+02,1.350758056640625000e+02,1.245989379882812500e+02,1.107626571655273438e+02,9.945112609863281250e+01,8.704776000976562500e+01,7.913143920898437500e+01,7.558293914794921875e+01,7.701155090332031250e+01,7.216776275634765625e+01,6.664256286621093750e+01,6.962625122070312500e+01,7.528463745117187500e+01,8.269213867187500000e+01,9.119226074218750000e+01,9.647872924804687500e+01,9.445234680175781250e+01,9.667590332031250000e+01,1.028450546264648438e+02,7.583981323242187500e+01,5.918811035156250000e+01,7.985606384277343750e+01,8.662657928466796875e+01,6.828587341308593750e+01,8.810737609863281250e+01,1.398297576904296875e+02,1.564874877929687500e+02,1.564733276367187500e+02,1.613246765136718750e+02,1.541492004394531250e+02,1.412065277099609375e+02,1.341025543212890625e+02,1.283390045166015625e+02,1.300075988769531250e+02,1.248236999511718750e+02,1.231055603027343750e+02,1.364388122558593750e+02,1.396865844726562500e+02,1.417460784912109375e+02,1.524014739990234375e+02,1.452701721191406250e+02,8.946330261230468750e+01,4.039730072021484375e+01,2.373366165161132812e+01,2.411736297607421875e+01,3.549382019042968750e+01,7.615750122070312500e+01,9.988780212402343750e+01,1.119470977783203125e+02,1.246079864501953125e+02,1.246834259033203125e+02,1.200092010498046875e+02,1.017960586547851562e+02,8.888247680664062500e+01,9.617369079589843750e+01,9.931309509277343750e+01,9.629170989990234375e+01,1.017736053466796875e+02,1.031506347656250000e+02,1.065986480712890625e+02,1.150472030639648438e+02,1.234404602050781250e+02,1.219722213745117188e+02,1.232505493164062500e+02,1.175843963623046875e+02,1.050754623413085938e+02,9.458294677734375000e+01,8.807215881347656250e+01,8.547899627685546875e+01,8.605834197998046875e+01,8.237687683105468750e+01,7.780569458007812500e+01,6.952424621582031250e+01,6.230339813232421875e+01,6.024265289306640625e+01,6.172593688964843750e+01,5.940879058837890625e+01,5.388299560546875000e+01,5.799319458007812500e+01,6.856097412109375000e+01,6.961112976074218750e+01,6.766909790039062500e+01,6.278772735595703125e+01,6.332421112060546875e+01,6.171197509765625000e+01,8.856447601318359375e+01,1.156000518798828125e+02,1.136066360473632812e+02,1.102306365966796875e+02,1.112482299804687500e+02,1.005321044921875000e+02,8.226636505126953125e+01,7.427947235107421875e+01,5.724116516113281250e+01,3.553182983398437500e+01,3.165528106689453125e+01,3.680271148681640625e+01,4.137246704101562500e+01,4.177127456665039062e+01,4.591329956054687500e+01,5.198989868164062500e+01,5.595610809326171875e+01,6.464250946044921875e+01,8.344745635986328125e+01,9.307729339599609375e+01,8.117646789550781250e+01,5.348546600341796875e+01,4.385995483398437500e+01,3.306200027465820312e+01,2.032230377197265625e+01,2.876400947570800781e+00,3.510372161865234375e+01,9.256294250488281250e+01,1.030170516967773438e+02,9.941909027099609375e+01,9.873478698730468750e+01,1.131550292968750000e+02,1.280583038330078125e+02,1.358899230957031250e+02,1.479721374511718750e+02,1.484612426757812500e+02,1.454116973876953125e+02,1.517657165527343750e+02,1.468187255859375000e+02,1.419014892578125000e+02,1.341509094238281250e+02,1.166621856689453125e+02,1.060814285278320312e+02,1.029954376220703125e+02,9.453175354003906250e+01,9.597749328613281250e+01,1.083321609497070312e+02,9.609689331054687500e+01,6.456008911132812500e+01,5.195462036132812500e+01,5.565356445312500000e+01,7.675129699707031250e+01,8.114129638671875000e+01,7.989707946777343750e+01,9.620872497558593750e+01,1.073275451660156250e+02,1.000737152099609375e+02,6.871659851074218750e+01,2.947708511352539062e+01,4.536252975463867188e+00,-5.185832977294921875e+00,-4.823318481445312500e+00,6.913952350616455078e+00,6.548020935058593750e+01,1.100680999755859375e+02,1.192928924560546875e+02,1.202818603515625000e+02,1.281447601318359375e+02,1.307877197265625000e+02,1.209846649169921875e+02,1.329465026855468750e+02,1.360004730224609375e+02,1.349402923583984375e+02,1.274521026611328125e+02,1.229135131835937500e+02,1.219512023925781250e+02,1.203247833251953125e+02,1.194144134521484375e+02,1.227139434814453125e+02,1.340430297851562500e+02,1.359801483154296875e+02,1.259204864501953125e+02,1.277692337036132812e+02,1.365543060302734375e+02,1.470584106445312500e+02,1.492412719726562500e+02,1.361425170898437500e+02,1.274916992187500000e+02,1.270273056030273438e+02,1.219407501220703125e+02,1.235551910400390625e+02,1.438664245605468750e+02,1.354904937744140625e+02,1.034615173339843750e+02,9.280336761474609375e+01,9.047964477539062500e+01,9.827676391601562500e+01,1.126918487548828125e+02,1.142245254516601562e+02,9.892600250244140625e+01,5.958043289184570312e+01,2.744266128540039062e+01,1.389521694183349609e+01,1.562357521057128906e+01,3.715521240234375000e+01,6.029380035400390625e+01,1.078713226318359375e+02,1.337637939453125000e+02,1.440055847167968750e+02,1.538356018066406250e+02,1.561844482421875000e+02,1.432455444335937500e+02,1.333958435058593750e+02,1.245376281738281250e+02,1.220755538940429688e+02,1.261805801391601562e+02,1.055072174072265625e+02,7.339257812500000000e+01,7.787045288085937500e+01,1.119486312866210938e+02,1.022098159790039062e+02,9.365927124023437500e+01,9.224433135986328125e+01,8.875149536132812500e+01,9.032092285156250000e+01,8.602893829345703125e+01,7.685777282714843750e+01,7.039389801025390625e+01,6.914678955078125000e+01,7.098669433593750000e+01,6.962991333007812500e+01,6.757123565673828125e+01,6.640505981445312500e+01,6.329941558837890625e+01,6.437911987304687500e+01,1.300750827789306641e+01,-2.204703903198242188e+01,-3.322266006469726562e+01,-1.882192611694335938e+01,1.164851856231689453e+01,7.933740234375000000e+01,1.114783325195312500e+02,1.087903594970703125e+02,8.976725769042968750e+01,8.511936950683593750e+01,9.605532836914062500e+01,9.946455383300781250e+01,8.849269104003906250e+01,8.927369689941406250e+01,1.117654724121093750e+02,1.368422241210937500e+02,1.396174468994140625e+02,1.269581909179687500e+02,1.139698333740234375e+02,1.001784820556640625e+02,1.095577850341796875e+02,1.141333465576171875e+02,1.057086029052734375e+02,1.174238052368164062e+02,1.284859008789062500e+02,1.226438446044921875e+02,1.333004913330078125e+02,1.404548950195312500e+02,1.259704132080078125e+02,1.216831359863281250e+02,1.252746276855468750e+02,1.235361785888671875e+02,1.225758209228515625e+02,1.178471679687500000e+02,1.125428848266601562e+02,1.218372192382812500e+02,1.387062225341796875e+02,1.081903076171875000e+02,7.331697082519531250e+01,5.487889862060546875e+01,4.564334869384765625e+01,4.445303726196289062e+01,9.676724243164062500e+01,1.127877960205078125e+02,1.191308059692382812e+02,1.216468124389648438e+02,1.211731109619140625e+02,1.150760803222656250e+02,1.208660583496093750e+02,1.269010467529296875e+02,1.287967834472656250e+02,1.364477539062500000e+02,1.296236267089843750e+02,9.958893585205078125e+01,4.527400207519531250e+01,1.159233283996582031e+01,1.350401306152343750e+01,4.703100585937500000e+01,7.383597564697265625e+01,7.836027526855468750e+01,8.433200073242187500e+01,1.298110046386718750e+02,1.610162963867187500e+02,1.606213836669921875e+02,1.485212554931640625e+02,1.404329223632812500e+02,1.344308471679687500e+02,1.366248474121093750e+02,1.353809661865234375e+02,1.383134918212890625e+02,1.412223968505859375e+02,1.406238708496093750e+02,1.392575378417968750e+02,1.326726379394531250e+02,1.220888671875000000e+02,1.227664184570312500e+02,1.313837280273437500e+02,1.297395935058593750e+02,8.366104125976562500e+01,4.452785491943359375e+01,1.708779335021972656e+01,2.359057188034057617e+00,-5.491389274597167969e+00,-3.957210540771484375e+00,-6.403996467590332031e+00,3.050349712371826172e+00,8.472093200683593750e+01,9.672142791748046875e+01,7.876784515380859375e+01,7.480644226074218750e+01,7.201472473144531250e+01,8.799165344238281250e+01,1.002393188476562500e+02,1.096609497070312500e+02,1.157479705810546875e+02,1.121616821289062500e+02,1.068963394165039062e+02,8.148580169677734375e+01,7.599948120117187500e+01,7.226640319824218750e+01,6.836645507812500000e+01,6.587586212158203125e+01,5.952857208251953125e+01,4.752076721191406250e+01,4.549288940429687500e+01,6.001418304443359375e+01,7.236061096191406250e+01,7.645880126953125000e+01,6.538633728027343750e+01,5.188376617431640625e+01,4.592597579956054688e+01,5.194684600830078125e+01,6.277614593505859375e+01,7.504722595214843750e+01,6.808874511718750000e+01,4.875907897949218750e+01,3.787310028076171875e+01,4.126418304443359375e+01,4.242954635620117188e+01,5.100351333618164062e+01,6.699235534667968750e+01,7.301820373535156250e+01,7.075460815429687500e+01,1.206262016296386719e+01,-4.211262702941894531e+00,8.053582191467285156e+00,3.976836395263671875e+01,4.208249664306640625e+01,4.037541198730468750e+01,3.142272758483886719e+01,3.340275573730468750e+01,3.995176696777343750e+01,4.487542724609375000e+01,4.866759872436523438e+01,4.414735412597656250e+01,3.083215713500976562e+01,3.737412643432617188e+01,5.024546432495117188e+01,5.429998397827148438e+01,5.366665267944335938e+01,5.229515457153320312e+01,5.391999816894531250e+01,5.357405853271484375e+01,4.890192794799804688e+01,4.319110107421875000e+01,1.107867240905761719e+01,1.358996200561523438e+01,3.751367950439453125e+01,8.446624755859375000e+01,9.028639221191406250e+01,8.082438659667968750e+01,7.275706481933593750e+01,6.222196960449218750e+01,9.349615478515625000e+01,1.200211410522460938e+02,1.294464721679687500e+02,1.312273254394531250e+02,1.359218292236328125e+02,1.214264526367187500e+02,1.179116210937500000e+02,1.350344543457031250e+02,1.376270751953125000e+02,1.255366821289062500e+02,1.158360290527343750e+02,1.050835266113281250e+02,1.101188354492187500e+02,1.212387390136718750e+02,1.134513397216796875e+02,1.181709289550781250e+02,1.307815246582031250e+02,1.367137908935546875e+02,1.348340759277343750e+02,1.209825744628906250e+02,1.075981903076171875e+02,1.025120544433593750e+02,1.122086639404296875e+02,1.252638244628906250e+02,1.264841308593750000e+02,1.326162109375000000e+02,1.341905822753906250e+02,1.339503021240234375e+02,1.361913146972656250e+02,9.905224609375000000e+01,5.695789337158203125e+01,3.994878387451171875e+01,3.259584426879882812e+01,2.975337409973144531e+01,4.262231826782226562e+01,6.981921386718750000e+01,7.796204376220703125e+01,1.119564361572265625e+02,1.122255554199218750e+02,1.153305969238281250e+02,1.267158966064453125e+02,1.300074462890625000e+02,1.311674194335937500e+02,1.319440002441406250e+02,1.361762390136718750e+02,1.402064666748046875e+02,1.132507324218750000e+02,9.949789428710937500e+01,1.085130233764648438e+02,1.201183166503906250e+02,1.272666168212890625e+02,1.119142303466796875e+02,9.907020568847656250e+01,1.029957885742187500e+02,8.775175476074218750e+01,7.261138916015625000e+01,7.065097808837890625e+01,8.291539764404296875e+01,1.009944000244140625e+02,8.688898468017578125e+01,6.555778503417968750e+01,2.665528106689453125e+01,8.908878326416015625e+00,3.368971252441406250e+01,7.827867126464843750e+01,1.041679077148437500e+02,1.123165206909179688e+02,1.128691864013671875e+02,1.199736022949218750e+02,1.219181289672851562e+02,1.103707885742187500e+02,1.187997512817382812e+02,1.115100097656250000e+02,9.472723388671875000e+01,8.572068786621093750e+01,6.014636993408203125e+01,2.730258178710937500e+01,1.625414276123046875e+01,1.067012023925781250e+01,6.882930755615234375e+00,8.030959129333496094e+00,2.221189880371093750e+01,6.086791992187500000e+01,5.147454071044921875e+01,5.053939056396484375e+01,7.656587219238281250e+01,6.065637207031250000e+01,6.761315155029296875e+01,7.142764282226562500e+01,6.895547485351562500e+01,6.635684204101562500e+01,6.309506225585937500e+01,6.661266326904296875e+01,8.214655303955078125e+01,8.182965850830078125e+01,7.956363677978515625e+01,9.068962860107421875e+01,1.011148681640625000e+02,8.600330352783203125e+01,8.767530059814453125e+01,9.728901672363281250e+01,9.755274200439453125e+01,9.499868774414062500e+01,9.684245300292968750e+01,1.285340118408203125e+02,1.611266326904296875e+02,1.616506042480468750e+02,1.500595092773437500e+02,1.350813446044921875e+02,1.310636749267578125e+02,1.267751617431640625e+02,1.251093902587890625e+02,1.231155395507812500e+02,1.213454971313476562e+02,1.091035308837890625e+02,8.598621368408203125e+01,8.103406524658203125e+01,7.570521545410156250e+01,7.367483520507812500e+01,1.012612609863281250e+02,9.844021606445312500e+01,1.019754638671875000e+02,7.828054809570312500e+01,4.617712020874023438e+01,5.033920669555664062e+01,7.368876647949218750e+01,7.324148559570312500e+01,6.937147521972656250e+01,6.622654724121093750e+01,5.204532241821289062e+01,4.906466293334960938e+01,5.388511657714843750e+01,5.447376251220703125e+01,5.649031829833984375e+01,6.146399688720703125e+01,6.251325607299804688e+01,6.546823120117187500e+01,6.377352905273437500e+01,6.189014816284179688e+01,7.588411712646484375e+01,1.287209472656250000e+02,1.363250427246093750e+02,1.280158691406250000e+02,1.215390930175781250e+02,1.043005523681640625e+02,9.874356842041015625e+01,9.755981445312500000e+01,9.723172760009765625e+01,9.528570556640625000e+01,1.065125732421875000e+02,1.201936187744140625e+02,1.110493316650390625e+02,1.058664321899414062e+02,9.515448760986328125e+01,6.508591461181640625e+01,5.169495391845703125e+01,4.121924209594726562e+01,4.031903457641601562e+01,4.073717880249023438e+01,3.932834625244140625e+01,4.230020141601562500e+01,5.413763427734375000e+01,7.358799743652343750e+01,9.004060363769531250e+01,1.135545654296875000e+02,1.263238906860351562e+02,1.242031936645507812e+02,1.238272399902343750e+02,8.134652709960937500e+01,3.007775497436523438e+01,2.455230236053466797e+00,2.607673406600952148e+00,4.549161434173583984e+00,8.931818962097167969e+00,1.705801773071289062e+01,2.589147377014160156e+01,3.042935180664062500e+01,8.904802703857421875e+01,1.047467803955078125e+02,9.843270874023437500e+01,9.937202453613281250e+01,1.021532897949218750e+02,1.050426864624023438e+02,1.054679412841796875e+02,1.056215362548828125e+02,1.042230682373046875e+02,1.157450866699218750e+02,1.217690277099609375e+02,1.247243423461914062e+02,1.286390380859375000e+02,1.292108459472656250e+02,1.260170593261718750e+02,1.243324737548828125e+02,1.332693634033203125e+02,1.287605590820312500e+02,1.261817932128906250e+02,1.352536926269531250e+02,1.167613143920898438e+02,1.003477096557617188e+02,1.160227966308593750e+02,1.294374694824218750e+02,1.418893280029296875e+02,1.411025390625000000e+02,1.341805267333984375e+02,1.308075561523437500e+02,1.276061859130859375e+02,1.286611633300781250e+02,1.289699096679687500e+02,1.329556732177734375e+02,1.244107513427734375e+02,1.213468322753906250e+02,1.256179962158203125e+02,1.272631225585937500e+02,1.130859985351562500e+02,9.574502563476562500e+01,9.723107147216796875e+01,9.904772186279296875e+01,1.073859710693359375e+02,1.051856689453125000e+02,8.489544677734375000e+01,3.893196868896484375e+01,2.721125221252441406e+01,8.338540649414062500e+01,1.356665649414062500e+02,1.250891418457031250e+02,1.029607086181640625e+02,9.599366760253906250e+01,1.032587280273437500e+02,1.148145446777343750e+02,1.087515487670898438e+02,1.141388854980468750e+02,1.131392974853515625e+02,9.372682952880859375e+01,7.663308715820312500e+01,7.689772796630859375e+01,5.460625457763671875e+01,4.074214553833007812e+01,4.285112762451171875e+01,6.762232971191406250e+01,7.631781005859375000e+01,8.815142822265625000e+01,1.095329818725585938e+02,1.090132522583007812e+02,1.084535064697265625e+02,1.210301818847656250e+02,1.392759094238281250e+02,1.437055053710937500e+02,1.438531951904296875e+02,1.503931884765625000e+02,1.619716796875000000e+02,1.712658691406250000e+02,1.681925659179687500e+02,1.633615722656250000e+02,1.355426788330078125e+02,1.083189620971679688e+02,1.177902374267578125e+02,1.249057235717773438e+02,1.182914657592773438e+02,1.128937377929687500e+02,1.155450134277343750e+02,1.175741653442382812e+02,1.110990905761718750e+02,1.031642074584960938e+02,8.601965332031250000e+01,9.402989196777343750e+01,1.159078521728515625e+02,1.072777404785156250e+02,8.470631408691406250e+01,7.225213623046875000e+01,6.782582092285156250e+01,7.052897644042968750e+01,7.116867065429687500e+01,6.629061889648437500e+01,5.628124237060546875e+01,4.269812774658203125e+01,3.396012878417968750e+01,3.932601928710937500e+01,4.676715469360351562e+01,5.668033599853515625e+01,8.571698760986328125e+01,8.806817626953125000e+01,7.043952941894531250e+01,5.706287384033203125e+01,5.463524627685546875e+01,5.279118347167968750e+01,5.402544403076171875e+01,5.591156005859375000e+01,1.001758880615234375e+02,1.183383941650390625e+02,1.253302764892578125e+02,1.238552093505859375e+02,1.085263519287109375e+02,1.111600952148437500e+02,1.213998413085937500e+02,1.237395706176757812e+02,1.210200119018554688e+02,1.212627258300781250e+02,1.214828720092773438e+02,1.252387542724609375e+02,1.297450103759765625e+02,1.248727340698242188e+02,1.180395812988281250e+02,1.159144897460937500e+02,1.156227264404296875e+02,1.170576782226562500e+02,1.191052551269531250e+02,1.210771179199218750e+02,1.114591140747070312e+02,7.574943542480468750e+01,3.988535308837890625e+01,2.399978256225585938e+01,1.647636413574218750e+01,2.152965545654296875e+01,2.699447250366210938e+01,2.850864410400390625e+01,3.185455513000488281e+01,3.498647689819335938e+01,4.033105087280273438e+01,4.848518371582031250e+01,7.191519165039062500e+01,1.337779693603515625e+02,1.506904907226562500e+02,1.672944946289062500e+02,1.874601745605468750e+02,1.876385803222656250e+02,1.756461029052734375e+02,1.579097290039062500e+02,1.442807159423828125e+02,1.396542053222656250e+02,1.223947906494140625e+02,1.017020263671875000e+02,9.426141357421875000e+01,1.018065490722656250e+02,1.174102249145507812e+02,1.147745819091796875e+02,1.155094909667968750e+02,1.161360168457031250e+02,1.058313293457031250e+02,9.456609344482421875e+01,8.571174621582031250e+01,8.131324768066406250e+01,7.635433197021484375e+01,7.633283996582031250e+01,8.079052734375000000e+01,8.437816619873046875e+01,9.368184661865234375e+01,1.023300933837890625e+02,1.022680511474609375e+02,9.115701293945312500e+01,8.208606719970703125e+01,8.166941833496093750e+01,9.300384521484375000e+01,7.920864105224609375e+01,4.066655731201171875e+01,2.109360313415527344e+01,7.647512435913085938e+00,-3.486580133438110352e+00,3.101540756225585938e+01,5.108835601806640625e+01,6.042630767822265625e+01,9.631788635253906250e+01,1.137403259277343750e+02,1.086400680541992188e+02,9.826881408691406250e+01,9.203594970703125000e+01,1.351987609863281250e+02,1.505000915527343750e+02,1.599796752929687500e+02,1.625360107421875000e+02,1.515610351562500000e+02,1.398145751953125000e+02,1.355160827636718750e+02,1.371167907714843750e+02,1.438763885498046875e+02,1.070844726562500000e+02,7.495495605468750000e+01,6.560920715332031250e+01,5.588790893554687500e+01,4.220762634277343750e+01,9.553591156005859375e+01,1.400939025878906250e+02,1.445535430908203125e+02,1.401861267089843750e+02,1.521612243652343750e+02,1.463127136230468750e+02,1.279650955200195312e+02,1.308407897949218750e+02,1.382595520019531250e+02,1.395718231201171875e+02,1.413023529052734375e+02,1.207718505859375000e+02,1.100969924926757812e+02,1.169790115356445312e+02,1.375626678466796875e+02,1.502929992675781250e+02,1.531368103027343750e+02,1.532505035400390625e+02,1.498741302490234375e+02,1.315321655273437500e+02,8.714390563964843750e+01,5.708684539794921875e+01,5.016468811035156250e+01,5.183362579345703125e+01,6.340550231933593750e+01,9.274014282226562500e+01,1.119688262939453125e+02,9.232228088378906250e+01,1.068131103515625000e+02,1.223557357788085938e+02,1.243341674804687500e+02,1.342256317138671875e+02,1.431710815429687500e+02,1.399253692626953125e+02,1.405449829101562500e+02,1.340085754394531250e+02,1.310703735351562500e+02,1.343370513916015625e+02,1.383786926269531250e+02,1.364965820312500000e+02,1.336982727050781250e+02,1.322137451171875000e+02,1.421536254882812500e+02,1.505888824462890625e+02,1.459737243652343750e+02,1.466781311035156250e+02,1.479846496582031250e+02,1.483056335449218750e+02,1.485188293457031250e+02,1.597235412597656250e+02,1.555996704101562500e+02,1.420021057128906250e+02,1.421415710449218750e+02,1.387275085449218750e+02,1.299396209716796875e+02,1.225031890869140625e+02,1.191287841796875000e+02,1.251307983398437500e+02,1.242572326660156250e+02,1.092113342285156250e+02,1.112869644165039062e+02,1.346812438964843750e+02,1.388952331542968750e+02,1.023815689086914062e+02,5.914562988281250000e+01,2.861954879760742188e+01,1.154088592529296875e+01,1.335989952087402344e+01,2.191928672790527344e+01,7.654316711425781250e+01,1.139322433471679688e+02,1.008586425781250000e+02,7.659847259521484375e+01,7.394053649902343750e+01,7.794770812988281250e+01,7.163075256347656250e+01,7.012949371337890625e+01,7.165758514404296875e+01,7.242478179931640625e+01,7.853883361816406250e+01,7.172457885742187500e+01,2.427658843994140625e+01,-2.663970470428466797e+00,-6.081731796264648438e+00,-3.271815776824951172e+00,-5.870187759399414062e+00,-1.194165039062500000e+01,5.820312500000000000e+00,3.974261856079101562e+01,4.273239135742187500e+01,8.325083160400390625e+01,1.045252685546875000e+02,9.225491333007812500e+01,9.649673461914062500e+01,1.092936859130859375e+02,1.012522583007812500e+02,9.509300994873046875e+01,1.029077377319335938e+02,1.202049865722656250e+02,1.253732604980468750e+02,1.217736663818359375e+02,1.202328033447265625e+02,1.170713806152343750e+02,1.241955184936523438e+02,1.026059036254882812e+02,7.894201660156250000e+01,7.788848876953125000e+01,8.102072906494140625e+01,8.274385070800781250e+01,8.523500061035156250e+01,8.271168518066406250e+01,8.888337707519531250e+01,1.090000915527343750e+02,1.226130065917968750e+02,1.129670028686523438e+02,8.033777618408203125e+01,5.179747009277343750e+01,5.761077880859375000e+01,9.411500549316406250e+01,1.145126953125000000e+02,1.242210083007812500e+02,1.146751556396484375e+02,1.042553710937500000e+02,9.305682373046875000e+01,4.935330963134765625e+01,2.437360191345214844e+01,2.284729194641113281e+01,2.862877655029296875e+01,1.989513778686523438e+01,2.039554977416992188e+01,4.404348754882812500e+01,7.559336853027343750e+01,7.257974243164062500e+01,5.395723342895507812e+01,4.940115737915039062e+01,4.768307495117187500e+01,4.909880828857421875e+01,5.928052139282226562e+01,7.708717346191406250e+01,1.011808624267578125e+02,1.110508193969726562e+02,1.075714645385742188e+02,1.040373840332031250e+02,9.650544738769531250e+01,9.704205322265625000e+01,1.084354248046875000e+02,1.123065338134765625e+02,1.048234558105468750e+02,9.606529235839843750e+01,9.253108978271484375e+01,9.819207763671875000e+01,9.774412536621093750e+01,1.331231994628906250e+02,1.417009277343750000e+02,1.386171264648437500e+02,1.348016052246093750e+02,1.432218170166015625e+02,1.528834991455078125e+02,1.594291381835937500e+02,1.675491638183593750e+02,1.714510498046875000e+02,1.711357421875000000e+02,1.665298004150390625e+02,1.620765991210937500e+02,1.527572326660156250e+02,1.436900634765625000e+02,1.423548583984375000e+02,1.388291015625000000e+02,1.242521209716796875e+02,1.121598815917968750e+02,1.074313659667968750e+02,1.087306747436523438e+02,1.038545532226562500e+02,1.019156799316406250e+02,1.015604400634765625e+02,9.689302062988281250e+01,9.882891082763671875e+01,1.014333114624023438e+02,1.010082931518554688e+02,9.593478393554687500e+01,8.863653564453125000e+01,8.488836669921875000e+01,8.142008972167968750e+01,7.765229797363281250e+01,6.892658233642578125e+01,6.031883239746093750e+01,6.113846588134765625e+01,6.391860580444335938e+01,6.195878601074218750e+01,6.647541809082031250e+01,6.788529968261718750e+01,6.659040832519531250e+01,6.124716186523437500e+01,6.007682037353515625e+01,6.707151794433593750e+01,7.908770751953125000e+01,7.783713531494140625e+01,7.751446533203125000e+01,8.469551086425781250e+01,9.146774291992187500e+01,8.873575592041015625e+01,8.781941223144531250e+01,8.973524475097656250e+01,8.675795745849609375e+01,1.026309967041015625e+02,1.070419158935546875e+02,1.047354354858398438e+02,8.260540771484375000e+01,4.121640014648437500e+01,2.192609024047851562e+01,1.551612949371337891e+01,1.295330429077148438e+01,2.421667480468750000e+01,5.851723480224609375e+01,1.080098571777343750e+02,1.305414733886718750e+02,1.292265777587890625e+02,1.235138244628906250e+02,1.116291351318359375e+02,1.063288726806640625e+02,1.231995010375976562e+02,1.401182556152343750e+02,1.320549011230468750e+02,1.161905746459960938e+02,1.100901489257812500e+02,1.033833312988281250e+02,9.745712280273437500e+01,5.491510772705078125e+01,5.124887084960937500e+01,7.671722412109375000e+01,1.056032409667968750e+02,1.041644897460937500e+02,1.061335296630859375e+02,1.118112030029296875e+02,1.240963287353515625e+02,1.236112365722656250e+02,1.216631774902343750e+02,8.019676971435546875e+01,2.149531364440917969e+01,-2.332964420318603516e+00,-4.544692993164062500e+00,-4.141979217529296875e+00,2.879654312133789062e+01,9.946595001220703125e+01,1.289550476074218750e+02,1.247415618896484375e+02,1.226485595703125000e+02,1.166842651367187500e+02,1.087278442382812500e+02,1.055028610229492188e+02,9.654644775390625000e+01,9.230673217773437500e+01,9.202949523925781250e+01,9.728821563720703125e+01,1.059764862060546875e+02,1.090082702636718750e+02,1.134558181762695312e+02,1.300783081054687500e+02,1.390352020263671875e+02,1.293051605224609375e+02,1.206980133056640625e+02,1.046829376220703125e+02,8.554059600830078125e+01,6.853067016601562500e+01,6.120351028442382812e+01,5.530376434326171875e+01,6.024465942382812500e+01,7.541274261474609375e+01,9.038249206542968750e+01,1.013426971435546875e+02,1.060927429199218750e+02,1.176120376586914062e+02,1.250177917480468750e+02,1.266296539306640625e+02,1.184182434082031250e+02,1.012566528320312500e+02,9.051907348632812500e+01,8.210647583007812500e+01,7.991083526611328125e+01,7.803676605224609375e+01,7.352479553222656250e+01,5.651996231079101562e+01,4.674491882324218750e+01,4.837876892089843750e+01,5.131457901000976562e+01,5.974201202392578125e+01,6.536801147460937500e+01,7.940173339843750000e+01,8.509829711914062500e+01,7.763204956054687500e+01,8.295417785644531250e+01,1.329035949707031250e+02,1.380686187744140625e+02,1.049515533447265625e+02,6.765429687500000000e+01,6.109924316406250000e+01,8.346064758300781250e+01,6.060154342651367188e+01,3.395663452148437500e+01,2.482614517211914062e+01,4.714013671875000000e+01,8.555087280273437500e+01,1.123681488037109375e+02,1.149008789062500000e+02,1.008943939208984375e+02,9.228852844238281250e+01,9.340274047851562500e+01,1.042207183837890625e+02,1.278775634765625000e+02,1.403785858154296875e+02,7.421887207031250000e+01,3.211830902099609375e+01,1.561606788635253906e+01,1.088723278045654297e+01,7.473731994628906250e+00,4.851771354675292969e+00,4.891591548919677734e+00,2.316161918640136719e+01,5.300489044189453125e+01,9.170521545410156250e+01,1.195806732177734375e+02,1.084212722778320312e+02,9.137794494628906250e+01,7.754687500000000000e+01,7.840299987792968750e+01,9.217231750488281250e+01,8.906269836425781250e+01,8.791149902343750000e+01,8.476452636718750000e+01,8.800772094726562500e+01,9.180220031738281250e+01,1.213762435913085938e+02,1.268506927490234375e+02,1.220749969482421875e+02,1.286320190429687500e+02,1.267546081542968750e+02,1.092084808349609375e+02,1.036788864135742188e+02,9.980705261230468750e+01,8.249077606201171875e+01,7.556671142578125000e+01,1.040255279541015625e+02,1.371342163085937500e+02,1.457409667968750000e+02,1.418992614746093750e+02,1.457117614746093750e+02,1.517263793945312500e+02,1.433027648925781250e+02,1.281748352050781250e+02,1.173229827880859375e+02,9.000871276855468750e+01,7.065937805175781250e+01,8.606837463378906250e+01,9.202151489257812500e+01,9.119361877441406250e+01,1.095871200561523438e+02,1.475425109863281250e+02,1.610965881347656250e+02,1.656768493652343750e+02,1.663591003417968750e+02,1.646864624023437500e+02,1.584698791503906250e+02,1.474571533203125000e+02,1.423465270996093750e+02,1.361724700927734375e+02,1.249692153930664062e+02,1.067029418945312500e+02,9.604312133789062500e+01,8.374934387207031250e+01,9.337799835205078125e+01,1.155034103393554688e+02,1.213254547119140625e+02,1.331222839355468750e+02,1.465338287353515625e+02,1.476109619140625000e+02,1.364367980957031250e+02,1.427389526367187500e+02,1.445750732421875000e+02,1.513943176269531250e+02,1.449217681884765625e+02,1.260497741699218750e+02,1.145998153686523438e+02,1.306654663085937500e+02,1.329011230468750000e+02,1.220158233642578125e+02,9.628446960449218750e+01,9.336425781250000000e+01,1.021995697021484375e+02,1.146887741088867188e+02,1.263014907836914062e+02,1.303105926513671875e+02,1.175281143188476562e+02,1.107770233154296875e+02,9.649096679687500000e+01,8.961598968505859375e+01,9.362514495849609375e+01,9.295877838134765625e+01,9.019602203369140625e+01,8.266517639160156250e+01,7.550275421142578125e+01,7.098603057861328125e+01,6.811116027832031250e+01,6.224420547485351562e+01,5.358940887451171875e+01,5.170799255371093750e+01,5.575451278686523438e+01,6.257155990600585938e+01,5.961304092407226562e+01,5.918668365478515625e+01,6.186714935302734375e+01,5.347579574584960938e+01,4.231943511962890625e+01,3.638717269897460938e+01,3.793476104736328125e+01,1.244556236267089844e+01,-2.480781364440917969e+01,-3.787491226196289062e+01,-2.467862319946289062e+01,1.659794616699218750e+01,9.559806823730468750e+01,1.354940948486328125e+02,1.271917266845703125e+02,1.261762313842773438e+02,1.115229873657226562e+02,8.419580078125000000e+01,7.056900024414062500e+01,5.795298004150390625e+01,6.105861663818359375e+01,6.553315734863281250e+01,2.084630203247070312e+01,-7.085391044616699219e+00,-2.094878911972045898e+00,3.664032936096191406e+00,3.170099258422851562e+00,-2.642055988311767578e+00,5.176810455322265625e+01,1.030503082275390625e+02,9.350912475585937500e+01,9.282435607910156250e+01,1.236673660278320312e+02,1.385737609863281250e+02,1.423592834472656250e+02,1.287959442138671875e+02,1.186163864135742188e+02,1.182445068359375000e+02,1.368640289306640625e+02,1.415412445068359375e+02,1.340490722656250000e+02,1.376763458251953125e+02,1.394242553710937500e+02,1.519058074951171875e+02,1.752395935058593750e+02,1.713643493652343750e+02,9.034674072265625000e+01,4.104841232299804688e+01,1.887695693969726562e+01,1.168532371520996094e+01,1.166330146789550781e+01,8.432533264160156250e+00,2.442488908767700195e+00,1.060474777221679688e+01,5.480987167358398438e+01,6.919328308105468750e+01,9.427130126953125000e+01,1.071135330200195312e+02,1.127557144165039062e+02,1.056410217285156250e+02,1.105019607543945312e+02,1.276170806884765625e+02,1.554209899902343750e+02,1.645695953369140625e+02,1.681727752685546875e+02,1.784109497070312500e+02,1.671574401855468750e+02,1.417756347656250000e+02,7.232241821289062500e+01,3.659115600585937500e+01,2.508498764038085938e+01,1.676219177246093750e+01,1.504939842224121094e+01,2.647849655151367188e+01,6.230226135253906250e+01,9.204093933105468750e+01,7.024190521240234375e+01,1.036435699462890625e+01,-5.576097011566162109e+00,8.476261138916015625e+00,3.531027984619140625e+01,4.725534057617187500e+01,2.158750343322753906e+01,4.517664909362792969e+00,1.223768234252929688e+01,2.885020065307617188e+01,4.346372222900390625e+01,4.768754577636718750e+01,4.047459030151367188e+01,2.861322593688964844e+01,1.417463493347167969e+01,1.509541392326354980e+00,-1.315303802490234375e+00,2.514927864074707031e+00,-9.832791090011596680e-01,-1.440777778625488281e+01,-1.412352752685546875e+01,-8.419304847717285156e+00,-1.686202621459960938e+01,-4.475722789764404297e+00,5.864395141601562500e+01,9.166283416748046875e+01,8.750184631347656250e+01,8.525968933105468750e+01,8.833144378662109375e+01,1.073349151611328125e+02,1.117274627685546875e+02,1.095287857055664062e+02,1.173004913330078125e+02,1.040055694580078125e+02,9.052046203613281250e+01,5.245402526855468750e+01,2.476169395446777344e+01,1.264399909973144531e+01,1.408558082580566406e+01,2.425245666503906250e+01,4.630475997924804688e+01,5.590740203857421875e+01,6.566979980468750000e+01,7.118418884277343750e+01,7.243806457519531250e+01,9.917803955078125000e+01,1.468795471191406250e+02,1.524761199951171875e+02,1.397293395996093750e+02,1.368754577636718750e+02,1.363213500976562500e+02,1.285381774902343750e+02,1.330767364501953125e+02,1.608217926025390625e+02,1.778759765625000000e+02,1.681427917480468750e+02,1.423079528808593750e+02,1.297756347656250000e+02,1.318238830566406250e+02,1.104464569091796875e+02,9.510931396484375000e+01,9.012828063964843750e+01,1.029481658935546875e+02,1.210696868896484375e+02,1.209304046630859375e+02,1.165799407958984375e+02,1.107850952148437500e+02,9.449131011962890625e+01,7.484588623046875000e+01,5.876893615722656250e+01,5.422185516357421875e+01,5.460906600952148438e+01,6.457205200195312500e+01,8.292153167724609375e+01,1.020054016113281250e+02,1.063875961303710938e+02,1.087350463867187500e+02,1.127552261352539062e+02,1.138950042724609375e+02,1.063800354003906250e+02,9.782254028320312500e+01,9.516703033447265625e+01,9.489648437500000000e+01,9.089880371093750000e+01,8.542021942138671875e+01,8.686116027832031250e+01,8.916085815429687500e+01,1.248768310546875000e+02,1.613017883300781250e+02,1.545509033203125000e+02,1.188515701293945312e+02,1.004028472900390625e+02,1.057979125976562500e+02,1.255691375732421875e+02,1.455090789794921875e+02,1.720271606445312500e+02,1.797303161621093750e+02,1.740101776123046875e+02,1.699445800781250000e+02,1.609379425048828125e+02,1.471575012207031250e+02,1.447597045898437500e+02,1.401977233886718750e+02,1.311962890625000000e+02,1.192752532958984375e+02,1.084421844482421875e+02,1.038469238281250000e+02,1.016294937133789062e+02,9.785284423828125000e+01,8.062796020507812500e+01,7.077890014648437500e+01,7.346484375000000000e+01,8.153820800781250000e+01,9.672080993652343750e+01,9.683825683593750000e+01,9.529028320312500000e+01,9.622533416748046875e+01,1.037527008056640625e+02,1.041460418701171875e+02,9.437236022949218750e+01,7.684085083007812500e+01,5.941843414306640625e+01,5.899864196777343750e+01,7.783248901367187500e+01,9.557736206054687500e+01,8.173718261718750000e+01,6.521333312988281250e+01,6.767658996582031250e+01,8.442420959472656250e+01,7.818423461914062500e+01,6.816250610351562500e+01,6.182042694091796875e+01,5.822092056274414062e+01,5.384338378906250000e+01,4.363750457763671875e+01,3.165427398681640625e+01,3.356669235229492188e+01,5.225230026245117188e+01,7.343511962890625000e+01,7.269711303710937500e+01,7.541561126708984375e+01,8.004557800292968750e+01,8.187415313720703125e+01,7.765501403808593750e+01,8.261015319824218750e+01,8.831480407714843750e+01,8.720683288574218750e+01,8.838417816162109375e+01,8.696190643310546875e+01,8.484954833984375000e+01,7.714111328125000000e+01,6.533456420898437500e+01,7.359024047851562500e+01,7.590931701660156250e+01,7.826756286621093750e+01,7.846780395507812500e+01,8.006391906738281250e+01,7.675645446777343750e+01,7.359986877441406250e+01,7.743292236328125000e+01,7.980325317382812500e+01,7.500541687011718750e+01,6.191075134277343750e+01,4.211289978027343750e+01,3.848596191406250000e+01,6.027684783935546875e+01,6.559793090820312500e+01,6.003200149536132812e+01,5.448741912841796875e+01,5.951733398437500000e+01,7.261940002441406250e+01,7.290522766113281250e+01,7.008319854736328125e+01,7.920452880859375000e+01,8.770748901367187500e+01,8.553671264648437500e+01,8.844586181640625000e+01,9.256045532226562500e+01,1.462426757812500000e+02,1.671320495605468750e+02,1.595060119628906250e+02,1.399883422851562500e+02,1.430346221923828125e+02,1.442585449218750000e+02,1.382662811279296875e+02,1.427890014648437500e+02,1.280023498535156250e+02,1.014961700439453125e+02,8.822116088867187500e+01,9.488446044921875000e+01,8.610758972167968750e+01,8.982536315917968750e+01,9.680342102050781250e+01,1.213025588989257812e+02,1.514845581054687500e+02,1.719030456542968750e+02,1.634471130371093750e+02,1.533283386230468750e+02,1.404598846435546875e+02,1.360683898925781250e+02,1.268840637207031250e+02,1.085807342529296875e+02,1.120728454589843750e+02,1.204805908203125000e+02,1.221079559326171875e+02,1.154763107299804688e+02,1.059708023071289062e+02,1.151948394775390625e+02,1.325320739746093750e+02,1.246459655761718750e+02,1.178557128906250000e+02,1.303119201660156250e+02,1.542751159667968750e+02,1.581249237060546875e+02,1.489237518310546875e+02,1.491074218750000000e+02,1.712678527832031250e+02,1.667418212890625000e+02,1.601148071289062500e+02,1.637257080078125000e+02,1.493731994628906250e+02,1.359893493652343750e+02,1.218339614868164062e+02,1.088507843017578125e+02,1.188423461914062500e+02,1.369720458984375000e+02,1.448515625000000000e+02,1.393579406738281250e+02,1.221821746826171875e+02,1.095674972534179688e+02,1.052215118408203125e+02,1.013274230957031250e+02,1.051807098388671875e+02,1.098867797851562500e+02,1.090741882324218750e+02,1.123222961425781250e+02,1.221300964355468750e+02,1.356279602050781250e+02,1.116241073608398438e+02,9.276855468750000000e+01,8.958880615234375000e+01,9.087821197509765625e+01,8.566697692871093750e+01,8.293590545654296875e+01,7.925584411621093750e+01,7.869612121582031250e+01,8.619168853759765625e+01,9.813317871093750000e+01,1.022979125976562500e+02,1.081557617187500000e+02,1.186300125122070312e+02,1.179666748046875000e+02,1.097793197631835938e+02,8.546943664550781250e+01,6.677841186523437500e+01,6.371025085449218750e+01,6.619221496582031250e+01,8.337841796875000000e+01,1.126164169311523438e+02,1.178156890869140625e+02,1.217631912231445312e+02,1.133134613037109375e+02,8.827944946289062500e+01,6.913400268554687500e+01,6.560928344726562500e+01,4.139791107177734375e+01,2.100074005126953125e+01,1.810296630859375000e+01,1.810700225830078125e+01,1.535613346099853516e+01,5.795829296112060547e+00,4.736258029937744141e+00,2.520101547241210938e+01,3.839667510986328125e+01,9.688574218750000000e+01,1.285024261474609375e+02,1.371348876953125000e+02,1.460072631835937500e+02,1.477809753417968750e+02,1.521133117675781250e+02,1.540538330078125000e+02,1.526140747070312500e+02,1.666128845214843750e+02,1.712170715332031250e+02,1.554271545410156250e+02,9.894383239746093750e+01,4.933866119384765625e+01,2.815187072753906250e+01,3.212530136108398438e+01,7.611500549316406250e+01,9.544039154052734375e+01,9.463305664062500000e+01,1.087126693725585938e+02,1.043367767333984375e+02,8.102983093261718750e+01,7.368524169921875000e+01,9.084620666503906250e+01,1.170347518920898438e+02,1.296849822998046875e+02,1.204155426025390625e+02,1.171080474853515625e+02,1.083384094238281250e+02,1.318442687988281250e+02,1.282018737792968750e+02,1.137904663085937500e+02,1.135077896118164062e+02,1.144469451904296875e+02,1.071433639526367188e+02,1.156009674072265625e+02,1.346568603515625000e+02,1.425733642578125000e+02,1.503527832031250000e+02,1.492606353759765625e+02,1.366892700195312500e+02,1.124892730712890625e+02,1.049033508300781250e+02,1.098535690307617188e+02,1.211748428344726562e+02,1.361119079589843750e+02,1.499866333007812500e+02,1.471405181884765625e+02,8.700209808349609375e+01,4.527246856689453125e+01,1.931632232666015625e+01,1.150453186035156250e+01,7.491025447845458984e+00,3.498305320739746094e+00,1.371120452880859375e+01,8.186577606201171875e+01,1.152178039550781250e+02,1.229934692382812500e+02,1.201730957031250000e+02,1.157394561767578125e+02,1.061047668457031250e+02,9.195736694335937500e+01,9.286885070800781250e+01,1.037253417968750000e+02,1.170645751953125000e+02,1.212070770263671875e+02,1.144091262817382812e+02,1.074329071044921875e+02,9.866130065917968750e+01,9.089590454101562500e+01,8.079961395263671875e+01,7.317251586914062500e+01,6.707756805419921875e+01,6.441947937011718750e+01,6.332168579101562500e+01,6.209725189208984375e+01,5.368906402587890625e+01,5.649697875976562500e+01,6.190398406982421875e+01,6.931475830078125000e+01,7.970106506347656250e+01,8.529504394531250000e+01,8.089196014404296875e+01,1.093345718383789062e+02,1.148322525024414062e+02,1.057326736450195312e+02,9.436769866943359375e+01,7.992607879638671875e+01,7.980183410644531250e+01,8.656068420410156250e+01,9.683831787109375000e+01,1.212178192138671875e+02,1.392923889160156250e+02,1.464698486328125000e+02,1.043691406250000000e+02,5.817974090576171875e+01,3.476484680175781250e+01,3.334283065795898438e+01,2.831786727905273438e+01,3.468608093261718750e+01,1.199525146484375000e+02,1.511837463378906250e+02,1.436212005615234375e+02,1.327993774414062500e+02,1.258504257202148438e+02,1.160948486328125000e+02,1.170856323242187500e+02,1.226923980712890625e+02,1.248664093017578125e+02,1.320656127929687500e+02,1.469760894775390625e+02,1.509948425292968750e+02,1.341597595214843750e+02,1.168495483398437500e+02,1.149903106689453125e+02,1.217863159179687500e+02,1.304851989746093750e+02,1.394201049804687500e+02,1.466273040771484375e+02,1.487111511230468750e+02,1.505752868652343750e+02,1.509667816162109375e+02,1.548535766601562500e+02,1.638215942382812500e+02,1.634280395507812500e+02,1.566778869628906250e+02,1.409552307128906250e+02,1.373596801757812500e+02,1.386543273925781250e+02,1.405695495605468750e+02,1.583798828125000000e+02,1.686619262695312500e+02,1.389853057861328125e+02,8.398950195312500000e+01,5.878711700439453125e+01,6.713995361328125000e+01,8.676684570312500000e+01,8.819739532470703125e+01,1.296575775146484375e+02,1.450601806640625000e+02,1.444742126464843750e+02,1.363425903320312500e+02,1.182046356201171875e+02,1.096256256103515625e+02,1.263157501220703125e+02,1.223381271362304688e+02,6.319949340820312500e+01,3.421661376953125000e+01,3.368395996093750000e+01,3.496403121948242188e+01,5.731717681884765625e+01,1.047624588012695312e+02,1.360531311035156250e+02,1.270834808349609375e+02,1.242923202514648438e+02,1.028636322021484375e+02,8.452522277832031250e+01,8.819184112548828125e+01,9.281909179687500000e+01,1.411905212402343750e+02,1.699826965332031250e+02,1.586504821777343750e+02,1.551582183837890625e+02,1.554347229003906250e+02,1.632398681640625000e+02,1.577627410888671875e+02,1.439038696289062500e+02,1.458468627929687500e+02,1.274026031494140625e+02,7.402444458007812500e+01,3.854464721679687500e+01,2.484407424926757812e+01,2.028869247436523438e+01,4.891662216186523438e+01,9.025247192382812500e+01,9.607778930664062500e+01,1.210330810546875000e+02,1.578459472656250000e+02,1.752506103515625000e+02,1.725708923339843750e+02,1.678814392089843750e+02,1.666532592773437500e+02,1.700909118652343750e+02,1.745490417480468750e+02,1.775139160156250000e+02,1.697783508300781250e+02,1.553643493652343750e+02,1.403372039794921875e+02,1.274743194580078125e+02,1.342451171875000000e+02,1.439668884277343750e+02,1.402787475585937500e+02,1.345761718750000000e+02,1.245686187744140625e+02,1.201355972290039062e+02,1.127378997802734375e+02,1.032506866455078125e+02,9.203955841064453125e+01,8.152978515625000000e+01,7.630034637451171875e+01,7.274987030029296875e+01,6.902867126464843750e+01,6.995500946044921875e+01,6.882103729248046875e+01,6.897581481933593750e+01,7.070933532714843750e+01,7.260972595214843750e+01,7.508032226562500000e+01,8.662789916992187500e+01,9.185778808593750000e+01,8.425942993164062500e+01,7.706122589111328125e+01,9.102433776855468750e+01,1.353209075927734375e+02,1.617015075683593750e+02,1.527849731445312500e+02,1.315361633300781250e+02,1.080571899414062500e+02,9.072196960449218750e+01,9.249728393554687500e+01,9.847867584228515625e+01,1.121013107299804688e+02,1.168022155761718750e+02,9.073275756835937500e+01,7.501141357421875000e+01,6.430408477783203125e+01,6.476776885986328125e+01,6.564375305175781250e+01,7.449136352539062500e+01,9.842399597167968750e+01,1.147323684692382812e+02,1.167220764160156250e+02,1.179149551391601562e+02,1.238946075439453125e+02,1.312423095703125000e+02,1.368648376464843750e+02,1.415312194824218750e+02,1.320437164306640625e+02,1.266315002441406250e+02,1.230275268554687500e+02,9.648619079589843750e+01,8.635501861572265625e+01,6.974780273437500000e+01,5.563530731201171875e+01,6.782827758789062500e+01,8.404070281982421875e+01,1.007183456420898438e+02,1.086813354492187500e+02,1.075967864990234375e+02,1.237993011474609375e+02,1.308417663574218750e+02,1.272256393432617188e+02,1.168029098510742188e+02,1.048891906738281250e+02,1.103312911987304688e+02,1.201402587890625000e+02,1.215158157348632812e+02,1.296830902099609375e+02,1.387649536132812500e+02,1.460535888671875000e+02,1.521722412109375000e+02,1.619012145996093750e+02,1.657250061035156250e+02,1.640365905761718750e+02,1.622138671875000000e+02,1.431845092773437500e+02,1.286601562500000000e+02,1.099468231201171875e+02,1.077638626098632812e+02,1.144350280761718750e+02,1.163330688476562500e+02,1.064083404541015625e+02,1.116905212402343750e+02,1.344209289550781250e+02,1.278433990478515625e+02,1.225279846191406250e+02,1.127526931762695312e+02,9.793679809570312500e+01,8.533270263671875000e+01,8.857363891601562500e+01,1.213828277587890625e+02,1.299489746093750000e+02,1.112542419433593750e+02,1.003647460937500000e+02,1.058833007812500000e+02,1.080610198974609375e+02,1.108576202392578125e+02,1.134419708251953125e+02,1.155298614501953125e+02,1.303290710449218750e+02,1.433107299804687500e+02,1.531840515136718750e+02,1.630197448730468750e+02,1.576321105957031250e+02,1.445759582519531250e+02,1.455320434570312500e+02,1.516161193847656250e+02,1.466587219238281250e+02,1.153283309936523438e+02,9.325149536132812500e+01,8.972132873535156250e+01,9.104243469238281250e+01,7.626473999023437500e+01,8.004420471191406250e+01,1.305174407958984375e+02,1.606290588378906250e+02,1.647507171630859375e+02,1.604555664062500000e+02,1.506030273437500000e+02,1.445396728515625000e+02,1.261364593505859375e+02,1.161852340698242188e+02,1.137631530761718750e+02,1.366955566406250000e+02,1.457589111328125000e+02,1.418945617675781250e+02,1.226732330322265625e+02,1.059885559082031250e+02,1.032711105346679688e+02,1.104990539550781250e+02,1.224958190917968750e+02,1.290306243896484375e+02,1.476608734130859375e+02,1.672849731445312500e+02,1.651558837890625000e+02,1.603070068359375000e+02,1.604788818359375000e+02,1.707767333984375000e+02,1.656415405273437500e+02,1.547023773193359375e+02,1.460355224609375000e+02,1.243024902343750000e+02,1.206935653686523438e+02,1.238293151855468750e+02,1.303132019042968750e+02,1.363233947753906250e+02,1.390756225585937500e+02,1.378362121582031250e+02,1.312679138183593750e+02,1.212149276733398438e+02,1.142715759277343750e+02,1.085253601074218750e+02,1.033774337768554688e+02,1.004327545166015625e+02,9.519629669189453125e+01,8.937095642089843750e+01,8.944735717773437500e+01,8.568209838867187500e+01,8.081638336181640625e+01,8.073397827148437500e+01,8.277937316894531250e+01,7.866136932373046875e+01,7.591290283203125000e+01,7.647315979003906250e+01,7.568817138671875000e+01,7.578495788574218750e+01,7.376591491699218750e+01,7.142118835449218750e+01,7.052572631835937500e+01,6.624925231933593750e+01,6.325411224365234375e+01,6.112471008300781250e+01,5.587782287597656250e+01,3.903528594970703125e+01,3.592025375366210938e+01,3.149995803833007812e+01,4.004098892211914062e+01,5.244968414306640625e+01,4.996553802490234375e+01,5.301922225952148438e+01,5.769911956787109375e+01,5.593572616577148438e+01,5.936656188964843750e+01,5.981823348999023438e+01,5.822492980957031250e+01,6.157160186767578125e+01,6.067167282104492188e+01,5.894260406494140625e+01,6.984751892089843750e+01,1.162663726806640625e+02,1.164792022705078125e+02,1.125291748046875000e+02,1.196851196289062500e+02,1.251979675292968750e+02,1.083817138671875000e+02,1.049075546264648438e+02,8.870005798339843750e+01,8.143925476074218750e+01,6.942988586425781250e+01,5.432960510253906250e+01,4.752172851562500000e+01,4.911051559448242188e+01,7.215689086914062500e+01,1.085835113525390625e+02,9.523311614990234375e+01,9.123484802246093750e+01,9.912414550781250000e+01,1.000791015625000000e+02,1.000035324096679688e+02,1.079183654785156250e+02,1.186336822509765625e+02,1.053095626831054688e+02,7.969064331054687500e+01,6.509852600097656250e+01,6.077439117431640625e+01,6.344557952880859375e+01,6.342842864990234375e+01,5.338831710815429688e+01,6.325625991821289062e+01,7.825712585449218750e+01,8.888889312744140625e+01,1.022600860595703125e+02,7.141313171386718750e+01,5.837186050415039062e+01,6.852409362792968750e+01,7.807172393798828125e+01,7.220478820800781250e+01,6.489434814453125000e+01,6.688503265380859375e+01,7.192914581298828125e+01,9.409712219238281250e+01,1.256128387451171875e+02,1.439235534667968750e+02,1.500703582763671875e+02,1.498202209472656250e+02,1.533189697265625000e+02,1.519518432617187500e+02,1.335798645019531250e+02,1.353078918457031250e+02,1.478823089599609375e+02,1.467816925048828125e+02,1.356818847656250000e+02,1.360325317382812500e+02,1.295035705566406250e+02,1.210000457763671875e+02,1.194815368652343750e+02,1.296218414306640625e+02,1.433324584960937500e+02,1.405466308593750000e+02,1.395048522949218750e+02,1.393782348632812500e+02,1.374549560546875000e+02,1.355674438476562500e+02,1.316023254394531250e+02,1.502665863037109375e+02,1.581281127929687500e+02,1.539923095703125000e+02,1.470334167480468750e+02,1.464328765869140625e+02,1.492307739257812500e+02,1.496947784423828125e+02,1.529374694824218750e+02,1.539752349853515625e+02,1.469176025390625000e+02,1.333477172851562500e+02,1.082011032104492188e+02,4.929640579223632812e+01,2.483329391479492188e+01,8.798745155334472656e+00,7.583969116210937500e+00,2.357779979705810547e+00,-6.839097023010253906e+00,-1.647224044799804688e+01,-1.338007831573486328e+01,2.478215694427490234e+00,3.530915069580078125e+01,4.634757995605468750e+01,4.428038787841796875e+01,4.879233169555664062e+01,5.596062088012695312e+01,5.239817047119140625e+01,5.171135330200195312e+01,5.448501586914062500e+01,5.457334136962890625e+01,5.200643157958984375e+01,5.329746246337890625e+01,5.872584533691406250e+01,5.996535110473632812e+01,5.576116943359375000e+01,6.035087585449218750e+01,6.559532165527343750e+01,6.452137756347656250e+01,6.060837936401367188e+01,5.535308837890625000e+01,6.014457702636718750e+01,6.303831481933593750e+01,5.953130722045898438e+01,6.058277130126953125e+01,5.788782501220703125e+01,6.158514404296875000e+01,6.137331390380859375e+01,5.883176803588867188e+01,5.594105529785156250e+01,5.850563430786132812e+01,6.107448577880859375e+01,6.324835586547851562e+01,4.766403198242187500e+01,2.815301132202148438e+01,4.808677673339843750e+01,9.175132751464843750e+01,1.128491058349609375e+02,1.143462829589843750e+02,1.340393371582031250e+02,1.579098510742187500e+02,1.480220947265625000e+02,1.264920959472656250e+02,1.215182342529296875e+02,1.280163116455078125e+02,1.352184143066406250e+02,1.462514953613281250e+02,1.287930145263671875e+02,1.065727233886718750e+02,9.566880798339843750e+01,8.688983154296875000e+01,8.773294067382812500e+01,8.681208801269531250e+01,8.199456787109375000e+01,6.720760345458984375e+01,4.918423461914062500e+01,3.488083648681640625e+01,2.362337875366210938e+01,2.079683685302734375e+01,5.629434204101562500e+01,1.270740203857421875e+02,1.422911682128906250e+02,1.251218414306640625e+02,1.278038177490234375e+02,1.236320800781250000e+02,1.083680267333984375e+02,9.508378601074218750e+01,9.720906829833984375e+01,1.024928436279296875e+02,1.060449523925781250e+02,1.008397216796875000e+02,9.480267333984375000e+01,8.385942077636718750e+01,6.833554840087890625e+01,5.926309204101562500e+01,6.440285491943359375e+01,6.719708251953125000e+01,7.655087280273437500e+01,1.008687896728515625e+02,1.291318664550781250e+02,1.361475982666015625e+02,1.365932006835937500e+02,1.315021362304687500e+02,1.265537338256835938e+02,1.226729431152343750e+02,1.209107055664062500e+02,1.242658462524414062e+02,1.233293457031250000e+02,1.232988281250000000e+02,1.149876708984375000e+02,1.050119018554687500e+02,1.008616943359375000e+02,9.532837677001953125e+01,9.419487762451171875e+01,9.308746337890625000e+01,9.286714172363281250e+01,9.109447479248046875e+01,8.140653228759765625e+01,7.575976562500000000e+01,7.328341674804687500e+01,7.457131958007812500e+01,9.635956573486328125e+01,1.115600433349609375e+02,1.219309387207031250e+02,1.276639633178710938e+02,1.235912628173828125e+02,1.335215301513671875e+02,1.483862304687500000e+02,1.397467193603515625e+02,1.024163970947265625e+02,1.095682144165039062e+02,1.239270172119140625e+02,1.393563232421875000e+02,1.570135192871093750e+02,1.484286804199218750e+02,1.441046752929687500e+02,1.570408630371093750e+02,1.593101806640625000e+02,1.424792785644531250e+02,1.416900329589843750e+02,1.499870910644531250e+02,1.355887298583984375e+02,1.130257568359375000e+02,1.148928680419921875e+02,1.242487487792968750e+02,1.348400573730468750e+02,1.406465148925781250e+02,1.243471221923828125e+02,1.001218719482421875e+02,4.327140808105468750e+01,9.850944519042968750e+00,8.915903091430664062e+00,3.144665145874023438e+01,7.876261901855468750e+01,9.137988281250000000e+01,9.844977569580078125e+01,9.215904235839843750e+01,1.360817260742187500e+02,1.782708129882812500e+02,1.758665771484375000e+02,1.553764648437500000e+02,1.506132812500000000e+02,1.457053222656250000e+02,1.417719116210937500e+02,1.355848083496093750e+02,1.276326293945312500e+02,1.297107238769531250e+02,1.313158569335937500e+02,1.327919769287109375e+02,1.407440795898437500e+02,1.375468902587890625e+02,1.223232727050781250e+02,1.243729629516601562e+02,1.225875930786132812e+02,1.253675689697265625e+02,1.233178482055664062e+02,1.189065170288085938e+02,1.176103363037109375e+02,1.278681716918945312e+02,1.417715148925781250e+02,1.466488800048828125e+02,1.403947753906250000e+02,1.212125320434570312e+02,1.030975952148437500e+02,9.583282470703125000e+01,1.080566101074218750e+02,1.103439712524414062e+02,1.051519393920898438e+02,9.477753448486328125e+01,7.937009429931640625e+01,7.291085815429687500e+01,6.999302673339843750e+01,6.588504028320312500e+01,8.528047180175781250e+01,1.080242767333984375e+02,1.240848464965820312e+02,1.146478271484375000e+02,1.020399017333984375e+02,1.331420898437500000e+02,1.463002319335937500e+02,1.551874694824218750e+02,1.583628234863281250e+02,1.682183074951171875e+02,1.689982299804687500e+02,1.635234069824218750e+02,1.489199218750000000e+02,1.372714538574218750e+02,1.347181091308593750e+02,1.531806640625000000e+02,1.608745422363281250e+02,1.557199096679687500e+02,1.399929199218750000e+02,9.144906616210937500e+01,5.078359222412109375e+01,2.835890197753906250e+01,3.955984878540039062e+01,9.920077514648437500e+01,1.548387908935546875e+02,1.719349975585937500e+02,1.749645080566406250e+02,1.596132659912109375e+02,1.309715423583984375e+02,1.169813842773437500e+02,1.074143447875976562e+02,1.013265686035156250e+02,1.171208801269531250e+02,1.022614822387695312e+02,1.075069427490234375e+02,1.247958297729492188e+02,1.410188903808593750e+02,1.418431091308593750e+02,1.405900268554687500e+02,1.576761779785156250e+02,1.691705627441406250e+02,1.689275512695312500e+02,1.514112243652343750e+02,1.267512969970703125e+02,1.095783691406250000e+02,9.987052917480468750e+01,9.802637481689453125e+01,1.085615997314453125e+02,1.166358032226562500e+02,1.284854736328125000e+02,1.436307830810546875e+02,1.464289398193359375e+02,1.455412902832031250e+02,1.381105041503906250e+02,7.622458648681640625e+01,3.033801841735839844e+01,1.501443862915039062e+01,1.700802993774414062e+01,7.083038330078125000e+00,-5.000482559204101562e+00,5.513443946838378906e+00,4.129218292236328125e+01,5.938962554931640625e+01,1.011619033813476562e+02,1.301036834716796875e+02,1.286237487792968750e+02,1.168163452148437500e+02,1.178661499023437500e+02,1.230715484619140625e+02,1.036433410644531250e+02,1.043801727294921875e+02,1.085409851074218750e+02,1.011843719482421875e+02,1.006480560302734375e+02,1.199066543579101562e+02,1.248372344970703125e+02,1.114926147460937500e+02,9.804366302490234375e+01,9.782220458984375000e+01,1.030122909545898438e+02,6.910491943359375000e+01,4.692820739746093750e+01,4.316835021972656250e+01,3.409946441650390625e+01,3.220410919189453125e+01,4.290416336059570312e+01,9.686973571777343750e+01,1.600091552734375000e+02,1.693842163085937500e+02,1.596423034667968750e+02,1.514977111816406250e+02,1.531247863769531250e+02,1.554756317138671875e+02,1.571148986816406250e+02,1.650218200683593750e+02,1.716343994140625000e+02,1.657347412109375000e+02,1.560655212402343750e+02,1.480019836425781250e+02,1.400690612792968750e+02,1.302183837890625000e+02,1.227430267333984375e+02,1.101298751831054688e+02,1.101267318725585938e+02,1.265760192871093750e+02,1.359123229980468750e+02,1.318020629882812500e+02,1.270769958496093750e+02,1.325609741210937500e+02,1.311028289794921875e+02,1.229045410156250000e+02,1.200301513671875000e+02,1.224909896850585938e+02,1.436389160156250000e+02,1.552424926757812500e+02,1.504224700927734375e+02,1.456942291259765625e+02,1.496261596679687500e+02,1.524824829101562500e+02,1.492015380859375000e+02,1.351163024902343750e+02,1.335369262695312500e+02,1.286019592285156250e+02,1.257869415283203125e+02,1.324667663574218750e+02,1.362086791992187500e+02,1.381151275634765625e+02,1.345547027587890625e+02,1.323966064453125000e+02,1.419191589355468750e+02,1.455792236328125000e+02,1.460388488769531250e+02,1.342379455566406250e+02,1.248481903076171875e+02,1.241829376220703125e+02,1.251742401123046875e+02,1.112176208496093750e+02,1.161723098754882812e+02,1.363023681640625000e+02,1.575508422851562500e+02,1.708864746093750000e+02,1.618198394775390625e+02,1.521120910644531250e+02,1.335858459472656250e+02,1.216712951660156250e+02,1.233025360107421875e+02,1.228907928466796875e+02,1.326794281005859375e+02,1.312281188964843750e+02,1.220537872314453125e+02,1.063946990966796875e+02,1.040101165771484375e+02,1.065367813110351562e+02,1.061639404296875000e+02,1.052870407104492188e+02,1.091519699096679688e+02,9.859762573242187500e+01,9.509824371337890625e+01,9.231044006347656250e+01,8.623637390136718750e+01,8.159324645996093750e+01,6.705827331542968750e+01,6.542343902587890625e+01,7.039436340332031250e+01,6.643252563476562500e+01,6.085680770874023438e+01,6.460476684570312500e+01,6.790171813964843750e+01,6.526013946533203125e+01,6.472612762451171875e+01,6.687486267089843750e+01,6.634536743164062500e+01,6.974810791015625000e+01,7.212831878662109375e+01,6.104526901245117188e+01,5.348580932617187500e+01,3.973866653442382812e+01,1.783894348144531250e+01,5.912570190429687500e+01,1.069990005493164062e+02,1.248068542480468750e+02,1.501461181640625000e+02,1.551332855224609375e+02,1.233222961425781250e+02,6.590003967285156250e+01,3.327212524414062500e+01,3.256764984130859375e+01,4.116223144531250000e+01,6.795833587646484375e+01,9.831587219238281250e+01,1.073533325195312500e+02,1.110607147216796875e+02,1.067852325439453125e+02,9.892146301269531250e+01,1.042574005126953125e+02,1.205214157104492188e+02,1.368554077148437500e+02,1.348927917480468750e+02,1.321172485351562500e+02,9.281552124023437500e+01,6.911047363281250000e+01,6.010347747802734375e+01,6.038781738281250000e+01,6.041480255126953125e+01,8.150810241699218750e+01,1.168490524291992188e+02,1.349927978515625000e+02,1.357233581542968750e+02,1.364254760742187500e+02,1.522181091308593750e+02,1.528993377685546875e+02,1.397815551757812500e+02,1.428038635253906250e+02,1.545577392578125000e+02,1.595551605224609375e+02,1.557882690429687500e+02,1.416560974121093750e+02,1.374892578125000000e+02,1.391622619628906250e+02,1.559320831298828125e+02,1.695591583251953125e+02,1.685638427734375000e+02,1.639165954589843750e+02,1.525959472656250000e+02,1.427437133789062500e+02,1.293923950195312500e+02,1.279670104980468750e+02,1.330712585449218750e+02,1.317799987792968750e+02,1.362731933593750000e+02,1.411253356933593750e+02,1.339121398925781250e+02,1.167917861938476562e+02,1.082014923095703125e+02,1.150352478027343750e+02,1.035148925781250000e+02,9.468618011474609375e+01,1.002583465576171875e+02,1.372789764404296875e+02,1.560588836669921875e+02,1.535796508789062500e+02,1.447844238281250000e+02,1.406640625000000000e+02,1.239273071289062500e+02,1.266695938110351562e+02,1.416286926269531250e+02,1.349308471679687500e+02,6.971688842773437500e+01,1.534679794311523438e+01,2.378308773040771484e+00,7.541531562805175781e+00,1.022252845764160156e+01,2.817625284194946289e+00,5.194826889038085938e+01,1.206834640502929688e+02,1.471524200439453125e+02,1.470906066894531250e+02,1.410995025634765625e+02,1.280559234619140625e+02,1.242954711914062500e+02,1.338395690917968750e+02,1.258646316528320312e+02,1.239374084472656250e+02,1.338049468994140625e+02,1.265845489501953125e+02,1.066565551757812500e+02,8.252663421630859375e+01,6.567985534667968750e+01,5.262805938720703125e+01,5.404738616943359375e+01,7.409875488281250000e+01,1.027907867431640625e+02,1.275031890869140625e+02,1.471737365722656250e+02,1.442315673828125000e+02,1.366700744628906250e+02,1.326371917724609375e+02,1.283246459960937500e+02,1.292295989990234375e+02,1.257247009277343750e+02,1.212750015258789062e+02,1.227396087646484375e+02,1.175526885986328125e+02,1.172118988037109375e+02,1.169517364501953125e+02,1.074442825317382812e+02,1.053158340454101562e+02,1.191436843872070312e+02,1.322812500000000000e+02,1.301605834960937500e+02,1.304083709716796875e+02,1.180520172119140625e+02,1.082392272949218750e+02,8.597682189941406250e+01,7.342288208007812500e+01,1.202218322753906250e+02,1.446566467285156250e+02,1.462345275878906250e+02,1.365965423583984375e+02,1.240115661621093750e+02,1.242891921997070312e+02,1.221252365112304688e+02,1.189255599975585938e+02,1.141320343017578125e+02,1.023216857910156250e+02,9.027254486083984375e+01,8.473083496093750000e+01,8.627345275878906250e+01,8.158854675292968750e+01,7.897783660888671875e+01,7.665501403808593750e+01,7.209709167480468750e+01,6.972189331054687500e+01,6.415074920654296875e+01,6.106254577636718750e+01,5.841928100585937500e+01,5.729872131347656250e+01,5.487924194335937500e+01,5.717781448364257812e+01,6.351102447509765625e+01,6.151126861572265625e+01,5.901623535156250000e+01,6.618933868408203125e+01,7.084732055664062500e+01,6.869996643066406250e+01,1.044166564941406250e+02,1.246944732666015625e+02,1.292601623535156250e+02,1.278612594604492188e+02,1.368134155273437500e+02,1.502099914550781250e+02,1.529776306152343750e+02,1.519532775878906250e+02,1.558401336669921875e+02,1.679771881103515625e+02,1.598514099121093750e+02,1.110151290893554688e+02,6.868173980712890625e+01,5.796936798095703125e+01,8.111715698242187500e+01,1.172325592041015625e+02,1.303219909667968750e+02,1.203387908935546875e+02,1.157779083251953125e+02,1.363052368164062500e+02,1.537874450683593750e+02,1.357770385742187500e+02,1.137482604980468750e+02,1.033590850830078125e+02,1.005980224609375000e+02,9.345702362060546875e+01,7.984278869628906250e+01,8.425494384765625000e+01,1.070136337280273438e+02,1.354871368408203125e+02,1.459200897216796875e+02,1.504287109375000000e+02,1.400284576416015625e+02,1.246082229614257812e+02,1.215483856201171875e+02,1.112906341552734375e+02,9.491479492187500000e+01,8.336245727539062500e+01,6.734029388427734375e+01,9.087986755371093750e+01,9.677867889404296875e+01,7.671788024902343750e+01,2.857027053833007812e+01,-8.879369497299194336e-01,-3.307060241699218750e+00,2.925231933593750000e+00,9.523296356201171875e+00,6.743345642089843750e+01,1.273876266479492188e+02,1.256629104614257812e+02,1.219825210571289062e+02,1.342276306152343750e+02,1.360260620117187500e+02,1.284440002441406250e+02,1.134670257568359375e+02,9.271805572509765625e+01,1.044538726806640625e+02,1.257589874267578125e+02,1.363410949707031250e+02,1.287728271484375000e+02,1.147324523925781250e+02,1.027992477416992188e+02,9.719739532470703125e+01,9.781295776367187500e+01,9.909652709960937500e+01,9.739679718017578125e+01,9.467626190185546875e+01,8.867578125000000000e+01,8.074821472167968750e+01,7.830122375488281250e+01,7.789960479736328125e+01,6.584572601318359375e+01,4.731067276000976562e+01,5.024340820312500000e+01,6.671414184570312500e+01,6.218338775634765625e+01,5.588845825195312500e+01,5.481363296508789062e+01,5.514500427246093750e+01,5.947068023681640625e+01,6.189030838012695312e+01,6.194697570800781250e+01,6.335126495361328125e+01,6.661766052246093750e+01,6.355065155029296875e+01,5.907431030273437500e+01,6.199530029296875000e+01,5.791980743408203125e+01,4.035861206054687500e+01,2.501381111145019531e+01,5.662634277343750000e+01,5.825756835937500000e+01,5.671698760986328125e+01,8.072489929199218750e+01,1.142559204101562500e+02,1.296899566650390625e+02,1.276825866699218750e+02,1.395341796875000000e+02,1.425456848144531250e+02,1.338244934082031250e+02,1.318005676269531250e+02,1.319558868408203125e+02,1.252660369873046875e+02,9.646881866455078125e+01,6.422804260253906250e+01,6.325724029541015625e+01,8.897016906738281250e+01,1.290891113281250000e+02,1.458777008056640625e+02,1.342570190429687500e+02,1.182893829345703125e+02,8.725557708740234375e+01,7.313150024414062500e+01,6.897822570800781250e+01,7.237546539306640625e+01,7.999812316894531250e+01,1.041550445556640625e+02,1.166953277587890625e+02,1.104915466308593750e+02,1.129959487915039062e+02,1.057290649414062500e+02,1.012101135253906250e+02,1.101310272216796875e+02,1.267861633300781250e+02,1.320991516113281250e+02,1.371838073730468750e+02,1.324432678222656250e+02,1.288504486083984375e+02,1.297110595703125000e+02,1.286945800781250000e+02,1.228984298706054688e+02,1.262243957519531250e+02,1.358001403808593750e+02,1.410174865722656250e+02,1.461950225830078125e+02,1.423696594238281250e+02,1.384715576171875000e+02,1.370126342773437500e+02,1.359883117675781250e+02,1.410194091796875000e+02,1.381677856445312500e+02,1.401468505859375000e+02,1.521231689453125000e+02,1.560147094726562500e+02,1.455391845703125000e+02,1.346637115478515625e+02,1.300924072265625000e+02,1.256816711425781250e+02,1.159562606811523438e+02,1.105845489501953125e+02,1.145651550292968750e+02,1.105587158203125000e+02,8.343237304687500000e+01,8.935990142822265625e+01,1.203383636474609375e+02,1.183039779663085938e+02,1.230730590820312500e+02,1.409264678955078125e+02,1.162313690185546875e+02,9.040390014648437500e+01,7.039480590820312500e+01,6.896072387695312500e+01,8.699696350097656250e+01,1.089856719970703125e+02,1.056411285400390625e+02,1.220549774169921875e+02,1.412592315673828125e+02,1.477703857421875000e+02,1.431898193359375000e+02,1.280644836425781250e+02,1.006910171508789062e+02,4.881312179565429688e+01,2.194529724121093750e+01,5.680608749389648438e+01,1.074614715576171875e+02,1.301018981933593750e+02,1.148304672241210938e+02,8.620410919189453125e+01,7.100689697265625000e+01,7.517429351806640625e+01,9.510507202148437500e+01,8.238410186767578125e+01,2.910968017578125000e+01,-6.489892005920410156e+00,-1.345407843589782715e+00,7.352722930908203125e+01,1.132797088623046875e+02,1.141666259765625000e+02,1.217491760253906250e+02,1.268133544921875000e+02,1.185579681396484375e+02,1.063863067626953125e+02,9.617439270019531250e+01,1.079761810302734375e+02,1.066917419433593750e+02,8.273577117919921875e+01,5.193827056884765625e+01,5.049472045898437500e+01,6.567800903320312500e+01,8.375102233886718750e+01,8.691721343994140625e+01,1.002955169677734375e+02,1.266428375244140625e+02,1.475824279785156250e+02,1.458196411132812500e+02,8.669091033935546875e+01,3.577356719970703125e+01,1.580992889404296875e+01,4.122252464294433594e+00,-3.574726343154907227e+00,-7.839491844177246094e+00,6.848785400390625000e+01,1.439158782958984375e+02,1.528418121337890625e+02,1.433305358886718750e+02,1.459408569335937500e+02,1.547527770996093750e+02,1.515361328125000000e+02,1.332706451416015625e+02,1.231562042236328125e+02,1.291937408447265625e+02,1.174119262695312500e+02,1.237143096923828125e+02,1.262016220092773438e+02,9.774573516845703125e+01,8.315139770507812500e+01,8.248182678222656250e+01,9.384602355957031250e+01,1.124452514648437500e+02,1.128855133056640625e+02,1.008352661132812500e+02,9.838003540039062500e+01,8.426999664306640625e+01,7.655973815917968750e+01,7.463817596435546875e+01,6.572004699707031250e+01,6.062235260009765625e+01,5.221773910522460938e+01,4.906310272216796875e+01,7.483003234863281250e+01,6.718525695800781250e+01,5.622680664062500000e+01,4.227820587158203125e+01,2.586487054824829102e+00,-2.632773590087890625e+01,-3.239736557006835938e+01,-3.233986282348632812e+01,-2.601105117797851562e+01,-2.506964492797851562e+01,-3.120725250244140625e+01,-2.597039985656738281e+01,8.102716445922851562e+00,3.464318084716796875e+01,4.586863708496093750e+01,9.139157104492187500e+01,1.362200469970703125e+02,1.335157775878906250e+02,1.280767974853515625e+02,1.312933959960937500e+02,1.215332183837890625e+02,1.075577087402343750e+02,9.909001159667968750e+01,9.475167083740234375e+01,9.084087371826171875e+01,5.522529602050781250e+01,2.790969848632812500e+01,2.999451065063476562e+01,1.182908935546875000e+02,1.389292297363281250e+02,1.344087066650390625e+02,1.281428833007812500e+02,9.730447387695312500e+01,3.327295684814453125e+01,1.152963352203369141e+01,2.575825309753417969e+01,7.600965881347656250e+01,9.609390258789062500e+01,9.231442260742187500e+01,9.573716735839843750e+01,9.944213104248046875e+01,1.427567138671875000e+02,1.450645751953125000e+02,1.303472290039062500e+02,1.310785827636718750e+02,1.393732604980468750e+02,1.339623413085937500e+02,1.292973937988281250e+02,1.341592864990234375e+02,1.387674713134765625e+02,1.382692871093750000e+02,1.383421020507812500e+02,1.404285888671875000e+02,1.402456970214843750e+02,1.292176513671875000e+02,1.278438110351562500e+02,1.344554290771484375e+02,1.370833129882812500e+02,1.324679565429687500e+02,1.322115478515625000e+02,1.180161056518554688e+02,9.711756896972656250e+01,9.631636047363281250e+01,1.148769531250000000e+02,1.134326477050781250e+02,1.092274627685546875e+02,1.090496826171875000e+02,1.080769195556640625e+02,1.053004760742187500e+02,1.010350189208984375e+02,1.007883453369140625e+02,9.734922027587890625e+01,9.299544525146484375e+01,8.629125213623046875e+01,7.663609313964843750e+01,7.366652679443359375e+01,7.265250396728515625e+01,6.858717346191406250e+01,6.556761169433593750e+01,6.294435119628906250e+01,6.666331481933593750e+01,6.368678665161132812e+01,6.122486877441406250e+01,6.083321380615234375e+01,5.792082977294921875e+01,5.884527587890625000e+01,5.617376327514648438e+01,5.653569030761718750e+01,6.126200103759765625e+01,6.435607910156250000e+01,5.988801574707031250e+01,5.970210647583007812e+01,5.822849655151367188e+01,5.615324020385742188e+01,4.979887390136718750e+01,5.275241851806640625e+01,9.796316528320312500e+01,1.348906860351562500e+02,1.273724517822265625e+02,1.205466918945312500e+02,1.550834045410156250e+02,1.639357299804687500e+02,1.556473693847656250e+02,1.435580139160156250e+02,1.241791610717773438e+02,1.140989837646484375e+02,1.120612182617187500e+02,1.319891967773437500e+02,1.538994750976562500e+02,1.568861999511718750e+02,1.599616088867187500e+02,1.583486938476562500e+02,1.400303039550781250e+02,1.341796875000000000e+02,1.515170135498046875e+02,1.637424621582031250e+02,1.556887969970703125e+02,1.581662597656250000e+02,1.467114257812500000e+02,1.002164611816406250e+02,9.117821502685546875e+01,8.795547485351562500e+01,9.304109191894531250e+01,1.135218505859375000e+02,1.151316070556640625e+02,1.180343780517578125e+02,1.107969970703125000e+02,1.027555847167968750e+02,1.122770690917968750e+02,1.186305770874023438e+02,1.295110168457031250e+02,1.399504699707031250e+02,1.363325500488281250e+02,1.350644989013671875e+02,1.352936248779296875e+02,1.344216003417968750e+02,1.253061218261718750e+02,1.195984954833984375e+02,1.171955566406250000e+02,1.166945724487304688e+02,1.202404479980468750e+02,1.176275939941406250e+02,1.140602569580078125e+02,1.141374435424804688e+02,1.046072082519531250e+02,1.018270874023437500e+02,1.085956573486328125e+02,1.246023406982421875e+02,1.418625183105468750e+02,1.478973083496093750e+02,1.411808471679687500e+02,1.347789001464843750e+02,1.304728393554687500e+02,1.221375885009765625e+02,1.444682312011718750e+02,1.584989318847656250e+02,1.618251953125000000e+02,1.592174682617187500e+02,1.508075866699218750e+02,1.384099273681640625e+02,1.413871154785156250e+02,1.481754150390625000e+02,1.526202087402343750e+02,1.594216918945312500e+02,1.598855590820312500e+02,1.564028472900390625e+02,1.512466888427734375e+02,1.479338226318359375e+02,1.450833435058593750e+02,1.491000976562500000e+02,1.509035644531250000e+02,1.452673034667968750e+02,1.397608642578125000e+02,1.275953369140625000e+02,1.182126159667968750e+02,9.667529296875000000e+01,8.132014465332031250e+01,7.688447570800781250e+01,8.495642089843750000e+01,9.592993164062500000e+01,1.278658676147460938e+02,1.385144348144531250e+02,1.277854461669921875e+02,1.239868469238281250e+02,1.246900024414062500e+02,1.245099639892578125e+02,1.348242187500000000e+02,1.424666748046875000e+02,1.438104553222656250e+02,1.443042602539062500e+02,1.348495178222656250e+02,1.281174316406250000e+02,1.280131835937500000e+02,1.422459716796875000e+02,1.533328247070312500e+02,1.453552551269531250e+02,1.382237854003906250e+02,1.326738281250000000e+02,1.365876464843750000e+02,1.408022766113281250e+02,1.357337341308593750e+02,1.394892120361328125e+02,1.285771179199218750e+02,1.103570098876953125e+02,9.782022857666015625e+01,9.391844177246093750e+01,9.571139526367187500e+01,9.017013549804687500e+01,8.279890441894531250e+01,8.617907714843750000e+01,9.369007110595703125e+01,9.537810516357421875e+01,1.406811981201171875e+02,1.632005310058593750e+02,1.546442871093750000e+02,1.357342529296875000e+02,1.380917663574218750e+02,1.440660095214843750e+02,1.517082519531250000e+02,1.604124755859375000e+02,1.626324462890625000e+02,1.452438354492187500e+02,8.172977447509765625e+01,3.201378250122070312e+01,9.087056159973144531e+00,-7.293780326843261719e+00,-1.696661758422851562e+01,-2.128333282470703125e+01,-1.826945877075195312e+01,1.437689018249511719e+01,7.904678344726562500e+01,1.254208679199218750e+02,1.345647430419921875e+02,1.325413208007812500e+02,1.151827087402343750e+02,1.040170974731445312e+02,9.458619689941406250e+01,8.922446441650390625e+01,8.123976898193359375e+01,7.486745452880859375e+01,7.242121887207031250e+01,6.783525848388671875e+01,7.044034576416015625e+01,7.253120422363281250e+01,7.475840759277343750e+01,7.221434020996093750e+01,6.527630615234375000e+01,6.617422485351562500e+01,6.229745483398437500e+01,5.951397705078125000e+01,5.609571838378906250e+01,5.738298034667968750e+01,6.271520996093750000e+01,6.225235366821289062e+01,6.496466827392578125e+01,6.361257171630859375e+01,6.320068359375000000e+01,6.555080413818359375e+01,6.506278991699218750e+01,6.500770568847656250e+01,5.917655944824218750e+01,5.834204101562500000e+01,6.413732910156250000e+01,1.464234619140625000e+02,1.489749450683593750e+02,1.057689208984375000e+02,4.669822692871093750e+01,3.947711181640625000e+01,6.777760314941406250e+01,8.772826385498046875e+01,9.018574523925781250e+01,8.022357177734375000e+01,7.902232360839843750e+01,1.225234680175781250e+02,1.495193939208984375e+02,1.523578796386718750e+02,1.421327972412109375e+02,1.269934387207031250e+02,1.119129257202148438e+02,1.126992797851562500e+02,1.059685134887695312e+02,1.064758605957031250e+02,1.225072097778320312e+02,9.723173522949218750e+01,6.229724121093750000e+01,4.109836959838867188e+01,3.350203323364257812e+01,3.891065979003906250e+01,6.409013366699218750e+01,1.014219436645507812e+02,1.185547485351562500e+02,1.244569778442382812e+02,1.429284667968750000e+02,1.507672119140625000e+02,1.497423553466796875e+02,1.535684814453125000e+02,1.455989685058593750e+02,1.275827102661132812e+02,1.035344848632812500e+02,8.882011413574218750e+01,1.095669250488281250e+02,1.439114685058593750e+02,1.530327148437500000e+02,1.561293640136718750e+02,1.695011596679687500e+02,1.497918243408203125e+02,1.187943496704101562e+02,1.032861785888671875e+02,1.073838729858398438e+02,1.288934631347656250e+02,1.320617980957031250e+02,1.312400054931640625e+02,1.195117340087890625e+02,4.923737716674804688e+01,7.824386596679687500e+00,-3.665824413299560547e+00,1.049274635314941406e+01,2.425088500976562500e+01,7.578263854980468750e+01,1.068707504272460938e+02,9.549510192871093750e+01,9.795275878906250000e+01,1.194309387207031250e+02,1.295950622558593750e+02,1.461776428222656250e+02,1.715811767578125000e+02,1.762111206054687500e+02,1.689787902832031250e+02,1.569757690429687500e+02,1.520834503173828125e+02,1.488903656005859375e+02,1.459281921386718750e+02,1.428764190673828125e+02,1.385559692382812500e+02,1.290319824218750000e+02,1.156691436767578125e+02,1.071276779174804688e+02,1.079203796386718750e+02,1.051297454833984375e+02,1.009253997802734375e+02,9.794461059570312500e+01,9.518614196777343750e+01,9.226017761230468750e+01,9.055995178222656250e+01,8.662475585937500000e+01,8.225008392333984375e+01,8.161967468261718750e+01,8.084304809570312500e+01,7.565248107910156250e+01,7.652220153808593750e+01,7.491613769531250000e+01,7.445018005371093750e+01,7.315797424316406250e+01,7.143534851074218750e+01,6.870201110839843750e+01,6.720155334472656250e+01,6.830381011962890625e+01,6.688737487792968750e+01,6.414441680908203125e+01,6.636674499511718750e+01,6.420095825195312500e+01,5.761685943603515625e+01,5.696745300292968750e+01,1.212490768432617188e+02,1.377414855957031250e+02,1.327804565429687500e+02,1.286266479492187500e+02,1.242306213378906250e+02,1.328887329101562500e+02,1.433939666748046875e+02,1.266449050903320312e+02,1.329906463623046875e+02,1.533217468261718750e+02,1.657269439697265625e+02,1.735140533447265625e+02,1.733571777343750000e+02,1.719832763671875000e+02,1.616768798828125000e+02,1.504468994140625000e+02,1.583840942382812500e+02,1.602266387939453125e+02,1.437633056640625000e+02,1.259673309326171875e+02,1.252959594726562500e+02,1.329768066406250000e+02,1.433884887695312500e+02,1.552167053222656250e+02,1.410323791503906250e+02,8.328367614746093750e+01,3.538507843017578125e+01,6.673853874206542969e+00,2.708262920379638672e+00,2.770692062377929688e+01,9.949504089355468750e+01,1.372032775878906250e+02,1.382450408935546875e+02,1.407775878906250000e+02,1.283527832031250000e+02,1.400294494628906250e+02,1.496206359863281250e+02,1.545078430175781250e+02,1.549935150146484375e+02,1.492861022949218750e+02,1.460216064453125000e+02,1.472443237304687500e+02,1.333652954101562500e+02,1.302624816894531250e+02,1.254905929565429688e+02,1.046639633178710938e+02,8.322617340087890625e+01,1.158650207519531250e+02,1.319328613281250000e+02,1.351923522949218750e+02,1.253173217773437500e+02,1.140065155029296875e+02,9.908766174316406250e+01,9.103666687011718750e+01,8.925293731689453125e+01,1.371755371093750000e+02,1.616185607910156250e+02,1.664044189453125000e+02,1.688754425048828125e+02,1.678755187988281250e+02,1.675895690917968750e+02,1.661671295166015625e+02,1.672397003173828125e+02,1.558903961181640625e+02,1.490448760986328125e+02,1.426954650878906250e+02,1.402259368896484375e+02,1.307061157226562500e+02,1.301030120849609375e+02,1.403949279785156250e+02,1.309880981445312500e+02,1.068047637939453125e+02,9.199726867675781250e+01,8.399572753906250000e+01,7.736329650878906250e+01,7.476354217529296875e+01,8.964750671386718750e+01,9.594947052001953125e+01,9.188209533691406250e+01,8.766700744628906250e+01,8.451977539062500000e+01,8.779317474365234375e+01,8.382927703857421875e+01,8.151634216308593750e+01,8.081410980224609375e+01,8.186354064941406250e+01,7.695719146728515625e+01,7.577538299560546875e+01,7.507449340820312500e+01,7.265621948242187500e+01,6.881654357910156250e+01,7.135234069824218750e+01,7.192530822753906250e+01,6.956259918212890625e+01,7.267672729492187500e+01,7.129163360595703125e+01,6.629220581054687500e+01,6.161501693725585938e+01,8.297565460205078125e+01,1.488866882324218750e+02,1.540022583007812500e+02,1.516036071777343750e+02,1.524962768554687500e+02,1.383113098144531250e+02,1.238115081787109375e+02,1.231190109252929688e+02,1.418842163085937500e+02,1.577409820556640625e+02,1.541609802246093750e+02,1.418547363281250000e+02,1.286891784667968750e+02,1.144741210937500000e+02,1.045547943115234375e+02,1.080235519409179688e+02,1.262868347167968750e+02,1.468146972656250000e+02,1.308063049316406250e+02,1.059961242675781250e+02,8.927432250976562500e+01,8.420726776123046875e+01,7.368770599365234375e+01,7.488856506347656250e+01,8.503320312500000000e+01,9.664727020263671875e+01,1.079111099243164062e+02,1.085413360595703125e+02,1.127733764648437500e+02,1.077276611328125000e+02,1.059789886474609375e+02,1.098304290771484375e+02,1.218311462402343750e+02,1.256043243408203125e+02,1.207810668945312500e+02,1.170942840576171875e+02,1.020438995361328125e+02,4.600864410400390625e+01,4.518879699707031250e+01,5.622828292846679688e+01,5.457933044433593750e+01,5.667134857177734375e+01,5.522881317138671875e+01,6.657394409179687500e+01,8.123106384277343750e+01,1.057217254638671875e+02,1.367722473144531250e+02,1.506062469482421875e+02,1.619059448242187500e+02,1.678556060791015625e+02,1.659379882812500000e+02,1.671898803710937500e+02,1.577123107910156250e+02,1.342635192871093750e+02,1.203478088378906250e+02,1.229395294189453125e+02,1.182682647705078125e+02,1.054698333740234375e+02,9.547154998779296875e+01,1.054320831298828125e+02,1.100104064941406250e+02,1.067554779052734375e+02,1.031488876342773438e+02,1.012110748291015625e+02,8.965435791015625000e+01,6.395152282714843750e+01,5.052236938476562500e+01,5.873806762695312500e+01,7.653980255126953125e+01,9.727011108398437500e+01,1.071516418457031250e+02,1.094215087890625000e+02,1.242696533203125000e+02,1.092286529541015625e+02,1.184201354980468750e+02,1.350026245117187500e+02,1.531318054199218750e+02,1.669167175292968750e+02,1.677368621826171875e+02,1.709191284179687500e+02,1.730661621093750000e+02,1.679898071289062500e+02,1.595044555664062500e+02,1.379983825683593750e+02,1.240409774780273438e+02,1.151298446655273438e+02,9.335451507568359375e+01,6.588940429687500000e+01,5.261252212524414062e+01,6.898083496093750000e+01,1.023307952880859375e+02,1.029639892578125000e+02,9.218392944335937500e+01,9.059782409667968750e+01,1.104250793457031250e+02,1.069288177490234375e+02,7.280439758300781250e+01,7.360866546630859375e+01,8.529049682617187500e+01,9.046836090087890625e+01,5.355397796630859375e+01,1.584604835510253906e+01,5.875544071197509766e+00,4.792778968811035156e+00,6.076797246932983398e-01,-3.037565231323242188e+00,-2.617678165435791016e+00,-1.479196739196777344e+01,-1.565315055847167969e+01,6.616760253906250000e+01,1.088061065673828125e+02,9.526489257812500000e+01,8.070503234863281250e+01,7.328888702392578125e+01,6.981745910644531250e+01,7.945803833007812500e+01,7.239270782470703125e+01,4.503189849853515625e+01,2.806040573120117188e+01,2.528878211975097656e+01,3.968134307861328125e+01,5.451748275756835938e+01,7.091764831542968750e+01,6.731141662597656250e+01,6.598103332519531250e+01,6.520462036132812500e+01,7.186772155761718750e+01,8.227378845214843750e+01,9.053963470458984375e+01,1.074410934448242188e+02,1.287306976318359375e+02,1.403690643310546875e+02,1.395945739746093750e+02,1.360559387207031250e+02,1.409981994628906250e+02,1.503722076416015625e+02,1.509123687744140625e+02,1.526451110839843750e+02,1.529857025146484375e+02,1.322066040039062500e+02,1.233099594116210938e+02,1.233387603759765625e+02,1.291103210449218750e+02,1.411570129394531250e+02,1.421472778320312500e+02,1.407463378906250000e+02,1.378037414550781250e+02,1.408705596923828125e+02,1.417644958496093750e+02,1.395292358398437500e+02,1.414236602783203125e+02,1.439905700683593750e+02,1.472648468017578125e+02,1.551626586914062500e+02,1.494243774414062500e+02,1.402800292968750000e+02,1.323533020019531250e+02,1.219843215942382812e+02,1.066173553466796875e+02,5.217349243164062500e+01,5.339418792724609375e+01,7.959230041503906250e+01,9.677589416503906250e+01,1.025602722167968750e+02,1.112552719116210938e+02,1.170609741210937500e+02,1.136116485595703125e+02,1.086981048583984375e+02,1.048200378417968750e+02,9.469343566894531250e+01,8.801950073242187500e+01,7.729023742675781250e+01,7.889001464843750000e+01,9.430517578125000000e+01,1.130522689819335938e+02,1.247145996093750000e+02,1.319613342285156250e+02,1.155301513671875000e+02,1.104538192749023438e+02,1.229613876342773438e+02,1.165756683349609375e+02,1.044596862792968750e+02,1.043491897583007812e+02,1.025954132080078125e+02,9.811073303222656250e+01,9.220411682128906250e+01,8.542768859863281250e+01,8.152314758300781250e+01,8.503735351562500000e+01,8.184371948242187500e+01,8.045358276367187500e+01,7.243653869628906250e+01,7.134238433837890625e+01,7.170069885253906250e+01,7.514077758789062500e+01,7.481224060058593750e+01,6.916790008544921875e+01,6.234810638427734375e+01,6.254319381713867188e+01,6.261363220214843750e+01,6.006343841552734375e+01,5.484114074707031250e+01,5.971026611328125000e+01,7.304035186767578125e+01,1.176886901855468750e+02,1.239112319946289062e+02,1.311039733886718750e+02,1.357044372558593750e+02,1.324778289794921875e+02,1.363159027099609375e+02,1.519691162109375000e+02,1.619670104980468750e+02,1.547702026367187500e+02,1.455772705078125000e+02,1.397135009765625000e+02,1.436767883300781250e+02,1.387183837890625000e+02,1.353943786621093750e+02,1.506670532226562500e+02,1.700645904541015625e+02,1.215040893554687500e+02,5.195703506469726562e+01,3.582984924316406250e+01,2.641922760009765625e+01,1.783399391174316406e+01,1.371572589874267578e+01,8.538607597351074219e+00,1.165284633636474609e+00,6.192203140258789062e+01,1.139121704101562500e+02,1.311557922363281250e+02,1.297039489746093750e+02,1.316834106445312500e+02,1.327390441894531250e+02,1.302613220214843750e+02,1.255240783691406250e+02,1.166427307128906250e+02,1.179335021972656250e+02,1.373743591308593750e+02,1.321244201660156250e+02,6.744984436035156250e+01,1.621034622192382812e+01,-6.964656829833984375e+00,-1.052745819091796875e+01,-1.092315769195556641e+01,3.114963912963867188e+01,1.227199020385742188e+02,1.491956939697265625e+02,1.443940734863281250e+02,1.359789581298828125e+02,1.377706298828125000e+02,1.529356384277343750e+02,1.552251586914062500e+02,1.555615539550781250e+02,1.540457763671875000e+02,1.447821807861328125e+02,1.412586059570312500e+02,1.394173583984375000e+02,1.302069091796875000e+02,1.258936920166015625e+02,1.186632995605468750e+02,1.102852630615234375e+02,9.725695800781250000e+01,9.679885864257812500e+01,1.252977294921875000e+02,1.359454193115234375e+02,1.453270568847656250e+02,1.581014099121093750e+02,1.637464294433593750e+02,1.569446716308593750e+02,1.439486999511718750e+02,1.348678894042968750e+02,1.220984954833984375e+02,1.357480926513671875e+02,1.522409667968750000e+02,1.495464172363281250e+02,1.434045562744140625e+02,1.329753417968750000e+02,1.346533508300781250e+02,1.309358825683593750e+02,1.258988647460937500e+02,1.318644561767578125e+02,1.197967300415039062e+02,1.036611022949218750e+02,1.073748474121093750e+02,8.676490783691406250e+01,6.202531051635742188e+01,9.208942413330078125e+01,1.388549804687500000e+02,1.565889892578125000e+02,1.570678863525390625e+02,1.481267700195312500e+02,1.450506286621093750e+02,1.478446350097656250e+02,1.582758026123046875e+02,1.663102569580078125e+02,1.584760131835937500e+02,1.424185180664062500e+02,8.062252807617187500e+01,4.333793640136718750e+01,6.451170349121093750e+01,9.782798767089843750e+01,9.378550720214843750e+01,9.576583862304687500e+01,1.049304656982421875e+02,1.028722000122070312e+02,5.920630264282226562e+01,4.740026092529296875e+01,6.135252761840820312e+01,8.115251922607421875e+01,7.455307769775390625e+01,7.166024780273437500e+01,7.080950927734375000e+01,6.401403045654296875e+01,6.670324707031250000e+01,6.545671844482421875e+01,6.665867614746093750e+01,6.903393554687500000e+01,6.289983749389648438e+01,5.383472061157226562e+01,5.480084228515625000e+01,6.498245239257812500e+01,6.573783874511718750e+01,5.766016006469726562e+01,6.041506958007812500e+01,1.001735992431640625e+02,1.016379089355468750e+02,9.941963195800781250e+01,1.201147460937500000e+02,1.379715270996093750e+02,1.336508636474609375e+02,1.525005645751953125e+02,1.471665039062500000e+02,1.345072937011718750e+02,1.130131072998046875e+02,1.159150238037109375e+02,1.315660705566406250e+02,1.353363952636718750e+02,1.320904235839843750e+02,1.169398803710937500e+02,8.641481018066406250e+01,6.192852020263671875e+01,5.397204971313476562e+01,5.819663238525390625e+01,6.819822692871093750e+01,9.368372344970703125e+01,1.229220886230468750e+02,1.346150665283203125e+02,1.285416564941406250e+02,1.085860595703125000e+02,9.021247863769531250e+01,7.643445587158203125e+01,7.982874298095703125e+01,9.614231872558593750e+01,1.185913543701171875e+02,1.308771057128906250e+02,1.230472259521484375e+02,1.178526306152343750e+02,1.227571716308593750e+02,1.321967315673828125e+02,1.471748809814453125e+02,1.554949035644531250e+02,1.480827941894531250e+02,1.164782943725585938e+02,7.013428497314453125e+01,5.492333984375000000e+01,5.142755126953125000e+01,5.229799270629882812e+01,5.916281890869140625e+01,1.121675567626953125e+02,1.363333892822265625e+02,1.262168579101562500e+02,1.240961380004882812e+02,1.137038574218750000e+02,1.242612686157226562e+02,1.450923767089843750e+02,1.519205017089843750e+02,1.481486206054687500e+02,1.310408172607421875e+02,1.100254669189453125e+02,9.825167846679687500e+01,1.011750640869140625e+02,1.062909851074218750e+02,1.053168334960937500e+02,1.035161056518554688e+02,1.084393234252929688e+02,1.180663604736328125e+02,1.217348175048828125e+02,1.247399902343750000e+02,1.320327606201171875e+02,1.370373382568359375e+02,1.381755065917968750e+02,1.342717590332031250e+02,1.231835021972656250e+02,1.094051971435546875e+02,9.698332977294921875e+01,9.076874542236328125e+01,9.677311706542968750e+01,9.457192993164062500e+01,8.275844573974609375e+01,8.400370788574218750e+01,1.120653228759765625e+02,1.309688415527343750e+02,1.319073791503906250e+02,1.211599273681640625e+02,1.129008636474609375e+02,1.026691741943359375e+02,9.476198577880859375e+01,7.592857360839843750e+01,6.219691848754882812e+01,5.884125518798828125e+01,5.440473175048828125e+01,4.510486602783203125e+01,3.399437713623046875e+01,3.315042114257812500e+01,4.053801345825195312e+01,3.900841522216796875e+01,4.038415145874023438e+01,4.764995956420898438e+01,5.256763458251953125e+01,5.677609252929687500e+01,6.293945312500000000e+01,5.980459976196289062e+01,6.267841339111328125e+01,6.202520751953125000e+01,5.302677154541015625e+01,5.133742904663085938e+01,4.996744537353515625e+01,5.138894653320312500e+01,5.181256103515625000e+01,4.657228088378906250e+01,4.356973266601562500e+01,4.018297576904296875e+01,4.107924652099609375e+01,3.638158035278320312e+01,2.478883934020996094e+01,2.598476791381835938e+01,4.213054656982421875e+01,5.617708206176757812e+01,5.908001708984375000e+01,5.262215423583984375e+01,5.153752899169921875e+01,1.121351165771484375e+02,1.366032409667968750e+02,1.364679565429687500e+02,1.206150970458984375e+02,1.049745559692382812e+02,8.579725646972656250e+01,1.017806701660156250e+02,1.379501953125000000e+02,1.528746643066406250e+02,1.572082214355468750e+02,1.574338378906250000e+02,1.377694091796875000e+02,9.261701965332031250e+01,6.294493103027343750e+01,5.053225708007812500e+01,4.997838973999023438e+01,4.911411285400390625e+01,4.751422882080078125e+01,9.550010681152343750e+01,1.321096496582031250e+02,1.253714141845703125e+02,1.210065307617187500e+02,1.240579223632812500e+02,1.141937561035156250e+02,1.097796096801757812e+02,8.533128356933593750e+01,6.996737670898437500e+01,6.618890380859375000e+01,6.860150909423828125e+01,8.256787109375000000e+01,1.062117462158203125e+02,1.302856597900390625e+02,1.357345123291015625e+02,1.341768188476562500e+02,1.334104919433593750e+02,1.270929031372070312e+02,1.211147460937500000e+02,1.286604309082031250e+02,1.281108703613281250e+02,1.212472381591796875e+02,1.146264801025390625e+02,1.221087341308593750e+02,1.374302673339843750e+02,1.608291778564453125e+02,1.620127258300781250e+02,1.455462341308593750e+02,1.499990539550781250e+02,1.513482666015625000e+02,1.412603759765625000e+02,1.275608520507812500e+02,1.247658233642578125e+02,1.428261413574218750e+02,1.495379638671875000e+02,1.382614440917968750e+02,1.215762252807617188e+02,1.241108703613281250e+02,1.230251617431640625e+02,1.157327804565429688e+02,9.960839843750000000e+01,8.229343414306640625e+01,6.675051879882812500e+01,6.617660522460937500e+01,7.638771057128906250e+01,8.728697204589843750e+01,5.009865951538085938e+01,2.252643585205078125e+01,1.692719841003417969e+01,5.136927032470703125e+01,8.895378112792968750e+01,9.463324737548828125e+01,7.998979187011718750e+01,7.476039886474609375e+01,8.846365356445312500e+01,7.645715332031250000e+01,8.453054046630859375e+01,1.079313278198242188e+02,1.297058868408203125e+02,1.291985015869140625e+02,1.284494628906250000e+02,1.362489166259765625e+02,1.333745574951171875e+02,1.306105041503906250e+02,1.460766601562500000e+02,1.440494079589843750e+02,1.367491760253906250e+02,1.169323577880859375e+02,9.051261901855468750e+01,7.648623657226562500e+01,8.692942810058593750e+01,1.140891723632812500e+02,1.139561309814453125e+02,9.367201995849609375e+01,7.284813690185546875e+01,4.970057296752929688e+01,3.261832809448242188e+01,3.123103904724121094e+01,5.605044555664062500e+01,7.651039886474609375e+01,7.052518463134765625e+01,6.287743377685546875e+01,5.963765335083007812e+01,7.056504821777343750e+01,9.053501129150390625e+01,9.583497619628906250e+01,5.181287765502929688e+01,2.708700561523437500e+01,2.685858154296875000e+01,7.275563049316406250e+01,9.439401245117187500e+01,8.577859497070312500e+01,8.183568572998046875e+01,7.293862915039062500e+01,3.640146636962890625e+01,1.192490577697753906e+01,4.676875591278076172e+00,1.339373874664306641e+01,6.652189636230468750e+01,1.164849166870117188e+02,1.316370239257812500e+02,1.324835205078125000e+02,1.334701843261718750e+02,1.326419219970703125e+02,1.362747192382812500e+02,1.340543823242187500e+02,1.264360580444335938e+02,1.227868652343750000e+02,1.269871063232421875e+02,1.271830291748046875e+02,1.202300262451171875e+02,1.111579742431640625e+02,1.121785278320312500e+02,1.256387863159179688e+02,1.336168670654296875e+02,1.321443176269531250e+02,1.090955810546875000e+02,4.174732589721679688e+01,1.204016685485839844e+00,-6.204473495483398438e+00,-1.057451820373535156e+01,-9.086900711059570312e+00,-5.425012588500976562e+00,1.808470153808593750e+01,5.127181243896484375e+01,6.188625335693359375e+01,6.379992294311523438e+01,6.443113708496093750e+01,5.935553359985351562e+01,5.829719543457031250e+01,5.650780487060546875e+01,4.812845611572265625e+01,5.031605911254882812e+01,5.551524734497070312e+01,5.310121154785156250e+01,5.042343521118164062e+01,4.989072418212890625e+01,5.585375976562500000e+01,5.686309051513671875e+01,6.036562347412109375e+01,6.389034271240234375e+01,6.425034332275390625e+01,6.495986938476562500e+01,6.777873229980468750e+01,7.175239562988281250e+01,1.006742248535156250e+02,1.041004943847656250e+02,9.467257690429687500e+01,8.848613739013671875e+01,9.205470275878906250e+01,1.060244064331054688e+02,1.261493453979492188e+02,1.257714843750000000e+02,1.010400161743164062e+02,8.966421508789062500e+01,9.689744567871093750e+01,9.805744934082031250e+01,9.535363769531250000e+01,1.001183013916015625e+02,4.603421783447265625e+01,8.827682495117187500e+00,6.282195448875427246e-03,2.391247558593750000e+01,6.824544525146484375e+01,1.279459533691406250e+02,1.393965911865234375e+02,1.402961425781250000e+02,1.398173828125000000e+02,1.296177062988281250e+02,1.213888244628906250e+02,1.245098114013671875e+02,1.236427917480468750e+02,1.202048416137695312e+02,1.189350280761718750e+02,1.204784774780273438e+02,1.139374008178710938e+02,6.560766601562500000e+01,2.129805374145507812e+01,3.539203107357025146e-01,4.590071868896484375e+01,8.557972717285156250e+01,8.803637695312500000e+01,9.583520507812500000e+01,7.926449584960937500e+01,4.991749572753906250e+01,3.227365112304687500e+01,3.857089233398437500e+01,4.974781417846679688e+01,7.279298400878906250e+01,9.998931884765625000e+01,1.126298065185546875e+02,1.189061584472656250e+02,1.299527587890625000e+02,1.318955993652343750e+02,1.169423599243164062e+02,1.166526489257812500e+02,1.090506744384765625e+02,9.546696472167968750e+01,6.544182586669921875e+01,3.142755508422851562e+01,1.642473983764648438e+01,1.775883102416992188e+01,4.078970336914062500e+01,1.020862274169921875e+02,1.243893585205078125e+02,1.209329147338867188e+02,1.167914199829101562e+02,1.161495971679687500e+02,6.243617248535156250e+01,6.643659591674804688e+00,-9.617097854614257812e+00,-7.285321235656738281e+00,-2.499615669250488281e+00,3.369089841842651367e+00,6.012866973876953125e+01,1.254008483886718750e+02,1.550386505126953125e+02,1.519462585449218750e+02,1.522096862792968750e+02,1.491562805175781250e+02,1.399512176513671875e+02,1.326514739990234375e+02,1.241109313964843750e+02,9.965557861328125000e+01,8.817325592041015625e+01,1.007457046508789062e+02,1.086048278808593750e+02,1.110826339721679688e+02,1.120190429687500000e+02,1.097856521606445312e+02,1.136120452880859375e+02,1.182698059082031250e+02,1.319015502929687500e+02,1.313130798339843750e+02,1.395448608398437500e+02,1.454788208007812500e+02,1.520608825683593750e+02,1.530769958496093750e+02,1.434744110107421875e+02,1.337406616210937500e+02,1.218358078002929688e+02,1.206515426635742188e+02,1.223477706909179688e+02,1.061239166259765625e+02,1.154245681762695312e+02,1.443226928710937500e+02,1.510912475585937500e+02,1.355964965820312500e+02,1.257999877929687500e+02,1.115194854736328125e+02,1.004874572753906250e+02,9.936228942871093750e+01,1.204857635498046875e+02,1.414716949462890625e+02,1.185604629516601562e+02,9.078675079345703125e+01,7.612640380859375000e+01,5.319979858398437500e+01,5.025771331787109375e+01,5.726107406616210938e+01,9.082643127441406250e+01,1.136234436035156250e+02,1.206345367431640625e+02,1.166586914062500000e+02,1.039666366577148438e+02,1.038558959960937500e+02,1.093119964599609375e+02,1.126298675537109375e+02,1.009312133789062500e+02,9.023405456542968750e+01,9.038493347167968750e+01,7.667324829101562500e+01,3.047319793701171875e+01,1.096981906890869141e+01,5.232112884521484375e+00,-8.945692062377929688e+00,-9.900313377380371094e+00,-1.353395938873291016e+01,-1.000656795501708984e+01,1.589121460914611816e+00,2.753553581237792969e+01,5.341053771972656250e+01,6.317012023925781250e+01,5.998070526123046875e+01,5.690578460693359375e+01,5.608393096923828125e+01,5.630116653442382812e+01,5.924556732177734375e+01,6.388912963867187500e+01,6.560823822021484375e+01,1.005462188720703125e+02,1.374909973144531250e+02,1.586946716308593750e+02,1.420596618652343750e+02,1.300406494140625000e+02,1.140666351318359375e+02,9.923025512695312500e+01,1.007792358398437500e+02,1.161095275878906250e+02,1.333470306396484375e+02,1.649730682373046875e+02,1.781183471679687500e+02,1.803524475097656250e+02,1.719423217773437500e+02,1.623365783691406250e+02,1.529647674560546875e+02,1.404729309082031250e+02,1.346361694335937500e+02,1.354639739990234375e+02,8.350045776367187500e+01,4.148693084716796875e+01,2.268995285034179688e+01,2.695745468139648438e+01,3.701755142211914062e+01,4.354137420654296875e+01,4.561846160888671875e+01,5.086627960205078125e+01,4.511342620849609375e+01,3.383122253417968750e+01,3.258055114746093750e+01,3.323330688476562500e+01,3.434934234619140625e+01,3.611565399169921875e+01,3.496768951416015625e+01,3.058610153198242188e+01,3.285148239135742188e+01,3.800595855712890625e+01,3.638481140136718750e+01,4.483763885498046875e+01,4.587915039062500000e+01,4.916109085083007812e+01,5.283801269531250000e+01,5.173124313354492188e+01,5.322793197631835938e+01,5.179663848876953125e+01,5.224876403808593750e+01,1.048641204833984375e+02,1.322113647460937500e+02,1.277559204101562500e+02,1.301924743652343750e+02,1.445146636962890625e+02,1.426200866699218750e+02,1.264036178588867188e+02,1.365889892578125000e+02,1.256986007690429688e+02,1.152010269165039062e+02,1.291000366210937500e+02,1.407103576660156250e+02,1.340270080566406250e+02,1.408373565673828125e+02,1.312508850097656250e+02,1.263538665771484375e+02,1.271738281250000000e+02,1.320305175781250000e+02,1.334331665039062500e+02,1.400645599365234375e+02,1.432547302246093750e+02,1.364081420898437500e+02,1.340794372558593750e+02,1.295017395019531250e+02,1.311479949951171875e+02,1.400260162353515625e+02,1.441318969726562500e+02,1.465603637695312500e+02,1.529447021484375000e+02,1.466767578125000000e+02,1.352290649414062500e+02,1.414479064941406250e+02,1.483020019531250000e+02,1.422979431152343750e+02,1.226120300292968750e+02,1.095883941650390625e+02,1.074113159179687500e+02,1.096101684570312500e+02,1.073141555786132812e+02,1.050078735351562500e+02,9.291880035400390625e+01,9.154257202148437500e+01,1.008870239257812500e+02,1.065565338134765625e+02,1.128377075195312500e+02,1.244765472412109375e+02,1.303603515625000000e+02,1.218447113037109375e+02,1.126885604858398438e+02,1.093822784423828125e+02,1.151495208740234375e+02,1.424772033691406250e+02,1.527592468261718750e+02,1.376757812500000000e+02,1.214940948486328125e+02,1.225201110839843750e+02,1.232036590576171875e+02,1.268254852294921875e+02,1.322826385498046875e+02,1.348495788574218750e+02,1.099441375732421875e+02,1.067782974243164062e+02,1.212935028076171875e+02,1.434463348388671875e+02,1.471356201171875000e+02,1.200156631469726562e+02,1.106814270019531250e+02,8.291952514648437500e+01,4.929014587402343750e+01,3.810483169555664062e+01,2.977288627624511719e+01,2.407780265808105469e+01,3.945696258544921875e+01,6.408586120605468750e+01,6.129629516601562500e+01,8.506768035888671875e+01,1.155418167114257812e+02,1.268547286987304688e+02,1.388863525390625000e+02,1.416886138916015625e+02,1.316295166015625000e+02,1.319310455322265625e+02,1.372003784179687500e+02,1.468406066894531250e+02,1.518861694335937500e+02,1.405972595214843750e+02,1.215199050903320312e+02,1.225688629150390625e+02,1.230687713623046875e+02,1.130232543945312500e+02,9.844539642333984375e+01,7.861735534667968750e+01,6.917853546142578125e+01,7.947860717773437500e+01,1.055649642944335938e+02,9.888548278808593750e+01,1.144866943359375000e+02,1.132942047119140625e+02,1.090252532958984375e+02,1.211313476562500000e+02,9.890495300292968750e+01,8.303178405761718750e+01,1.007070159912109375e+02,1.027127532958984375e+02,1.483121948242187500e+02,1.518922882080078125e+02,1.530667419433593750e+02,1.540696716308593750e+02,1.592168884277343750e+02,1.625585174560546875e+02,1.574906616210937500e+02,1.553465576171875000e+02,1.600279235839843750e+02,1.628360595703125000e+02,1.634619750976562500e+02,1.693815002441406250e+02,1.601378021240234375e+02,1.488411865234375000e+02,1.376685180664062500e+02,1.263036651611328125e+02,1.299372100830078125e+02,1.379073486328125000e+02,1.232422103881835938e+02,1.233888397216796875e+02,1.266658782958984375e+02,1.066956329345703125e+02,6.845777893066406250e+01,4.378993225097656250e+01,4.766926574707031250e+01,6.760105133056640625e+01,8.264001464843750000e+01,8.211881256103515625e+01,7.300713348388671875e+01,7.165116119384765625e+01,7.131364440917968750e+01,6.692435455322265625e+01,7.358383941650390625e+01,7.509173583984375000e+01,7.622119140625000000e+01,7.724936676025390625e+01,7.330859375000000000e+01,6.909626770019531250e+01,1.007637329101562500e+02,1.507665405273437500e+02,1.697788848876953125e+02,1.619733734130859375e+02,1.474436340332031250e+02,1.381237182617187500e+02,1.318650207519531250e+02,1.385095520019531250e+02,1.429257507324218750e+02,1.411231079101562500e+02,1.278127136230468750e+02,1.085962677001953125e+02,9.263232421875000000e+01,7.936154937744140625e+01,7.392619323730468750e+01,7.420707702636718750e+01,6.560840606689453125e+01,6.782645416259765625e+01,8.292492675781250000e+01,9.974214172363281250e+01,1.175782775878906250e+02,1.319993896484375000e+02,1.378104858398437500e+02,1.358479614257812500e+02,1.310758056640625000e+02,1.256216735839843750e+02,1.258306961059570312e+02,1.201935424804687500e+02,1.201960754394531250e+02,1.153097381591796875e+02,1.097313842773437500e+02,1.193350677490234375e+02,1.346107177734375000e+02,1.310046386718750000e+02,1.339551696777343750e+02,1.246387252807617188e+02,1.233531494140625000e+02,1.363035888671875000e+02,1.441570892333984375e+02,1.400806274414062500e+02,1.371377258300781250e+02,1.276283721923828125e+02,1.173987045288085938e+02,1.062852554321289062e+02,1.022791519165039062e+02,9.233291625976562500e+01,1.062474060058593750e+02,1.523012390136718750e+02,1.772731933593750000e+02,1.680274658203125000e+02,1.608453063964843750e+02,1.584920959472656250e+02,1.513622741699218750e+02,1.506023254394531250e+02,1.452041320800781250e+02,1.394823303222656250e+02,1.250029373168945312e+02,7.028461456298828125e+01,2.763705062866210938e+01,9.333694458007812500e+00,2.824198722839355469e+00,-8.532146453857421875e+00,-3.074911594390869141e+00,4.203413391113281250e+01,7.291839599609375000e+01,9.006567382812500000e+01,9.523118591308593750e+01,9.599031066894531250e+01,9.587419128417968750e+01,1.079663543701171875e+02,1.184889526367187500e+02,1.292601165771484375e+02,1.245400390625000000e+02,1.217664718627929688e+02,1.108771667480468750e+02,9.741979217529296875e+01,9.902281188964843750e+01,9.483071899414062500e+01,8.799409484863281250e+01,9.199819946289062500e+01,9.766996002197265625e+01,8.670458984375000000e+01,7.620445251464843750e+01,7.410231018066406250e+01,7.097527313232421875e+01,6.684807586669921875e+01,5.976130676269531250e+01,5.836576080322265625e+01,5.866116333007812500e+01,5.812797927856445312e+01,5.866147613525390625e+01,5.427599334716796875e+01,5.679751586914062500e+01,5.827943038940429688e+01,5.613532257080078125e+01,5.578333282470703125e+01,5.676508712768554688e+01,5.524274444580078125e+01,5.498641967773437500e+01,5.331872558593750000e+01,5.928741073608398438e+01,6.153068542480468750e+01,5.988492584228515625e+01,5.738678741455078125e+01,5.902580642700195312e+01,5.735211181640625000e+01,6.111804962158203125e+01,6.165436553955078125e+01,5.947527694702148438e+01,5.722335815429687500e+01,5.666791915893554688e+01,6.188307189941406250e+01,6.243692398071289062e+01,5.948000335693359375e+01,5.831036376953125000e+01,9.928350830078125000e+01,1.404480438232421875e+02,1.378624572753906250e+02,1.412772064208984375e+02,1.344672698974609375e+02,1.132254409790039062e+02,1.131682739257812500e+02,1.325081787109375000e+02,1.123126220703125000e+02,8.253112792968750000e+01,7.914237213134765625e+01,8.667260742187500000e+01,9.028837585449218750e+01,9.123834228515625000e+01,1.189809722900390625e+02,1.095143280029296875e+02,1.053726730346679688e+02,1.440933990478515625e+02,1.425649261474609375e+02,1.261505203247070312e+02,1.214091491699218750e+02,1.267341766357421875e+02,1.241012420654296875e+02,1.320863342285156250e+02,1.505483703613281250e+02,1.407947692871093750e+02,1.169413452148437500e+02,1.096266021728515625e+02,1.103559417724609375e+02,1.202668457031250000e+02,1.261678848266601562e+02,1.303677368164062500e+02,1.396595153808593750e+02,1.379875488281250000e+02,8.934281921386718750e+01,3.735537719726562500e+01,1.985121154785156250e+01,6.182630157470703125e+01,1.226312866210937500e+02,1.389705810546875000e+02,1.396940917968750000e+02,1.308587036132812500e+02,1.374866638183593750e+02,1.503534698486328125e+02,1.464001312255859375e+02,1.514883117675781250e+02,1.681595458984375000e+02,1.782172546386718750e+02,1.803278198242187500e+02,1.782253570556640625e+02,1.753767395019531250e+02,1.706582031250000000e+02,1.797764282226562500e+02,1.821915893554687500e+02,1.844537353515625000e+02,1.804196777343750000e+02,1.780656738281250000e+02,1.783838500976562500e+02,1.755948944091796875e+02,1.769583129882812500e+02,1.704754333496093750e+02,1.642918395996093750e+02,1.587473907470703125e+02,1.492913208007812500e+02,1.256161117553710938e+02,1.187318115234375000e+02,1.111025619506835938e+02,1.160429458618164062e+02,1.119034957885742188e+02,5.310986328125000000e+01,1.156532859802246094e+01,-9.231325149536132812e+00,-1.498717308044433594e+01,-1.867738342285156250e+01,8.018364906311035156e+00,7.838735961914062500e+01,1.166851196289062500e+02,1.048575973510742188e+02,1.025643005371093750e+02,1.030220184326171875e+02,8.905885314941406250e+01,4.206195068359375000e+01,2.206124496459960938e+01,2.608910369873046875e+01,9.525378417968750000e+01,1.435486145019531250e+02,1.491642761230468750e+02,1.348031616210937500e+02,1.280162353515625000e+02,1.198054199218750000e+02,8.524678039550781250e+01,2.650029182434082031e+01,-5.328708648681640625e+00,-8.847795486450195312e+00,-1.676856613159179688e+01,-2.269253921508789062e+01,5.173611450195312500e+01,1.252943115234375000e+02,1.397032928466796875e+02,1.415657043457031250e+02,1.414653625488281250e+02,1.526682739257812500e+02,1.629884948730468750e+02,1.633534545898437500e+02,1.507976989746093750e+02,1.214148101806640625e+02,9.246342468261718750e+01,7.913980102539062500e+01,7.338230895996093750e+01,7.536065673828125000e+01,8.491574096679687500e+01,9.253178405761718750e+01,8.924295043945312500e+01,8.831726837158203125e+01,8.636286163330078125e+01,8.449708557128906250e+01,8.332126617431640625e+01,8.025726318359375000e+01,7.783602905273437500e+01,8.039126586914062500e+01,7.835217285156250000e+01,7.848734283447265625e+01,7.507643127441406250e+01,7.225968933105468750e+01,7.414781188964843750e+01,7.078479003906250000e+01,1.174296112060546875e+02,1.323899230957031250e+02,1.330431518554687500e+02,1.381160888671875000e+02,1.194505462646484375e+02,1.090214233398437500e+02,8.795416259765625000e+01,8.857933044433593750e+01,9.795205688476562500e+01,9.977140808105468750e+01,9.787713623046875000e+01,1.106136398315429688e+02,1.269207458496093750e+02,1.363776855468750000e+02,1.561619567871093750e+02,1.441311645507812500e+02,1.204285888671875000e+02,1.067730712890625000e+02,9.836696624755859375e+01,1.117876434326171875e+02,1.351467895507812500e+02,1.139645233154296875e+02,8.721624755859375000e+01,9.192110443115234375e+01,9.460002136230468750e+01,1.013776397705078125e+02,1.073600616455078125e+02,1.079570846557617188e+02,1.085594329833984375e+02,1.188778152465820312e+02,1.374562988281250000e+02,1.463246459960937500e+02,1.396343688964843750e+02,1.367614440917968750e+02,1.354239501953125000e+02,1.268674621582031250e+02,9.840248107910156250e+01,8.516915893554687500e+01,1.384204559326171875e+02,1.545971374511718750e+02,1.428459167480468750e+02,1.205724487304687500e+02,1.261162109375000000e+02,1.333335876464843750e+02,1.462861022949218750e+02,1.514381408691406250e+02,1.549641571044921875e+02,1.683339233398437500e+02,1.729819030761718750e+02,1.614822540283203125e+02,1.151401596069335938e+02,4.740348815917968750e+01,1.152672386169433594e+01,3.300886154174804688e+00,4.456195831298828125e+01,1.129699707031250000e+02,1.483636779785156250e+02,1.522291870117187500e+02,1.477217407226562500e+02,1.491104736328125000e+02,1.447410430908203125e+02,1.390151977539062500e+02,1.255438156127929688e+02,1.255424575805664062e+02,1.263767242431640625e+02,1.196615447998046875e+02,1.222787780761718750e+02,1.283686981201171875e+02,1.385625610351562500e+02,1.611720428466796875e+02,1.857088012695312500e+02,1.905142669677734375e+02,1.725758972167968750e+02,1.550036926269531250e+02,1.450388793945312500e+02,1.391846923828125000e+02,9.435299682617187500e+01,5.339521789550781250e+01,4.133354949951171875e+01,4.928467559814453125e+01,6.784193420410156250e+01,8.387063598632812500e+01,8.884115600585937500e+01,8.980143737792968750e+01,8.913269805908203125e+01,8.668132019042968750e+01,8.658277893066406250e+01,8.679020690917968750e+01,8.134904479980468750e+01,8.275494384765625000e+01,8.301643371582031250e+01,7.691213226318359375e+01,1.232254791259765625e+02,1.372538757324218750e+02,1.263395996093750000e+02,1.071975631713867188e+02,4.599501800537109375e+01,1.873452758789062500e+01,2.013504981994628906e+01,1.422823524475097656e+01,6.540095329284667969e+00,2.259077787399291992e+00,3.044431686401367188e+01,1.001024780273437500e+02,1.258446121215820312e+02,1.464162902832031250e+02,1.588870544433593750e+02,1.520031585693359375e+02,1.467996520996093750e+02,1.430629882812500000e+02,1.375051574707031250e+02,1.479743499755859375e+02,1.321612396240234375e+02,1.068007812500000000e+02,8.305422210693359375e+01,8.162756347656250000e+01,9.331927490234375000e+01,9.170164489746093750e+01,5.299635314941406250e+01,2.632105255126953125e+01,1.989544105529785156e+01,9.114002227783203125e+00,1.069434738159179688e+01,5.531265258789062500e+01,1.007934265136718750e+02,1.015030212402343750e+02,9.811628723144531250e+01,6.125827407836914062e+01,1.875739669799804688e+01,8.634765625000000000e+00,3.886360645294189453e+00,-5.275884628295898438e+00,-1.228125572204589844e+01,-1.449088859558105469e+01,1.912701010704040527e+00,6.656591033935546875e+01,1.159834594726562500e+02,1.188615036010742188e+02,9.319663238525390625e+01,7.988407897949218750e+01,8.586683654785156250e+01,1.052755889892578125e+02,1.282023468017578125e+02,1.431557617187500000e+02,1.520852355957031250e+02,1.490214843750000000e+02,1.351779327392578125e+02,8.823572540283203125e+01,6.266119384765625000e+01,5.888728332519531250e+01,7.951870727539062500e+01,9.787036132812500000e+01,8.418649291992187500e+01,7.019792938232421875e+01,6.732864379882812500e+01,7.582113647460937500e+01,7.624327087402343750e+01,7.510385131835937500e+01,8.099946594238281250e+01,9.449391174316406250e+01,1.020029907226562500e+02,1.022050781250000000e+02,9.740315246582031250e+01,8.963148498535156250e+01,8.511640930175781250e+01,8.273321533203125000e+01,7.627911376953125000e+01,7.382337951660156250e+01,6.857699584960937500e+01,6.283160400390625000e+01,6.698146057128906250e+01,6.437294006347656250e+01,6.098036193847656250e+01,5.707674407958984375e+01,6.247022247314453125e+01,5.976885604858398438e+01,6.000047302246093750e+01,6.823426818847656250e+01,6.860307312011718750e+01,6.207577896118164062e+01,5.992676925659179688e+01,6.505426788330078125e+01,6.379031372070312500e+01,1.249461364746093750e+02,1.390190734863281250e+02,1.337934570312500000e+02,1.181748046875000000e+02,1.087015228271484375e+02,1.096445159912109375e+02,1.157740020751953125e+02,9.263063049316406250e+01,8.864964294433593750e+01,8.661555480957031250e+01,9.855657958984375000e+01,1.189663238525390625e+02,1.252139434814453125e+02,7.061344909667968750e+01,3.340381240844726562e+01,2.169099426269531250e+01,1.175842475891113281e+01,6.836297607421875000e+01,1.392783203125000000e+02,1.316069183349609375e+02,1.138213043212890625e+02,1.183781738281250000e+02,1.242798461914062500e+02,1.331131286621093750e+02,1.349230651855468750e+02,1.159769668579101562e+02,1.235580749511718750e+02,1.376847381591796875e+02,1.367887878417968750e+02,1.459453582763671875e+02,1.551749725341796875e+02,1.480702667236328125e+02,1.326365051269531250e+02,1.415161895751953125e+02,1.360101928710937500e+02,1.195919494628906250e+02,1.136878509521484375e+02,1.268797454833984375e+02,1.326341552734375000e+02,1.418993530273437500e+02,1.521072082519531250e+02,1.445097045898437500e+02,1.306769104003906250e+02,7.380905151367187500e+01,3.459191894531250000e+01,3.755762481689453125e+01,1.054064407348632812e+02,1.448738250732421875e+02,1.359812622070312500e+02,1.417794494628906250e+02,1.578211364746093750e+02,1.392834777832031250e+02,1.135666198730468750e+02,9.040527343750000000e+01,7.754439544677734375e+01,7.822068786621093750e+01,9.381430053710937500e+01,1.110060577392578125e+02,1.232008666992187500e+02,1.297454071044921875e+02,1.392569732666015625e+02,1.456321716308593750e+02,1.542866516113281250e+02,1.570255737304687500e+02,1.498815917968750000e+02,1.415682983398437500e+02,1.367529296875000000e+02,1.383966522216796875e+02,1.312430114746093750e+02,1.301931610107421875e+02,1.292688446044921875e+02,1.322613830566406250e+02,1.221366729736328125e+02,1.083750076293945312e+02,1.156710052490234375e+02,1.303898010253906250e+02,1.216294937133789062e+02,1.198657302856445312e+02,1.020584869384765625e+02,8.704418945312500000e+01,7.939744567871093750e+01,9.134288787841796875e+01,1.024763183593750000e+02,1.076271133422851562e+02,1.072192993164062500e+02,9.660573577880859375e+01,9.900061035156250000e+01,1.242615661621093750e+02,1.259872894287109375e+02,1.213773193359375000e+02,1.105556335449218750e+02,1.110810241699218750e+02,1.129435577392578125e+02,1.191698455810546875e+02,1.321015014648437500e+02,1.430619201660156250e+02,1.393449401855468750e+02,1.423642425537109375e+02,1.502000732421875000e+02,1.481208496093750000e+02,1.344625091552734375e+02,1.192365417480468750e+02,9.991587066650390625e+01,6.734188842773437500e+01,4.547672271728515625e+01,4.195022583007812500e+01,4.495925903320312500e+01,1.046280517578125000e+02,1.633935241699218750e+02,1.641468505859375000e+02,1.559286804199218750e+02,1.539793701171875000e+02,1.542737426757812500e+02,1.596781921386718750e+02,1.618086853027343750e+02,1.517323303222656250e+02,1.439108276367187500e+02,1.513380737304687500e+02,1.660364837646484375e+02,1.679456024169921875e+02,1.575654296875000000e+02,1.519534301757812500e+02,1.442755737304687500e+02,1.327861328125000000e+02,1.247560882568359375e+02,1.243150253295898438e+02,1.200658493041992188e+02,1.172281341552734375e+02,1.306000061035156250e+02,1.464584960937500000e+02,1.469012451171875000e+02,1.445539245605468750e+02,1.318582305908203125e+02,1.098978652954101562e+02,9.741847229003906250e+01,7.402247619628906250e+01,3.721951293945312500e+01,5.499895477294921875e+01,1.068691253662109375e+02,1.258420104980468750e+02,1.342166442871093750e+02,1.042348175048828125e+02,3.752447128295898438e+01,-2.012834548950195312e+00,-5.403350830078125000e+00,5.969968795776367188e+00,2.794813919067382812e+01,6.499566650390625000e+01,7.334426879882812500e+01,3.927090072631835938e+01,4.490394592285156250e+01,9.263745117187500000e+01,1.177412109375000000e+02,1.262915649414062500e+02,1.293490753173828125e+02,1.299057159423828125e+02,1.129276428222656250e+02,9.773544311523437500e+01,9.165030670166015625e+01,9.184211730957031250e+01,9.731464385986328125e+01,1.036811370849609375e+02,7.579446411132812500e+01,8.498470306396484375e+01,1.091373596191406250e+02,1.285334777832031250e+02,1.574177093505859375e+02,1.617928771972656250e+02,1.276982879638671875e+02,1.099544219970703125e+02,1.198602142333984375e+02,1.405302886962890625e+02,1.526643524169921875e+02,1.459347839355468750e+02,1.351254882812500000e+02,1.275547332763671875e+02,1.255067291259765625e+02,1.222086257934570312e+02,1.248776245117187500e+02,1.389573059082031250e+02,1.342815856933593750e+02,1.563898620605468750e+02,1.625393676757812500e+02,1.416051940917968750e+02,1.289322509765625000e+02,1.163413848876953125e+02,1.195527114868164062e+02,1.249452362060546875e+02,1.308649597167968750e+02,1.367884216308593750e+02,1.317766113281250000e+02,1.302215423583984375e+02,1.212624359130859375e+02,1.128303985595703125e+02,1.022655944824218750e+02,1.067645950317382812e+02,1.146345062255859375e+02,1.289701538085937500e+02,1.303790283203125000e+02,1.205442047119140625e+02,1.152647171020507812e+02,9.572891998291015625e+01,8.412517547607421875e+01,9.023318481445312500e+01,9.333348846435546875e+01,8.814527893066406250e+01,8.503401184082031250e+01,7.940605163574218750e+01,7.342802429199218750e+01,7.435309600830078125e+01,7.322097778320312500e+01,7.068537902832031250e+01,6.486923217773437500e+01,6.116485595703125000e+01,6.284593963623046875e+01,5.953367233276367188e+01,5.549647521972656250e+01,6.012102508544921875e+01,6.126031494140625000e+01,6.340579223632812500e+01,5.833455657958984375e+01,5.580256652832031250e+01,1.130762557983398438e+02,1.397940673828125000e+02,1.399385986328125000e+02,1.287277374267578125e+02,1.277971267700195312e+02,1.213147354125976562e+02,1.097664642333984375e+02,4.968440246582031250e+01,2.729661178588867188e+01,5.429634094238281250e+01,1.120637054443359375e+02,1.330943450927734375e+02,1.524572448730468750e+02,1.756676330566406250e+02,1.675197753906250000e+02,1.410376281738281250e+02,1.167012023925781250e+02,9.533630371093750000e+01,8.800394439697265625e+01,1.076576385498046875e+02,1.393135681152343750e+02,1.513846740722656250e+02,1.350221557617187500e+02,1.204398956298828125e+02,1.135162200927734375e+02,1.164922180175781250e+02,1.333560791015625000e+02,1.492878570556640625e+02,1.547063903808593750e+02,1.516043395996093750e+02,1.476006011962890625e+02,1.522721862792968750e+02,1.423789520263671875e+02,1.369477539062500000e+02,1.211325225830078125e+02,1.124037170410156250e+02,1.080090408325195312e+02,1.084849548339843750e+02,1.203124160766601562e+02,1.125050964355468750e+02,1.050435485839843750e+02,1.019717941284179688e+02,1.020914077758789062e+02,1.150097808837890625e+02,1.168076782226562500e+02,1.130313873291015625e+02,1.278550262451171875e+02,1.463094177246093750e+02,1.386501770019531250e+02,1.365187072753906250e+02,1.297505187988281250e+02,1.156567382812500000e+02,7.487133026123046875e+01,3.253202819824218750e+01,8.035631179809570312e+00,4.937228393554687500e+01,1.130374145507812500e+02,1.262487106323242188e+02,1.140576782226562500e+02,9.580468750000000000e+01,7.926712036132812500e+01,8.759457397460937500e+01,8.794711303710937500e+01,7.208633422851562500e+01,6.593026733398437500e+01,6.385162353515625000e+01,8.967651367187500000e+01,1.035583801269531250e+02,9.687550354003906250e+01,9.613572692871093750e+01,8.820405578613281250e+01,8.145306396484375000e+01,7.102926635742187500e+01,7.166885375976562500e+01,1.434008178710937500e+02,1.718010253906250000e+02,1.678232879638671875e+02,1.562581024169921875e+02,1.552111663818359375e+02,1.393443603515625000e+02,1.376889648437500000e+02,1.497453918457031250e+02,1.519361267089843750e+02,1.573551635742187500e+02,1.485154113769531250e+02,1.336668090820312500e+02,1.284969635009765625e+02,9.606893157958984375e+01,5.078643035888671875e+01,3.883382415771484375e+01,3.358354949951171875e+01,2.787394714355468750e+01,1.790411567687988281e+01,1.662203216552734375e+01,3.920497131347656250e+01,7.173122406005859375e+01,8.415486145019531250e+01,9.156896972656250000e+01,9.256732177734375000e+01,7.625220489501953125e+01,9.365808105468750000e+01,1.132388458251953125e+02,1.249954833984375000e+02,1.181946716308593750e+02,1.112294387817382812e+02,1.187148132324218750e+02,1.303499450683593750e+02,1.330458374023437500e+02,1.441058959960937500e+02,1.499737396240234375e+02,1.542185363769531250e+02,1.574865417480468750e+02,1.609836120605468750e+02,1.628683624267578125e+02,1.620644531250000000e+02,1.672325439453125000e+02,1.615567016601562500e+02,1.188866653442382812e+02,6.878246307373046875e+01,5.611734008789062500e+01,8.024752044677734375e+01,8.462910461425781250e+01,8.399896240234375000e+01,9.130233764648437500e+01,9.244458770751953125e+01,9.077473449707031250e+01,9.174491119384765625e+01,1.103628616333007812e+02,1.289837341308593750e+02,1.205869216918945312e+02,1.154745788574218750e+02,1.157629928588867188e+02,1.059419937133789062e+02,9.560794067382812500e+01,9.940608215332031250e+01,7.523794555664062500e+01,5.137689208984375000e+01,4.189418029785156250e+01,4.221514129638671875e+01,5.773239135742187500e+01,6.743585205078125000e+01,6.547576141357421875e+01,5.923633575439453125e+01,5.436358642578125000e+01,5.568636322021484375e+01,6.425772094726562500e+01,9.329928588867187500e+01,1.090576782226562500e+02,1.049604034423828125e+02,1.022355957031250000e+02,8.960310363769531250e+01,3.325706100463867188e+01,-5.084969997406005859e+00,-2.522270965576171875e+01,-2.279400062561035156e+01,4.099391937255859375e+01,1.145869140625000000e+02,1.416211700439453125e+02,1.540709838867187500e+02,1.640923004150390625e+02,1.536233520507812500e+02,1.264100646972656250e+02,1.122943115234375000e+02,1.151356658935546875e+02,1.098273620605468750e+02,1.003840332031250000e+02,1.070915222167968750e+02,1.182551574707031250e+02,1.136093063354492188e+02,8.443174743652343750e+01,7.380039978027343750e+01,6.582781982421875000e+01,7.738659667968750000e+01,5.514722442626953125e+01,6.082777404785156250e+01,6.902323150634765625e+01,6.162297439575195312e+01,5.732415008544921875e+01,4.087987518310546875e+01,6.828046321868896484e+00,-1.370792961120605469e+01,-1.358114433288574219e+01,6.178714275360107422e+00,4.716954421997070312e+01,5.427839660644531250e+01,4.009672164916992188e+01,2.124419784545898438e+01,3.554041290283203125e+01,1.014341430664062500e+02,1.337969665527343750e+02,1.401229095458984375e+02,1.373262939453125000e+02,1.385380859375000000e+02,1.411204071044921875e+02,1.374804077148437500e+02,1.210425872802734375e+02,9.399227905273437500e+01,7.538787841796875000e+01,5.167605590820312500e+01,1.046491432189941406e+01,-6.906589508056640625e+00,-7.158344745635986328e+00,-5.387616157531738281e+00,-7.689397811889648438e+00,-8.735378265380859375e+00,-9.868770599365234375e+00,-1.425318336486816406e+01,-2.019254875183105469e+01,-2.975208854675292969e+01,-3.048217010498046875e+01,-2.325771331787109375e+01,3.748126029968261719e+00,9.397203063964843750e+01,1.420050964355468750e+02,1.497905578613281250e+02,1.377028198242187500e+02,1.314877624511718750e+02,1.272734069824218750e+02,1.149734573364257812e+02,1.261735076904296875e+02,1.550189514160156250e+02,1.541289825439453125e+02,1.479533691406250000e+02,1.434410247802734375e+02,1.331355438232421875e+02,1.241540527343750000e+02,1.160040130615234375e+02,1.142424621582031250e+02,1.244008178710937500e+02,1.394106140136718750e+02,1.479947052001953125e+02,1.403399963378906250e+02,1.287651062011718750e+02,1.180121154785156250e+02,9.536814117431640625e+01,9.666955566406250000e+01,9.977514648437500000e+01,8.981723022460937500e+01,7.442106628417968750e+01,3.762716674804687500e+01,5.827156066894531250e+00,2.478998899459838867e-01,3.724380874633789062e+01,1.015754089355468750e+02,1.338596191406250000e+02,1.296587066650390625e+02,1.190880737304687500e+02,8.048689270019531250e+01,1.876449203491210938e+01,-1.242439460754394531e+01,-1.290448093414306641e+01,-7.410761833190917969e+00,-4.852750778198242188e+00,-6.429435729980468750e+00,-1.351122260093688965e+00,2.317990112304687500e+01,5.296792984008789062e+01,5.739094543457031250e+01,5.949317932128906250e+01,5.935317230224609375e+01,5.666856384277343750e+01,5.155914306640625000e+01,5.489741134643554688e+01,5.777179718017578125e+01,6.315103912353515625e+01,6.534892272949218750e+01,5.875086975097656250e+01,5.771401596069335938e+01,5.523942565917968750e+01,5.812313842773437500e+01,5.561833190917968750e+01,5.478906250000000000e+01,5.881397247314453125e+01,5.888880920410156250e+01,5.788107299804687500e+01,5.711574172973632812e+01,5.926882934570312500e+01,5.905767440795898438e+01,5.973229217529296875e+01,6.111057281494140625e+01,9.404869842529296875e+01,1.322615966796875000e+02,1.324084167480468750e+02,1.214630584716796875e+02,1.201994171142578125e+02,1.302889709472656250e+02,1.342281799316406250e+02,1.306532745361328125e+02,1.352698364257812500e+02,1.065639953613281250e+02,4.462093353271484375e+01,1.457402801513671875e+01,1.627034568786621094e+01,4.207186889648437500e+01,7.498423767089843750e+01,6.239372253417968750e+01,6.862683105468750000e+01,1.084144439697265625e+02,1.261718215942382812e+02,1.277916717529296875e+02,1.416923980712890625e+02,1.450761108398437500e+02,1.375565490722656250e+02,1.314043121337890625e+02,1.299693603515625000e+02,1.284187011718750000e+02,1.261950683593750000e+02,1.159327621459960938e+02,1.167985534667968750e+02,1.239196472167968750e+02,9.460426330566406250e+01,7.277742004394531250e+01,7.180805206298828125e+01,1.025918350219726562e+02,1.103162612915039062e+02,9.033348083496093750e+01,9.668859863281250000e+01,1.189818344116210938e+02,1.302742309570312500e+02,1.349587554931640625e+02,1.230321197509765625e+02,1.383899993896484375e+02,1.375353698730468750e+02,9.698410034179687500e+01,4.779121398925781250e+01,3.398404598236083984e+00,2.788567543029785156e+00,8.360479736328125000e+01,1.293169860839843750e+02,1.258716888427734375e+02,1.275976715087890625e+02,1.317589874267578125e+02,1.205847930908203125e+02,1.128206329345703125e+02,1.018639678955078125e+02,9.776309967041015625e+01,1.023326568603515625e+02,9.694936370849609375e+01,9.064034271240234375e+01,8.825846862792968750e+01,8.444703674316406250e+01,7.235593414306640625e+01,6.899842834472656250e+01,6.783465576171875000e+01,4.927701187133789062e+01,2.616772079467773438e+01,9.512503051757812500e+01,1.579289093017578125e+02,1.682712402343750000e+02,1.496093750000000000e+02,1.485828399658203125e+02,1.521031188964843750e+02,1.464611358642578125e+02,1.395260314941406250e+02,1.346276855468750000e+02,9.290740203857421875e+01,7.473818969726562500e+01,8.371437072753906250e+01,9.992658996582031250e+01,1.172204971313476562e+02,1.207649688720703125e+02,9.313393402099609375e+01,9.004251098632812500e+01,9.912513732910156250e+01,1.173438110351562500e+02,1.205727233886718750e+02,1.131678009033203125e+02,1.095926818847656250e+02,1.079374618530273438e+02,1.062261886596679688e+02,9.806719970703125000e+01,8.965954589843750000e+01,8.476071166992187500e+01,8.661541748046875000e+01,8.953559112548828125e+01,1.001332397460937500e+02,1.023010406494140625e+02,9.429836273193359375e+01,9.233285522460937500e+01,8.609844970703125000e+01,8.455882263183593750e+01,8.337442016601562500e+01,7.748078155517578125e+01,6.757261657714843750e+01,6.091772842407226562e+01,6.134514617919921875e+01,5.831970214843750000e+01,5.029686737060546875e+01,4.913528060913085938e+01,4.908490753173828125e+01,4.907172775268554688e+01,5.197132110595703125e+01,5.246974945068359375e+01,5.262377166748046875e+01,5.402275085449218750e+01,5.215393829345703125e+01,5.500471496582031250e+01,5.705171966552734375e+01,1.068385839462280273e+00,-3.955418395996093750e+01,-3.786646270751953125e+01,-5.780972480773925781e+00,5.647014379501342773e-01,4.324071121215820312e+01,1.051283950805664062e+02,1.190968093872070312e+02,1.188361816406250000e+02,1.354324035644531250e+02,1.270386199951171875e+02,1.130513381958007812e+02,1.191379852294921875e+02,1.334533081054687500e+02,1.195930328369140625e+02,1.053099670410156250e+02,1.108265075683593750e+02,9.794830322265625000e+01,7.147816467285156250e+01,7.348593139648437500e+01,9.026192474365234375e+01,1.219749298095703125e+02,1.414898376464843750e+02,1.559097900390625000e+02,1.582684478759765625e+02,1.506774902343750000e+02,1.394253234863281250e+02,1.153408203125000000e+02,7.770423126220703125e+01,6.187062835693359375e+01,8.755387878417968750e+01,9.994860839843750000e+01,9.064916229248046875e+01,9.304975891113281250e+01,9.817066192626953125e+01,1.003595428466796875e+02,1.138201217651367188e+02,1.296837615966796875e+02,1.332917938232421875e+02,1.311039428710937500e+02,6.654992675781250000e+01,1.918908309936523438e+01,2.717478942871093750e+01,9.786647033691406250e+01,1.296631164550781250e+02,1.221751556396484375e+02,1.159126586914062500e+02,1.345531921386718750e+02,1.323928680419921875e+02,1.238157272338867188e+02,1.242720870971679688e+02,1.359398193359375000e+02,1.130538177490234375e+02,1.090014648437500000e+02,1.518098144531250000e+02,1.655588378906250000e+02,1.675786437988281250e+02,1.593127136230468750e+02,1.612871093750000000e+02,1.583836975097656250e+02,1.396615905761718750e+02,1.197867889404296875e+02,1.056828155517578125e+02,1.018786315917968750e+02,1.063474731445312500e+02,1.271124877929687500e+02,9.323641204833984375e+01,7.253904724121093750e+01,7.723709106445312500e+01,1.011701736450195312e+02,1.066052246093750000e+02,1.086541976928710938e+02,1.071955108642578125e+02,9.568230438232421875e+01,8.933659362792968750e+01,9.094102478027343750e+01,1.034054031372070312e+02,1.199407348632812500e+02,1.211548156738281250e+02,1.308550872802734375e+02,1.498860473632812500e+02,1.642813415527343750e+02,1.495553588867187500e+02,1.287982482910156250e+02,1.230885772705078125e+02,1.242974548339843750e+02,1.271028213500976562e+02,1.325971832275390625e+02,1.185615081787109375e+02,6.928286743164062500e+01,3.751615524291992188e+01,3.017839431762695312e+01,3.041719818115234375e+01,3.443258666992187500e+01,4.867813873291015625e+01,6.605093383789062500e+01,7.551121520996093750e+01,7.071466064453125000e+01,7.051826477050781250e+01,7.225448608398437500e+01,7.493801879882812500e+01,7.223779296875000000e+01,7.306469726562500000e+01,7.227729797363281250e+01,6.952471923828125000e+01,6.740876770019531250e+01,6.419606781005859375e+01,6.072672271728515625e+01,5.988953781127929688e+01,6.067873382568359375e+01,5.866534805297851562e+01,5.682926177978515625e+01,5.851016998291015625e+01,5.515735626220703125e+01,5.503334045410156250e+01,6.193588256835937500e+01,1.213759231567382812e+02,1.272048110961914062e+02,1.173538665771484375e+02,1.061281738281250000e+02,3.716604614257812500e+01,9.380359649658203125e+00,1.203899860382080078e+01,8.858233451843261719e+00,-3.327213764190673828e+00,-1.103299808502197266e+01,1.705731964111328125e+01,5.190031433105468750e+01,5.061995697021484375e+01,4.525132751464843750e+01,5.716547393798828125e+01,8.329366302490234375e+01,1.021493835449218750e+02,1.063578643798828125e+02,1.050397644042968750e+02,9.009674835205078125e+01,9.927253723144531250e+01,1.065197601318359375e+02,1.157922286987304688e+02,1.331133117675781250e+02,1.426766204833984375e+02,1.463146057128906250e+02,1.484028472900390625e+02,1.395527038574218750e+02,1.407021179199218750e+02,1.591174926757812500e+02,1.650260314941406250e+02,1.524621276855468750e+02,5.790348815917968750e+01,2.485498237609863281e+01,2.601799392700195312e+01,8.350398254394531250e+01,1.235028839111328125e+02,1.281318664550781250e+02,1.258805236816406250e+02,1.115605468750000000e+02,1.017442855834960938e+02,1.072432937622070312e+02,1.040583953857421875e+02,1.004166564941406250e+02,1.126941528320312500e+02,1.288090820312500000e+02,1.472157592773437500e+02,1.453284912109375000e+02,1.370499877929687500e+02,1.210893249511718750e+02,1.073112640380859375e+02,1.137274627685546875e+02,1.223015670776367188e+02,1.147253341674804688e+02,1.043710403442382812e+02,1.100783538818359375e+02,1.186569976806640625e+02,8.626207733154296875e+01,6.336593627929687500e+01,6.143627548217773438e+01,5.887734985351562500e+01,7.643496704101562500e+01,9.761693572998046875e+01,1.083710708618164062e+02,1.130590286254882812e+02,1.214382629394531250e+02,1.296649169921875000e+02,1.289645690917968750e+02,1.265299911499023438e+02,1.366379089355468750e+02,1.457189025878906250e+02,1.575574951171875000e+02,1.465808410644531250e+02,1.365690612792968750e+02,1.251954803466796875e+02,1.161593399047851562e+02,1.125574951171875000e+02,1.042999725341796875e+02,1.123511962890625000e+02,1.087854309082031250e+02,1.085233459472656250e+02,1.026246643066406250e+02,1.049917068481445312e+02,1.228757324218750000e+02,1.250344314575195312e+02,1.176722640991210938e+02,1.177638702392578125e+02,1.350266723632812500e+02,1.305375061035156250e+02,1.177336120605468750e+02,1.097905044555664062e+02,1.192096405029296875e+02,1.255306854248046875e+02,1.276779785156250000e+02,1.337260437011718750e+02,1.336952819824218750e+02,1.310773773193359375e+02,1.113220291137695312e+02,6.348394012451171875e+01,1.708093643188476562e+01,-2.271418571472167969e-01,1.488068008422851562e+01,7.812075805664062500e+01,1.158867492675781250e+02,1.206218872070312500e+02,1.276289215087890625e+02,1.415174255371093750e+02,1.467126312255859375e+02,1.461663513183593750e+02,1.467705993652343750e+02,1.227522583007812500e+02,7.268463897705078125e+01,4.678697586059570312e+01,5.977544403076171875e+01,9.575256347656250000e+01,1.164601440429687500e+02,1.551082458496093750e+02,1.621968688964843750e+02,1.539552612304687500e+02,1.478503417968750000e+02,1.419544677734375000e+02,1.339921875000000000e+02,1.388467102050781250e+02,1.472185821533203125e+02,1.042765197753906250e+02,7.642703247070312500e+01,8.828537750244140625e+01,1.056258544921875000e+02,1.114315338134765625e+02,1.168851623535156250e+02,1.114227371215820312e+02,1.031420440673828125e+02,1.206428833007812500e+02,1.380684967041015625e+02,1.276895828247070312e+02,9.688426208496093750e+01,9.586204528808593750e+01,9.676033782958984375e+01,1.044495086669921875e+02,1.162401733398437500e+02,1.269557800292968750e+02,1.353013305664062500e+02,1.328239135742187500e+02,1.181608276367187500e+02,1.130988922119140625e+02,1.114416122436523438e+02,9.845077514648437500e+01,9.915147399902343750e+01,1.276633453369140625e+02,1.386618041992187500e+02,1.398014221191406250e+02,1.382821655273437500e+02,1.332810363769531250e+02,1.251283569335937500e+02,1.163279190063476562e+02,1.016264801025390625e+02,5.352194213867187500e+01,1.945045089721679688e+01,-1.235321235656738281e+01,-2.491263580322265625e+01,-1.742024612426757812e+01,1.143379402160644531e+01,4.673787689208984375e+01,6.890052795410156250e+01,6.547546386718750000e+01,5.943951416015625000e+01,6.022843933105468750e+01,5.493431854248046875e+01,4.687509536743164062e+01,4.396343994140625000e+01,5.139538574218750000e+01,5.126522827148437500e+01,5.268285369873046875e+01,5.967824935913085938e+01,6.573432922363281250e+01,6.788070678710937500e+01,6.726710510253906250e+01,6.962025451660156250e+01,6.913717651367187500e+01,6.655772399902343750e+01,6.363144683837890625e+01,1.096389694213867188e+02,1.365130004882812500e+02,1.253167648315429688e+02,1.195418090820312500e+02,1.350003967285156250e+02,1.264480438232421875e+02,1.498809204101562500e+02,1.650265197753906250e+02,1.694479217529296875e+02,1.622798461914062500e+02,1.563354187011718750e+02,1.437008666992187500e+02,1.320848846435546875e+02,1.236368255615234375e+02,1.094361343383789062e+02,1.059254913330078125e+02,1.060416870117187500e+02,1.023009185791015625e+02,9.852280426025390625e+01,1.047771148681640625e+02,1.030675811767578125e+02,1.089761962890625000e+02,9.865074157714843750e+01,5.944593429565429688e+01,4.979004669189453125e+01,7.443846130371093750e+01,5.658485031127929688e+01,5.522129058837890625e+01,9.256021881103515625e+01,1.372032928466796875e+02,1.406253967285156250e+02,1.295704650878906250e+02,1.253403320312500000e+02,1.285823822021484375e+02,1.383501892089843750e+02,1.438436126708984375e+02,1.232736740112304688e+02,1.003180923461914062e+02,1.052205963134765625e+02,1.249614105224609375e+02,1.115467758178710938e+02,1.054622344970703125e+02,1.147393722534179688e+02,1.281820373535156250e+02,1.395056457519531250e+02,1.367252044677734375e+02,1.287952880859375000e+02,1.140595855712890625e+02,1.019166564941406250e+02,9.511134338378906250e+01,1.012396011352539062e+02,1.036694335937500000e+02,9.748620605468750000e+01,9.994111633300781250e+01,1.028993835449218750e+02,1.133325500488281250e+02,1.320507507324218750e+02,1.441679382324218750e+02,1.227636871337890625e+02,1.004894714355468750e+02,1.086496887207031250e+02,1.191867828369140625e+02,1.258459320068359375e+02,1.413175506591796875e+02,1.406307983398437500e+02,1.355807189941406250e+02,1.322183532714843750e+02,7.352907562255859375e+01,2.568462753295898438e+01,1.601321601867675781e+01,7.698191833496093750e+01,1.253193969726562500e+02,1.351515197753906250e+02,1.349082946777343750e+02,1.208672866821289062e+02,1.188923263549804688e+02,1.278723297119140625e+02,1.207257766723632812e+02,1.111925125122070312e+02,1.104549255371093750e+02,1.057203063964843750e+02,1.062559204101562500e+02,1.077705383300781250e+02,9.412019348144531250e+01,7.576382446289062500e+01,1.116031875610351562e+02,1.095706024169921875e+02,1.093754348754882812e+02,1.229138717651367188e+02,1.365710296630859375e+02,1.329041748046875000e+02,1.238475036621093750e+02,1.234373703002929688e+02,1.482949523925781250e+02,1.561725769042968750e+02,1.417028198242187500e+02,1.386903381347656250e+02,1.352316284179687500e+02,1.379129486083984375e+02,1.388074035644531250e+02,1.403375549316406250e+02,1.409798889160156250e+02,1.428629150390625000e+02,1.391612548828125000e+02,1.404672546386718750e+02,1.397380065917968750e+02,1.290690917968750000e+02,1.285277099609375000e+02,1.368678283691406250e+02,1.271079711914062500e+02,1.080383758544921875e+02,1.024836654663085938e+02,1.133678131103515625e+02,1.176417617797851562e+02,1.093446960449218750e+02,9.925616455078125000e+01,8.625120544433593750e+01,7.833848571777343750e+01,7.555740356445312500e+01,6.855049896240234375e+01,6.066217803955078125e+01,6.439999389648437500e+01,6.359909057617187500e+01,6.587359619140625000e+01,6.996510314941406250e+01,7.331362152099609375e+01,6.882649993896484375e+01,6.699417877197265625e+01,7.190888977050781250e+01,1.288948211669921875e+02,1.441785583496093750e+02,1.451922760009765625e+02,1.478918914794921875e+02,1.503001708984375000e+02,1.202802429199218750e+02,8.974351501464843750e+01,7.308213806152343750e+01,6.801997375488281250e+01,8.337828063964843750e+01,1.021683349609375000e+02,1.003867950439453125e+02,8.324128723144531250e+01,7.123075866699218750e+01,8.275205993652343750e+01,1.190721206665039062e+02,1.443269042968750000e+02,1.364031066894531250e+02,1.328248596191406250e+02,1.480051269531250000e+02,1.347794494628906250e+02,1.259788894653320312e+02,1.381578063964843750e+02,1.557487182617187500e+02,1.346347503662109375e+02,6.467376708984375000e+01,2.863607406616210938e+01,1.945809173583984375e+01,2.240096855163574219e+01,1.090035820007324219e+01,6.108274936676025391e+00,9.120730590820312500e+01,1.329506835937500000e+02,1.416427001953125000e+02,1.403868408203125000e+02,1.325318603515625000e+02,1.391523590087890625e+02,1.452501525878906250e+02,1.422781066894531250e+02,1.382336730957031250e+02,1.449102478027343750e+02,1.461639709472656250e+02,1.336727142333984375e+02,1.220607986450195312e+02,1.125607757568359375e+02,1.069521713256835938e+02,1.008858795166015625e+02,9.322325134277343750e+01,8.764620971679687500e+01,9.016011047363281250e+01,9.485742187500000000e+01,1.126444091796875000e+02,1.280189208984375000e+02,1.434990234375000000e+02,1.527328796386718750e+02,1.513103332519531250e+02,1.489468994140625000e+02,1.516867370605468750e+02,1.452029724121093750e+02,1.355404357910156250e+02,1.310287475585937500e+02,1.349983520507812500e+02,1.493116760253906250e+02,1.605859375000000000e+02,1.669247741699218750e+02,1.659168090820312500e+02,1.630510253906250000e+02,1.644967346191406250e+02,1.662567443847656250e+02,1.499045410156250000e+02,1.264488983154296875e+02,1.174603500366210938e+02,1.205819625854492188e+02,1.240328369140625000e+02,1.363328857421875000e+02,1.370722045898437500e+02,1.271656265258789062e+02,1.048759765625000000e+02,7.212333679199218750e+01,5.756393432617187500e+01,6.358866119384765625e+01,8.231200408935546875e+01,9.277104949951171875e+01,9.353946685791015625e+01,9.043863677978515625e+01,9.457814025878906250e+01,9.421533203125000000e+01,1.187157974243164062e+02,1.609959411621093750e+02,1.712117614746093750e+02,1.718908081054687500e+02,1.651804046630859375e+02,1.465928039550781250e+02,1.288323516845703125e+02,1.251247024536132812e+02,1.120915451049804688e+02,1.082662200927734375e+02,1.274218750000000000e+02,1.380215759277343750e+02,1.320975952148437500e+02,1.271280059814453125e+02,1.239299926757812500e+02,1.169842529296875000e+02,1.142422027587890625e+02,7.368838500976562500e+01,5.686307144165039062e+01,8.345401000976562500e+01,1.168829650878906250e+02,1.070834274291992188e+02,1.017387237548828125e+02,9.125601196289062500e+01,9.080152893066406250e+01,8.877050018310546875e+01,9.884037780761718750e+01,1.126054229736328125e+02,1.160754318237304688e+02,1.095885391235351562e+02,9.683314514160156250e+01,7.676420593261718750e+01,6.119084167480468750e+01,6.297483444213867188e+01,7.809191131591796875e+01,7.485107421875000000e+01,7.392517852783203125e+01,7.759089660644531250e+01,6.881113433837890625e+01,6.227030944824218750e+01,6.416114807128906250e+01,6.340724563598632812e+01,5.936139678955078125e+01,5.626020050048828125e+01,5.000187683105468750e+01,5.586927032470703125e+01,6.101702117919921875e+01,5.816460418701171875e+01,6.041157531738281250e+01,6.205538177490234375e+01,5.855886840820312500e+01,6.104107666015625000e+01,6.481562805175781250e+01,1.088573532104492188e+02,1.102547912597656250e+02,1.078613204956054688e+02,1.099217910766601562e+02,1.050030822753906250e+02,1.046426696777343750e+02,1.088534011840820312e+02,1.198680572509765625e+02,1.359699096679687500e+02,1.203607559204101562e+02,8.082980346679687500e+01,5.643877410888671875e+01,4.793555068969726562e+01,4.961245346069335938e+01,8.830178833007812500e+01,1.115011901855468750e+02,9.921219635009765625e+01,1.050678100585937500e+02,1.265974273681640625e+02,1.300882873535156250e+02,1.258553161621093750e+02,1.176119842529296875e+02,1.091701202392578125e+02,9.964414978027343750e+01,1.049216766357421875e+02,1.044938049316406250e+02,9.399182128906250000e+01,8.307701110839843750e+01,8.328845977783203125e+01,8.264877319335937500e+01,8.414828491210937500e+01,7.759050750732421875e+01,7.833691406250000000e+01,8.352741241455078125e+01,8.095117187500000000e+01,6.485357666015625000e+01,5.759593963623046875e+01,8.256110382080078125e+01,8.777316284179687500e+01,7.883222198486328125e+01,7.317198181152343750e+01,7.737797546386718750e+01,7.635923004150390625e+01,8.353930664062500000e+01,8.942933654785156250e+01,9.853318786621093750e+01,1.129691772460937500e+02,8.300321960449218750e+01,6.296546173095703125e+01,4.943049621582031250e+01,6.795710754394531250e+01,9.808290100097656250e+01,9.506964111328125000e+01,7.877888488769531250e+01,7.524191284179687500e+01,7.261595916748046875e+01,7.018521881103515625e+01,6.451409149169921875e+01,7.141355895996093750e+01,8.967008972167968750e+01,1.030882568359375000e+02,1.105260238647460938e+02,1.250445556640625000e+02,1.268165435791015625e+02,1.124702835083007812e+02,1.124698944091796875e+02,1.169819183349609375e+02,1.239030456542968750e+02,1.155068817138671875e+02,9.737291717529296875e+01,9.177755737304687500e+01,8.743978881835937500e+01,1.024930419921875000e+02,1.207060546875000000e+02,1.242295455932617188e+02,1.234932708740234375e+02,1.256699829101562500e+02,1.320469970703125000e+02,1.280056762695312500e+02,1.107385711669921875e+02,9.553874206542968750e+01,1.005319442749023438e+02,1.014049987792968750e+02,1.063740081787109375e+02,1.248460769653320312e+02,1.314962158203125000e+02,1.218173522949218750e+02,1.194686279296875000e+02,1.066656265258789062e+02,1.021851501464843750e+02,1.168531341552734375e+02,1.214346618652343750e+02,8.723553466796875000e+01,7.722381591796875000e+01,1.224797973632812500e+02,1.436535644531250000e+02,1.437865295410156250e+02,1.345578918457031250e+02,1.249942626953125000e+02,1.334143981933593750e+02,1.456939697265625000e+02,1.483455047607421875e+02,1.639275360107421875e+02,1.644742279052734375e+02,1.634565734863281250e+02,1.670299072265625000e+02,1.463188781738281250e+02,1.142988128662109375e+02,1.163919067382812500e+02,1.200731964111328125e+02,1.040234222412109375e+02,5.622708129882812500e+01,1.420904541015625000e+01,4.481768608093261719e+00,1.817620849609375000e+01,4.716849136352539062e+01,8.386907958984375000e+01,1.300140686035156250e+02,1.512634735107421875e+02,1.571169128417968750e+02,1.615966339111328125e+02,1.548784179687500000e+02,1.472925109863281250e+02,1.440014343261718750e+02,1.412062377929687500e+02,1.348353881835937500e+02,1.306828308105468750e+02,1.275428314208984375e+02,1.251250152587890625e+02,1.215101623535156250e+02,1.175953674316406250e+02,1.162127609252929688e+02,1.118078002929687500e+02,1.048755950927734375e+02,9.944595336914062500e+01,9.026885986328125000e+01,9.064814758300781250e+01,8.636636352539062500e+01,8.397471618652343750e+01,7.954379272460937500e+01,7.633926391601562500e+01,7.403097534179687500e+01,7.036773681640625000e+01,6.832482910156250000e+01,6.929229736328125000e+01,6.136470794677734375e+01,5.613307952880859375e+01,5.973993682861328125e+01,6.160515594482421875e+01,6.200060272216796875e+01,6.202531433105468750e+01,6.236518859863281250e+01,6.232603454589843750e+01,6.215275573730468750e+01,5.921083068847656250e+01,6.080098724365234375e+01,5.985544586181640625e+01,5.989911651611328125e+01,5.980011367797851562e+01,7.004998779296875000e+01,1.111956634521484375e+02,1.212542343139648438e+02,1.141822814941406250e+02,1.074472351074218750e+02,1.154516601562500000e+02,1.463189697265625000e+02,1.558045959472656250e+02,1.022730255126953125e+02,5.133178710937500000e+01,3.222205352783203125e+01,2.657369232177734375e+01,2.880437660217285156e+01,3.516499710083007812e+01,5.585456848144531250e+01,8.342490386962890625e+01,9.412422180175781250e+01,1.006570205688476562e+02,9.917037963867187500e+01,8.419938659667968750e+01,7.053477478027343750e+01,4.362480926513671875e+01,2.723778915405273438e+01,2.035781478881835938e+01,2.049093246459960938e+01,2.049206733703613281e+01,2.026081275939941406e+01,3.436498641967773438e+01,1.060803604125976562e+02,1.404240570068359375e+02,1.501789245605468750e+02,1.417919006347656250e+02,1.403806915283203125e+02,1.349392089843750000e+02,1.289959106445312500e+02,1.246366882324218750e+02,1.081653137207031250e+02,1.141060562133789062e+02,1.350364685058593750e+02,1.472983703613281250e+02,1.521409912109375000e+02,1.510778503417968750e+02,1.465712280273437500e+02,1.450718994140625000e+02,1.408483276367187500e+02,1.319325561523437500e+02,1.216071624755859375e+02,1.161024246215820312e+02,9.352846527099609375e+01,1.008927612304687500e+02,1.269156188964843750e+02,1.397052154541015625e+02,1.493205871582031250e+02,1.555229797363281250e+02,1.479432373046875000e+02,1.436006164550781250e+02,1.458179016113281250e+02,1.286856079101562500e+02,7.504951477050781250e+01,6.433799743652343750e+01,9.844394683837890625e+01,9.316365051269531250e+01,8.317332458496093750e+01,8.194345855712890625e+01,8.091560363769531250e+01,6.819609069824218750e+01,4.476694488525390625e+01,2.452986907958984375e+01,1.746636962890625000e+01,2.390135574340820312e+01,5.049684143066406250e+01,7.949310302734375000e+01,7.861215972900390625e+01,4.552329254150390625e+01,3.210296249389648438e+01,5.349793243408203125e+01,8.688792419433593750e+01,9.223261260986328125e+01,8.037805175781250000e+01,8.498458862304687500e+01,1.023151702880859375e+02,1.155176849365234375e+02,1.226056671142578125e+02,1.306947479248046875e+02,1.380663299560546875e+02,1.377898559570312500e+02,1.316357727050781250e+02,1.199322357177734375e+02,1.064317932128906250e+02,9.712993621826171875e+01,8.919497680664062500e+01,8.663655090332031250e+01,8.602653503417968750e+01,8.198292541503906250e+01,7.805995178222656250e+01,7.489948272705078125e+01,7.595152282714843750e+01,7.620178222656250000e+01,6.976607513427734375e+01,6.739878845214843750e+01,6.624098205566406250e+01,6.307138061523437500e+01,6.550132751464843750e+01,6.493615722656250000e+01,1.089649353027343750e+02,1.403008270263671875e+02,1.451273956298828125e+02,1.403236083984375000e+02,1.422207641601562500e+02,1.544236450195312500e+02,1.543132629394531250e+02,1.300552062988281250e+02,1.133041610717773438e+02,1.165308837890625000e+02,1.168667526245117188e+02,1.315999755859375000e+02,1.411700439453125000e+02,1.386009368896484375e+02,1.364725036621093750e+02,1.380377502441406250e+02,1.408902282714843750e+02,1.263091583251953125e+02,7.843468475341796875e+01,2.788610458374023438e+01,1.429050445556640625e+01,5.178308868408203125e+01,1.094443969726562500e+02,1.314573364257812500e+02,1.310172271728515625e+02,1.301142730712890625e+02,1.147686080932617188e+02,1.176829833984375000e+02,1.192741699218750000e+02,1.179939727783203125e+02,1.265669860839843750e+02,1.355059814453125000e+02,1.374257507324218750e+02,1.356628417968750000e+02,1.378152770996093750e+02,1.376304931640625000e+02,1.408809967041015625e+02,1.470402832031250000e+02,1.415871582031250000e+02,1.312419433593750000e+02,1.320834350585937500e+02,1.353800048828125000e+02,1.456900177001953125e+02,1.542796630859375000e+02,1.581175842285156250e+02,1.571687316894531250e+02,1.587010192871093750e+02,1.500340423583984375e+02,1.330446472167968750e+02,1.196297760009765625e+02,1.101154022216796875e+02,1.153890762329101562e+02,1.225842742919921875e+02,1.206255874633789062e+02,1.191235504150390625e+02,1.089913940429687500e+02,8.797923278808593750e+01,6.997354888916015625e+01,7.115638732910156250e+01,4.496340560913085938e+01,4.038250732421875000e+01,9.948130035400390625e+01,1.386051635742187500e+02,1.245655441284179688e+02,1.139549560546875000e+02,1.052417755126953125e+02,8.618479919433593750e+01,8.332965087890625000e+01,1.012677612304687500e+02,1.076096038818359375e+02,1.024384155273437500e+02,9.516416931152343750e+01,9.625934600830078125e+01,1.103299560546875000e+02,1.178797683715820312e+02,1.133522949218750000e+02,1.090988616943359375e+02,1.044006958007812500e+02,1.006694641113281250e+02,9.726313018798828125e+01,8.576313781738281250e+01,7.875233459472656250e+01,7.299467468261718750e+01,7.041315460205078125e+01,6.983778381347656250e+01,6.877280426025390625e+01,6.844173431396484375e+01,6.563237762451171875e+01,6.417335510253906250e+01,5.879924011230468750e+01,5.898572158813476562e+01,5.832929992675781250e+01,5.719658660888671875e+01,5.749048614501953125e+01,5.722824478149414062e+01,5.706263351440429688e+01,5.269029617309570312e+01,5.077095413208007812e+01,5.412281036376953125e+01,5.402182006835937500e+01
-1.091664123535156250e+01,-1.332532119750976562e+01,-1.275971794128417969e+01,-8.445553779602050781e+00,-5.764664649963378906e+00,-7.275989532470703125e+00,9.343079328536987305e-01,1.478385543823242188e+01,2.268875694274902344e+01,3.835665512084960938e+01,1.615737152099609375e+01,5.334937095642089844e+00,1.592791366577148438e+01,2.273411941528320312e+01,3.017192459106445312e+01,4.207164001464843750e+01,4.776700592041015625e+01,-9.275244712829589844e+00,-1.569243812561035156e+01,-2.683576965332031250e+01,-2.562686920166015625e+01,-5.994727134704589844e+00,7.774322986602783203e+00,1.302903366088867188e+01,1.587230205535888672e+01,1.900443458557128906e+01,1.150530910491943359e+01,3.468104600906372070e+00,-2.615352630615234375e+00,-1.585048198699951172e+01,-3.220696640014648438e+01,-3.650778198242187500e+01,-3.456446838378906250e+01,-2.461329650878906250e+01,-1.009368324279785156e+01,-9.577826261520385742e-01,6.350523948669433594e+00,9.317502975463867188e+00,5.509530067443847656e+00,9.202250480651855469e+00,9.888148307800292969e+00,1.492070198059082031e+01,1.093665885925292969e+01,6.197980403900146484e+00,4.518525123596191406e+00,-4.989920854568481445e-01,-8.379149436950683594e+00,-1.988592910766601562e+01,-1.887158203125000000e+01,-2.298357772827148438e+01,-2.167562103271484375e+01,-4.031859874725341797e+00,1.791398620605468750e+01,2.766540145874023438e+01,2.923119735717773438e+01,2.080790519714355469e+01,-4.459939599037170410e-01,-5.908656120300292969e+00,-1.326616883277893066e+00,-2.935241758823394775e-01,3.192615509033203125e-02,-1.454457402229309082e+00,-4.608152866363525391e+00,-3.027289152145385742e+00,3.260643482208251953e+00,1.164167213439941406e+01,1.463102149963378906e+01,1.977270889282226562e+01,2.116217041015625000e+01,1.516751861572265625e+01,7.806157112121582031e+00,2.125787019729614258e+00,-5.524646759033203125e+00,-4.007350444793701172e+00,1.928256750106811523e+00,1.027978324890136719e+01,7.901187896728515625e+00,-6.161952018737792969e+00,-1.037148284912109375e+01,-1.602633857727050781e+01,-1.687861251831054688e+01,-4.383014678955078125e+00,4.601233005523681641e+00,2.216277360916137695e+00,6.944138407707214355e-01,-5.889613628387451172e+00,-7.864675998687744141e+00,-1.007241439819335938e+01,-1.391754245758056641e+01,-3.253993225097656250e+01,-5.600065994262695312e+01,-6.012431335449218750e+01,-5.240554809570312500e+01,-4.464386749267578125e+01,-3.449043273925781250e+01,-2.275549697875976562e+01,-3.400923919677734375e+01,-5.336169433593750000e+01,-4.314813232421875000e+01,-2.236890792846679688e+01,-2.717159748077392578e+00,3.089601516723632812e+00,1.200305461883544922e+00,-3.714784622192382812e+00,-7.161302089691162109e+00,-6.539106369018554688e-02,-3.077923774719238281e+00,-3.789028167724609375e+00,3.218754827976226807e-01,-5.695713996887207031e+00,-8.103637695312500000e+00,-1.326900672912597656e+01,-1.629504966735839844e+01,-1.756013870239257812e+01,-1.920032882690429688e+01,-1.703550720214843750e+01,-2.047496795654296875e+01,-2.080701065063476562e+01,-1.422818279266357422e+01,-1.536392784118652344e+01,-2.108112335205078125e+01,-2.023996162414550781e+01,-1.986100196838378906e+01,-1.758347702026367188e+01,-1.629361152648925781e+01,-1.949230957031250000e+01,-1.787865638732910156e+01,-1.417587661743164062e+01,-2.678227615356445312e+01,-3.273844909667968750e+01,-2.914953231811523438e+01,2.879010677337646484e+00,3.110666465759277344e+01,2.747712707519531250e+01,5.213565349578857422e+00,-2.086235809326171875e+01,-2.801818084716796875e+01,-2.076835250854492188e+01,1.651793670654296875e+01,4.613092422485351562e+01,2.284762191772460938e+01,-1.916396141052246094e+00,8.555268287658691406e+00,1.131522274017333984e+01,1.143640708923339844e+01,3.409236907958984375e+01,4.080865478515625000e+01,2.404492568969726562e+01,2.801965236663818359e+00,3.368982076644897461e+00,3.743438243865966797e+00,-1.450415420532226562e+01,-2.492621421813964844e+01,-2.110526657104492188e+01,-1.780572891235351562e+01,-7.354478836059570312e-01,-9.516904830932617188e+00,-1.344055175781250000e+01,-1.038313198089599609e+01,-2.006896734237670898e+00,6.171302318572998047e+00,8.061709403991699219e+00,1.770342636108398438e+01,1.501550292968750000e+01,1.190968894958496094e+01,-4.689242362976074219e+00,-2.560945320129394531e+01,-3.438953781127929688e+01,-3.842613983154296875e+01,-4.175014495849609375e+01,-4.029925537109375000e+01,-2.694424247741699219e+01,-2.092284774780273438e+01,-2.824047660827636719e+01,-3.410037231445312500e+01,-3.442266845703125000e+01,-2.649818801879882812e+01,-1.386567687988281250e+01,-2.582366466522216797e+00,-2.311763286590576172e+00,-3.858206272125244141e-01,3.762881994247436523e+00,-3.797714710235595703e+00,-6.859989166259765625e+00,-5.887377738952636719e+00,-1.450555324554443359e+01,-3.637152481079101562e+01,-4.031674194335937500e+01,-1.968155288696289062e+01,5.052452087402343750e+00,1.554802536964416504e+00,-1.235779762268066406e+01,-2.605003547668457031e+01,-9.588673591613769531e+00,3.207124710083007812e+01,4.246883392333984375e+01,3.974715423583984375e+01,1.445430374145507812e+01,-4.353631019592285156e+00,-3.249183893203735352e+00,5.540409088134765625e+00,7.756456851959228516e+00,9.760702133178710938e+00,5.241245269775390625e+00,-6.701233386993408203e+00,-2.640439224243164062e+01,-3.024637222290039062e+01,-3.145213890075683594e+01,-2.497711563110351562e+01,-2.124476623535156250e+01,-1.932040786743164062e+01,-8.563426017761230469e+00,-7.643186569213867188e+00,-8.582884788513183594e+00,-9.725982666015625000e+00,-3.620380878448486328e+00,4.655967235565185547e+00,8.636281013488769531e+00,8.101961135864257812e+00,6.319291114807128906e+00,8.552383422851562500e+00,-1.051674270629882812e+01,-2.908007812500000000e+01,-3.961889266967773438e+01,-4.444915771484375000e+01,-4.429031753540039062e+01,-4.344499588012695312e+01,-4.634125518798828125e+01,-4.125386047363281250e+01,-3.938671875000000000e+01,-2.789754486083984375e+01,-1.548084735870361328e+01,-8.658065795898437500e+00,-9.685136795043945312e+00,-5.210352420806884766e+00,-6.384267330169677734e+00,-1.261721038818359375e+01,-2.218338203430175781e+01,-4.757269382476806641e+00,1.293789768218994141e+01,1.283517742156982422e+01,1.327485179901123047e+01,8.732368469238281250e+00,2.815849781036376953e-01,-5.955794334411621094e+00,-2.039122962951660156e+01,-4.023235321044921875e+01,-4.709010314941406250e+01,-2.245441627502441406e+01,-1.973687744140625000e+01,-2.051445007324218750e+01,-1.852167320251464844e+01,-1.023102951049804688e+01,2.631060123443603516e+00,5.136726379394531250e+00,-3.363209366798400879e-01,-4.241027832031250000e+00,-2.638200283050537109e+00,9.123239517211914062e+00,1.731339454650878906e+01,-1.764123153686523438e+01,-2.172757148742675781e+01,-1.022797584533691406e+01,1.020870506763458252e-01,3.757542371749877930e+00,3.544936656951904297e+00,-2.013446807861328125e+01,-4.259465026855468750e+01,-4.928550338745117188e+01,-3.790399169921875000e+01,-2.037876319885253906e+01,5.710459709167480469e+00,6.416345596313476562e+00,-2.053293228149414062e+01,-1.504513359069824219e+01,-2.547004508972167969e+01,-3.700458908081054688e+01,-2.403847885131835938e+01,-5.617880821228027344e+00,-4.910323619842529297e+00,-8.247315406799316406e+00,-3.340899229049682617e+00,6.579654693603515625e+00,3.309252166748046875e+01,5.084587860107421875e+01,5.024391937255859375e+01,4.352298736572265625e+01,4.607605743408203125e+01,3.236023712158203125e+01,2.417133331298828125e+01,9.008274078369140625e+00,2.265398502349853516e+00,4.139367580413818359e+00,-4.100908756256103516e+00,-9.718259811401367188e+00,-7.356779098510742188e+00,-1.086717319488525391e+01,-1.563748264312744141e+01,-1.941483306884765625e+01,-2.304300308227539062e+01,-2.523390960693359375e+01,-3.149709510803222656e+01,-4.219915008544921875e+01,-4.615314483642578125e+01,-3.557670593261718750e+01,-1.842069625854492188e+01,1.697064638137817383e-01,7.287308692932128906e+00,1.589236259460449219e+01,1.093420028686523438e+01,3.193782329559326172e+00,-2.055023956298828125e+01,-2.481338119506835938e+01,-7.850193977355957031e+00,-1.312317609786987305e+00,1.117492318153381348e+00,2.184011459350585938e+00,-2.116248607635498047e+00,-1.112954998016357422e+01,-1.573010253906250000e+01,-1.647418785095214844e+01,-2.126377296447753906e+01,-2.624083328247070312e+01,-3.195058059692382812e+01,-3.702756500244140625e+01,-3.764837646484375000e+01,-4.003453063964843750e+01,-3.868387603759765625e+01,-3.217692947387695312e+01,-2.415698051452636719e+01,-1.733601760864257812e+01,-1.152106094360351562e+01,-6.942756652832031250e+00,2.508473873138427734e+00,1.940098953247070312e+01,3.920771789550781250e+01,1.944119834899902344e+01,-6.802320480346679688e+00,-2.310749435424804688e+01,-2.580873107910156250e+01,-2.798138427734375000e+01,-3.866835784912109375e+01,-4.139450073242187500e+01,-3.859987258911132812e+01,-3.687320709228515625e+01,-2.294229507446289062e+01,-6.799285411834716797e+00,3.928918838500976562e+00,1.386208534240722656e+01,-9.180167198181152344e+00,-2.375837326049804688e+01,-2.700548744201660156e+01,-1.435958480834960938e+01,1.780771017074584961e+00,-3.360684633255004883e+00,-2.152316570281982422e+00,8.923881053924560547e-01,6.367723464965820312e+00,1.357365512847900391e+01,4.138900756835937500e+00,-1.440681076049804688e+01,-2.397684669494628906e+01,-2.186570358276367188e+01,-2.430169486999511719e+01,-2.353556060791015625e+01,-1.105971813201904297e+01,5.242915153503417969e+00,8.758019447326660156e+00,-1.025069117546081543e+00,-1.884948730468750000e+01,-3.238664627075195312e+01,-3.031898498535156250e+01,-1.483919906616210938e+01,1.321943044662475586e+00,1.273462867736816406e+01,1.851402473449707031e+01,1.012184143066406250e+01,-1.144694519042968750e+01,-2.834428024291992188e+01,-4.082696533203125000e+01,-4.116050720214843750e+01,-4.799525070190429688e+01,-5.011949539184570312e+01,-5.291188812255859375e+01,-5.462257385253906250e+01,-5.015310287475585938e+01,-3.296933746337890625e+01,-1.091395759582519531e+01,-4.221998691558837891e+00,1.495818710327148438e+01,3.436084747314453125e+01,2.953486633300781250e+01,1.406722354888916016e+01,1.035672187805175781e+01,2.251623344421386719e+01,3.375978851318359375e+01,3.018947982788085938e+01,3.156832885742187500e+01,3.178582191467285156e-01,-1.784963226318359375e+01,-3.082389068603515625e+01,-3.437377166748046875e+01,-3.832756042480468750e+01,-4.637167358398437500e+01,-4.857224273681640625e+01,-5.058476638793945312e+01,-4.034596252441406250e+01,-2.510499572753906250e+01,-8.682191848754882812e+00,1.577511978149414062e+01,2.145549392700195312e+01,2.148918914794921875e+01,2.788808059692382812e+01,2.517097473144531250e+01,2.897700500488281250e+01,4.015577697753906250e+01,4.473361968994140625e+01,2.852137756347656250e+01,1.761684417724609375e+01,1.745718193054199219e+01,1.446949958801269531e+01,7.757309436798095703e+00,1.773264122009277344e+01,1.460851860046386719e+01,-1.651102423667907715e+00,-1.479004287719726562e+01,-2.072702598571777344e+01,-2.388722229003906250e+01,-2.451199722290039062e+01,-1.555432415008544922e+01,-6.666728973388671875e+00,-2.956956148147583008e+00,8.627496719360351562e+00,1.995766830444335938e+01,1.995376586914062500e+01,8.400600433349609375e+00,6.111794471740722656e+00,9.558082580566406250e+00,4.932825863361358643e-01,-1.196248435974121094e+01,-3.563940525054931641e+00,9.791132926940917969e+00,2.544361495971679688e+01,2.544363021850585938e+01,6.112468242645263672e+00,-5.546001911163330078e+00,4.768471717834472656e+00,1.210726165771484375e+01,8.227987587451934814e-02,-1.309078979492187500e+01,-9.711817741394042969e+00,8.023638725280761719e+00,1.848401832580566406e+01,1.590402317047119141e+01,-1.557363510131835938e+00,-2.458292388916015625e+01,-2.295815277099609375e+01,-8.409157752990722656e+00,-1.045227527618408203e+01,-1.023822212219238281e+01,-8.983323097229003906e+00,-1.127760291099548340e+00,6.012132167816162109e+00,-1.238180255889892578e+01,-2.886933135986328125e+01,-4.335005187988281250e+01,-5.896666717529296875e+01,-5.543558502197265625e+01,-3.783451843261718750e+01,-1.758261871337890625e+01,-1.121715545654296875e+01,-1.868876838684082031e+01,-1.855302047729492188e+01,-1.041166877746582031e+01,-1.497629404067993164e+00,5.628914833068847656e+00,1.838045883178710938e+01,1.417722702026367188e+01,1.711948585510253906e+01,8.675940513610839844e+00,-2.115921401977539062e+01,-2.432574462890625000e+01,-1.048803520202636719e+01,-1.315446472167968750e+01,-2.311335372924804688e+01,-2.127766609191894531e+01,-1.279623603820800781e+01,-2.699392318725585938e+01,-4.605606079101562500e+01,-5.216235351562500000e+01,-4.793778610229492188e+01,-4.990553283691406250e+01,-4.427265167236328125e+01,-3.787796020507812500e+01,-2.590029525756835938e+01,-6.866284370422363281e+00,1.064655423164367676e+00,-2.058518028259277344e+01,-3.483163452148437500e+01,-3.357133102416992188e+01,-2.879968261718750000e+01,-2.719260406494140625e+01,-1.723688888549804688e+01,-1.755202102661132812e+01,-3.124050712585449219e+01,-3.735097122192382812e+01,-3.102181625366210938e+01,-1.867680740356445312e+01,-3.962712526321411133e+00,-7.189057350158691406e+00,-6.494529724121093750e+00,9.398240447044372559e-01,5.597795486450195312e+00,8.026528358459472656e+00,1.044252014160156250e+01,1.190372562408447266e+01,9.657318115234375000e+00,9.479949951171875000e+00,1.369157981872558594e+01,2.167657852172851562e+01,1.622522926330566406e+01,4.606684207916259766e+00,-3.170701742172241211e+00,5.437747478485107422e+00,2.028273010253906250e+01,2.280924606323242188e+01,9.131958007812500000e+00,3.773212671279907227e+00,4.371553421020507812e+00,-1.437835597991943359e+01,-1.409813404083251953e+01,-9.288135528564453125e+00,-1.159157466888427734e+01,-2.015112686157226562e+01,-2.444538116455078125e+01,-3.087931060791015625e+01,-2.405725860595703125e+01,-5.995022773742675781e+00,6.394832611083984375e+00,1.811613273620605469e+01,1.652130317687988281e+01,8.282280921936035156e+00,8.333141326904296875e+00,6.512511253356933594e+00,1.926673650741577148e+00,1.234641551971435547e+00,4.210948467254638672e+00,1.500854969024658203e+00,-1.415848731994628906e+01,-2.307324600219726562e+01,-2.457328033447265625e+01,-2.575788879394531250e+01,-2.249544525146484375e+01,-2.583551216125488281e+01,-2.712468910217285156e+01,-2.122515106201171875e+01,-1.582273674011230469e+01,-4.401336193084716797e+00,-2.489293336868286133e+00,-1.879035234451293945e+00,-3.416859149932861328e+00,8.658635616302490234e-02,6.002088069915771484e+00,-5.410265445709228516e+00,-1.610428047180175781e+01,-1.059279823303222656e+01,1.414171981811523438e+01,1.180000495910644531e+01,-1.573747158050537109e+00,-1.886304092407226562e+01,-2.280968093872070312e+01,-1.580378150939941406e+01,-2.265602111816406250e+01,-2.844606018066406250e+01,-3.340610504150390625e+01,-3.831507873535156250e+01,-4.093784332275390625e+01,-4.395735931396484375e+01,-3.882149124145507812e+01,-3.038860893249511719e+01,-1.451045703887939453e+01,3.160606622695922852e+00,3.309723281860351562e+01,4.029006195068359375e+01,2.448729705810546875e+01,1.278443717956542969e+01,2.456695747375488281e+01,4.391026020050048828e+00,-9.558120727539062500e+00,-8.843221664428710938e+00,-8.511256217956542969e+00,-2.296614646911621094e+01,-2.999608612060546875e+01,-2.388793945312500000e+01,-1.487522506713867188e+01,-1.236952781677246094e+01,-2.465444183349609375e+01,-2.924010848999023438e+01,-1.723148345947265625e+01,2.752695083618164062e+00,2.451394557952880859e+00,-6.147129058837890625e+00,-4.363558769226074219e+00,2.430352592468261719e+01,3.157625198364257812e+01,3.243331527709960938e+01,2.865212249755859375e+01,2.560710906982421875e+01,2.752232933044433594e+01,2.516065025329589844e+01,7.737264633178710938e+00,-1.585411453247070312e+01,-1.753309631347656250e+01,-1.218122124671936035e+00,2.472032928466796875e+01,3.651502990722656250e+01,3.398036956787109375e+01,3.077158355712890625e+01,2.454982757568359375e+01,2.763781738281250000e+01,3.603591918945312500e+01,4.271934127807617188e+01,5.110887908935546875e+01,5.195297241210937500e+01,4.912123870849609375e+01,4.358635330200195312e+01,3.416733551025390625e+01,2.832527160644531250e+01,2.101747512817382812e+01,1.613468170166015625e+01,4.148178577423095703e+00,-1.348645019531250000e+01,-3.005321121215820312e+01,-3.930938720703125000e+01,-3.003374481201171875e+01,2.320994615554809570e+00,2.790297698974609375e+01,3.249917221069335938e+01,3.254404449462890625e+01,3.904290008544921875e+01,3.889770507812500000e+01,3.883747100830078125e+01,3.355661773681640625e+01,3.318225097656250000e+01,2.970709991455078125e+01,3.041341781616210938e+01,2.004607772827148438e+01,-5.519844532012939453e+00,-2.337348365783691406e+01,-4.605181121826171875e+01,-5.298722076416015625e+01,-4.944409942626953125e+01,-3.719589996337890625e+01,-2.087173271179199219e+01,-2.432696723937988281e+01,-3.374788665771484375e+01,-3.510726928710937500e+01,-1.934133529663085938e+01,-5.138108730316162109e+00,-9.854345321655273438e+00,-1.139413833618164062e+01,-4.204414367675781250e+00,5.941516876220703125e+00,1.005273580551147461e+00,-6.162612915039062500e+00,-8.626763343811035156e+00,-2.317199897766113281e+01,-2.551280975341796875e+01,-3.758842086791992188e+01,-4.450796508789062500e+01,-4.367506790161132812e+01,-3.327305984497070312e+01,-3.922167205810546875e+01,-4.413673400878906250e+01,-3.464760589599609375e+01,-1.101420307159423828e+01,1.792819404602050781e+01,2.896067428588867188e+01,2.847629928588867188e+01,2.600887680053710938e+01,2.347911834716796875e+01,1.346431541442871094e+01,8.061710357666015625e+00,8.373892784118652344e+00,2.773976564407348633e+00,-1.634597063064575195e+00,-3.572545051574707031e+00,-5.688628196716308594e+00,-6.834742546081542969e+00,-7.843101024627685547e+00,-6.738337516784667969e+00,-2.243221998214721680e+00,-8.741610050201416016e-01,-9.806568145751953125e+00,-1.881739044189453125e+01,-2.045552635192871094e+01,-2.473496246337890625e+01,-3.172444725036621094e+01,-3.345741271972656250e+01,-2.939345359802246094e+01,-3.339627075195312500e+01,-3.261470794677734375e+01,-3.175486755371093750e+01,-3.098616600036621094e+01,-3.533582687377929688e+01,-3.368146514892578125e+01,-2.599197006225585938e+01,-2.406315040588378906e+01,-1.407596206665039062e+01,-3.957822799682617188e+00,-4.756287574768066406e+00,8.216072082519531250e+00,4.572566986083984375e+01,4.083402252197265625e+01,3.635977268218994141e+00,-3.112917137145996094e+01,-4.158849334716796875e+01,-3.016983032226562500e+01,-1.275152111053466797e+01,-3.357366800308227539e+00,-4.268919944763183594e+00,-3.496230125427246094e+00,-1.484852695465087891e+01,-2.381368637084960938e+01,-3.098856163024902344e+01,-2.847731018066406250e+01,-1.304993247985839844e+01,-4.945968151092529297e+00,2.749570465087890625e+01,3.665557479858398438e+01,3.569729614257812500e+01,3.470269775390625000e+01,3.498795318603515625e+01,2.992717552185058594e+01,3.526369476318359375e+01,4.194226455688476562e+01,4.774768447875976562e+01,5.289914321899414062e+01,4.486725616455078125e+01,4.467050933837890625e+01,3.490842819213867188e+01,3.681263732910156250e+01,3.708058929443359375e+01,3.682700347900390625e+01,3.573313903808593750e+01,3.628846740722656250e+01,2.958750534057617188e+01,2.517121887207031250e+01,1.822018051147460938e+01,1.564046573638916016e+01,1.224993896484375000e+01,4.589655876159667969e+00,4.621250152587890625e+00,4.076617240905761719e+00,5.697434425354003906e+00,1.315107059478759766e+01,1.958637237548828125e+01,1.998685073852539062e+01,2.750757789611816406e+01,3.811000823974609375e+01,2.160474205017089844e+01,1.293410491943359375e+01,1.070486164093017578e+01,1.361972904205322266e+01,3.327261352539062500e+01,2.896076393127441406e+01,-7.514278411865234375e+00,-3.053476333618164062e+01,-3.555878448486328125e+01,-4.111287689208984375e+01,-3.962532424926757812e+01,-3.793566131591796875e+01,-4.144483947753906250e+01,-3.955751800537109375e+01,-2.375222015380859375e+01,3.054233312606811523e+00,1.356548905372619629e+00,-3.051989555358886719e+00,1.288738250732421875e+00,9.015579223632812500e+00,1.243324470520019531e+01,1.172352981567382812e+01,-3.850202798843383789e+00,-2.317233276367187500e+01,-3.045979499816894531e+01,-1.595924472808837891e+01,-2.426519870758056641e+00,-8.329225540161132812e+00,-4.058211326599121094e+00,1.240278720855712891e+01,-3.773706436157226562e+00,-2.113845443725585938e+01,-2.771417236328125000e+01,-1.447850418090820312e+01,-3.881204128265380859e-01,8.009381294250488281e+00,1.479267239570617676e+00,-3.772443056106567383e+00,-1.097480773925781250e+01,-1.982413291931152344e+01,-2.641323471069335938e+01,-3.317625427246093750e+01,-3.536379241943359375e+01,-3.731964874267578125e+01,-4.102384185791015625e+01,-4.071610260009765625e+01,-3.049208831787109375e+01,-1.758127593994140625e+01,-6.470219135284423828e+00,4.329137325286865234e+00,4.831242561340332031e+00,3.286532878875732422e+00,2.125059890747070312e+01,3.806499099731445312e+01,3.374654006958007812e+01,3.734966278076171875e+01,3.752027130126953125e+01,2.964782333374023438e+01,2.629549026489257812e+01,2.959057998657226562e+01,3.558123779296875000e+01,4.338494110107421875e+01,1.190450477600097656e+01,-7.358484268188476562e+00,-2.769858360290527344e+01,-3.888349151611328125e+01,-4.307199859619140625e+01,-3.445092773437500000e+01,-2.638260650634765625e+01,-2.414266586303710938e+01,-1.712022018432617188e+01,-1.475546646118164062e+01,-2.034407424926757812e+01,-2.012888717651367188e+01,-1.901340866088867188e+01,-1.775169372558593750e+01,-1.099193382263183594e+01,1.381349277496337891e+01,4.756285858154296875e+01,4.543933486938476562e+01,4.300430679321289062e+01,3.560034942626953125e+01,2.952068138122558594e+01,2.958164978027343750e+01,3.744849395751953125e+01,2.077500915527343750e+01,-1.459564685821533203e+01,-3.095069122314453125e+01,-3.490130996704101562e+01,-4.155841064453125000e+01,-4.396933364868164062e+01,-3.673848724365234375e+01,-3.617220306396484375e+01,-4.830245971679687500e+01,-4.912469482421875000e+01,-5.372631454467773438e+01,-5.818178176879882812e+01,-6.097982025146484375e+01,-5.702619552612304688e+01,-4.891832733154296875e+01,-4.095497131347656250e+01,-3.002837944030761719e+01,-2.075407028198242188e+01,-1.283816719055175781e+01,-5.652405261993408203e+00,-8.035076141357421875e+00,-1.517283248901367188e+01,-2.496945762634277344e+01,-2.502765274047851562e+01,-2.121123313903808594e+01,-1.754497909545898438e+01,-1.419096851348876953e+01,-1.759973335266113281e+01,-1.711739349365234375e+01,-1.412728214263916016e+01,6.808873176574707031e+00,1.081517505645751953e+01,4.462054729461669922e+00,-5.818799018859863281e+00,8.076148986816406250e+00,2.782040405273437500e+01,3.259350585937500000e+01,4.585715484619140625e+01,4.606129455566406250e+01,2.832728576660156250e+01,6.231408119201660156e+00,-1.116756081581115723e+00,1.014492034912109375e+01,9.735984802246093750e+00,-2.762144088745117188e+00,4.222463607788085938e+00,1.426282310485839844e+01,2.741904067993164062e+01,3.814787292480468750e+01,4.263519287109375000e+01,3.520192718505859375e+01,3.006657791137695312e+01,3.556446838378906250e+01,2.711633300781250000e+01,-6.726632118225097656e+00,-2.309039115905761719e+01,-3.014111709594726562e+01,-2.734657096862792969e+01,-9.338979721069335938e+00,2.097506046295166016e+00,1.099342918395996094e+01,2.036989593505859375e+01,1.769387435913085938e+01,-1.015372633934020996e+00,-1.424699211120605469e+01,-1.854629898071289062e+01,-2.655185317993164062e+01,-2.913391876220703125e+01,-3.050163459777832031e+01,-3.072863006591796875e+01,-3.070956230163574219e+01,-2.138485717773437500e+01,6.389483928680419922e+00,4.388943481445312500e+01,5.643537139892578125e+01,5.771400070190429688e+01,5.352880859375000000e+01,4.883600234985351562e+01,4.451178741455078125e+01,4.432283020019531250e+01,4.332709503173828125e+01,3.578705596923828125e+01,3.449480819702148438e+01,3.825361633300781250e+01,3.884918594360351562e+01,2.948081970214843750e+01,1.929272079467773438e+01,2.228993177413940430e+00,-1.740573883056640625e+01,-1.529918861389160156e+01,-3.842485904693603516e+00,5.496789932250976562e+00,-3.739164829254150391e+00,-3.541869735717773438e+01,-4.167203521728515625e+01,-2.585345458984375000e+01,-8.558981895446777344e+00,7.772154808044433594e+00,1.922507667541503906e+01,3.391505432128906250e+01,4.428341293334960938e+01,4.510417175292968750e+01,3.561828613281250000e+01,1.337287807464599609e+01,1.217472553253173828e+00,2.572894334793090820e+00,9.256498336791992188e+00,1.483518505096435547e+01,1.332044124603271484e+01,1.549461174011230469e+01,2.229030609130859375e+01,3.117534065246582031e+01,3.342784881591796875e+01,3.273428440093994141e+00,-7.985682487487792969e+00,-8.815006256103515625e+00,-7.633074283599853516e+00,1.321781277656555176e+00,1.299927902221679688e+01,2.191938018798828125e+01,2.415901565551757812e+01,2.482874679565429688e+01,2.266096496582031250e+01,1.568141174316406250e+01,1.292033386230468750e+01,1.013943767547607422e+01,7.294291496276855469e+00,6.452459335327148438e+00,5.353863239288330078e+00,7.451157569885253906e-01,4.795905113220214844e+00,1.544875431060791016e+01,9.356218338012695312e+00,-3.764358758926391602e+00,-1.426989555358886719e+01,-1.364034271240234375e+01,-1.114001464843750000e+01,-1.673796081542968750e+01,-1.918055343627929688e+01,-2.317388534545898438e+01,-2.501650619506835938e+01,-2.200092506408691406e+01,-2.097159385681152344e+01,-1.703490257263183594e+01,-8.554218292236328125e+00,-2.084710836410522461e+00,-1.689840435981750488e+00,-7.199383258819580078e+00,7.555417060852050781e+00,3.706605911254882812e+00,-4.987493038177490234e+00,-7.207208633422851562e+00,-9.511581420898437500e+00,-3.020077705383300781e+01,-3.431972503662109375e+01,-2.819559478759765625e+01,-1.988681411743164062e+01,-5.459136962890625000e+00,1.101744365692138672e+01,8.945112228393554688e+00,1.783224344253540039e+00,4.085211753845214844e+00,1.118194770812988281e+01,2.350684928894042969e+01,3.211396026611328125e+01,2.649788475036621094e+01,2.158878898620605469e+01,9.359568595886230469e+00,-1.333297157287597656e+01,-1.960527038574218750e+01,-1.264813232421875000e+01,1.056362342834472656e+01,2.401057052612304688e+01,2.144015884399414062e+01,1.752856445312500000e+01,8.266445159912109375e+00,-7.741542816162109375e+00,-1.964930915832519531e+01,-2.931441879272460938e+01,-3.586839294433593750e+01,-3.699983215332031250e+01,-3.240072631835937500e+01,-4.048588943481445312e+01,-3.958258438110351562e+01,-2.759081649780273438e+01,-3.875761795043945312e+01,-3.576880264282226562e+01,-2.877879333496093750e+01,-2.409618377685546875e+01,-2.015631103515625000e+01,-9.696043014526367188e+00,-3.466118812561035156e+00,-1.808219432830810547e+00,-1.816188097000122070e+00,-3.302623748779296875e+01,-6.060512161254882812e+01,-5.055445098876953125e+01,-2.751448059082031250e+01,-1.987586402893066406e+01,-1.012016296386718750e+01,-7.681488513946533203e+00,-1.251310920715332031e+01,-3.165277862548828125e+01,-3.456347656250000000e+01,-2.040765380859375000e+01,-7.577707290649414062e+00,5.401784420013427734e+00,1.361946678161621094e+01,-5.146664977073669434e-01,-2.328163623809814453e+00,1.131819343566894531e+01,1.876794052124023438e+01,1.192476272583007812e+01,4.009884595870971680e-01,-3.588668823242187500e+00,-9.583705902099609375e+00,-1.102758884429931641e+01,-1.101865005493164062e+01,-1.111203765869140625e+01,-3.330852746963500977e+00,8.481862068176269531e+00,2.671887397766113281e+00,-9.344144821166992188e+00,-6.957767486572265625e+00,-7.456800460815429688e+00,-2.445709609985351562e+01,-2.796182060241699219e+01,-2.104771804809570312e+01,-1.904346466064453125e+01,-1.472518157958984375e+01,-1.910542726516723633e+00,6.453713417053222656e+00,1.088674926757812500e+01,-2.898242235183715820e+00,-1.440870475769042969e+01,-2.469641113281250000e+01,-3.310267639160156250e+01,-2.873820304870605469e+01,-2.450116872787475586e+00,2.930958175659179688e+01,4.445479202270507812e+01,4.030695343017578125e+01,3.304553985595703125e+01,3.384196853637695312e+01,3.527635574340820312e+01,3.105025863647460938e+01,1.110749244689941406e+01,-1.070305061340332031e+01,-1.941279220581054688e+01,-1.474720859527587891e+01,-1.166839885711669922e+01,-1.105201911926269531e+01,-7.972582817077636719e+00,-9.103033065795898438e+00,-1.145960807800292969e+01,-1.145342540740966797e+01,-1.038195896148681641e+01,-1.392688369750976562e+01,-1.847760391235351562e+01,-1.931824874877929688e+01,-2.355456161499023438e+01,-3.009013366699218750e+01,-4.677344512939453125e+01,-5.232073211669921875e+01,-4.601387786865234375e+01,-4.271055221557617188e+01,-4.059530258178710938e+01,-3.509146118164062500e+01,-3.044207763671875000e+01,-3.192282104492187500e+01,-2.988171577453613281e+01,-3.195668601989746094e+01,-3.030571365356445312e+01,-2.979326438903808594e+01,-2.810404968261718750e+01,-1.831077957153320312e+01,-1.352462577819824219e+01,-9.757417678833007812e+00,-3.416190743446350098e-01,-2.554963231086730957e-01,-2.996006250381469727e+00,3.429681015014648438e+01,4.233284378051757812e+01,3.818066406250000000e+01,3.051100540161132812e+01,1.119127368927001953e+01,-5.333255767822265625e+00,-1.461464118957519531e+01,-8.178404808044433594e+00,-1.612750053405761719e+00,8.299185037612915039e-01,-8.458380699157714844e+00,-1.352310299873352051e+00,1.995155334472656250e+01,2.690955543518066406e+01,3.047136306762695312e+01,3.311217498779296875e+01,2.659690284729003906e+01,1.398669052124023438e+01,4.120393753051757812e+00,-1.212295722961425781e+01,-1.744995880126953125e+01,-1.971397018432617188e+01,-2.932989311218261719e+01,-3.525119018554687500e+01,-3.151313781738281250e+01,-1.999357414245605469e+01,-8.271929740905761719e+00,5.941313505172729492e-02,1.056236076354980469e+01,2.017208480834960938e+01,9.551178932189941406e+00,-2.037229061126708984e+00,-2.372354888916015625e+01,-4.276082229614257812e+01,-4.693484878540039062e+01,-4.943560791015625000e+01,-5.066959381103515625e+01,-5.030871582031250000e+01,-4.544387054443359375e+01,-4.227526855468750000e+01,-3.137360572814941406e+01,-2.556102752685546875e+01,-1.271211624145507812e+01,2.581707239151000977e-01,7.478954315185546875e+00,7.767638206481933594e+00,-3.318779945373535156e+00,-1.098345851898193359e+01,-4.636712551116943359e+00,2.405897521972656250e+01,4.798540878295898438e+01,4.678566741943359375e+01,3.561145782470703125e+01,9.907948493957519531e+00,-1.477649211883544922e+01,-2.959387207031250000e+01,-4.620742797851562500e+01,-5.514224243164062500e+01,-6.141238403320312500e+01,-6.415995788574218750e+01,-6.161842346191406250e+01,-6.180690002441406250e+01,-6.174110412597656250e+01,-5.808569335937500000e+01,-3.846811294555664062e+01,-1.430500221252441406e+01,-4.552828311920166016e+00,-4.141883850097656250e+00,-9.132282257080078125e+00,-1.949235916137695312e+01,-2.381178665161132812e+01,-1.173511695861816406e+01,-5.266830444335937500e+00,-2.587278366088867188e+01,-4.758099746704101562e+01,-5.600670623779296875e+01,-4.801655578613281250e+01,-2.965271186828613281e+01,-9.815821647644042969e+00,2.900207281112670898e+00,6.099622249603271484e+00,1.375834846496582031e+01,2.024305534362792969e+01,2.250180435180664062e+01,1.888492965698242188e+01,1.755705642700195312e+01,3.018909454345703125e+01,3.844063568115234375e+01,3.815145111083984375e+01,3.721251678466796875e+01,3.707469177246093750e+01,2.162833023071289062e+01,-3.003033161163330078e+00,-9.945213317871093750e+00,-1.038888359069824219e+01,-1.331684494018554688e+01,-1.822185134887695312e+01,-1.300136280059814453e+01,-1.315321350097656250e+01,-8.084281921386718750e+00,8.577280640602111816e-01,9.313836097717285156e+00,3.590286636352539062e+01,5.369145202636718750e+01,4.989048767089843750e+01,4.021980285644531250e+01,3.509658813476562500e+01,3.114730072021484375e+01,3.295799636840820312e+01,3.483745574951171875e+01,-1.302696943283081055e+00,-3.378583145141601562e+01,-4.746696472167968750e+01,-3.787656784057617188e+01,-1.632780647277832031e+01,5.525946617126464844e+00,2.128122329711914062e+01,2.013974380493164062e+01,1.359143257141113281e+01,-1.888453722000122070e+00,1.729316234588623047e+00,2.116355895996093750e+01,1.984705352783203125e+01,1.827006340026855469e+01,2.059094238281250000e+01,1.816946220397949219e+01,9.442962646484375000e+00,9.489234924316406250e+00,1.406197166442871094e+01,4.432986259460449219e+00,-1.297971916198730469e+01,-2.159339904785156250e+01,-2.174877929687500000e+01,-2.931896209716796875e+01,-3.621710205078125000e+01,-3.299559020996093750e+01,-1.549913787841796875e+01,-8.069344520568847656e+00,-2.178509140014648438e+01,-3.122363281250000000e+01,-3.671902084350585938e+01,-4.342110824584960938e+01,-4.123331451416015625e+01,-3.731932830810546875e+01,-2.113874244689941406e+01,-2.425134420394897461e+00,3.856795132160186768e-01,-8.829294204711914062e+00,-7.630937576293945312e+00,-8.439861297607421875e+00,-1.149551010131835938e+01,-1.477959823608398438e+01,-1.444844436645507812e+01,-9.911083221435546875e+00,-9.784139633178710938e+00,-6.779417991638183594e+00,-3.281942844390869141e+00,6.618638038635253906e-01,-9.575345993041992188e+00,-3.971083068847656250e+01,-5.114470672607421875e+01,-6.200289154052734375e+01,-6.242739486694335938e+01,-5.327942657470703125e+01,-4.363285446166992188e+01,-2.624325942993164062e+01,-2.234933853149414062e+01,-1.528403759002685547e+01,-1.543556404113769531e+01,-1.521945285797119141e+01,-1.489455699920654297e+01,-3.249767780303955078e+00,4.981670856475830078e+00,1.913671875000000000e+01,1.787959098815917969e+01,1.455556869506835938e+01,-1.191459083557128906e+01,-1.588292026519775391e+01,-2.033110857009887695e+00,1.099788379669189453e+01,6.469577312469482422e+00,6.919025182723999023e-01,8.902164697647094727e-01,2.151751518249511719e-01,-9.214946627616882324e-01,-8.377424240112304688e+00,-1.885136795043945312e+01,-2.250038719177246094e+01,-2.456129074096679688e+01,-2.522504425048828125e+01,-2.172751617431640625e+01,-2.109573554992675781e+01,-1.282689094543457031e+01,-7.129820823669433594e+00,-8.201951026916503906e+00,-1.109993267059326172e+01,-1.602301406860351562e+01,-1.439180374145507812e+01,8.729335069656372070e-01,9.347938537597656250e+00,5.042955875396728516e+00,4.660520553588867188e+00,8.545340538024902344e+00,-2.513742828369140625e+01,-4.518554687500000000e+01,-5.425238037109375000e+01,-4.779975891113281250e+01,-3.813489532470703125e+01,-9.617847442626953125e+00,1.420363140106201172e+01,2.564718246459960938e+01,2.101669311523437500e+01,3.054502677917480469e+01,2.843802452087402344e+01,5.176815032958984375e+00,-1.193192100524902344e+01,-2.104279518127441406e+01,-2.209073448181152344e+01,-8.538992881774902344e+00,2.862698078155517578e+00,1.442329025268554688e+01,2.357401657104492188e+01,8.286290168762207031e+00,-6.509244918823242188e+00,-1.333040618896484375e+01,-5.619608163833618164e-01,1.234200096130371094e+01,5.936247825622558594e+00,5.234004974365234375e+00,9.369053840637207031e+00,-7.289798736572265625e+00,-3.176009178161621094e+01,-3.959234237670898438e+01,-4.488304901123046875e+01,-4.845166015625000000e+01,-4.399973297119140625e+01,-3.230446243286132812e+01,-3.037330818176269531e+01,-2.961288070678710938e+01,-3.345148086547851562e+01,-2.661957550048828125e+01,-8.666255950927734375e+00,2.148091316223144531e+00,3.827126026153564453e+00,-2.523232698440551758e+00,-1.027734184265136719e+01,-5.121210098266601562e+00,-2.086118221282958984e+00,-1.696978378295898438e+01,-3.212113952636718750e+01,-2.791329956054687500e+01,-3.740606689453125000e+01,-4.524362182617187500e+01,-4.608107376098632812e+01,-4.775046539306640625e+01,-3.708527374267578125e+01,-1.063980770111083984e+01,1.473753547668457031e+01,2.254668807983398438e+01,1.938560867309570312e+01,2.474285125732421875e+01,1.207224464416503906e+01,3.557778358459472656e+00,1.339588356018066406e+01,1.803914833068847656e+01,2.076820182800292969e+01,1.902060317993164062e+01,5.954252719879150391e+00,-8.534058570861816406e+00,-1.602534294128417969e+01,-1.526506137847900391e+01,-6.469371795654296875e+00,8.118415832519531250e+00,2.303069686889648438e+01,4.122983551025390625e+01,4.880796051025390625e+01,4.143430328369140625e+01,2.225055694580078125e+01,1.220298862457275391e+01,1.343572425842285156e+01,1.245964622497558594e+01,-7.665389060974121094e+00,-2.454506301879882812e+01,-2.162100219726562500e+01,4.376858234405517578e+00,3.401104736328125000e+01,4.451394653320312500e+01,2.337876510620117188e+01,1.248834991455078125e+01,3.125746154785156250e+01,2.109469032287597656e+01,5.118045330047607422e+00,-5.517396926879882812e+00,7.124808788299560547e+00,2.195315361022949219e+01,2.201977157592773438e+01,7.941006660461425781e+00,-4.266024017333984375e+01,-4.507775878906250000e+01,-2.666452789306640625e+01,-3.687831878662109375e+01,-4.561292266845703125e+01,-5.564414978027343750e+01,-5.893082809448242188e+01,-5.593451690673828125e+01,-4.691751861572265625e+01,-2.939587974548339844e+01,-2.182749938964843750e+01,-3.976662445068359375e+01,-4.647687911987304688e+01,-3.401043701171875000e+01,-2.499761962890625000e+01,-3.512477111816406250e+01,-5.292439270019531250e+01,-6.004761123657226562e+01,-5.373603439331054688e+01,-4.383246231079101562e+01,-4.102068328857421875e+01,-3.341389846801757812e+01,-3.234014129638671875e+01,-3.794823837280273438e+01,-3.072141838073730469e+01,-1.869691276550292969e+01,-2.876783609390258789e+00,2.113428831100463867e+00,-3.850616931915283203e+00,-1.815962600708007812e+01,-3.635292816162109375e+01,-3.773593139648437500e+01,-2.759814453125000000e+01,-9.249320983886718750e+00,1.214158630371093750e+01,1.215073394775390625e+01,-3.889413595199584961e+00,-4.039036750793457031e+00,-6.868976354598999023e-01,8.224344253540039062e-01,-9.471296310424804688e+00,-8.934030532836914062e+00,8.670427799224853516e-01,2.669926166534423828e+00,3.358509063720703125e+00,1.886520957946777344e+01,5.162473678588867188e+01,6.096481323242187500e+01,4.949357604980468750e+01,4.569054794311523438e+01,4.534005737304687500e+01,4.832120513916015625e+01,4.850942993164062500e+01,4.207540893554687500e+01,3.414302062988281250e+01,2.720809745788574219e+01,2.090699768066406250e+01,2.318670272827148438e+01,1.349963760375976562e+01,3.885851144790649414e+00,-4.695098876953125000e+00,-1.854356765747070312e+01,-2.849731254577636719e+01,-3.159053802490234375e+01,-3.491238021850585938e+01,-3.201206970214843750e+01,-2.885207366943359375e+01,-2.673950195312500000e+01,-2.106568145751953125e+01,-1.431820964813232422e+01,-7.920635223388671875e+00,-8.421512603759765625e+00,-3.434773445129394531e+00,1.415169906616210938e+01,8.818238258361816406e+00,-8.395428657531738281e+00,-2.156411743164062500e+01,-5.750331878662109375e+00,2.733288002014160156e+01,3.542234802246093750e+01,1.835116577148437500e+01,-3.206610202789306641e+00,-2.888557052612304688e+01,-4.235680007934570312e+01,-4.618992614746093750e+01,-3.633030700683593750e+01,-1.524301338195800781e+01,7.971789836883544922e-01,-6.889238357543945312e-01,-8.291177749633789062e+00,-1.026627731323242188e+01,-2.305097198486328125e+01,-3.174543380737304688e+01,-3.148211097717285156e+01,-2.226064300537109375e+01,-4.750362873077392578e+00,8.824073791503906250e+00,1.489405822753906250e+01,-6.320751905441284180e-01,-1.036465644836425781e+01,-3.125842809677124023e+00,2.105290222167968750e+01,3.141457366943359375e+01,2.348435974121093750e+01,1.426257133483886719e+01,7.158555984497070312e+00,3.585196733474731445e+00,7.204310894012451172e+00,1.043089008331298828e+01,1.019125938415527344e+01,2.401479482650756836e+00,-4.356867790222167969e+00,-1.496452093124389648e-02,1.735075563192367554e-01,-8.766057014465332031e+00,-1.779286575317382812e+01,-2.167089462280273438e+01,-3.132327270507812500e+01,-4.424250793457031250e+01,-5.226749801635742188e+01,-5.585295104980468750e+01,-4.533084106445312500e+01,-3.357532501220703125e+01,-2.155735778808593750e+01,-2.410307502746582031e+01,-3.194193077087402344e+01,-3.520034027099609375e+01,-2.350051879882812500e+01,-3.193581819534301758e+00,5.174337387084960938e+00,6.000167846679687500e+00,1.571810960769653320e+00,-2.313792467117309570e+00,-1.814036178588867188e+01,-2.920645904541015625e+01,-2.590489006042480469e+01,-1.419992446899414062e+01,-5.155461311340332031e+00,-2.563577175140380859e+00,2.503252029418945312e+00,1.707685351371765137e+00,-3.563814640045166016e+00,-6.172475814819335938e+00,-5.483766078948974609e+00,-1.708136558532714844e+00,3.478653669357299805e+00,4.050040245056152344e+00,6.686583995819091797e+00,3.511810302734375000e+00,1.627435207366943359e+00,1.233787417411804199e+00,-4.407354831695556641e+00,-1.791492462158203125e+00,1.139832019805908203e+01,2.002511787414550781e+01,1.281115341186523438e+01,-1.303445625305175781e+01,-2.825014495849609375e+01,-3.289196777343750000e+01,-3.231108856201171875e+01,-2.296190071105957031e+01,-1.442837047576904297e+01,-1.750940704345703125e+01,-2.762403106689453125e+01,-1.912730216979980469e+01,-1.611617565155029297e+00,1.318264675140380859e+01,1.568673896789550781e+01,2.878226757049560547e+00,-3.914528369903564453e+00,8.648388862609863281e+00,7.593295097351074219e+00,-1.190629482269287109e+01,-2.754801559448242188e+01,-3.450621795654296875e+01,-2.466780471801757812e+01,-7.481628894805908203e+00,3.637359857559204102e+00,1.186051368713378906e+01,3.385216903686523438e+01,3.525337219238281250e+01,3.273076248168945312e+01,3.780404663085937500e+01,4.871694946289062500e+01,3.025852394104003906e+01,2.039856338500976562e+01,1.394169044494628906e+01,-6.095646381378173828e+00,-2.584641838073730469e+01,-2.920762634277343750e+01,-2.398821640014648438e+01,-9.953795433044433594e+00,3.947356700897216797e+00,1.714189910888671875e+01,2.194922637939453125e+01,2.322818756103515625e+01,2.605497550964355469e+01,1.630455780029296875e+01,2.656574487686157227e+00,2.119727611541748047e+00,1.765532684326171875e+01,2.824563598632812500e+01,2.355607604980468750e+01,1.826721763610839844e+01,-2.901545715332031250e+01,-2.965754890441894531e+01,-1.887708282470703125e+01,-1.670207405090332031e+01,-2.662675666809082031e+01,-3.558119964599609375e+01,-3.589728927612304688e+01,-3.169082832336425781e+01,-2.410427856445312500e+01,-1.579449653625488281e+01,-7.976586341857910156e+00,8.678582310676574707e-02,-6.684418678283691406e+00,-2.813997650146484375e+01,-3.427010345458984375e+01,-1.271049118041992188e+01,2.426988220214843750e+01,1.695023155212402344e+01,7.420053958892822266e+00,8.365964293479919434e-01,-8.983598709106445312e+00,-5.932927131652832031e+00,1.483482956886291504e+00,8.186242580413818359e-01,-7.095498085021972656e+00,-1.635305404663085938e+01,-2.966797256469726562e+01,-4.036720275878906250e+01,-4.665506362915039062e+01,-5.241754150390625000e+01,-4.313844680786132812e+01,-3.020674896240234375e+01,-2.154653167724609375e+01,-2.194352912902832031e+01,-1.622212409973144531e+01,-3.347506046295166016e+00,5.834171295166015625e+00,1.547270202636718750e+01,2.626491165161132812e+01,3.109613418579101562e+01,4.128204345703125000e+01,4.274082946777343750e+01,4.320960998535156250e+01,4.416106414794921875e+01,4.425504302978515625e+01,4.070812225341796875e+01,3.646273040771484375e+01,2.800716972351074219e+01,2.129129981994628906e+01,6.466354846954345703e+00,1.938645362854003906e+00,1.967411994934082031e+00,-4.524234294891357422e+00,-7.954911708831787109e+00,-9.707925796508789062e+00,-1.891833877563476562e+01,-2.548763275146484375e+01,-2.689526748657226562e+01,-3.104179000854492188e+01,-3.075162887573242188e+01,-2.659182929992675781e+01,-2.664259338378906250e+01,-2.702268409729003906e+01,-2.781024551391601562e+01,-3.200360870361328125e+01,-3.138125991821289062e+01,-2.886645507812500000e+01,-2.369413566589355469e+01,-2.120984649658203125e+01,-1.108419609069824219e+01,-5.178952217102050781e+00,-9.066288471221923828e-01,1.558132410049438477e+00,1.075096130371093750e+00,1.314808654785156250e+01,1.715471446514129639e-01,-3.755752563476562500e+00,5.130145549774169922e+00,7.161779403686523438e+00,-1.578003168106079102e-03,-1.777882385253906250e+01,-3.571800994873046875e+01,-4.296545410156250000e+01,-4.433675384521484375e+01,-4.551339721679687500e+01,-4.285877227783203125e+01,-3.468472671508789062e+01,-2.744152450561523438e+01,-2.285519218444824219e+01,-1.481010150909423828e+01,-5.548606872558593750e+00,-3.743372440338134766e+00,-1.766388773918151855e+00,3.061437129974365234e+00,3.857923746109008789e+00,-7.084104537963867188e+00,-2.483384895324707031e+01,-4.279979705810546875e+01,-5.192115783691406250e+01,-4.902935791015625000e+01,-5.381736755371093750e+01,-4.638460540771484375e+01,-3.898788452148437500e+01,-2.611890792846679688e+01,-1.584996700286865234e+01,-2.626949882507324219e+01,-2.704855155944824219e+01,-1.356331634521484375e+01,-1.779404067993164062e+01,-2.044575119018554688e+01,-2.933620071411132812e+01,-4.015411376953125000e+01,-8.198781967163085938e+00,5.618595123291015625e+00,1.940876722335815430e+00,1.675082445144653320e+00,8.988228797912597656e+00,1.972269415855407715e+00,1.127531886100769043e+00,5.431524753570556641e+00,3.143693447113037109e+00,1.394673943519592285e+00,8.529405593872070312e+00,1.870069122314453125e+01,1.766333007812500000e+01,1.309199714660644531e+01,2.122127532958984375e+01,3.278689575195312500e+01,4.138535308837890625e+01,4.139527893066406250e+01,3.309822082519531250e+01,-9.308490753173828125e+00,-2.920516204833984375e+01,-2.971848869323730469e+01,-3.169123840332031250e+01,-4.060386657714843750e+01,-3.986376953125000000e+01,-3.474147796630859375e+01,-2.499350357055664062e+01,-4.196226119995117188e+00,-1.007927227020263672e+01,-1.751837348937988281e+01,-1.110456848144531250e+01,-9.017786979675292969e+00,-8.216474533081054688e+00,4.810312271118164062e+00,1.966374206542968750e+01,1.660933685302734375e+01,1.176087093353271484e+01,3.198229551315307617e+00,-5.640864849090576172e+00,-2.113364791870117188e+01,-2.295060348510742188e+01,2.055668354034423828e+00,1.824026870727539062e+01,2.790316200256347656e+01,4.411607360839843750e+01,5.955854415893554688e+01,5.911624526977539062e+01,4.806277084350585938e+01,2.875141143798828125e+01,1.032675552368164062e+01,-1.951751708984375000e+00,-6.880431175231933594e+00,-8.099674224853515625e+00,-1.109909248352050781e+01,-1.355618858337402344e+01,-1.470858097076416016e+01,-2.025802993774414062e+01,-2.731369018554687500e+01,-3.162591171264648438e+01,-3.509221649169921875e+01,-4.080696105957031250e+01,-4.294260406494140625e+01,-3.861605072021484375e+01,-2.582142448425292969e+01,-1.418712711334228516e+01,-3.714632987976074219e+00,2.316932296752929688e+01,4.908776855468750000e+01,5.528856658935546875e+01,5.133272171020507812e+01,4.839964675903320312e+01,3.822248840332031250e+01,1.274669170379638672e+01,-6.038271903991699219e+00,-2.814237356185913086e+00,-5.293192386627197266e+00,1.414737701416015625e+00,3.384400177001953125e+01,5.882406616210937500e+01,6.269825363159179688e+01,4.862184143066406250e+01,3.485707092285156250e+01,3.132427597045898438e+01,2.303252410888671875e+01,1.579548549652099609e+01,1.037537574768066406e+01,8.098445892333984375e+00,9.095617294311523438e+00,1.138271045684814453e+01,9.119272232055664062e+00,-6.196930408477783203e+00,-2.528890609741210938e+01,-3.191600608825683594e+01,-3.825547027587890625e+01,-2.512681961059570312e+01,7.859100699424743652e-01,1.855348777770996094e+01,1.727536010742187500e+01,2.110118675231933594e+01,3.280499267578125000e+01,3.676925277709960938e+01,4.069851303100585938e+01,3.893473052978515625e+01,3.852043533325195312e+01,3.723463439941406250e+01,4.551387786865234375e+01,4.773225402832031250e+01,3.703550720214843750e+01,3.077222061157226562e+01,4.344997882843017578e+00,-2.127181625366210938e+01,-2.906750106811523438e+01,-2.345936965942382812e+01,-1.932188034057617188e+00,2.071099853515625000e+01,2.311803436279296875e+01,4.011723709106445312e+01,3.804378128051757812e+01,3.448221588134765625e+01,3.835651397705078125e+01,2.474778747558593750e+01,-1.058190345764160156e+01,-1.653212547302246094e+01,-2.406106185913085938e+01,-2.043143272399902344e+01,1.264631271362304688e+01,1.486404228210449219e+01,6.554953575134277344e+00,-1.186130428314208984e+01,-2.313512039184570312e+01,-2.641010284423828125e+01,-2.993722152709960938e+01,-2.422907638549804688e+01,-1.454094696044921875e+01,8.357529640197753906e-01,5.752190589904785156e+00,1.151789665222167969e+01,5.345264434814453125e+00,-4.339444160461425781e+00,7.035682201385498047e-01,3.198120355606079102e+00,5.196238517761230469e+00,1.406282424926757812e+01,1.486793136596679688e+01,1.306525611877441406e+01,8.796295166015625000e+00,6.322937011718750000e+00,2.730470180511474609e+00,6.536029815673828125e+00,7.577641487121582031e+00,-1.005576848983764648e+00,-7.510874748229980469e+00,-1.610747098922729492e+00,5.611115455627441406e+00,1.150679683685302734e+01,1.082128334045410156e+01,-1.700877189636230469e+00,-1.519775962829589844e+01,-1.669832992553710938e+01,-1.347469520568847656e+01,-1.354050254821777344e+01,-2.188252258300781250e+01,-2.759583282470703125e+01,-2.533555984497070312e+01,-2.578627777099609375e+01,-2.866790199279785156e+01,-2.537699508666992188e+01,-2.902298927307128906e+01,-2.990691757202148438e+01,-2.307183837890625000e+01,-2.011155700683593750e+01,-1.759031677246093750e+01,-1.478310585021972656e+01,-1.075684738159179688e+01,-5.899527549743652344e+00,-3.228462219238281250e+00,1.278268337249755859e+00,3.374872684478759766e+00,-2.170149087905883789e+00,-3.346998214721679688e+01,-4.464468383789062500e+01,-5.265967178344726562e+01,-5.414944458007812500e+01,-4.170346450805664062e+01,-2.826418685913085938e+01,-1.645475769042968750e+01,-9.253826141357421875e+00,-3.315202236175537109e+00,-1.185547447204589844e+01,-2.264159011840820312e+01,-1.894969940185546875e+01,-1.056911277770996094e+01,-9.279528617858886719e+00,-1.004660701751708984e+01,9.452749490737915039e-01,7.753823280334472656e+00,1.119713687896728516e+01,2.175751495361328125e+01,1.942713928222656250e+01,1.874257278442382812e+01,-6.309908866882324219e+00,-2.239436912536621094e+01,-3.054432296752929688e+01,-2.807379150390625000e+01,-1.468191146850585938e+01,-5.485579490661621094e+00,3.366052627563476562e+00,1.220074653625488281e+01,1.940018844604492188e+01,2.472193527221679688e+01,2.412097930908203125e+01,2.226372909545898438e+01,2.464955139160156250e+01,2.131613540649414062e+01,2.125814056396484375e+01,-1.693065643310546875e+00,-3.827908325195312500e+01,-5.070096206665039062e+01,-4.810354614257812500e+01,-3.635824203491210938e+01,-2.011521911621093750e+01,-3.804844141006469727e+00,4.606988430023193359e+00,6.475213050842285156e+00,9.723971366882324219e+00,1.551604938507080078e+01,2.026887893676757812e+01,2.248860931396484375e+01,2.170748138427734375e+01,2.289912796020507812e+01,2.688306045532226562e+01,-2.271212577819824219e+00,-2.500287628173828125e+01,-3.829526519775390625e+01,-3.746449661254882812e+01,-3.405731582641601562e+01,-2.227248001098632812e+01,-2.385596084594726562e+01,-2.616045379638671875e+01,-1.231868839263916016e+01,5.510963439941406250e+00,3.087642478942871094e+01,5.246379089355468750e+01,5.382596588134765625e+01,2.915003585815429688e+01,-7.463475704193115234e+00,-2.875977706909179688e+01,-4.806063461303710938e+01,-5.667157363891601562e+01,-5.359946060180664062e+01,-4.486162567138671875e+01,-4.776669692993164062e+01,-5.489830017089843750e+01,-5.877720642089843750e+01,-5.875091171264648438e+01,-5.149830627441406250e+01,-3.698442840576171875e+01,-2.295050048828125000e+01,-1.058459520339965820e+00,1.064577102661132812e+01,2.294890594482421875e+01,3.912667083740234375e+01,4.324362945556640625e+01,3.930666732788085938e+01,3.567025756835937500e+01,3.073701477050781250e+01,2.613191986083984375e+01,1.279766654968261719e+01,2.119493484497070312e+01,4.291118240356445312e+01,3.802080535888671875e+01,5.356183528900146484e+00,-2.250028991699218750e+01,-4.379069519042968750e+01,-5.903899383544921875e+01,-6.274595260620117188e+01,-6.074424743652343750e+01,-5.213912200927734375e+01,-5.169567108154296875e+01,-5.020972061157226562e+01,-3.553441238403320312e+01,-1.559573936462402344e+01,-1.253389263153076172e+01,-9.924427032470703125e+00,-4.571867942810058594e+00,-2.013039779663085938e+01,-2.872496795654296875e+01,-2.269436645507812500e+01,-7.889771461486816406e+00,-5.611525535583496094e+00,-7.086907386779785156e+00,-2.181286811828613281e+00,4.565508842468261719e+00,7.854180812835693359e+00,-9.438642501831054688e+00,-2.347061729431152344e+01,-2.248562240600585938e+01,-1.053184223175048828e+01,4.623632431030273438e+00,-1.595275759696960449e+00,-1.956149101257324219e+01,-2.658064270019531250e+01,-2.390383529663085938e+01,-2.371427345275878906e+01,-1.176638317108154297e+01,1.102897834777832031e+01,1.217062568664550781e+01,2.126527404785156250e+01,1.603399276733398438e+01,9.247985839843750000e+00,2.223808526992797852e+00,2.911678791046142578e+00,1.827866935729980469e+01,1.448989772796630859e+01,-1.282285118103027344e+01,-2.574663925170898438e+01,-2.086333847045898438e+01,-1.523769378662109375e+01,4.173884868621826172e+00,1.085207366943359375e+01,1.785704803466796875e+01,6.389973640441894531e+00,-3.908626556396484375e+00,-7.816592693328857422e+00,-7.751039028167724609e+00,-8.553228378295898438e+00,-9.205795288085937500e+00,-1.248267841339111328e+01,-1.983173179626464844e+01,-2.540569686889648438e+01,-3.861219024658203125e+01,-4.408287048339843750e+01,-4.299117279052734375e+01,-4.688432312011718750e+01,-4.645303726196289062e+01,-3.240420532226562500e+01,-1.898469161987304688e+01,-1.208592796325683594e+01,-7.332586288452148438e+00,-4.099245071411132812e-01,4.537140846252441406e+00,2.903252840042114258e+00,-1.267758083343505859e+01,1.703159928321838379e+00,4.125905990600585938e+00,-1.271866035461425781e+01,-3.251186752319335938e+01,-3.497190093994140625e+01,-3.387992858886718750e+01,-2.892361259460449219e+01,-1.861174774169921875e+01,-1.037424087524414062e+01,6.435771942138671875e+00,1.107099533081054688e+01,1.625950431823730469e+01,1.560218906402587891e+01,1.199554634094238281e+01,-2.525431060791015625e+01,-4.227293395996093750e+01,-2.699521064758300781e+01,-1.611581039428710938e+01,-2.190210723876953125e+01,-3.044981193542480469e+01,-2.671569824218750000e+01,-1.346967506408691406e+01,-1.626704978942871094e+01,-1.585444355010986328e+01,-6.626823425292968750e+00,1.194047927856445312e+01,2.479161453247070312e+01,2.035275840759277344e+01,1.088522338867187500e+01,-7.055866122245788574e-01,-1.605847358703613281e+01,-2.418705177307128906e+01,-2.765024948120117188e+01,-2.914667129516601562e+01,-2.321735763549804688e+01,-2.049471282958984375e+01,-1.864751052856445312e+01,-1.787295341491699219e+01,-2.059768676757812500e+01,-2.154317474365234375e+01,-2.215353012084960938e+01,4.331207275390625000e-02,1.004899501800537109e+01,4.736511707305908203e+00,1.401112365722656250e+01,4.069260406494140625e+01,4.491741180419921875e+01,4.562229156494140625e+01,5.043811035156250000e+01,4.908957290649414062e+01,4.989648437500000000e+01,4.265301895141601562e+01,1.026351356506347656e+01,1.074518871307373047e+01,2.210504150390625000e+01,3.172726058959960938e+01,2.715824699401855469e+01,1.406600666046142578e+01,1.073225975036621094e+01,1.416042804718017578e+01,1.381431961059570312e+01,3.658301830291748047e-01,-2.302190017700195312e+01,-4.128372573852539062e+01,-4.619946289062500000e+01,-4.712888336181640625e+01,-3.511267852783203125e+01,-1.696837615966796875e+01,-6.832799911499023438e+00,-1.064112281799316406e+01,-1.152570724487304688e+01,-4.342511653900146484e+00,-7.736069560050964355e-01,-9.107517242431640625e+00,-1.088979625701904297e+01,-1.479663467407226562e+01,-2.640096664428710938e+01,-4.478626632690429688e+01,-5.457041931152343750e+01,-5.571920776367187500e+01,-5.419070053100585938e+01,-4.799456787109375000e+01,-4.829267120361328125e+01,-4.084766387939453125e+01,-3.532792663574218750e+01,-2.333664703369140625e+01,-1.270347213745117188e+01,-1.384448409080505371e-01,1.829519653320312500e+01,2.973094940185546875e+01,2.853234863281250000e+01,2.545997238159179688e+01,2.955521011352539062e+01,3.578280258178710938e+01,1.169242382049560547e+00,-2.240033531188964844e+01,-2.150138854980468750e+01,-7.008457183837890625e-02,2.239024353027343750e+01,1.913538932800292969e+01,1.507209205627441406e+01,7.875245094299316406e+00,-1.714572787284851074e+00,-7.598058700561523438e+00,6.758029460906982422e+00,1.130502414703369141e+01,1.676399993896484375e+01,2.422316360473632812e+01,2.930954360961914062e+01,3.138593482971191406e+01,2.394081115722656250e+01,6.372681617736816406e+00,-2.528116464614868164e+00,-1.391000628471374512e+00,-1.350791573524475098e+00,-2.661744308471679688e+01,-3.491576385498046875e+01,-5.304502487182617188e+00,8.983491897583007812e+00,1.880305099487304688e+01,-1.138202786445617676e+00,-6.840815544128417969e+00,-9.891815185546875000e+00,-1.888615417480468750e+01,-2.416071128845214844e+01,-3.509600067138671875e+01,-4.688761520385742188e+01,-4.021038055419921875e+01,-4.242188644409179688e+01,-3.831587219238281250e+01,-3.205819320678710938e+01,-3.482154464721679688e+01,-3.019863700866699219e+01,-1.677770996093750000e+01,-4.511536598205566406e+00,-4.405026435852050781e+00,-8.462164402008056641e-01,-1.171162033081054688e+01,-2.039027404785156250e+01,-1.684234046936035156e+01,-1.411713123321533203e+01,-1.399936676025390625e+01,-1.228047180175781250e+01,-1.316489219665527344e+01,-1.561294364929199219e+01,-1.501133155822753906e+01,-1.151121616363525391e+01,-9.776395797729492188e+00,-1.067042732238769531e+01,-1.312417602539062500e+01,-1.118737030029296875e+01,-1.217308235168457031e+01,-1.140919685363769531e+01,-1.192955780029296875e+01,-2.088673400878906250e+01,-2.926993179321289062e+01,-2.953276824951171875e+01,-3.651583099365234375e+01,-4.099981689453125000e+01,-3.613394927978515625e+01,-3.037700653076171875e+01,-3.026133346557617188e+01,-2.911042976379394531e+01,-2.261067199707031250e+01,-1.982230758666992188e+01,-1.601203155517578125e+01,-7.623728275299072266e+00,-2.428865909576416016e+00,-1.652449798583984375e+01,-3.265805816650390625e+01,-3.786807250976562500e+01,-4.420571899414062500e+01,-5.111130523681640625e+01,-5.567341232299804688e+01,-5.287994766235351562e+01,-4.150649261474609375e+01,-4.140899658203125000e+01,-5.323637771606445312e+01,-3.758559417724609375e+01,-1.102411174774169922e+01,-5.652668952941894531e+00,-9.825816154479980469e+00,-1.399041414260864258e+00,7.395543098449707031e+00,5.178818702697753906e+00,6.854797363281250000e+00,-4.940931320190429688e+00,-3.320601654052734375e+01,-3.459556961059570312e+01,-2.651744079589843750e+01,-2.324957847595214844e+01,-2.470699310302734375e+01,-1.497271537780761719e+01,4.935402393341064453e+00,2.875992965698242188e+01,4.142120361328125000e+01,3.734257507324218750e+01,3.150516128540039062e+01,2.652935028076171875e+01,6.432941436767578125e+00,-1.849523544311523438e+01,-2.793646240234375000e+01,-5.772625923156738281e+00,3.638365173339843750e+01,5.501465606689453125e+01,5.220506286621093750e+01,3.632637786865234375e+01,4.037050247192382812e+00,1.230693936347961426e+00,1.754857063293457031e+01,2.552158737182617188e+01,2.150634193420410156e+01,1.558587932586669922e+01,1.022576713562011719e+01,3.871016025543212891e+00,7.057304382324218750e+00,7.778421401977539062e+00,-2.479960203170776367e+00,-5.453261375427246094e+00,1.805562615394592285e+00,1.937320327758789062e+01,2.590714645385742188e+01,1.072805786132812500e+01,-7.243078231811523438e+00,-2.202179527282714844e+01,-3.440303039550781250e+01,-4.437992858886718750e+01,-3.729737854003906250e+01,-2.113413238525390625e+01,-1.262125205993652344e+01,-2.345635604858398438e+01,-2.639743041992187500e+01,-2.588799285888671875e+01,-2.445889663696289062e+01,-2.375393104553222656e+01,-1.742764663696289062e+01,-1.494979858398437500e+01,-2.675775909423828125e+01,-3.570111846923828125e+01,-4.014893341064453125e+01,-3.886265563964843750e+01,-3.709037780761718750e+01,-3.540313720703125000e+01,-3.489981079101562500e+01,-3.161932754516601562e+01,-1.588897132873535156e+01,9.569395065307617188e+00,4.749579238891601562e+01,5.994165802001953125e+01,5.079653930664062500e+01,4.225672912597656250e+01,4.109064865112304688e+01,4.574211883544921875e+01,2.083555793762207031e+01,1.200461578369140625e+01,2.248400688171386719e+01,4.292601013183593750e+01,4.295753479003906250e+01,2.083590316772460938e+01,9.555715560913085938e+00,1.310453033447265625e+01,2.188042449951171875e+01,2.133567047119140625e+01,1.694082832336425781e+01,1.808506202697753906e+01,1.261128997802734375e+01,-1.710248565673828125e+01,-3.885264587402343750e+01,-3.698870086669921875e+01,-4.067223739624023438e+01,-2.769781875610351562e+01,-3.571887016296386719e+00,1.103718185424804688e+01,1.667482185363769531e+01,2.168957519531250000e+01,2.016847991943359375e+01,-1.954800415039062500e+01,-3.051285552978515625e+01,-4.299423217773437500e+01,-4.809799957275390625e+01,-4.590908050537109375e+01,-4.066384124755859375e+01,-3.531249237060546875e+01,-2.379130935668945312e+01,-1.251194477081298828e+01,-1.430114936828613281e+01,-2.296967506408691406e+00,7.964198589324951172e+00,1.166750907897949219e+01,1.707564544677734375e+01,1.683347129821777344e+01,1.471576404571533203e+01,1.119710063934326172e+01,-8.612116813659667969e+00,-5.299547672271728516e+00,9.366832733154296875e+00,1.844394874572753906e+01,2.312606430053710938e+01,2.906064987182617188e+01,3.091500854492187500e+01,2.821737289428710938e+01,2.114437866210937500e+01,1.569686317443847656e+01,1.183068847656250000e+01,1.353383255004882812e+01,1.852685928344726562e+01,2.064241790771484375e+01,3.082703018188476562e+01,3.408434295654296875e+01,2.630015945434570312e+01,1.728114700317382812e+01,8.347611427307128906e+00,-5.819829940795898438e+00,-1.090686988830566406e+01,-4.283308982849121094e+00,-7.407503128051757812e-01,-1.109281539916992188e+01,-1.555481719970703125e+01,-1.957828521728515625e+01,-8.685402870178222656e+00,8.735476493835449219e+00,1.564579200744628906e+01,2.434564971923828125e+01,2.299568939208984375e+01,-1.806641006469726562e+01,-1.902619171142578125e+01,-2.805372238159179688e+01,-2.292007446289062500e+01,-3.772134780883789062e+00,1.986577796936035156e+01,2.129668426513671875e+01,2.862168502807617188e+01,3.604801940917968750e+01,3.898947906494140625e+01,2.196194458007812500e+01,-4.443277359008789062e+00,-2.441863822937011719e+01,-3.081389236450195312e+01,-2.217753219604492188e+01,-1.124786585569381714e-01,1.689839935302734375e+01,-1.756782770156860352e+00,-2.620081329345703125e+01,-1.658235359191894531e+01,7.727743148803710938e+00,1.555866432189941406e+01,1.121601295471191406e+01,1.231292724609375000e+01,1.427036476135253906e+01,2.654490947723388672e+00,-5.270396232604980469e+00,-2.167058181762695312e+01,-2.954250335693359375e+01,-3.801384353637695312e+01,-3.326927947998046875e+01,-1.462586593627929688e+01,-1.072983646392822266e+01,-1.827256584167480469e+01,-3.166683197021484375e+01,-5.013324356079101562e+01,-6.191312408447265625e+01,-6.625279235839843750e+01,-6.113931274414062500e+01,-6.485771942138671875e+01,-6.631728363037109375e+01,-5.440047073364257812e+01,-2.378309249877929688e+01,4.177683591842651367e-01,5.048627853393554688e+00,6.389121055603027344e+00,8.540941238403320312e+00,4.323273658752441406e+00,2.039365470409393311e-01,1.325692981481552124e-01,2.340498447418212891e+00,9.062801361083984375e+00,1.888705825805664062e+01,1.987696456909179688e+01,5.340248346328735352e-01,-7.990068912506103516e+00,-1.439695239067077637e+00,1.608336257934570312e+01,1.815898895263671875e+01,2.530564689636230469e+01,3.681478881835937500e+01,3.611650085449218750e+01,3.727386856079101562e+01,3.326686859130859375e+01,2.209714889526367188e+01,1.462499809265136719e+01,5.408816337585449219e+00,1.972471475601196289e+00,1.866910338401794434e+00,6.531367778778076172e+00,1.607136726379394531e+01,1.799493789672851562e+01,1.685824584960937500e+01,3.801134347915649414e+00,-7.306005477905273438e+00,-1.206880950927734375e+01,-1.505233573913574219e+01,-1.565589427947998047e+01,-1.998190307617187500e+01,-2.489235305786132812e+01,-2.853474235534667969e+01,-3.141317367553710938e+01,-2.974477767944335938e+01,-2.956660461425781250e+01,-2.929447174072265625e+01,-1.611313629150390625e+01,1.400505423545837402e+00,9.398269653320312500e+00,7.307597160339355469e+00,1.635349655151367188e+01,3.356151580810546875e+01,1.122180080413818359e+01,-1.400209426879882812e+01,-3.187360572814941406e+01,-3.016371154785156250e+01,-1.926375198364257812e+01,-1.148414611816406250e+01,-1.033787727355957031e+01,-2.086469268798828125e+01,-2.038510894775390625e+01,-1.068246459960937500e+01,-7.839449405670166016e+00,-4.182483673095703125e+00,4.709374427795410156e+00,9.782999038696289062e+00,6.512167930603027344e+00,6.429887771606445312e+00,-7.458802461624145508e-01,-1.739813089370727539e+00,-7.645328521728515625e+00,-2.295462036132812500e+01,-2.745808410644531250e+01,-2.618966674804687500e+01,-2.149220848083496094e+01,-1.577706336975097656e+01,-3.807896423339843750e+01,-4.154380798339843750e+01,-2.749246025085449219e+01,-5.743184089660644531e+00,4.174952507019042969e+00,1.892790985107421875e+01,3.577397155761718750e+01,4.377341461181640625e+01,3.735279464721679688e+01,3.559345245361328125e+01,3.637858581542968750e+01,3.685551452636718750e+01,3.462752914428710938e+01,4.085726928710937500e+01,5.130405426025390625e+01,4.230054855346679688e+01,1.099311828613281250e+01,-1.302854061126708984e+01,-3.015634727478027344e+01,-4.502361679077148438e+01,-4.216451263427734375e+01,-3.833372497558593750e+01,-3.527119827270507812e+01,-2.692950439453125000e+01,-3.218381118774414062e+01,-2.782781791687011719e+01,-2.355139541625976562e+01,-2.254572677612304688e+01,-2.188789749145507812e+01,-1.497727584838867188e+01,-1.050512313842773438e+01,-2.524891662597656250e+01,-2.392070960998535156e+01,-1.045740699768066406e+01,5.785474777221679688e-01,2.319675064086914062e+01,4.690672302246093750e+01,4.715681457519531250e+01,4.009339141845703125e+01,2.584470367431640625e+01,7.920054435729980469e+00,-4.316591262817382812e+00,-1.185525989532470703e+01,-1.754736518859863281e+01,-5.713607311248779297e+00,6.402710437774658203e+00,1.759858512878417969e+01,2.236133193969726562e+01,3.219972229003906250e+01,3.263090515136718750e+01,3.433503723144531250e+01,3.449856185913085938e+01,3.321171569824218750e+01,3.819157409667968750e+01,3.984603118896484375e+01,4.322377395629882812e+01,4.478402709960937500e+01,4.309004592895507812e+01,4.313692855834960938e+01,4.423004150390625000e+01,4.903330993652343750e+01,4.145057678222656250e+01,2.470369338989257812e+01,2.521244049072265625e+01,1.586293792724609375e+01,3.360517501831054688e+00,-2.409483909606933594e+00,-1.184434533119201660e+00,-8.819873332977294922e-01,-3.093686103820800781e+00,-2.113605499267578125e+00,-1.199699997901916504e+00,-7.599574565887451172e+00,-6.372660636901855469e+00,6.501671314239501953e+00,1.467947769165039062e+01,9.046605825424194336e-01,7.493352413177490234e+00,6.830499649047851562e+00,-6.302339434623718262e-01,-2.099395751953125000e+00,-1.284392642974853516e+01,-2.602190780639648438e+01,-4.271411132812500000e+01,-5.374823760986328125e+01,-5.655164337158203125e+01,-5.758946990966796875e+01,-5.763881683349609375e+01,-5.948695373535156250e+01,-6.196247863769531250e+01,-5.928157806396484375e+01,-5.111119079589843750e+01,-4.825648498535156250e+01,-4.159101867675781250e+01,-3.138378524780273438e+01,-2.025883102416992188e+01,-1.512430953979492188e+01,-1.818779373168945312e+01,-2.235565948486328125e+01,-2.156570434570312500e+01,-1.886400604248046875e+01,-1.269788169860839844e+01,-1.787975311279296875e+01,-4.248714447021484375e+01,-4.089133453369140625e+01,-1.368525886535644531e+01,4.412975311279296875e-01,-3.901190519332885742e+00,-9.083936691284179688e+00,-1.580632305145263672e+01,-2.120518684387207031e+01,-1.061886787414550781e+01,7.048522949218750000e+00,1.252989673614501953e+01,1.840141057968139648e+00,-5.281613349914550781e+00,-1.802684783935546875e+01,-2.301348114013671875e+01,-1.584399986267089844e+01,1.496301889419555664e-01,-9.140679359436035156e+00,-1.490869140625000000e+01,-1.562950515747070312e+01,-2.792912864685058594e+01,-3.899679565429687500e+01,-5.286767578125000000e+01,-6.610025787353515625e+01,-6.201240539550781250e+01,-4.628443908691406250e+01,-3.275611877441406250e+01,-1.718174362182617188e+01,-1.138172531127929688e+01,-2.311260795593261719e+01,-3.258312606811523438e+01,-3.403107452392578125e+01,-3.438118362426757812e+01,-2.642133331298828125e+01,-1.146993064880371094e+01,-1.578658485412597656e+01,-2.060785293579101562e+01,-1.642790222167968750e+01,3.686389327049255371e-01,-7.105580329895019531e+00,-3.256813049316406250e+00,1.252771377563476562e+01,6.344709396362304688e+00,-4.417474269866943359e+00,-5.473021030426025391e+00,-7.225896835327148438e+00,-3.484438419342041016e+00,4.417755126953125000e+00,7.422914505004882812e+00,8.056077957153320312e+00,1.081448554992675781e+01,1.542029857635498047e+01,1.664076995849609375e+01,1.750020790100097656e+01,2.129300117492675781e+01,6.123031139373779297e+00,7.611208915710449219e+00,1.030801582336425781e+01,-6.751661300659179688e-01,2.459755837917327881e-01,8.172880172729492188e+00,1.475997066497802734e+01,5.662849903106689453e+00,1.161951255798339844e+01,2.466657638549804688e+01,1.559923458099365234e+01,-4.513235688209533691e-01,3.153893947601318359e+00,1.500465774536132812e+01,-1.127786254882812500e+01,-2.116694259643554688e+01,-9.266387939453125000e+00,3.425312936305999756e-01,2.375711441040039062e+00,1.201841735839843750e+01,1.228978252410888672e+01,1.045639324188232422e+01,4.422224044799804688e+00,-6.719075441360473633e-01,1.866534113883972168e+00,4.091856002807617188e+00,7.341935157775878906e+00,5.062081336975097656e+00,2.438012599945068359e+00,6.015213012695312500e+00,6.928942680358886719e+00,1.180211305618286133e+00,5.371741056442260742e-01,1.265990376472473145e+00,-1.167934179306030273e+00,-1.369231224060058594e+01,-1.967861366271972656e+01,-1.376086044311523438e+01,-1.056603813171386719e+01,-9.503040313720703125e+00,-6.289598941802978516e+00,-6.901550769805908203e+00,-2.844153642654418945e+00,3.377857923507690430e+00,2.480234146118164062e+00,2.880145549774169922e+00,-5.044087409973144531e+00,-3.149760246276855469e+00,5.581264495849609375e+00,5.128922462463378906e+00,2.028550720214843750e+01,4.963290405273437500e+01,4.518605804443359375e+01,2.068484497070312500e+01,-3.082924365997314453e+00,-3.328996658325195312e+01,-4.574926376342773438e+01,-4.716744995117187500e+01,-3.657957458496093750e+01,-1.945956420898437500e+01,-9.909900665283203125e+00,-5.013977527618408203e+00,-6.370827674865722656e+00,-2.962653732299804688e+01,-4.958233642578125000e+01,-5.583610534667968750e+01,-5.692003250122070312e+01,-5.804379272460937500e+01,-6.933741760253906250e+01,-7.277159881591796875e+01,-6.562773895263671875e+01,-4.944287109375000000e+01,-3.363175964355468750e+01,-2.457682418823242188e+01,-2.402968215942382812e+01,-2.806343078613281250e+01,-1.493981933593750000e+01,4.106432914733886719e+00,1.133135032653808594e+01,1.218658447265625000e+01,3.363378047943115234e+00,-3.170410871505737305e+00,3.525369405746459961e+00,-5.063712120056152344e+00,-1.589326477050781250e+01,-2.116020584106445312e+01,-2.276614189147949219e+01,-1.834549903869628906e+01,-2.299946212768554688e+01,-5.110205459594726562e+01,-7.876380920410156250e+01,-9.580490112304687500e+01,-9.638572692871093750e+01,-9.255274963378906250e+01,-8.471368408203125000e+01,-6.809599304199218750e+01,-5.705884933471679688e+01,-4.079316329956054688e+01,-2.891911697387695312e+01,2.722583055496215820e+00,1.635037994384765625e+01,2.276003265380859375e+01,1.730036163330078125e+01,4.108173847198486328e+00,-1.891963958740234375e+01,-2.612678909301757812e+01,-2.805565452575683594e+01,-2.939207839965820312e+01,-3.418038940429687500e+01,-3.218909072875976562e+01,-3.659265136718750000e+01,-4.540095520019531250e+01,-4.871027374267578125e+01,-3.887249755859375000e+01,-3.879222869873046875e+01,-4.951255035400390625e+01,-4.877490997314453125e+01,-3.767730712890625000e+01,-2.569758224487304688e+01,-8.813146591186523438e+00,-6.414325237274169922e+00,-3.846364736557006836e+00,-1.739046478271484375e+01,-3.459146118164062500e+01,-5.025395965576171875e+01,-6.261101150512695312e+01,-7.265855407714843750e+01,-7.990588378906250000e+01,-8.591853332519531250e+01,-8.537197875976562500e+01,-7.962565612792968750e+01,-7.186639404296875000e+01,-5.103324127197265625e+01,-2.842424774169921875e+01,-2.426326751708984375e+01,-1.911884689331054688e+01,-1.360382747650146484e+01,-1.726585388183593750e+01,-1.853816604614257812e+01,-1.205832004547119141e+01,-1.366228580474853516e+01,-2.509647750854492188e+01,-4.728760528564453125e+01,-4.978142166137695312e+01,-4.084675598144531250e+01,-2.643457794189453125e+01,-1.925439834594726562e+01,-1.819233894348144531e+01,-1.684713745117187500e+01,-1.503982734680175781e+01,-1.855651473999023438e+01,-2.719098663330078125e+01,-4.016512298583984375e+01,-5.440752410888671875e+01,-4.777822113037109375e+01,-3.314739990234375000e+01,-1.022318077087402344e+01,1.332266521453857422e+01,3.157144546508789062e+01,2.832176971435546875e+01,2.456304931640625000e+01,9.052391052246093750e+00,1.297886252403259277e+00,-3.950666189193725586e-01,-5.482888221740722656e+00,-5.527329921722412109e+00,-3.013094425201416016e+00,-1.472144985198974609e+01,-1.532544803619384766e+01,-5.676881790161132812e+00,-7.939561605453491211e-01,1.161665320396423340e+00,-1.100025177001953125e+01,-8.535830497741699219e+00,6.718065261840820312e+00,1.551566886901855469e+01,1.100303840637207031e+01,8.793057441711425781e+00,6.270795345306396484e+00,4.619674682617187500e+00,4.289595603942871094e+00,8.117071151733398438e+00,1.685025405883789062e+01,2.060277557373046875e+01,2.260694885253906250e+01,3.028891754150390625e+01,3.143149566650390625e+01,3.326551055908203125e+01,1.734904289245605469e+01,8.046002388000488281e+00,1.341884422302246094e+01,-1.358160591125488281e+01,-3.953089904785156250e+01,-3.552863311767578125e+01,-1.150114154815673828e+01,-8.727705001831054688e+00,-1.471855640411376953e+01,-1.652420616149902344e+01,-1.419737434387207031e+01,-2.030644607543945312e+01,-2.986942100524902344e+01,-3.290332412719726562e+01,-3.676411437988281250e+01,-4.355025482177734375e+01,-4.719362640380859375e+01,-4.657006835937500000e+01,-4.658549499511718750e+01,-4.177609252929687500e+01,-3.917923736572265625e+01,-3.169358444213867188e+01,-2.797540283203125000e+01,-1.940774345397949219e+01,-7.934932708740234375e+00,-2.421511888504028320e+00,1.965629577636718750e+00,-1.352744674682617188e+01,-8.881910324096679688e+00,1.208992099761962891e+01,1.581796073913574219e+01,-1.151612472534179688e+01,-3.053938293457031250e+01,-1.105511379241943359e+01,2.579244232177734375e+01,2.760079956054687500e+01,2.781663417816162109e+00,-1.792699050903320312e+01,-2.362663269042968750e+01,-1.830965423583984375e+01,1.000694465637207031e+01,1.204531002044677734e+01,-2.279813766479492188e+01,-3.554763793945312500e+01,-4.937296295166015625e+01,-5.810015487670898438e+01,-5.262284088134765625e+01,-4.945962524414062500e+01,-4.447947311401367188e+01,-4.316510772705078125e+01,-4.539901733398437500e+01,-5.286684417724609375e+01,-4.768167495727539062e+01,-3.319362640380859375e+01,-1.933060264587402344e+01,-1.169295692443847656e+01,-1.213722419738769531e+01,-3.328953552246093750e+01,-4.173497390747070312e+01,-2.241899490356445312e+01,-2.399823570251464844e+01,-3.784780883789062500e+01,-3.911905288696289062e+01,-3.570008087158203125e+01,-3.335047912597656250e+01,-3.020449256896972656e+01,-3.431564331054687500e+01,-3.660152053833007812e+01,-3.578839874267578125e+01,-3.635820770263671875e+01,-3.381443786621093750e+01,-2.731060981750488281e+01,-2.871956443786621094e+01,-3.995595932006835938e+01,-4.246182250976562500e+01,-2.965167427062988281e+01,-1.340352058410644531e+01,-1.829717254638671875e+01,-2.799249839782714844e+01,-3.905504989624023438e+01,-2.973012161254882812e+01,-1.881152725219726562e+01,-3.602521896362304688e+00,7.104944705963134766e+00,1.231679153442382812e+01,1.109028720855712891e+01,8.936876296997070312e+00,6.171666622161865234e+00,1.191183567047119141e+01,2.252090454101562500e+01,1.771188926696777344e+01,1.242596244812011719e+01,4.239428997039794922e+00,-2.422473907470703125e+01,-4.606831359863281250e+01,-4.673355865478515625e+01,-2.123929786682128906e+01,-1.996866607666015625e+01,-3.456024169921875000e+01,-5.052339172363281250e+01,-5.530501556396484375e+01,-5.565728759765625000e+01,-4.594071197509765625e+01,-2.929022979736328125e+01,-8.475026130676269531e+00,5.942308902740478516e+00,1.135923767089843750e+01,2.357516860961914062e+01,2.812065887451171875e+01,3.303824234008789062e+01,3.633626556396484375e+01,3.740013885498046875e+01,4.167460632324218750e+01,3.885863113403320312e+01,2.783045196533203125e+01,2.392417716979980469e+01,2.544120407104492188e+01,2.159986686706542969e+01,1.196318626403808594e+01,2.654109954833984375e+00,-5.676296234130859375e+00,-1.391958427429199219e+01,-1.970152282714843750e+01,-3.050668716430664062e+01,-3.629505157470703125e+01,-4.056357574462890625e+01,-4.652613067626953125e+01,-4.942452239990234375e+01,-4.304541015625000000e+01,-3.102711868286132812e+01,-2.156533432006835938e+01,-1.980892181396484375e+01,-1.621415710449218750e+01,-1.548897075653076172e+01,-6.770248413085937500e+00,-1.453255081176757812e+01,-2.830443954467773438e+01,-3.187185287475585938e+01,-1.985367202758789062e+01,-1.569992256164550781e+01,-2.103558158874511719e+01,-2.093391227722167969e+01,-2.786416625976562500e+01,-3.462054443359375000e+01,-3.303356933593750000e+01,-2.636695098876953125e+01,-1.424480152130126953e+01,-1.374172592163085938e+01,-5.481531620025634766e+00,7.188800811767578125e+00,1.187670421600341797e+01,1.399008941650390625e+01,2.215645980834960938e+01,2.201259613037109375e+01,1.496458435058593750e+01,1.355643749237060547e+00,-8.012318611145019531e+00,-2.669949913024902344e+01,-4.430050277709960938e+01,-5.149489212036132812e+01,-3.942553710937500000e+01,-2.518580245971679688e+01,-9.973617553710937500e+00,-4.284879207611083984e+00,-6.468790531158447266e+00,-1.011257553100585938e+01,-2.126214599609375000e+01,-3.054328536987304688e+01,-3.063722038269042969e+01,-1.939786911010742188e+01,-1.554488182067871094e+01,-2.536591529846191406e+01,-3.287280273437500000e+01,-3.996291351318359375e+01,-4.310850524902343750e+01,-4.762321472167968750e+01,-5.450071334838867188e+01,-5.544280242919921875e+01,-4.855455780029296875e+01,-4.325855255126953125e+01,-3.400230407714843750e+01,-2.924967956542968750e+01,-2.869350051879882812e+01,-2.496317863464355469e+01,-1.847535514831542969e+01,-1.002940273284912109e+01,-6.798103332519531250e+00,-1.433391809463500977e+00,-1.827785134315490723e+00,-1.781323242187500000e+01,-1.949220657348632812e+01,-4.797009468078613281e+00,-2.065449523925781250e+01,-4.475609207153320312e+01,-4.356831741333007812e+01,-4.447036743164062500e+01,-4.419296646118164062e+01,-4.004227447509765625e+01,-2.629945182800292969e+01,-2.296960449218750000e+01,-2.354590034484863281e+01,-2.100096893310546875e+01,-1.801067543029785156e+01,-1.096484375000000000e+01,-1.539336562156677246e+00,-3.967871069908142090e-01,-1.304344177246093750e+01,-3.140924835205078125e+01,-4.880644226074218750e+01,-4.938555526733398438e+01,-3.866529846191406250e+01,-3.935953140258789062e+01,-3.919543457031250000e+01,-4.287178802490234375e+01,-4.504784393310546875e+01,-3.465271759033203125e+01,-1.454903221130371094e+01,-1.440547275543212891e+01,-1.326526069641113281e+01,-2.681961536407470703e+00,-5.265967369079589844e+00,-5.758400917053222656e+00,-7.613969802856445312e+00,-9.818107604980468750e+00,-8.458689689636230469e+00,-4.343519210815429688e+00,-4.619309306144714355e-01,-2.283290863037109375e+00,-2.327849864959716797e+00,-6.826046109199523926e-01,-7.664193511009216309e-01,2.892562866210937500e+00,8.898305892944335938e+00,1.668634414672851562e+01,2.430715560913085938e+01,2.062438201904296875e+01,1.362917327880859375e+01,1.437124919891357422e+01,1.539167213439941406e+01,1.520390415191650391e+01,7.349761486053466797e+00,-3.669386863708496094e+00,-8.514976501464843750e+00,-2.064343261718750000e+01,-3.039197158813476562e+01,-3.281634521484375000e+01,-3.697416687011718750e+01,-3.923457336425781250e+01,-3.653435897827148438e+01,-2.074200248718261719e+01,-8.590171813964843750e+00,7.370206713676452637e-01,3.742918014526367188e+00,2.264919281005859375e+00,1.946550846099853516e+00,-1.468827724456787109e+01,-3.199077606201171875e+01,-3.038993072509765625e+01,-1.384020614624023438e+01,1.475914764404296875e+01,1.968220138549804688e+01,-1.178913307189941406e+01,-2.203050613403320312e+01,-1.699702072143554688e+01,-1.803110003471374512e+00,1.086195945739746094e+01,1.641348838806152344e+01,1.163485336303710938e+01,1.345764350891113281e+01,1.381401824951171875e+01,1.136338806152343750e+01,1.776194190979003906e+01,5.812941551208496094e+00,-1.241029548645019531e+01,-1.402474594116210938e+01,4.543963909149169922e+00,1.597931480407714844e+01,1.683201599121093750e+01,1.140952491760253906e+01,2.082115554809570312e+01,4.426517486572265625e+01,3.513419342041015625e+01,-4.669747352600097656e+00,-2.851997756958007812e+01,-3.155891799926757812e+01,-3.456705093383789062e+01,-2.037109184265136719e+01,-3.369314670562744141e+00,-5.856839418411254883e-01,-4.475080966949462891e+00,-7.832115173339843750e+00,-1.240714359283447266e+01,-2.864833831787109375e+01,-4.562222290039062500e+01,-5.963125228881835938e+01,-7.120275878906250000e+01,-6.780883789062500000e+01,-6.308208465576171875e+01,-6.042045593261718750e+01,-5.198171234130859375e+01,-4.331991195678710938e+01,-2.493058013916015625e+01,-1.500190448760986328e+01,-4.384784698486328125e+00,1.045629787445068359e+01,1.174646377563476562e+01,-7.956079244613647461e-01,-2.351202392578125000e+01,-1.854938316345214844e+01,-2.364500427246093750e+01,-2.147934341430664062e+01,-1.661230087280273438e+01,-1.135804772377014160e+00,3.457173919677734375e+01,5.121173477172851562e+01,4.936702346801757812e+01,4.053334045410156250e+01,2.346615219116210938e+01,1.720343017578125000e+01,1.427883911132812500e+01,-1.620181083679199219e+01,-4.041233825683593750e+01,-3.822680282592773438e+01,-2.611550903320312500e+01,-2.318144226074218750e+01,-4.229467773437500000e+01,-3.994088363647460938e+01,-2.107572937011718750e+01,-7.709316730499267578e+00,3.467796564102172852e+00,1.332750797271728516e+01,1.477752494812011719e+01,9.407352447509765625e+00,5.168916702270507812e+00,-2.694382667541503906e-01,-2.170267868041992188e+01,-3.424420547485351562e+01,-2.474260711669921875e+01,-1.563310623168945312e+00,-6.876279830932617188e+00,-1.877958679199218750e+01,-2.634031105041503906e+01,-3.579080200195312500e+01,-4.378030395507812500e+01,-4.671990966796875000e+01,-4.625770568847656250e+01,-3.808164215087890625e+01,-2.724907684326171875e+01,-2.429701232910156250e+01,-2.098554992675781250e+01,-1.296093654632568359e+01,-3.913520336151123047e+00,4.559781074523925781e+00,6.250141620635986328e+00,2.318105697631835938e+00,4.122931480407714844e+00,2.514095604419708252e-01,1.966398596763610840e+00,-6.593490600585937500e+00,-2.616256713867187500e+01,-3.259379577636718750e+01,-1.515900039672851562e+01,-1.585403442382812500e+01,-1.880849075317382812e+01,-1.399240493774414062e+01,-1.493975639343261719e+01,-1.713536453247070312e+01,-1.424119377136230469e+01,-1.281755256652832031e+01,-6.900391578674316406e-01,9.365748405456542969e+00,1.784877014160156250e+01,2.347336196899414062e+01,3.314188385009765625e+01,3.409404754638671875e+01,2.450862503051757812e+01,2.012914276123046875e+01,1.858158683776855469e+01,2.462461948394775391e+00,-1.009867668151855469e+01,-2.064984703063964844e+01,-2.567139816284179688e+01,-3.041582107543945312e+01,-3.409719085693359375e+01,-2.879519653320312500e+01,-2.280054473876953125e+01,-1.388214874267578125e+01,-3.552697896957397461e+00,5.954512596130371094e+00,-2.772574424743652344e+00,6.346719741821289062e+00,2.742605972290039062e+01,2.242609596252441406e+01,2.438085556030273438e+01,3.145678520202636719e+01,2.381845235824584961e+00,-3.078018188476562500e+01,-4.643140792846679688e+01,-3.509836578369140625e+01,-1.974693107604980469e+01,-1.219646263122558594e+01,-7.727558135986328125e+00,-1.201428985595703125e+01,-2.376290512084960938e+01,-2.363940429687500000e+01,-9.405005455017089844e+00,7.653450012207031250e+00,9.943881988525390625e+00,1.113415527343750000e+01,9.679126739501953125e+00,-2.118160486221313477e+00,-1.244995117187500000e+01,-2.046867370605468750e+01,-1.925366592407226562e+01,-8.842530250549316406e+00,-7.716802120208740234e+00,1.688028573989868164e+00,9.446174621582031250e+00,8.018845558166503906e+00,8.894392013549804688e+00,1.205412673950195312e+01,1.424090003967285156e+01,1.764917182922363281e+01,2.915936470031738281e+01,3.510747528076171875e+01,2.946088409423828125e+01,2.086882781982421875e+01,9.923061370849609375e+00,7.662092685699462891e+00,6.925566673278808594e+00,6.531420230865478516e+00,1.074159431457519531e+01,2.414286136627197266e+00,-1.725860977172851562e+01,-2.561569213867187500e+01,-3.759172439575195312e+01,-3.759552001953125000e+01,-3.249076843261718750e+01,-2.440319061279296875e+01,-1.723088645935058594e+01,-1.215097618103027344e+01,-9.230705261230468750e+00,-1.432202339172363281e+01,-1.505306529998779297e+01,6.792373657226562500e+00,3.031468963623046875e+01,2.314672851562500000e+01,1.711110496520996094e+01,2.509514617919921875e+01,2.453630065917968750e+01,9.434965133666992188e+00,6.620370388031005859e+00,1.167031884193420410e+00,-2.034181213378906250e+01,-5.222203445434570312e+01,-6.578414154052734375e+01,-6.555202484130859375e+01,-6.369240570068359375e+01,-5.383933639526367188e+01,-3.532397460937500000e+01,-2.794964981079101562e+01,-4.451076126098632812e+01,-5.624370574951171875e+01,-5.081210708618164062e+01,-4.260089111328125000e+01,-3.201593780517578125e+01,-1.822927856445312500e+01,-4.326971530914306641e+00,1.817776489257812500e+01,4.289252471923828125e+01,6.215365600585937500e+01,5.264291381835937500e+01,3.985591506958007812e+01,3.535799407958984375e+01,3.802305603027343750e+01,3.913964080810546875e+01,2.318154144287109375e+01,7.341474056243896484e+00,-1.704074478149414062e+01,-3.745177459716796875e+01,-5.009605407714843750e+01,-5.746417236328125000e+01,-4.383329391479492188e+01,-2.480950927734375000e+01,-6.016294479370117188e+00,8.779176712036132812e+00,1.582476139068603516e+01,1.065768432617187500e+01,9.797761917114257812e+00,1.071379661560058594e+01,1.262565803527832031e+01,1.108682823181152344e+01,8.741420745849609375e+00,3.709951877593994141e+00,-5.415868759155273438e+00,-9.420555114746093750e+00,-1.439710044860839844e+01,-8.866352081298828125e+00,1.131116986274719238e+00,2.667465686798095703e+00,-2.754841804504394531e+00,-1.128518581390380859e+00,3.101346015930175781e+00,1.100242972373962402e+00,1.749010801315307617e+00,9.235915541648864746e-01,-4.096841812133789062e+00,4.852816581726074219e+00,5.418059349060058594e+00,6.271960258483886719e+00,8.651704788208007812e+00,6.630684852600097656e+00,4.799186229705810547e+00,-1.041083431243896484e+01,-2.717338943481445312e+01,-2.294284248352050781e+01,-1.636358737945556641e+00,1.339385795593261719e+01,1.701961135864257812e+01,1.069837379455566406e+01,1.002772903442382812e+01,3.485208272933959961e+00,-8.269400596618652344e+00,-1.003210449218750000e+01,-1.059155273437500000e+01,-1.266521263122558594e+01,-1.564542579650878906e+01,-1.616744422912597656e+01,-1.981875228881835938e+01,-1.628496742248535156e+01,-2.027896499633789062e+01,-1.977731323242187500e+01,-1.675661849975585938e+01,-1.148144531250000000e+01,-4.899524211883544922e+00,-4.068802642822265625e+01,-5.626912689208984375e+01,-4.830146789550781250e+01,-3.864956665039062500e+01,-3.871382904052734375e+01,-2.296527481079101562e+01,-6.023595929145812988e-01,-8.673044443130493164e-01,-2.731018829345703125e+01,-4.300841140747070312e+01,-5.732479095458984375e+01,-6.430551910400390625e+01,-5.957113647460937500e+01,-5.072322082519531250e+01,-5.638130187988281250e+01,-5.172478485107421875e+01,-3.630207443237304688e+01,-1.414817047119140625e+01,-7.674782752990722656e+00,-6.114012241363525391e+00,-2.066081523895263672e+00,3.151440382003784180e+00,-1.782111644744873047e+00,-1.297647571563720703e+01,-3.076961708068847656e+01,-4.512431335449218750e+01,-4.784007644653320312e+01,-3.912545013427734375e+01,-3.192742156982421875e+01,-4.420921325683593750e+01,-6.496317291259765625e+01,-8.218797302246093750e+01,-8.073284912109375000e+01,-7.070116424560546875e+01,-5.855935668945312500e+01,-4.798201370239257812e+01,-3.276583099365234375e+01,3.946218967437744141e+00,2.041017913818359375e+01,2.642638969421386719e+01,2.281903839111328125e+01,1.962846565246582031e+01,2.109417152404785156e+01,-1.987452888488769531e+01,-1.676624298095703125e+01,6.749201774597167969e+00,6.864390850067138672e+00,-6.118032336235046387e-01,1.278309059143066406e+01,5.356402397155761719e+00,-7.256351470947265625e+00,-2.473733139038085938e+01,-2.758570671081542969e+01,-3.168440246582031250e+01,-4.081745910644531250e+01,-4.055676269531250000e+01,-2.597521209716796875e+01,-1.643592262268066406e+01,-4.618454456329345703e+00,1.120923423767089844e+01,1.262951850891113281e+01,4.388022899627685547e+00,3.903147697448730469e+00,2.198729753494262695e+00,4.813104629516601562e+00,1.139920043945312500e+01,1.192543315887451172e+01,1.089539337158203125e+01,-6.709530353546142578e-01,-1.449702644348144531e+01,-1.980693435668945312e+01,-2.983636474609375000e+01,-4.503234863281250000e+01,-5.184377670288085938e+01,-4.402193832397460938e+01,-2.632501220703125000e+01,-2.266983604431152344e+01,-2.653784179687500000e+01,-3.796792984008789062e+01,-5.809784698486328125e+01,-6.407961273193359375e+01,-5.380178070068359375e+01,-2.293207168579101562e+01,5.372109413146972656e+00,1.188857841491699219e+01,1.979084396362304688e+01,9.379858016967773438e+00,1.310597229003906250e+01,2.253018569946289062e+01,2.631478118896484375e+01,2.301887512207031250e+01,2.356692504882812500e+01,2.104581832885742188e+01,1.693424224853515625e+01,-1.960946655273437500e+01,-1.426214790344238281e+01,-1.897449302673339844e+01,-2.670399665832519531e+01,-3.432944107055664062e+01,-4.468260955810546875e+01,-4.172789764404296875e+01,-2.691268920898437500e+01,-1.829744338989257812e+01,-2.032030105590820312e+01,-2.506011962890625000e+01,-1.587566280364990234e+01,9.781036376953125000e+00,1.422102737426757812e+01,1.155064964294433594e+01,1.412219047546386719e+01,1.278258419036865234e+01,1.263170242309570312e+01,1.233964157104492188e+01,3.854696989059448242e+00,-1.415173530578613281e+01,-3.429746246337890625e+01,-4.175447463989257812e+01,-4.937239074707031250e+01,-4.623635482788085938e+01,-3.729428482055664062e+01,-3.003751754760742188e+01,-1.792741203308105469e+01,-8.983835220336914062e+00,-8.532247543334960938e+00,-4.919377326965332031e+00,1.648164272308349609e+00,9.242311477661132812e+00,9.504743576049804688e+00,4.639025688171386719e+00,9.047901153564453125e+00,-1.097259330749511719e+01,-2.963175773620605469e+01,-2.210565185546875000e+01,-6.997096061706542969e+00,-1.268459701538085938e+01,-1.830382919311523438e+01,-2.223174667358398438e+01,-3.174248504638671875e+01,-3.573863220214843750e+01,-3.635559082031250000e+01,-3.537210845947265625e+01,-3.404961395263671875e+01,-2.810285758972167969e+01,-1.808554077148437500e+01,-1.386515712738037109e+01,-3.560313796997070312e+01,-4.398964309692382812e+01,-2.132558441162109375e+01,-4.306303405761718750e+01,-5.196073150634765625e+01,-5.065564727783203125e+01,-4.714939498901367188e+01,-3.295935058593750000e+01,-1.195088958740234375e+01,-7.145726203918457031e+00,-2.865303993225097656e+01,-3.612344741821289062e+01,-3.075002670288085938e+01,-1.847487831115722656e+01,2.816162109375000000e+00,9.350069046020507812e+00,-7.869281291961669922e+00,-1.870577621459960938e+01,-1.514850139617919922e+01,-6.173653602600097656e-01,4.123870372772216797e+00,8.916694641113281250e+00,9.771402359008789062e+00,8.004171371459960938e+00,3.107107400894165039e+00,-9.197025299072265625e+00,-3.031939315795898438e+01,-3.077703285217285156e+01,-1.951172637939453125e+01,-1.132982635498046875e+01,-6.466916203498840332e-01,2.339710044860839844e+01,4.578807067871093750e+01,5.175185775756835938e+01,4.614738845825195312e+01,2.172096633911132812e+01,1.008817481994628906e+01,1.264083576202392578e+01,1.984906196594238281e+01,2.691228294372558594e+01,1.722809076309204102e+00,-1.966296386718750000e+01,-3.649711990356445312e+01,-4.815760421752929688e+01,-5.258333587646484375e+01,-4.691389465332031250e+01,-4.038187026977539062e+01,-2.512323570251464844e+01,-1.630913925170898438e+01,-8.873943328857421875e+00,-6.190385341644287109e+00,-5.709806919097900391e+00,-9.988797307014465332e-01,2.082471132278442383e+00,5.862343788146972656e+00,-2.125724315643310547e+00,-2.252406120300292969e+01,-3.061865615844726562e+01,-1.861093139648437500e+01,-7.247963905334472656e+00,-2.985633373260498047e+00,-1.539083003997802734e+01,-1.211828708648681641e+00,1.356979560852050781e+01,1.140040397644042969e+01,2.956764221191406250e+00,-6.260880470275878906e+00,-1.714382934570312500e+01,-2.778952789306640625e+01,-3.726008987426757812e+01,-3.498864364624023438e+01,-2.841516494750976562e+01,-2.565306091308593750e+01,-3.543088150024414062e+01,-3.645751953125000000e+01,-3.462902069091796875e+01,-4.025868225097656250e+01,-4.072074890136718750e+01,-3.311640167236328125e+01,-2.511856460571289062e+01,-1.621134185791015625e+01,-5.776329040527343750e+00,-5.633492469787597656e+00,-2.065131187438964844e+01,-1.879425239562988281e+01,-2.093873214721679688e+01,-3.753063964843750000e+01,-3.884939193725585938e+01,-2.963043403625488281e+01,-2.317019653320312500e+01,-1.981240081787109375e+01,-2.771559524536132812e+01,-2.674395751953125000e+01,-1.318266296386718750e+01,-1.137828540802001953e+01,-4.135587692260742188e+00,-3.617489576339721680e+00,-2.936217784881591797e+00,1.208499240875244141e+01,-1.433373069763183594e+01,-5.746004486083984375e+01,-5.565138244628906250e+01,-6.422793579101562500e+01,-6.647808837890625000e+01,-6.182479858398437500e+01,-6.847122955322265625e+01,-6.909889221191406250e+01,-4.872996902465820312e+01,-1.081402778625488281e+01,-7.753849029541015625e-02,9.828353881835937500e+00,1.662593460083007812e+01,1.604573440551757812e+01,1.167849063873291016e+01,1.051958847045898438e+01,2.491501092910766602e+00,4.706808924674987793e-02,4.963070869445800781e+00,5.242805957794189453e+00,6.225443840026855469e+00,1.061496448516845703e+01,3.149761676788330078e+00,6.799333095550537109e-01,-5.031492233276367188e+00,-2.307640790939331055e+00,-3.329857254028320312e+01,-9.337916564941406250e+01,-9.240809631347656250e+01,-6.293521881103515625e+01,-2.328242874145507812e+01,-1.184863376617431641e+01,-1.543768501281738281e+01,-1.854144859313964844e+01,-1.373003864288330078e+01,-1.324686813354492188e+01,-1.966843223571777344e+01,-3.289295959472656250e+01,-4.064711380004882812e+01,-4.410738754272460938e+01,-4.715109634399414062e+01,-3.942550659179687500e+01,-5.530795288085937500e+01,-8.144069671630859375e+01,-8.079832458496093750e+01,-5.732398223876953125e+01,-2.879151344299316406e+01,-2.610187530517578125e+01,-3.774738311767578125e+01,-4.512697601318359375e+01,-3.608373260498046875e+01,-3.159925079345703125e+01,-3.418819046020507812e+01,-1.881903839111328125e+01,-5.466602325439453125e+00,-1.634932518005371094e+00,1.122809791564941406e+01,1.700670242309570312e+01,2.341185379028320312e+01,2.879111099243164062e+01,2.544608497619628906e+01,2.813361930847167969e+01,2.087322616577148438e+01,1.571317672729492188e+01,2.047249221801757812e+01,1.434724617004394531e+01,1.067564582824707031e+01,6.758992671966552734e+00,3.566315650939941406e+00,6.716650009155273438e+00,6.992888450622558594e+00,3.589557409286499023e+00,1.672955131530761719e+01,2.862670135498046875e+01,1.926723480224609375e+01,1.896575212478637695e+00,-7.363464355468750000e+00,-1.546214103698730469e+01,-2.556984138488769531e+01,-3.476838684082031250e+01,-3.659041595458984375e+01,-2.924036788940429688e+01,-1.744461059570312500e+01,-1.790182495117187500e+01,-3.512926864624023438e+01,-4.560023117065429688e+01,-4.532438659667968750e+01,-3.484424591064453125e+01,-3.374366760253906250e+01,-2.399169921875000000e+01,-6.115818500518798828e+00,-6.483022689819335938e+00,-5.660635948181152344e+00,-9.226509094238281250e+00,-1.567008590698242188e+01,-1.568073463439941406e+01,-1.970654678344726562e+01,-1.299162101745605469e+01,-9.993377685546875000e+00,-6.778730392456054688e+00,-4.482272148132324219e+00,-1.322069358825683594e+01,-1.987603378295898438e+01,-2.054804420471191406e+01,-2.124356842041015625e+01,-2.581075668334960938e+01,-2.162296676635742188e+01,-1.559126567840576172e+01,-2.566837072372436523e+00,1.176376152038574219e+01,1.538652038574218750e+01,1.698996353149414062e+01,-2.419770956039428711e+00,-7.574597358703613281e+00,7.893992424011230469e+00,2.305558776855468750e+01,1.268388938903808594e+01,-1.833751106262207031e+01,-2.284381866455078125e+01,-6.442628383636474609e+00,-2.249628305435180664e+00,2.628215312957763672e+00,-1.781363677978515625e+01,-2.599055290222167969e+01,-1.594079113006591797e+01,-1.425111293792724609e+00,-3.826627492904663086e+00,-1.363487005233764648e+00,-5.069547653198242188e+00,-2.017443329095840454e-01,-9.530364990234375000e+00,-1.777594757080078125e+01,-2.240132904052734375e+01,-2.041794586181640625e+01,-2.477543258666992188e+01,-2.247941017150878906e+01,-1.150172805786132812e+01,7.483108043670654297e+00,2.847827148437500000e+01,2.768721008300781250e+01,2.623975753784179688e+01,2.009909439086914062e+01,1.519567871093750000e+01,7.757927894592285156e+00,-1.256310653686523438e+01,-2.339284706115722656e+01,-2.211704635620117188e+01,-8.058905601501464844e+00,-1.491801071166992188e+01,-4.514432525634765625e+01,-3.365650939941406250e+01,4.806550979614257812e+00,1.034917640686035156e+01,1.459148502349853516e+01,-1.889790725708007812e+01,-4.393275070190429688e+01,-3.519686889648437500e+01,3.347206354141235352e+00,9.927654266357421875e+00,9.181709289550781250e+00,1.428302764892578125e+01,1.970980072021484375e+01,2.437411689758300781e+01,3.867395019531250000e+01,4.523894500732421875e+01,4.121647262573242188e+01,4.321236801147460938e+01,4.137124633789062500e+01,2.875719451904296875e+01,2.113463211059570312e+01,2.618995666503906250e+00,-1.469003486633300781e+01,-2.195112419128417969e+01,-2.984088134765625000e+01,-2.367741394042968750e+01,-3.979422092437744141e+00,-5.582322120666503906e+00,-2.003911209106445312e+01,-1.563376808166503906e+01,1.715333700180053711e+00,7.755663871765136719e+00,1.071755409240722656e+01,1.238086414337158203e+01,1.401096153259277344e+01,1.608740615844726562e+01,2.655108833312988281e+01,3.871568679809570312e+01,4.920784759521484375e+01,2.334327888488769531e+01,1.225659561157226562e+01,-5.495873451232910156e+00,-2.314722251892089844e+01,-1.291052055358886719e+01,6.162605285644531250e+00,1.181015014648437500e+01,4.234854221343994141e+00,-1.339749336242675781e+01,-3.204176712036132812e+01,-4.998567581176757812e+01,-6.974640655517578125e+01,-8.125595092773437500e+01,-7.785615539550781250e+01,-6.095875167846679688e+01,-5.050215911865234375e+01,-4.180179595947265625e+01,-3.668598937988281250e+01,-8.284016609191894531e+00,1.239560508728027344e+01,2.140581321716308594e+01,1.406174755096435547e+01,9.357194900512695312e+00,-5.772453546524047852e-01,9.409358978271484375e+00,9.378351211547851562e+00,-1.319386672973632812e+01,-2.629867172241210938e+01,-3.145717048645019531e+01,-3.578714752197265625e+01,-3.348649215698242188e+01,-3.419048309326171875e+01,-3.459101867675781250e+01,-2.667583274841308594e+01,-1.908436965942382812e+01,5.638388633728027344e+00,3.322558593750000000e+01,2.263275909423828125e+01,2.258017349243164062e+01,2.679383468627929688e+01,2.489083099365234375e+01,3.596695709228515625e+01,4.147034454345703125e+01,2.591283607482910156e+01,1.214115333557128906e+01,-6.290987968444824219e+00,-1.797859764099121094e+01,-2.710802459716796875e+01,-2.659768676757812500e+01,-3.077810287475585938e+01,-3.285204696655273438e+01,-2.936909103393554688e+01,-2.763422012329101562e+01,-2.680894660949707031e+01,-2.508271789550781250e+01,-2.043200302124023438e+01,-1.466067886352539062e+01,-1.150593185424804688e+01,-9.766842842102050781e+00,-1.441933822631835938e+01,-1.381393241882324219e+01,-1.154060077667236328e+01,-6.261792182922363281e+00,-3.277599811553955078e+00,-2.970942020416259766e+00,-3.061431884765625000e+00,1.118017315864562988e+00,1.054228782653808594e+01,2.082882308959960938e+01,1.842086410522460938e+01,-5.195818424224853516e+00,-1.994554901123046875e+01,-1.867194938659667969e+01,4.904672503471374512e-01,1.248603630065917969e+01,4.330998420715332031e+00,-1.792389750480651855e+00,4.004823684692382812e+00,1.771212768554687500e+01,2.749806022644042969e+01,2.764564132690429688e+01,4.096044158935546875e+01,4.783094787597656250e+01,4.586914062500000000e+01,3.439752197265625000e+01,2.611137390136718750e+01,2.817149162292480469e+00,-4.279026031494140625e+00,-1.469937264919281006e-01,-7.291914939880371094e+00,-1.490630912780761719e+01,-1.736703109741210938e+01,-2.694262504577636719e+01,-3.124377059936523438e+01,-3.243881988525390625e+01,-2.446950531005859375e+01,-1.558106613159179688e+01,-1.403178501129150391e+01,-1.338607025146484375e+01,-9.823192596435546875e+00,-4.103350162506103516e+00,-1.748910188674926758e+00,-5.614385008811950684e-01,-3.640852689743041992e+00,-1.970704460144042969e+01,-3.148180198669433594e+01,-3.685303115844726562e+01,-3.687668609619140625e+01,-3.767434692382812500e+01,-3.738721084594726562e+01,-4.101596450805664062e+01,-4.800755691528320312e+01,-4.690919876098632812e+01,-4.984750366210937500e+01,-4.489835357666015625e+01,-3.545496368408203125e+01,-1.750114440917968750e+01,-6.705681800842285156e+00,-1.331502628326416016e+01,-1.652610015869140625e+01,-1.195443153381347656e+01,-6.246876716613769531e+00,-5.799891948699951172e+00,-6.517416954040527344e+00,-9.487508773803710938e+00,-6.837191581726074219e+00,-5.161309242248535156e+00,-9.318374633789062500e+00,-1.103604698181152344e+01,-1.314344596862792969e+01,-7.746809005737304688e+00,-3.801093578338623047e+00,2.221250057220458984e+00,4.269385337829589844e+00,3.108124017715454102e+00,7.392301559448242188e-01,-4.494218826293945312e+00,-6.825752258300781250e+00,-1.174841308593750000e+01,-1.308804893493652344e+01,-1.211338615417480469e+01,-1.625600051879882812e+01,-1.828013610839843750e+01,-1.917016983032226562e+01,-2.084281158447265625e+01,-2.451984786987304688e+01,-2.122008895874023438e+01,-2.260166358947753906e+01,-2.019293212890625000e+01,-1.744786071777343750e+01,-1.421520042419433594e+01,-8.686083793640136719e+00,-5.293875217437744141e+00,-7.502653598785400391e-01,1.316922158002853394e-01,4.797712802886962891e+00,9.522502899169921875e+00,6.480769157409667969e+00,3.770515441894531250e+00,-1.603338420391082764e-01,-1.049581909179687500e+01,-1.553525352478027344e+01,-1.141769790649414062e+01,1.614575958251953125e+01,6.628061771392822266e+00,-8.313953876495361328e-01,7.593942880630493164e-01,8.991128921508789062e+00,2.824936294555664062e+01,5.309314727783203125e+01,5.033356094360351562e+01,3.219363784790039062e+01,2.556055068969726562e+01,1.682881355285644531e+01,1.166698646545410156e+01,1.140738105773925781e+01,1.979928588867187500e+01,3.347591400146484375e+01,3.953705215454101562e+01,3.905488586425781250e+01,3.531006622314453125e+01,2.388142204284667969e+01,-1.163749599456787109e+01,-1.379508781433105469e+01,-1.950547981262207031e+01,-3.801172637939453125e+01,-3.377990722656250000e+01,-2.769954490661621094e+01,-1.492952060699462891e+01,1.927968263626098633e-01,6.415354251861572266e+00,5.233719825744628906e+00,7.370530128479003906e+00,1.583454132080078125e+01,2.309571838378906250e+01,2.554702949523925781e+01,2.787597846984863281e+01,3.244967651367187500e+01,9.865296363830566406e+00,-1.069560050964355469e+01,-1.364624786376953125e+01,-1.782767057418823242e+00,1.592295837402343750e+01,2.994376373291015625e+01,1.723982238769531250e+01,-8.349615097045898438e+00,-2.321159362792968750e+01,-2.754183197021484375e+01,-2.907350540161132812e+01,-2.779613876342773438e+01,-2.734959030151367188e+01,-2.633915519714355469e+01,-2.046763801574707031e+01,-1.425880432128906250e+01,-1.193405151367187500e+00,5.582672595977783203e+00,-1.149268531799316406e+01,-1.984483146667480469e+01,-1.567714881896972656e+01,-6.176701545715332031e+00,3.489089012145996094e+00,7.998991966247558594e+00,1.311917304992675781e+01,1.963911628723144531e+01,3.872070789337158203e+00,-1.285733318328857422e+01,-2.034531784057617188e+01,-1.834679031372070312e+01,-2.472146511077880859e+00,5.521363258361816406e+00,1.401446533203125000e+01,8.502307891845703125e+00,2.707496166229248047e+00,-4.166788101196289062e+00,-1.607075119018554688e+01,-2.059066772460937500e+01,-2.120453262329101562e+01,-2.006686401367187500e+01,-1.649012947082519531e+01,-1.792710876464843750e+01,-1.424131011962890625e+01,-1.008671379089355469e+01,-1.930233001708984375e+00,6.129991531372070312e+00,1.204998683929443359e+01,1.862275314331054688e+01,4.094176483154296875e+01,1.898251342773437500e+01,-1.178732299804687500e+01,-2.020033264160156250e+01,-4.920087814331054688e+00,1.043288803100585938e+01,-9.346312522888183594e+00,-3.240198898315429688e+01,-2.509198760986328125e+01,-6.037756919860839844e+00,-1.356941127777099609e+01,-1.719094467163085938e+01,-2.617897796630859375e+01,-3.876576995849609375e+01,-3.905923843383789062e+01,-4.290173721313476562e+01,-3.838811492919921875e+01,-2.653674125671386719e+01,-1.165332221984863281e+01,2.618383789062500000e+01,3.502043533325195312e+01,1.672600555419921875e+01,9.383591651916503906e+00,7.209211349487304688e+00,1.648994255065917969e+01,3.452985382080078125e+01,3.764204025268554688e+01,1.755687332153320312e+01,-9.734256744384765625e+00,-3.732383728027343750e+01,-4.434958648681640625e+01,-4.232843017578125000e+01,-2.590605926513671875e+01,-4.936921119689941406e+00,6.081666946411132812e+00,7.986993789672851562e+00,-1.986124801635742188e+01,-3.335069656372070312e+01,-2.321640777587890625e+01,-1.980787658691406250e+01,7.375430583953857422e+00,3.164196205139160156e+01,3.789060211181640625e+01,4.141420745849609375e+01,3.398670578002929688e+01,2.359986495971679688e+01,2.149135208129882812e+01,1.514336776733398438e+01,-1.322769927978515625e+01,-2.769142150878906250e+01,-3.514804458618164062e+01,-4.418111038208007812e+01,-4.861576461791992188e+01,-4.222835159301757812e+01,-3.069960212707519531e+01,-1.360122585296630859e+01,-1.105574846267700195e+00,2.456823348999023438e+00,-1.541304588317871094e+00,-2.293952178955078125e+01,-2.737820243835449219e+01,-1.273352146148681641e+01,-1.342275428771972656e+01,-2.646487045288085938e+01,-4.404104232788085938e+01,-4.164849090576171875e+01,-3.036922645568847656e+01,-2.505747985839843750e+01,-2.710309219360351562e+01,-3.557548522949218750e+01,-3.311271286010742188e+01,-3.499921035766601562e+01,-3.236730194091796875e+01,-1.687323379516601562e+01,-1.581778335571289062e+01,-1.257503890991210938e+01,2.996317386627197266e+00,7.342397689819335938e+00,5.116937637329101562e+00,5.694894790649414062e-01,2.973613500595092773e+00,5.282807350158691406e+00,-3.202667534351348877e-01,1.703231930732727051e-01,-6.257952451705932617e-01,5.972154617309570312e+00,9.247732162475585938e+00,8.833404541015625000e+00,-2.965088844299316406e+00,-1.293840789794921875e+01,-1.443548202514648438e+01,-1.551737213134765625e+01,-2.702925872802734375e+01,-1.749570655822753906e+01,-4.325826644897460938e+00,-2.318894958496093750e+01,-3.813550949096679688e+01,-4.425551986694335938e+01,-3.517624664306640625e+01,-1.188296985626220703e+01,-7.715579986572265625e+00,4.831491470336914062e+00,7.721120834350585938e+00,-4.003121376037597656e+00,-6.505546092987060547e+00,-9.103428840637207031e+00,-1.474398517608642578e+01,-2.321361923217773438e+01,-2.934439468383789062e+01,-2.755530357360839844e+01,-2.283070182800292969e+01,-2.489138793945312500e+01,-2.954673767089843750e+01,-2.874329948425292969e+01,-2.874194717407226562e+01,-2.534498214721679688e+01,-2.343343734741210938e+01,-3.165738296508789062e+01,-3.256305694580078125e+01,-2.214790725708007812e+01,-2.183488464355468750e+01,-1.934890747070312500e+01,-1.285068130493164062e+01,-7.313868522644042969e+00,1.126452684402465820e+00,1.855971908569335938e+01,2.850339126586914062e+01,3.328624725341796875e+01,1.001393318176269531e+01,-1.281148529052734375e+01,-1.128692150115966797e+01,1.451455116271972656e+00,1.729148483276367188e+01,5.302273750305175781e+00,-4.466078281402587891e+00,-1.397968292236328125e+01,-1.003349494934082031e+01,3.109513759613037109e+00,2.651301956176757812e+01,3.370546722412109375e+01,4.790242767333984375e+01,5.140863800048828125e+01,4.200200271606445312e+01,3.634140396118164062e+01,2.872448348999023438e+01,-1.314180755615234375e+01,-3.239868164062500000e+01,-4.942932128906250000e+01,-3.784344100952148438e+01,-2.333603668212890625e+01,-5.823083877563476562e+00,-7.463637351989746094e+00,-3.219077682495117188e+01,-4.765483856201171875e+01,-5.737582397460937500e+01,-6.279656982421875000e+01,-6.891940307617187500e+01,-7.032498168945312500e+01,-5.818856811523437500e+01,-3.918737030029296875e+01,-2.475341796875000000e+01,-2.235549354553222656e+01,8.876818656921386719e+00,2.520175552368164062e+01,1.528982448577880859e+01,4.409453392028808594e+00,2.555136680603027344e-01,3.405756473541259766e+00,5.297110557556152344e+00,1.244558048248291016e+01,2.340077209472656250e+01,4.570967197418212891e+00,-1.853479003906250000e+01,-2.791526412963867188e+01,-4.590872192382812500e+01,-5.199163055419921875e+01,-6.952549743652343750e+01,-8.281939697265625000e+01,-7.124249267578125000e+01,-4.822303771972656250e+01,-2.552408027648925781e+01,-1.234093379974365234e+01,-1.850524711608886719e+01,-1.832375335693359375e+01,-2.573786258697509766e+00,1.162677001953125000e+01,2.379061126708984375e+01,2.703389549255371094e+01,2.797957420349121094e+01,2.768442535400390625e+01,1.855148696899414062e+01,9.071501731872558594e+00,2.810999298095703125e+01,3.816876983642578125e+01,3.427108764648437500e+01,2.723798561096191406e+01,2.488175964355468750e+01,2.661145401000976562e+01,2.364184761047363281e+01,1.179782390594482422e+01,1.775157570838928223e+00,-8.639127731323242188e+00,-1.618957138061523438e+01,-2.358342170715332031e+01,-2.807273483276367188e+01,-2.063651275634765625e+01,-1.204421424865722656e+01,-8.838474750518798828e-02,1.577252197265625000e+01,2.496344757080078125e+01,3.876955413818359375e+01,3.603203582763671875e+01,2.999761199951171875e+01,2.594408226013183594e+01,1.985622787475585938e+01,2.148383331298828125e+01,5.965543270111083984e+00,-2.704163932800292969e+01,-4.143327331542968750e+01,-4.082949829101562500e+01,-3.912468719482421875e+01,-4.231827545166015625e+01,-4.371353149414062500e+01,-3.439612579345703125e+01,-1.729282760620117188e+01,-2.557169675827026367e+00,-4.035998344421386719e+00,-2.388125610351562500e+01,-2.597554397583007812e+01,-2.447414398193359375e+01,-2.519294738769531250e+01,-2.466125488281250000e+01,-2.314239692687988281e+01,-1.091070938110351562e+01,3.356226205825805664e+00,4.130538702011108398e-01,-3.901413679122924805e-01,7.294570922851562500e+00,2.648202896118164062e+01,3.174227142333984375e+01,2.487677764892578125e+01,1.547116279602050781e+01,1.161596679687500000e+01,1.716138076782226562e+01,8.729852676391601562e+00,1.732660770416259766e+00,3.572579622268676758e+00,2.632148742675781250e+00,7.655345916748046875e+00,-6.923545360565185547e+00,-2.007801818847656250e+01,-2.494194030761718750e+01,-2.682056045532226562e+01,-9.291036605834960938e+00,1.891024351119995117e+00,6.123740196228027344e+00,9.524550437927246094e+00,1.311818695068359375e+01,1.492825412750244141e+01,7.585570335388183594e+00,-2.613739490509033203e+00,-7.140381813049316406e+00,-9.493664741516113281e+00,-1.322403335571289062e+01,-1.992628479003906250e+01,-1.479522705078125000e+01,-2.003603577613830566e-01,1.667983627319335938e+01,2.814578056335449219e+01,2.925016403198242188e+01,1.872790145874023438e+01,1.584459209442138672e+01,1.835783576965332031e+01,7.728801250457763672e+00,-3.354747295379638672e+00,7.315062046051025391e+00,1.188621902465820312e+01,8.251986503601074219e+00,3.301534175872802734e+00,2.926805973052978516e+00,-2.599530696868896484e+00,-4.407914638519287109e+00,-2.270323753356933594e+00,7.218435764312744141e+00,1.035643577575683594e+01,5.126755714416503906e+00,6.873463630676269531e+00,1.272205543518066406e+01,2.177547836303710938e+01,2.461052322387695312e+01,2.346042251586914062e+01,1.923172378540039062e+01,1.478975677490234375e+01,2.098877334594726562e+01,2.534464454650878906e+01,1.934332656860351562e+01,8.574739456176757812e+00,-1.753739118576049805e+00,-7.112506866455078125e+00,-7.739430427551269531e+00,-3.194912433624267578e+00,-1.193680000305175781e+01,-1.926977157592773438e+01,-7.847258567810058594e+00,1.936605334281921387e+00,-6.245232820510864258e-01,2.256950139999389648e+00,7.130951881408691406e+00,-2.185157299041748047e+00,-3.573425292968750000e+01,-4.012464141845703125e+01,-1.684960746765136719e+01,-1.258623886108398438e+01,-2.651184463500976562e+01,-2.449070358276367188e+01,-8.656669616699218750e+00,-7.952898979187011719e+00,-2.307557296752929688e+01,-3.136438751220703125e+01,-2.682147598266601562e+01,-1.197064208984375000e+01,-4.287766456604003906e+00,-2.562592029571533203e+00,-1.464556026458740234e+01,-4.018801116943359375e+01,-4.272104644775390625e+01,-3.194341850280761719e+01,-2.706486892700195312e+01,-2.043378829956054688e+01,-2.045306015014648438e+01,-1.550601768493652344e+01,-2.592541694641113281e+00,-1.669859737157821655e-01,-1.918269157409667969e+00,1.545560717582702637e+00,5.001929283142089844e+00,5.321691036224365234e+00,8.284253120422363281e+00,6.786134719848632812e+00,4.278527259826660156e+00,7.725514411926269531e+00,2.104479789733886719e+00,-8.825868606567382812e+00,-1.898357391357421875e+01,-1.235906219482421875e+01,-1.010600566864013672e+01,-5.992569923400878906e+00,1.775806695222854614e-01,-7.196549773216247559e-01,-2.862328529357910156e+00,-3.079632043838500977e+00,-2.512035369873046875e+00,-1.977622509002685547e-03,-3.751830339431762695e+00,-1.651543045043945312e+01,-1.959395217895507812e+01,-2.054898071289062500e+01,-8.121568679809570312e+00,8.831995725631713867e-01,-5.517559051513671875e-01,-3.751988410949707031e+00,-1.202148914337158203e+01,-1.750486373901367188e+01,-2.019256210327148438e+01,-1.998290634155273438e+01,-1.686525154113769531e+01,-9.743728637695312500e+00,-3.875023603439331055e+00,6.623530387878417969e+00,5.540671348571777344e+00,-8.323644638061523438e+00,-1.013836669921875000e+01,-7.115391731262207031e+00,-6.978845119476318359e+00,-3.483517646789550781e+00,2.183802986145019531e+01,2.359778976440429688e+01,-7.411401748657226562e+00,-1.611772537231445312e+01,-8.782929420471191406e+00,-2.605782127380371094e+01,-2.754914474487304688e+01,-1.567215728759765625e+01,-1.171167945861816406e+01,-4.396885633468627930e-02,3.265865802764892578e+00,1.230949211120605469e+01,2.876954650878906250e+01,4.002697753906250000e+01,4.343407058715820312e+01,7.769653320312500000e+00,-2.551585769653320312e+01,-3.192353057861328125e+01,-3.313943481445312500e+01,-3.672992324829101562e+01,-3.562088012695312500e+01,-2.088685989379882812e+01,-7.224855422973632812e+00,-2.567327976226806641e+00,-8.047432899475097656e+00,-2.225185775756835938e+01,-3.664495086669921875e+01,-3.904755020141601562e+01,-4.004417419433593750e+01,-3.799662017822265625e+01,-2.174116706848144531e+01,-1.162356185913085938e+01,-1.187952804565429688e+01,-8.136705398559570312e+00,-4.531982898712158203e+00,-6.735629081726074219e+00,-1.828488540649414062e+01,-2.433310699462890625e+01,-1.880190658569335938e+01,-6.744982242584228516e+00,-5.527825355529785156e+00,-8.451897621154785156e+00,-5.041586399078369141e+00,2.651768207550048828e+00,5.529769897460937500e+00,6.584077358245849609e+00,-9.729936599731445312e+00,-2.298170852661132812e+01,-4.340026855468750000e+01,-5.872169876098632812e+01,-6.118874740600585938e+01,-6.029111480712890625e+01,-5.728818893432617188e+01,-4.668048095703125000e+01,-3.461029052734375000e+01,-2.944151306152343750e+01,-2.887149429321289062e+01,-2.096119308471679688e+01,-1.663459968566894531e+01,-1.316726684570312500e+01,-7.267155647277832031e+00,-7.068616151809692383e-02,-9.398600459098815918e-01,2.241330742835998535e-01,3.019621849060058594e+00,7.745657920837402344e+00,1.301065540313720703e+01,2.024317932128906250e+01,1.033640480041503906e+01,1.629070639610290527e-01,-1.192626285552978516e+01,-1.422967815399169922e+01,-6.120143890380859375e+00,-3.538550376892089844e+00,-5.107431411743164062e+00,1.072312116622924805e+00,1.087676239013671875e+01,1.029447364807128906e+01,1.110588073730468750e+01,6.630571365356445312e+00,6.427951812744140625e+00,1.434217071533203125e+01,3.258670806884765625e+01,2.350550842285156250e+01,1.776436614990234375e+01,9.503772735595703125e+00,2.161675214767456055e+00,7.414230108261108398e-01,3.143656969070434570e+00,1.589876365661621094e+01,1.712463378906250000e+00,-2.306736183166503906e+01,-4.396412658691406250e+01,-6.479360198974609375e+01,-8.454627227783203125e+01,-8.473818969726562500e+01,-7.401384735107421875e+01,-5.657286071777343750e+01,-3.573869323730468750e+01,-1.561063575744628906e+01,-1.935168838500976562e+01,-1.767891311645507812e+01,-8.281299591064453125e+00,1.064845275878906250e+01,2.591386795043945312e+01,1.876032638549804688e+01,4.719614028930664062e+00,-1.972064590454101562e+01,-1.339599990844726562e+01,-9.068058013916015625e+00,-2.137985038757324219e+01,-2.753824043273925781e+01,-2.497929000854492188e+01,-1.628059005737304688e+01,5.145740509033203125e-02,7.899120330810546875e+00,5.803887367248535156e+00,1.270267581939697266e+01,1.205496215820312500e+01,-2.116996574401855469e+01,-3.225241470336914062e+01,-4.987346267700195312e+01,-6.125688171386718750e+01,-6.314075469970703125e+01,-7.814781951904296875e+01,-8.549096679687500000e+01,-7.395320129394531250e+01,-6.106569671630859375e+01,-3.882080841064453125e+01,-2.825182342529296875e+01,-3.096230316162109375e+01,-3.865702056884765625e+01,-2.035709762573242188e+01,-1.880745124816894531e+01,-2.775905799865722656e+01,-3.505455780029296875e+01,-2.671685218811035156e+01,-1.299570941925048828e+01,2.341284942626953125e+01,4.568348693847656250e+01,3.509060668945312500e+01,2.438592910766601562e+01,1.943475914001464844e+01,1.843096733093261719e+01,3.529141998291015625e+01,2.699053955078125000e+01,1.597540378570556641e+00,-4.731507778167724609e+00,-1.478294944763183594e+01,-2.700032615661621094e+01,-2.769100189208984375e+01,-2.524384307861328125e+01,-2.603875350952148438e+01,-1.786308288574218750e+01,-1.055963635444641113e+00,1.640434837341308594e+01,1.906509780883789062e+01,1.545600128173828125e+01,1.128835105895996094e+01,2.527025222778320312e+00,-1.230368995666503906e+01,-2.403156280517578125e+01,-2.655435943603515625e+01,-2.906961441040039062e+01,-2.839542961120605469e+01,-2.579563903808593750e+01,-2.672393798828125000e+01,-2.810384750366210938e+01,-2.166839981079101562e+01,-1.019900798797607422e+01,2.375838041305541992e+00,1.133685779571533203e+01,-7.505528926849365234e-01,-1.334297561645507812e+01,-2.200726318359375000e+01,-2.667949295043945312e+01,-2.452260589599609375e+01,-2.897789001464843750e+01,-2.934672927856445312e+01,-3.660597229003906250e+01,-4.243204879760742188e+01,-4.916429901123046875e+01,-4.116956329345703125e+01,-2.448759078979492188e+01,-3.513737320899963379e-01,7.037652969360351562e+00,1.718875312805175781e+01,2.496574783325195312e+01,2.720788574218750000e+01,2.604063796997070312e+01,-1.748274683952331543e+00,-2.636438560485839844e+01,-5.235829162597656250e+01,-6.638925933837890625e+01,-6.285604858398437500e+01,-5.882544708251953125e+01,-5.465370559692382812e+01,-4.930768585205078125e+01,-4.083061218261718750e+01,-3.150759887695312500e+01,-2.542305755615234375e+01,-1.542020797729492188e+01,-2.633286666870117188e+01,-2.633272933959960938e+01,-3.286984252929687500e+01,-3.566572570800781250e+01,-3.144525146484375000e+01,-1.844943237304687500e+01,-5.455806732177734375e+00,-1.010048198699951172e+01,-1.582367706298828125e+01,-1.075997543334960938e+01,-7.506047248840332031e+00,1.133922219276428223e+00,7.610893726348876953e+00,1.512746143341064453e+01,1.752667999267578125e+01,2.017765426635742188e+01,2.935319709777832031e+01,3.394950866699218750e+01,3.113682174682617188e+01,2.593559646606445312e+01,1.031829357147216797e+01,6.221736907958984375e+00,1.541616058349609375e+01,3.697864532470703125e+01,4.651501464843750000e+01,3.025580787658691406e+01,-4.726659297943115234e+00,-1.541407012939453125e+01,-2.798587226867675781e+01,-4.787263107299804688e+01,-5.718637084960937500e+01,-5.231304931640625000e+01,-4.410920715332031250e+01,-3.311774444580078125e+01,-2.567003822326660156e+01,-3.199082183837890625e+01,-3.255191040039062500e+01,-3.306736755371093750e+01,-2.096813964843750000e+01,-1.291491413116455078e+01,-1.041113090515136719e+01,-1.503160762786865234e+01,-1.369304084777832031e+01,-3.186632919311523438e+01,-3.879593658447265625e+01,-2.563369750976562500e+01,-2.128225326538085938e+01,1.446771621704101562e-02,1.450112724304199219e+01,1.608635139465332031e+01,8.311164855957031250e+00,4.438976287841796875e+00,1.603625774383544922e+00,1.313506245613098145e+00,-7.825918674468994141e+00,-2.856105422973632812e+01,-1.149314308166503906e+01,2.309327316284179688e+01,3.934194564819335938e+01,3.596868133544921875e+01,2.627334403991699219e+01,3.046332550048828125e+01,3.784647369384765625e+01,3.913669586181640625e+01,4.017961502075195312e+01,3.519686126708984375e+01,2.296244812011718750e+01,1.100818061828613281e+01,7.812614440917968750e+00,2.886456966400146484e+00,-4.296920895576477051e-01,-3.170605659484863281e+00,-5.993076324462890625e+00,-7.272444725036621094e+00,-1.769309234619140625e+01,-2.413128280639648438e+01,-2.469243621826171875e+01,-9.827880859375000000e+00,9.612488746643066406e+00,2.168634796142578125e+01,2.120205688476562500e+01,1.403313350677490234e+01,8.140407562255859375e+00,5.009186267852783203e+00,-1.101185131072998047e+01,-2.257649040222167969e+01,-2.463821029663085938e+01,-2.397019958496093750e+01,-2.607196044921875000e+01,-3.051024627685546875e+01,-2.582189559936523438e+01,-2.792169380187988281e+01,-2.931773185729980469e+01,-2.705993652343750000e+01,-2.044561386108398438e+01,-1.426758098602294922e+01,-7.479200363159179688e+00,-1.977949738502502441e+00,7.499048233032226562e+00,5.512590408325195312e+00,2.009203910827636719e+01,4.248297882080078125e+01,3.785522842407226562e+01,6.243494033813476562e+00,-1.971411514282226562e+01,-2.577902030944824219e+01,-2.571186256408691406e+01,-2.465601921081542969e+01,-1.850252914428710938e+01,-9.472001075744628906e+00,-1.308859705924987793e+00,-1.541790103912353516e+01,-2.378327560424804688e+01,-2.620162582397460938e+01,-3.236536407470703125e+01,-3.582563018798828125e+01,-4.485797882080078125e+01,-3.771180725097656250e+01,-1.706063079833984375e+01,1.112370872497558594e+01,1.705926132202148438e+01,9.857477545738220215e-01,-1.478428173065185547e+01,-1.438682556152343750e+01,-4.349132061004638672e+00,2.365624666213989258e+00,5.985071182250976562e+00,1.328142166137695312e+01,-8.570461273193359375e+00,-2.005553817749023438e+01,-1.822606849670410156e+01,-1.182561969757080078e+01,-8.720149993896484375e+00,-1.959070968627929688e+01,-2.277283287048339844e+01,-9.850833892822265625e+00,-6.988660097122192383e-01,1.611543774604797363e+00,5.141795635223388672e+00,4.603475570678710938e+00,1.114706039428710938e+00,3.060639500617980957e-01,-3.761227369308471680e+00,-7.223100662231445312e+00,-1.359279441833496094e+01,-1.016936779022216797e+01,1.383378267288208008e+00,5.527528762817382812e+00,1.764189481735229492e+00,4.679400444030761719e+00,1.299809837341308594e+01,1.352144813537597656e+01,1.348917961120605469e+01,-1.168852686882019043e+00,-9.899487495422363281e+00,-9.130485534667968750e+00,-2.725573539733886719e+01,-3.845944595336914062e+01,-3.646049499511718750e+01,-3.585731506347656250e+01,-1.644217681884765625e+01,2.351506471633911133e+00,1.183353710174560547e+01,1.985585403442382812e+01,1.078259181976318359e+01,-5.014496445655822754e-01,-9.240797042846679688e+00,-1.710704803466796875e+01,-9.873847961425781250e+00,9.810193061828613281e+00,3.950794982910156250e+01,4.646668243408203125e+01,4.734471893310546875e+01,4.773480987548828125e+01,4.363616943359375000e+01,4.235169982910156250e+01,4.182654571533203125e+01,4.566263198852539062e+01,4.221391677856445312e+01,3.869966888427734375e+01,2.695072555541992188e+01,6.656618118286132812e+00,-6.095330238342285156e+00,-8.543100357055664062e-01,1.244813537597656250e+01,2.061878204345703125e+01,1.087341880798339844e+01,2.157324028015136719e+01,4.515833282470703125e+01,4.285171127319335938e+01,3.452267456054687500e+01,1.983458709716796875e+01,2.502645111083984375e+01,2.350795745849609375e+01,2.058679389953613281e+01,2.476451683044433594e+01,2.935691833496093750e+01,2.715005302429199219e+01,1.989742279052734375e+01,1.420190238952636719e+01,1.809296417236328125e+01,2.926258850097656250e+01,2.890686798095703125e+01,2.747358322143554688e+01,2.048485183715820312e+01,1.431934356689453125e+01,1.015043830871582031e+01,6.157035350799560547e+00,1.214022254943847656e+01,7.142044544219970703e+00,-2.402173757553100586e+00,-5.140012741088867188e+00,-5.077610015869140625e+00,-6.338540077209472656e+00,-2.081410437822341919e-01,2.233143234252929688e+01,3.572588348388671875e+01,3.612851715087890625e+01,2.681374740600585938e+01,4.202428340911865234e+00,-1.677054405212402344e+00,-2.134536981582641602e+00,7.804836034774780273e-01,7.794556140899658203e+00,1.143371391296386719e+01,1.322702121734619141e+01,1.558043289184570312e+01,1.954019737243652344e+01,2.184100532531738281e+01,2.040813446044921875e+01,1.674819183349609375e+01,1.577602958679199219e+01,1.469890785217285156e+01,8.929360389709472656e+00,1.117124366760253906e+01,1.286608123779296875e+01,1.224817466735839844e+01,7.232020378112792969e+00,5.621156692504882812e+00,6.471703052520751953e+00,1.049424076080322266e+01,5.389798164367675781e+00,5.813605308532714844e+00,5.569088459014892578e+00,4.191531181335449219e+00,-5.087746977806091309e-01,-3.393100261688232422e+00,-2.311293125152587891e+00,-2.681339979171752930e+00,-4.250175476074218750e+00,-9.972320556640625000e+00,-1.756223869323730469e+01,-2.064008331298828125e+01,-2.529308700561523438e+01,-3.083410263061523438e+01,-2.882183456420898438e+01,-2.624940299987792969e+01,-2.765457153320312500e+01,-2.675465774536132812e+01,-2.127799606323242188e+01,-1.904853820800781250e+01,-1.369843292236328125e+01,-1.057343292236328125e+01,-2.891124248504638672e+00,5.245839118957519531e+00,4.682319164276123047e+00,4.818448066711425781e+00,8.397393226623535156e+00,-6.337801814079284668e-01,-2.774282455444335938e+00,4.289430141448974609e+00,1.169972610473632812e+01,1.219330406188964844e+01,-5.628373146057128906e+00,-2.910968017578125000e+01,-3.269190597534179688e+01,-3.110271453857421875e+01,-1.937874794006347656e+01,-9.372443199157714844e+00,-7.507560253143310547e+00,-5.497510433197021484e+00,-1.115469187498092651e-01,-6.679808616638183594e+00,-1.924952697753906250e+01,-2.003189849853515625e+01,-2.301383972167968750e+01,-1.931730651855468750e+01,-3.361102104187011719e+00,1.905194854736328125e+01,1.952863883972167969e+01,5.712450027465820312e+00,-1.391659617424011230e+00,-7.453184127807617188e+00,-1.523157787322998047e+01,-1.488077545166015625e+01,-1.094483184814453125e+01,-6.821155548095703125e+00,-9.005731582641601562e+00,-9.316203117370605469e+00,1.636103272438049316e+00,3.071869659423828125e+01,4.377067947387695312e+01,3.069133377075195312e+01,1.712275314331054688e+01,1.850986838340759277e+00,-9.143629074096679688e+00,-1.328067207336425781e+01,-1.509385681152343750e+01,-1.083517265319824219e+01,4.368557929992675781e+00,1.706227493286132812e+01,1.524453735351562500e+01,1.394159698486328125e+01,2.521652936935424805e+00,-1.914823150634765625e+01,-3.036666488647460938e+01,-2.748118209838867188e+01,-3.135548591613769531e+01,-4.318899536132812500e+01,-2.941634368896484375e+01,-1.491355991363525391e+01,-1.093637466430664062e+01,-1.511544990539550781e+01,-2.558568191528320312e+01,-2.154932785034179688e+01,-5.475087642669677734e+00,1.128537356853485107e-01,5.935194969177246094e+00,7.769194602966308594e+00,1.337420463562011719e+01,1.493240928649902344e+01,9.468622207641601562e+00,1.567647266387939453e+01,1.353365135192871094e+01,1.059331446886062622e-01,-1.405084037780761719e+01,-2.150179290771484375e+01,-3.105747222900390625e+01,-2.695986175537109375e+01,-1.507550811767578125e+01,-3.933860659599304199e-01,1.085737037658691406e+01,1.296125793457031250e+01,1.753356933593750000e+01,3.291058349609375000e+01,5.526821517944335938e+01,6.057928466796875000e+01,4.340883636474609375e+01,3.193222808837890625e+01,2.606413078308105469e+01,2.333976745605468750e+01,3.112601280212402344e+01,3.445652389526367188e+01,3.167555236816406250e+01,2.942543983459472656e+01,1.258366012573242188e+01,1.429530525207519531e+01,2.929280090332031250e+01,2.762306976318359375e+01,1.930602073669433594e+01,1.891650009155273438e+01,1.590095520019531250e+01,6.736217498779296875e+00,7.613371849060058594e+00,4.052848815917968750e+00,5.135141849517822266e+00,2.441848754882812500e+00,2.113557457923889160e-01,3.979207038879394531e+00,2.706160783767700195e+00,1.835205554962158203e+00,4.776543617248535156e+00,1.472400307655334473e+00,-3.504466772079467773e+00,-4.407672882080078125e+00,-9.771942347288131714e-02,-2.982715368270874023e+00,3.146662712097167969e+00,3.413452863693237305e+00,3.308745384216308594e+00,9.730421304702758789e-01,2.474115371704101562e+00,4.182770729064941406e+00,3.508416652679443359e+00,-2.197737693786621094e+01,-4.429607391357421875e+01,-4.374809265136718750e+01,-3.967989349365234375e+01,-3.866055679321289062e+01,-3.643547058105468750e+01,-1.925463676452636719e+01,-5.949484348297119141e+00,2.763102531433105469e+00,-4.000733852386474609e+00,-2.297890472412109375e+01,-2.740021133422851562e+01,-1.940443038940429688e+01,-5.168792247772216797e+00,-2.223645591735839844e+01,-2.495895385742187500e+01,-9.853543281555175781e+00,9.695403099060058594e+00,2.009305381774902344e+01,1.464410018920898438e+01,6.474588394165039062e+00,8.264594078063964844e+00,2.012234115600585938e+01,1.993475723266601562e+01,1.488666343688964844e+01,1.416229438781738281e+01,2.266189575195312500e+01,3.574281311035156250e+01,3.370368957519531250e+01,2.445980072021484375e+01,1.564297676086425781e+01,1.305562591552734375e+01,1.294448852539062500e+01,1.788545608520507812e+00,-6.166758537292480469e-01,-4.908966064453125000e+00,-4.028564453125000000e+00,2.122701406478881836e+00,-1.074650287628173828e+01,-2.398082351684570312e+01,-2.629373741149902344e+01,-2.313494110107421875e+01,-1.795900917053222656e+01,-1.280063247680664062e+01,-1.262015819549560547e+01,-1.575170898437500000e+01,-1.719516754150390625e+01,-5.399468898773193359e+00,1.052897357940673828e+01,1.810984802246093750e+01,1.704962921142578125e+01,9.209869384765625000e+00,1.038465881347656250e+01,1.277048683166503906e+01,1.479907608032226562e+01,1.222727012634277344e+01,1.101895141601562500e+01,1.470735520124435425e-01,-5.083228588104248047e+00,7.335903167724609375e+00,1.194131183624267578e+01,1.464525032043457031e+01,1.007824897766113281e+01,8.873865127563476562e+00,6.025352001190185547e+00,1.652606010437011719e+00,1.569379210472106934e+00,7.117533683776855469e-02,-8.194212913513183594e+00,-1.412502098083496094e+01,-4.256605529785156250e+01,-4.329583740234375000e+01,-3.924615478515625000e+01,-2.390441131591796875e+01,7.837694287300109863e-01,1.419021224975585938e+01,1.817265319824218750e+01,-1.036753463745117188e+01,-2.833058547973632812e+01,-3.845330810546875000e+01,-1.733448410034179688e+01,-6.797413229942321777e-01,6.237179756164550781e+00,1.853322982788085938e-01,-6.622506141662597656e+00,-2.621162033081054688e+01,-5.332105255126953125e+01,-7.224577331542968750e+01,-7.676567077636718750e+01,-7.589485168457031250e+01,-6.807305908203125000e+01,-5.779718780517578125e+01,-4.073234558105468750e+01,-2.824854660034179688e+01,-2.166475296020507812e+01,-8.425452232360839844e+00,1.200725746154785156e+01,2.189231491088867188e+01,1.705065155029296875e+01,6.663299083709716797e+00,-1.536642789840698242e+00,-7.037549018859863281e+00,-2.961606740951538086e+00,-8.654638290405273438e+00,1.719342231750488281e+01,2.605604743957519531e+01,2.121569824218750000e+01,9.458019256591796875e+00,-3.498877525329589844e+00,-7.452548027038574219e+00,-4.788889884948730469e+00,-6.234395027160644531e+00,-3.682194232940673828e+00,-3.848658323287963867e+00,-5.930504798889160156e+00,-1.570912361145019531e+01,-1.350488090515136719e+01,-2.920162963867187500e+01,-5.338118362426757812e+01,-6.131567382812500000e+01,-6.354048919677734375e+01,-5.633657073974609375e+01,-4.658461761474609375e+01,-4.098665618896484375e+01,-4.063987731933593750e+01,-4.272223281860351562e+01,-3.943658447265625000e+01,-4.362958526611328125e+01,-3.520381927490234375e+01,-8.325680732727050781e+00,7.807662963867187500e+00,2.777477979660034180e+00,-2.458557844161987305e+00,-1.282584428787231445e+00,-7.281292915344238281e+00,-1.837294387817382812e+01,-2.416381072998046875e+01,-2.904679107666015625e+01,-3.147218894958496094e+01,-3.471586608886718750e+01,-3.723098754882812500e+01,-3.035362625122070312e+01,-1.729996490478515625e+01,-2.147730827331542969e+01,-2.675189781188964844e+01,4.994492530822753906e+00,1.289471244812011719e+01,1.589953994750976562e+01,2.079393005371093750e+01,3.610059356689453125e+01,3.603279876708984375e+01,3.707482147216796875e+01,3.462015533447265625e+01,2.415826416015625000e+01,2.316195869445800781e+01,3.401918029785156250e+01,2.815561676025390625e+01,1.352931404113769531e+01,2.929687500000000000e+00,2.563130378723144531e+00,1.263458251953125000e+01,2.225002479553222656e+01,3.245328187942504883e+00,8.074135780334472656e+00,1.677554321289062500e+01,8.767667770385742188e+00,-1.591040611267089844e+00,-1.974266815185546875e+01,-4.352536773681640625e+01,-5.291679000854492188e+01,-4.979264068603515625e+01,-3.102113342285156250e+01,-1.876248168945312500e+01,-2.923514366149902344e+01,-3.634634017944335938e+01,-1.443730163574218750e+01,1.339729309082031250e+01,1.628042030334472656e+01,2.012498092651367188e+01,2.683051109313964844e+01,1.166751861572265625e+01,-7.815292358398437500e+00,-1.840813827514648438e+01,-2.377347183227539062e+01,-2.238192367553710938e+01,-1.411890792846679688e+01,-7.666065692901611328e+00,-1.981463313102722168e+00,2.850531935691833496e-01,-5.713426589965820312e+00,-2.047946357727050781e+01,-2.400036430358886719e+01,-1.085689353942871094e+01,1.000940513610839844e+01,3.321466064453125000e+01,3.937310791015625000e+01,2.720273590087890625e+01,2.297800064086914062e+01,2.270104598999023438e+01,2.927776145935058594e+01,3.903348922729492188e+01,1.334455871582031250e+01,-1.309815216064453125e+01,-2.262219047546386719e+01,-3.339805984497070312e+01,-4.274589920043945312e+01,-4.184139251708984375e+01,-3.123341369628906250e+01,-3.342451477050781250e+01,-4.138565444946289062e+01,-3.699491500854492188e+01,-2.673792266845703125e+01,-2.021520996093750000e+01,-1.292766761779785156e+01,-9.872984290122985840e-01,4.287755966186523438e+00,8.896938323974609375e+00,1.009144973754882812e+01,4.857797145843505859e+00,7.698176383972167969e+00,1.787494850158691406e+01,1.717721557617187500e+01,1.368594551086425781e+01,4.943155288696289062e+00,-3.533118486404418945e+00,-6.813149929046630859e+00,1.466557312011718750e+01,1.890003585815429688e+01,1.435350131988525391e+01,9.106772422790527344e+00,9.851730346679687500e+00,1.003259372711181641e+01,4.859721183776855469e+00,-1.058784961700439453e+00,-1.103204250335693359e+01,-1.915874481201171875e+01,-3.168687629699707031e+01,-4.414387512207031250e+01,-3.473623657226562500e+01,-1.516749572753906250e+01,-1.763513183593750000e+01,-3.354801177978515625e+01,-3.354771804809570312e+01,-2.582823944091796875e+01,-1.275594043731689453e+01,2.329679727554321289e-01,6.199661254882812500e+00,3.393734455108642578e+00,6.535490036010742188e+00,1.530667686462402344e+01,2.060531425476074219e+01,1.944181442260742188e+01,2.171166992187500000e+01,2.327795410156250000e+01,2.614885711669921875e+01,2.076270866394042969e+01,6.438409805297851562e+00,6.775953292846679688e+00,1.358788490295410156e+01,5.914506435394287109e+00,4.235931396484375000e+00,1.104541587829589844e+01,9.320918083190917969e+00,4.677450656890869141e+00,4.195359706878662109e+00,-7.388872623443603516e+00,-1.609171104431152344e+01,-8.564825057983398438e+00,-9.884223937988281250e+00,-1.580797100067138672e+01,-1.980068016052246094e+01,-3.150996398925781250e+01,-3.410900115966796875e+01,-2.712633514404296875e+01,-2.724063873291015625e+01,-2.309658050537109375e+01,-1.798290061950683594e+01,-2.912303161621093750e+01,-3.391692352294921875e+01,-2.599353027343750000e+01,-1.487841510772705078e+01,-2.058192253112792969e+01,-3.942765045166015625e+01,-4.666046524047851562e+01,-3.755284500122070312e+01,-2.322397804260253906e+01,-1.503336906433105469e+01,2.315744876861572266e+00,6.310419559478759766e+00,3.429827213287353516e+00,-6.686892509460449219e+00,-7.549217700958251953e+00,2.159005403518676758e+00,1.288928270339965820e+00,1.490738034248352051e+00,5.111483097076416016e+00,4.089308738708496094e+00,2.133360147476196289e+00,1.593989729881286621e+00,3.633878707885742188e+00,7.691130638122558594e+00,8.413333296775817871e-01,-1.196586132049560547e+01,-1.513982772827148438e+01,-1.723023605346679688e+01,-2.165702438354492188e+01,-2.611932754516601562e+01,-2.423140907287597656e+01,-1.963080215454101562e+01,-1.828085708618164062e+01,-1.395948410034179688e+01,-6.137997150421142578e+00,2.901616811752319336e+00,8.828753471374511719e+00,1.245356559753417969e+01,1.167960739135742188e+01,-2.814179229736328125e+01,-3.154412841796875000e+01,-2.622414779663085938e+01,-4.182397460937500000e+01,-5.760985183715820312e+01,-5.460636901855468750e+01,-4.800569915771484375e+01,-2.540479278564453125e+01,6.865481376647949219e+00,2.832515525817871094e+01,3.981443786621093750e+01,4.192646408081054688e+01,3.896504211425781250e+01,2.507582855224609375e+01,7.103812217712402344e+00,-1.216099929809570312e+01,-2.271543121337890625e+01,-2.379683876037597656e+01,-1.708618736267089844e+01,-6.256817817687988281e+00,3.607755422592163086e+00,7.045789718627929688e+00,1.150767326354980469e+01,4.295633316040039062e+00,2.422667264938354492e+00,5.247982025146484375e+00,2.736019611358642578e+00,-1.592775630950927734e+01,-4.149235534667968750e+01,-4.195026397705078125e+01,-2.921643829345703125e+01,-1.051201915740966797e+01,1.241254615783691406e+01,2.711992073059082031e+01,3.197595596313476562e+01,3.548044586181640625e+01,2.887193298339843750e+01,1.522363185882568359e+01,6.922055721282958984e+00,3.738206863403320312e+00,1.198346614837646484e+00,4.519262313842773438e+00,6.130723953247070312e+00,-1.209663105010986328e+01,-2.996135711669921875e+01,-4.296114349365234375e+01,-4.591347503662109375e+01,-4.961800003051757812e+01,-6.462238311767578125e+01,-6.925434875488281250e+01,-6.233010101318359375e+01,-5.010800170898437500e+01,-3.856718826293945312e+01,-2.205520248413085938e+01,-8.572825431823730469e+00,-1.392954349517822266e+01,-2.136303329467773438e+01,-1.821207618713378906e+01,-2.172649574279785156e+01,-1.905701065063476562e+01,-2.216450119018554688e+01,-3.156235122680664062e+01,-1.176047134399414062e+01,1.708991527557373047e+00,1.102448940277099609e+00,-8.548273086547851562e+00,-2.495881271362304688e+01,-3.539981079101562500e+01,-3.826217269897460938e+01,-2.926363563537597656e+01,-1.032082748413085938e+01,2.183867645263671875e+01,3.383220672607421875e+01,3.776058959960937500e+01,3.479544067382812500e+01,3.496258544921875000e+01,3.651125335693359375e+01,2.771533966064453125e+01,-3.665637016296386719e+00,-2.671980667114257812e+01,-4.378694915771484375e+01,-6.450480651855468750e+01,-7.359349822998046875e+01,-5.921906280517578125e+01,-4.140231323242187500e+01,-4.650607299804687500e+01,-5.385876464843750000e+01,-4.613709259033203125e+01,-1.866283416748046875e+01,-2.767750263214111328e+00,-8.828207015991210938e+00,-1.088359451293945312e+01,-6.538948059082031250e+00,-1.659437942504882812e+01,-3.358275222778320312e+01,-4.081632232666015625e+01,-3.820923614501953125e+01,-2.551595687866210938e+01,-1.515587043762207031e+01,-1.312204360961914062e+01,-1.506574058532714844e+01,-1.447388076782226562e+01,-1.810799407958984375e+01,-3.129399108886718750e+01,-4.101010894775390625e+01,-4.420324325561523438e+01,-3.912596130371093750e+01,-3.238755798339843750e+01,-2.336189270019531250e+01,-1.156470680236816406e+01,3.676714420318603516e+00,4.387757778167724609e+00,-7.865607261657714844e+00,-5.848578929901123047e+00,-1.819532752037048340e+00,8.591584205627441406e+00,1.425887870788574219e+01,-1.684953689575195312e+01,-2.170954704284667969e+01,-6.331895828247070312e+00,-9.898008346557617188e+00,-9.507056236267089844e+00,-9.435610771179199219e+00,-2.681989669799804688e+00,1.083926200866699219e+01,1.085058403015136719e+01,1.358353328704833984e+01,8.135773658752441406e+00,-7.731730461120605469e+00,-2.077176284790039062e+01,-2.606692886352539062e+01,-2.447795867919921875e+01,-2.281681060791015625e+01,-2.502843284606933594e+01,-2.964659500122070312e+01,-3.001791381835937500e+01,-3.117599105834960938e+01,-3.741799926757812500e+01,-3.803406524658203125e+01,-4.209902191162109375e+01,-4.634674835205078125e+01,-4.179952239990234375e+01,-3.455386352539062500e+01,-3.752728271484375000e+01,-3.245283508300781250e+01,-2.098116302490234375e+01,-1.014591312408447266e+01,-3.540556907653808594e+00,3.542447686195373535e-01,-1.078549766540527344e+01,-2.538035583496093750e+01,-4.955200958251953125e+01,-7.699803924560546875e+01,-8.239747619628906250e+01,-7.113856506347656250e+01,-4.653331756591796875e+01,-2.987239646911621094e+01,-1.703777503967285156e+01,-1.259941768646240234e+01,-2.741983795166015625e+01,-1.477731513977050781e+01,1.632376289367675781e+01,4.113272857666015625e+01,3.849503326416015625e+01,1.016396903991699219e+01,-1.208122444152832031e+01,-1.937951087951660156e+01,-2.165793228149414062e+01,-1.519631195068359375e+01,6.139472961425781250e+00,-1.772883224487304688e+01,-4.288135528564453125e+01,-4.317111968994140625e+01,-3.718384552001953125e+01,-2.817496681213378906e+01,-2.164130401611328125e+01,-2.067249107360839844e+01,-2.076413726806640625e+01,-1.893944740295410156e+01,-8.155707359313964844e+00,-1.282301139831542969e+01,-9.218761444091796875e+00,-5.114694118499755859e+00,4.507874488830566406e+00,1.041226387023925781e+01,1.142929553985595703e+01,1.390743732452392578e+01,1.986981582641601562e+01,6.571138381958007812e+00,-6.119419574737548828e+00,-1.160455322265625000e+01,-3.572103500366210938e+00,-5.810416221618652344e+00,-1.431663894653320312e+01,-3.241145324707031250e+01,-3.765489959716796875e+01,-3.722956848144531250e+01,-4.229330444335937500e+01,-3.545805358886718750e+01,-4.338175201416015625e+01,-4.338139343261718750e+01,-2.652577590942382812e+01,-3.438874721527099609e+00,-2.716784954071044922e+00,-3.559240722656250000e+01,-2.856829071044921875e+01,-2.728129577636718750e+01,-2.561204147338867188e+01,-1.312460708618164062e+01,-1.062438201904296875e+01,-9.268756866455078125e+00,-4.952291488647460938e+00,2.039853811264038086e+00,9.090181589126586914e-01,6.798550486564636230e-01,1.256530761718750000e+00,8.890783190727233887e-01,-4.884687423706054688e+00,-5.080617904663085938e+00,5.036073327064514160e-01,8.260572433471679688e+00,2.105478668212890625e+01,1.961815834045410156e+01,-5.792849540710449219e+00,-1.849993705749511719e+01,-1.811670875549316406e+01,-2.393374252319335938e+01,-2.465354537963867188e+01,-2.062713050842285156e+01,-2.184687805175781250e+01,-1.881062889099121094e+01,-1.691357612609863281e+01,-1.219878482818603516e+01,-6.274346351623535156e+00,-5.034039497375488281e+00,-4.774142503738403320e-01,3.819668292999267578e-01,-1.715492439270019531e+01,-2.816137695312500000e+01,8.519918918609619141e-01,-8.389623165130615234e-01,-6.063924789428710938e+00,-1.016379261016845703e+01,5.688935279846191406e+00,1.477359771728515625e+01,2.282135772705078125e+01,3.366603088378906250e+01,2.065754127502441406e+01,-2.926815032958984375e+00,-1.683071517944335938e+01,-2.071511268615722656e+01,-1.764812278747558594e+01,8.687367439270019531e+00,3.230132675170898438e+01,3.765539550781250000e+01,2.147569274902343750e+01,3.717238903045654297e+00,6.675514698028564453e+00,1.872593688964843750e+01,1.335877037048339844e+01,-1.335277175903320312e+01,-2.047081756591796875e+01,-1.752993965148925781e+01,-1.009231567382812500e+01,-2.140210628509521484e+00,8.076583862304687500e+00,4.620134353637695312e+00,1.768743276596069336e+00,-6.876112937927246094e+00,-2.175693130493164062e+01,-2.957108497619628906e+01,-2.125942420959472656e+01,1.717595458030700684e+00,1.674386215209960938e+01,1.530007934570312500e+01,3.653732776641845703e+00,-2.593910217285156250e+00,-5.864316463470458984e+00,-1.700781941413879395e+00,2.241181850433349609e+00,1.010929298400878906e+01,-6.132335662841796875e+00,-2.187199783325195312e+01,-3.233309173583984375e+01,-3.490270614624023438e+01,-3.340090179443359375e+01,-3.767948150634765625e+01,-4.816827392578125000e+01,-5.376654052734375000e+01,-4.449631118774414062e+01,-2.207892990112304688e+01,-7.121094226837158203e+00,7.296626091003417969e+00,8.547153472900390625e+00,3.996645808219909668e-01,-1.591511011123657227e+00,1.709021329879760742e+00,-2.059998989105224609e+00,-4.419120788574218750e+00,-5.940746307373046875e+00,-1.127797889709472656e+01,-2.913151931762695312e+01,-3.779235076904296875e+01,-5.102860260009765625e+01,-5.620616149902343750e+01,-3.714538574218750000e+01,-1.753397560119628906e+01,-1.201284790039062500e+01,-1.269600677490234375e+01,-7.743637084960937500e+00,-6.194203853607177734e+00,2.180928468704223633e+00,1.640513801574707031e+01,2.036097335815429688e+01,1.925691604614257812e+01,2.795506000518798828e+00,-1.412957382202148438e+01,-3.283823394775390625e+01,-4.080360412597656250e+01,-1.853188705444335938e+01,1.681149673461914062e+01,3.803774261474609375e+01,4.791753387451171875e+01,3.292211914062500000e+01,6.631140708923339844e+00,-2.147375869750976562e+01,-2.456010627746582031e+01,-1.620353698730468750e+01,-3.755554676055908203e+00,1.432235717773437500e+01,2.533242034912109375e+01,3.404721069335937500e+01,3.908523178100585938e+01,4.387779998779296875e+01,1.418696212768554688e+01,-2.215285110473632812e+01,-3.723802185058593750e+01,-4.845869445800781250e+01,-3.880756378173828125e+01,-1.254520130157470703e+01,6.454946041107177734e+00,6.441234946250915527e-01,3.644180774688720703e+00,-1.588876914978027344e+01,-2.481097030639648438e+01,-1.990955352783203125e+01,-6.139128684997558594e+00,-1.620379257202148438e+01,-3.530350494384765625e+01,-5.092887878417968750e+01,-5.690369415283203125e+01,-5.350271606445312500e+01,-4.177937316894531250e+01,-1.938434600830078125e+01,1.466459941864013672e+01,2.843787384033203125e+01,3.813447570800781250e+01,3.951873397827148438e+01,4.133776855468750000e+01,4.240657043457031250e+01,3.473018646240234375e+01,8.961325883865356445e-01,-2.842366218566894531e+01,-3.710802459716796875e+01,-4.095703125000000000e+01,-5.680368804931640625e+01,-5.492749023437500000e+01,-4.288358306884765625e+01,-2.926075363159179688e+01,-2.303268051147460938e+01,-2.792037200927734375e+01,-2.147402191162109375e+01,4.367219209671020508e-01,-9.559307098388671875e+00,-2.621932411193847656e+01,-2.652889633178710938e+01,-2.013774108886718750e+01,-1.149059653282165527e+00,1.558913612365722656e+01,1.161915493011474609e+01,4.047014713287353516e+00,-6.195600986480712891e+00,-8.287465095520019531e+00,2.881141304969787598e-01,3.050260543823242188e+00,-1.013204193115234375e+01,-1.555415153503417969e+01,-1.326681137084960938e+01,1.104592418670654297e+01,1.565297508239746094e+01,1.561481475830078125e+01,2.168481826782226562e+01,3.495508575439453125e+01,3.582091522216796875e+01,4.158393859863281250e+01,4.344306945800781250e+01,3.902293395996093750e+01,2.791752433776855469e+01,2.784991836547851562e+01,3.522129821777343750e+01,4.052264022827148438e+01,6.706855773925781250e+00,2.032561779022216797e+00,-1.234260177612304688e+01,-2.968221664428710938e+01,-3.768009948730468750e+01,-3.166836166381835938e+01,-2.025714492797851562e+01,3.571556329727172852e+00,1.778323364257812500e+01,1.594475936889648438e+01,1.389099502563476562e+01,1.081850814819335938e+01,-3.047414398193359375e+01,-3.605887603759765625e+01,-1.849768447875976562e+01,-3.646677398681640625e+01,-5.315261077880859375e+01,-5.243702697753906250e+01,-4.367987823486328125e+01,-1.592153930664062500e+01,1.971392822265625000e+01,3.369120788574218750e+01,3.428974914550781250e+01,3.368027114868164062e+01,3.300219345092773438e+01,3.141999816894531250e+01,3.765851593017578125e+01,4.020127105712890625e+01,7.549103260040283203e+00,-1.841046905517578125e+01,-3.898229217529296875e+01,-5.355134582519531250e+01,-6.376900482177734375e+01,-6.819815063476562500e+01,-6.706397247314453125e+01,-6.549119567871093750e+01,-7.503825378417968750e+01,-6.095632934570312500e+01,-3.572658157348632812e+01,-1.206825256347656250e+01,-6.360929965972900391e+00,-5.990799903869628906e+00,-1.159766197204589844e+01,-1.467257881164550781e+01,-1.085159111022949219e+01,-9.082803726196289062e+00,-1.580345153808593750e+01,-2.870654296875000000e+01,-4.266000366210937500e+01,-3.774993896484375000e+01,-1.116315650939941406e+01,-8.295964241027832031e+00,-9.164751052856445312e+00,-2.538452148437500000e+00,-1.060987710952758789e+00,-1.351488113403320312e+00,-3.074999451637268066e-01,4.027307033538818359e-02,-1.407329559326171875e+00,-1.672886252403259277e+00,-4.952831268310546875e+00,-8.793298721313476562e+00,-5.211830615997314453e+00,-6.637525081634521484e+00,-9.946584701538085938e+00,-9.528520584106445312e+00,-6.633541584014892578e+00,-7.910506248474121094e+00,-1.675235557556152344e+01,-2.152896499633789062e+01,-2.041239356994628906e+01,-2.558218383789062500e+01,-2.920315551757812500e+01,-2.477384376525878906e+01,-1.882198333740234375e+01,-1.319039821624755859e+01,-9.023591041564941406e+00,-5.185135364532470703e+00,4.924486875534057617e-01,2.472533702850341797e+00,2.279752731323242188e+00,-2.048546981811523438e+01,-3.437685775756835938e+01,-3.374067687988281250e+01,-3.521758651733398438e+01,-3.118487548828125000e+01,-1.294121360778808594e+01,-1.763054275512695312e+01,-1.252881240844726562e+01,-1.162141418457031250e+01,-4.817258358001708984e+00,-1.588243484497070312e+01,-2.459357452392578125e+01,-2.660658454895019531e+01,-3.906810760498046875e+01,-4.752359390258789062e+01,-4.274038696289062500e+01,-3.898918533325195312e+01,-3.919034576416015625e+01,-4.647106170654296875e+01,-4.422111511230468750e+01,-2.860083389282226562e+01,-1.297713470458984375e+01,-6.176877021789550781e+00,3.639839649200439453e+00,-4.090104103088378906e+00,-1.967670822143554688e+01,-1.948052215576171875e+01,-2.619699478149414062e+01,-4.264607620239257812e+01,-5.199136352539062500e+01,-5.049463653564453125e+01,-3.135796165466308594e+01,-1.813975143432617188e+01,-2.014502906799316406e+01,-2.067412567138671875e+01,-2.855518722534179688e+01,-2.527116775512695312e+01,-1.927839088439941406e+01,-1.623967170715332031e+01,-1.104142761230468750e+01,-5.356321334838867188e+00,-6.330410003662109375e+00,-8.895796775817871094e+00,-1.449795341491699219e+01,-1.802948760986328125e+01,-2.272049331665039062e+01,-3.063196182250976562e+01,-3.726061248779296875e+01,-4.488204956054687500e+01,-4.927808380126953125e+01,-5.514856719970703125e+01,-5.635446166992187500e+01,-4.783577346801757812e+01,-3.226193618774414062e+01,-9.901558876037597656e+00,6.725019216537475586e-01,5.323300361633300781e+00,7.451239585876464844e+00,1.993576526641845703e+00,-5.662777900695800781e+00,5.151785850524902344e+00,6.491184234619140625e-03,-1.373599243164062500e+01,-3.048646163940429688e+01,-3.377447891235351562e+01,-3.138256645202636719e+01,-4.136833953857421875e+01,-4.535251998901367188e+01,-3.900321960449218750e+01,-2.676244544982910156e+01,-2.122446060180664062e+01,-1.172141075134277344e+01,-2.076375007629394531e+00,5.132628440856933594e+00,5.033947944641113281e+00,5.240596294403076172e+00,9.397912025451660156e+00,1.060073184967041016e+01,1.128757762908935547e+01,7.359739303588867188e+00,3.348290681838989258e+00,-4.455332756042480469e+00,-7.350459098815917969e+00,-2.351974248886108398e-01,-5.528078079223632812e+00,-2.328745651245117188e+01,-2.408864021301269531e+01,-1.184951782226562500e+01,1.902482509613037109e+00,1.705667495727539062e+01,2.986665916442871094e+01,3.258932495117187500e+01,1.409589576721191406e+01,7.531092762947082520e-01,5.922426700592041016e+00,1.431165504455566406e+01,7.549464702606201172e-03,-6.379313468933105469e+00,-3.378290414810180664e+00,-1.156102561950683594e+01,-2.151837539672851562e+01,-2.732834815979003906e+01,-3.518320465087890625e+01,-4.447347640991210938e+01,-4.734826660156250000e+01,-4.089411163330078125e+01,-3.032069396972656250e+01,-1.409659957885742188e+01,-5.450334548950195312e-01,-2.184355974197387695e+00,-1.754664230346679688e+01,-2.410416793823242188e+01,-9.338356018066406250e+00,-3.224850463867187500e+01,-4.993928527832031250e+01,-4.550148010253906250e+01,-3.818200683593750000e+01,-3.068358421325683594e+01,1.495978641510009766e+01,3.916884613037109375e+01,4.224955368041992188e+01,3.533864593505859375e+01,3.313465118408203125e+01,2.630602645874023438e+01,8.343414306640625000e+00,-1.640843391418457031e+01,-2.677033615112304688e+01,-2.324701881408691406e+01,-2.218299102783203125e+01,-1.567936325073242188e+01,1.463227462768554688e+01,2.886631393432617188e+01,3.049691200256347656e+01,2.807264518737792969e+01,2.093974685668945312e+01,2.262995147705078125e+01,3.086997222900390625e+01,3.613050842285156250e+01,3.420401382446289062e+01,2.098843765258789062e+01,1.272560119628906250e+01,8.902490615844726562e+00,1.256769943237304688e+01,2.376791000366210938e+01,2.899447822570800781e+01,2.057171058654785156e+01,1.664145088195800781e+01,9.868714332580566406e+00,9.545127868652343750e+00,1.071525573730468750e+01,1.412635421752929688e+01,6.424559593200683594e+00,9.048974514007568359e-01,-1.083370923995971680e+00,-9.889743804931640625e+00,-1.234855461120605469e+01,-1.764911270141601562e+01,-2.354774475097656250e+01,-2.765790557861328125e+01,-2.939896011352539062e+01,-2.441121673583984375e+01,-2.276132583618164062e+01,-2.290213966369628906e+01,-2.283139610290527344e+01,-1.548744678497314453e+01,-1.270189285278320312e+01,-1.380232238769531250e+01,-7.388511180877685547e+00,-7.609277963638305664e-01,-6.996546745300292969e+00,-1.035790252685546875e+01,5.623650550842285156e+00,1.109709167480468750e+01,1.243045806884765625e+01,2.460265350341796875e+01,2.709294891357421875e+01,4.925907135009765625e+00,-9.557514190673828125e+00,-2.273357391357421875e+01,-1.005969429016113281e+01,-3.413833141326904297e+00,-1.942132949829101562e+00,-4.009254932403564453e+00,-1.509442138671875000e+01,-2.953958129882812500e+01,-4.066983795166015625e+01,-6.211711120605468750e+01,-7.419295501708984375e+01,-5.612402343750000000e+01,-2.092421722412109375e+01,6.682570934295654297e+00,1.667927026748657227e+00,-3.295535087585449219e+00,-1.180360221862792969e+01,-8.412473678588867188e+00,-1.445471191406250000e+01,-3.202013397216796875e+01,-4.260927581787109375e+01,-4.226467895507812500e+01,-3.932510375976562500e+01,-2.923559379577636719e+01,-1.256426811218261719e+01,-2.605639457702636719e+00,-4.085123062133789062e+00,-1.547232627868652344e+01,-3.002632522583007812e+01,-3.343638610839843750e+01,-3.531304168701171875e+01,-3.901954650878906250e+01,-3.900635528564453125e+01,-2.853315353393554688e+01,-4.117528533935546875e+01,-5.250428009033203125e+01,-4.333907699584960938e+01,-2.003848648071289062e+01,-6.149886131286621094e+00,-3.738187551498413086e-01,4.496413707733154297e+00,7.517295479774475098e-01,-6.199303627014160156e+00,-3.012594223022460938e+00,-5.718195915222167969e+00,-1.121564102172851562e+01,-1.069605827331542969e+01,-6.828248977661132812e+00,-2.759138870239257812e+01,-3.214530563354492188e+01,-2.430426025390625000e+01,-1.602709579467773438e+01,-1.407649803161621094e+01,-1.001687240600585938e+01,1.415817070007324219e+01,3.200591278076171875e+01,3.500066375732421875e+01,3.336257934570312500e+01,3.350151824951171875e+01,3.991572570800781250e+01,4.604315948486328125e+01,4.297921752929687500e+01,4.143567276000976562e+01,3.651860809326171875e+01,2.562755393981933594e+01,2.322502708435058594e+01,2.493562316894531250e+01,2.409005355834960938e+01,1.729519844055175781e+01,1.352837371826171875e+01,1.036705017089843750e+01,4.417476177215576172e+00,3.450810909271240234e+00,-4.794960021972656250e-01,8.333467245101928711e-01,-4.309548854827880859e+00,-8.179553031921386719e+00,-1.408740234375000000e+01,-6.836825370788574219e+00,-4.567869663238525391e+00,-5.927038669586181641e+00,-5.234954357147216797e+00,-6.037960052490234375e+00,-2.311549186706542969e+00,5.089827537536621094e+00,6.170227050781250000e+00,4.706473350524902344e+00,2.454511165618896484e+00,6.066084861755371094e+00,7.752211570739746094e+00,1.084862828254699707e+00,-6.692084312438964844e+00,-3.112071990966796875e+01,-4.599554824829101562e+01,-4.457984924316406250e+01,-5.576209259033203125e+01,-5.338339614868164062e+01,-3.803783416748046875e+01,-3.278636169433593750e+01,-3.635865402221679688e+01,-4.332702636718750000e+01,-4.053173446655273438e+01,-2.200681304931640625e+01,-9.816783905029296875e+00,-1.453080558776855469e+01,-1.376804924011230469e+01,-4.923010826110839844e+00,-2.246143579483032227e+00,8.936002731323242188e+00,-7.033045291900634766e+00,-2.786063575744628906e+01,-2.956591987609863281e+01,-2.118597412109375000e+01,-7.552243709564208984e+00,5.356793403625488281e+00,4.778157711029052734e+00,-6.298390388488769531e+00,4.879458427429199219e+00,2.916402435302734375e+01,4.335673522949218750e+01,4.658114624023437500e+01,4.231968688964843750e+01,1.425160026550292969e+01,-1.420691490173339844e+01,-2.709592628479003906e+01,-2.403974914550781250e+01,-1.345207977294921875e+01,-3.749755859375000000e+01,-4.277687072753906250e+01,-3.132003784179687500e+01,-2.263134765625000000e+01,-2.019873428344726562e+01,-1.980432891845703125e+01,-2.051464080810546875e+01,-1.683055496215820312e+01,-8.898643493652343750e+00,2.497273921966552734e+00,1.433344078063964844e+01,1.242397117614746094e+01,-1.285370159149169922e+01,-1.789255523681640625e+01,-1.048966979980468750e+01,6.016781806945800781e+00,7.621597290039062500e+00,-1.190395641326904297e+01,-2.458572769165039062e+01,-2.814008712768554688e+01,-2.292727851867675781e+01,-2.340619277954101562e+01,-2.187215805053710938e+01,-1.064860439300537109e+01,3.802763462066650391e+00,7.639215469360351562e+00,9.507284164428710938e+00,6.043919086456298828e+00,-8.154819488525390625e+00,-1.504903221130371094e+01,-8.082453727722167969e+00,6.105687141418457031e+00,1.094019508361816406e+01,7.997246742248535156e+00,-5.226453304290771484e+00,-1.090767383575439453e+01,-2.699228668212890625e+01,-3.599123764038085938e+01,-3.211339569091796875e+01,-2.054335594177246094e+01,-4.559194564819335938e+00,7.878073215484619141e+00,1.941807937622070312e+01,2.204990005493164062e+01,1.801555252075195312e+01,1.013362216949462891e+01,1.049691772460937500e+01,1.496879291534423828e+01,8.204345703125000000e+00,2.044990539550781250e+00,-1.302621483802795410e+00,-3.444645404815673828e+00,-6.427885055541992188e+00,-1.163793563842773438e+01,-1.538638782501220703e+01,-2.006332015991210938e+01,-1.795557022094726562e+01,-1.340396976470947266e+01,-8.814193725585937500e+00,-4.082290649414062500e+00,-2.839910507202148438e+00,-1.973189115524291992e+00,-4.271116733551025391e+00,1.419260787963867188e+01,5.068128585815429688e+01,4.897053527832031250e+01,3.243450927734375000e+01,2.786183929443359375e+01,2.533510208129882812e+01,1.758120155334472656e+01,-1.159629440307617188e+01,-3.047616577148437500e+01,-4.557009887695312500e+01,-5.720974731445312500e+01,-6.158617782592773438e+01,-5.571030426025390625e+01,-4.783173370361328125e+01,-4.023929977416992188e+01,-2.271492767333984375e+01,-1.164752769470214844e+01,-9.263093948364257812e+00,-1.637945938110351562e+01,-1.500098037719726562e+01,-1.829147338867187500e+01,-1.262316131591796875e+01,-1.709059906005859375e+01,-2.433908081054687500e+01,-3.052922248840332031e+01,-3.815251922607421875e+01,-4.536224365234375000e+01,-4.887213897705078125e+01,-5.908366394042968750e+01,-6.338703155517578125e+01,-5.919971466064453125e+01,-4.600858306884765625e+01,-3.131499862670898438e+01,-1.260285186767578125e+01,-1.026529312133789062e+01,-8.361789703369140625e+00,-1.483692646026611328e+01,-8.673871994018554688e+00,-4.733584403991699219e+00,-1.807632827758789062e+01,-3.578951263427734375e+01,-3.720812606811523438e+01,-4.163418579101562500e+01,-4.682141113281250000e+01,-5.950913619995117188e+01,-7.080769348144531250e+01,-6.063029479980468750e+01,-4.940913391113281250e+01,-4.048457336425781250e+01,-3.697189331054687500e+01,-3.221263122558593750e+01,-2.544877815246582031e+01,-1.197300148010253906e+01,2.537889480590820312e+00,3.694182872772216797e+00,-1.137115097045898438e+01,-2.358795166015625000e+01,-2.292525291442871094e+01,-1.176374244689941406e+01,-3.325600624084472656e+00,-5.460335731506347656e+00,-5.368771076202392578e+00,2.917548418045043945e-01,1.224761605262756348e+00,-2.789435625076293945e+00,6.843698024749755859e-02,-3.673336029052734375e+00,-1.783077239990234375e+01,-2.302095413208007812e+01,-1.986538696289062500e+01,-1.015868377685546875e+01,-6.387965202331542969e+00,-9.615688323974609375e+00,-2.538231658935546875e+01,-3.580046844482421875e+01,-3.262403869628906250e+01,-2.887992477416992188e+01,-1.921469116210937500e+01,-5.747786521911621094e+00,4.643369674682617188e+00,1.406396865844726562e+01,1.540032100677490234e+01,1.919456863403320312e+01,1.135766792297363281e+01,4.064779281616210938e+00,8.443585395812988281e+00,8.569421768188476562e+00,-3.110597133636474609e+00,-1.250571370124816895e+00,-6.860448122024536133e-01,-2.070258140563964844e+01,-3.254840850830078125e+01,-3.662035751342773438e+01,-1.989279747009277344e+01,2.831361770629882812e+00,9.656296730041503906e+00,7.448083162307739258e-01,1.246147453784942627e-01,6.531121253967285156e+00,8.065605163574218750e+00,3.600332641601562500e+01,5.034158706665039062e+01,5.155005645751953125e+01,4.174716949462890625e+01,3.160964965820312500e+01,2.921665573120117188e+01,2.847799873352050781e+01,2.569617271423339844e+01,3.019782638549804688e+01,2.194086837768554688e+01,-8.795059204101562500e+00,-2.814237785339355469e+01,-3.562005996704101562e+01,-2.650029754638671875e+01,-1.217461109161376953e+01,2.720769941806793213e-01,1.005075263977050781e+01,1.129695510864257812e+01,-4.506247997283935547e+00,-2.554539680480957031e+01,-3.075361633300781250e+01,-1.584130954742431641e+01,7.005383491516113281e+00,-3.437870025634765625e+00,-1.501408767700195312e+01,-1.862553024291992188e+01,-2.860711669921875000e+01,-4.337132263183593750e+01,-4.282721710205078125e+01,-4.174440765380859375e+01,-4.012615203857421875e+01,-3.701858520507812500e+01,-3.923931503295898438e+01,-4.726316833496093750e+01,-4.895796203613281250e+01,-5.059409332275390625e+01,-4.448180770874023438e+01,-3.609651947021484375e+01,-2.833285331726074219e+01,-2.875207519531250000e+01,-2.217377090454101562e+01,-1.489896202087402344e+01,-1.130634403228759766e+01,-6.836779594421386719e+00,-6.501071929931640625e+00,-7.935197830200195312e+00,-1.038159751892089844e+01,1.254862546920776367e+00,9.516877174377441406e+00,1.323033142089843750e+01,9.240556716918945312e+00,1.324538946151733398e+00,-1.131716632843017578e+01,-1.961143875122070312e+01,-2.723964500427246094e+01,-2.079305648803710938e+01,-5.034776687622070312e+00,7.790595054626464844e+00,2.234678745269775391e+00,-1.901169204711914062e+01,-5.641741752624511719e+00,1.269955635070800781e+00,-1.280512428283691406e+01,-7.498615264892578125e+00,4.068284988403320312e+00,1.641688537597656250e+01,1.526873874664306641e+01,1.512672805786132812e+01,1.135126113891601562e+01,2.989056110382080078e+00,-6.901278495788574219e+00,-1.931725692749023438e+01,-1.914223861694335938e+01,-1.799668884277343750e+01,-1.074485969543457031e+01,6.469367027282714844e+00,2.901344680786132812e+01,4.786463928222656250e+01,5.023241043090820312e+01,3.454450225830078125e+01,2.562126922607421875e+01,2.703444671630859375e+01,2.495336532592773438e+01,2.203249740600585938e+01,1.995525360107421875e+01,1.758751869201660156e+01,-7.042182087898254395e-01,-8.428136825561523438e+00,1.032590675354003906e+01,1.640477561950683594e+01,1.294119071960449219e+01,1.102901554107666016e+01,1.439534378051757812e+01,1.798635101318359375e+01,1.272813224792480469e+01,1.028053951263427734e+01,7.461067199707031250e+00,1.707930207252502441e+00,2.437782049179077148e+00,8.989484786987304688e+00,9.594642639160156250e+00,2.525223016738891602e+00,1.660141944885253906e+00,-9.143758773803710938e+00,-2.394645881652832031e+01,-3.150583267211914062e+01,-4.154943084716796875e+01,-6.749470520019531250e+01,-7.736790466308593750e+01,-7.500223541259765625e+01,-5.677734375000000000e+01,-2.873667907714843750e+01,-1.975069046020507812e+01,-2.352498245239257812e+01,-4.470904541015625000e+01,-5.640577316284179688e+01,-5.537605285644531250e+01,-4.582937622070312500e+01,-3.409985351562500000e+01,-2.312156867980957031e+01,-2.086516857147216797e+00,2.139747619628906250e+01,3.446837615966796875e+01,3.093478775024414062e+01,2.109845924377441406e+01,2.057116699218750000e+01,1.924271392822265625e+01,2.200904846191406250e+01,1.574688339233398438e+01,-1.453455162048339844e+01,-2.424112319946289062e+01,-2.322091484069824219e+01,-2.598858261108398438e+01,-3.472750091552734375e+01,-3.184360313415527344e+01,-9.073900222778320312e+00,1.370321846008300781e+01,1.640450477600097656e+01,9.536863327026367188e+00,2.974776268005371094e+00,1.764211273193359375e+01,3.785929870605468750e+01,4.813060379028320312e+01,4.691062164306640625e+01,4.614418792724609375e+01,3.533697128295898438e+01,2.491060733795166016e+00,-2.287546920776367188e+01,-3.653566360473632812e+01,-3.533802795410156250e+01,-3.277851867675781250e+01,-4.081625366210937500e+01,-4.444838333129882812e+01,-3.644607925415039062e+01,-2.720088005065917969e+01,-1.834985923767089844e+01,-1.727675056457519531e+01,-2.027008819580078125e+01,-1.502803802490234375e+01,-7.215010166168212891e+00,5.191653251647949219e+00,1.281093406677246094e+01,1.936838531494140625e+01,7.408366203308105469e+00,-1.375788688659667969e+01,-1.931078147888183594e+01,-2.264040374755859375e+01,-2.910262680053710938e+01,-2.650205230712890625e+01,-1.792916679382324219e+01,-1.433097648620605469e+01,-1.487778949737548828e+01,-1.711514854431152344e+01,-1.660177421569824219e+01,-3.260890579223632812e+01,-4.007840728759765625e+01,-4.585713958740234375e+01,-4.626655578613281250e+01,-3.162823104858398438e+01,-1.186654090881347656e+01,-6.948062896728515625e+00,1.804856777191162109e+00,6.134172439575195312e+00,6.066226959228515625e+00,8.971420288085937500e+00,-3.300357341766357422e+00,-7.200480461120605469e+00,-1.618529129028320312e+01,-1.533041477203369141e+01,2.938905477523803711e+00,1.709074783325195312e+01,1.455406379699707031e+01,5.767629623413085938e+00,-5.130406379699707031e+00,-1.802082633972167969e+01,-3.584010314941406250e+01,-3.586424255371093750e+01,-1.762764739990234375e+01,-8.297348976135253906e+00,-1.169705390930175781e+01,-4.709028244018554688e+00,-2.844256782531738281e+01,-3.511426544189453125e+01,-3.073823928833007812e+01,-7.741007328033447266e+00,1.201152205467224121e+00,-6.939244270324707031e+00,-3.554907083511352539e+00,1.033858108520507812e+01,1.436773395538330078e+01,1.317630672454833984e+01,-4.370018959045410156e+00,-1.401779460906982422e+01,-2.132230377197265625e+01,-2.114178848266601562e+01,-2.081155204772949219e+01,-2.382700347900390625e+01,-2.954441261291503906e+01,-3.295315551757812500e+01,-3.219754791259765625e+01,-2.075781440734863281e+01,-5.337832927703857422e+00,-6.858938217163085938e+00,-1.703527450561523438e+01,-1.873978614807128906e+01,-2.991822242736816406e+00,-1.523910331726074219e+01,-2.264374923706054688e+01,-3.311101913452148438e+01,-2.944230270385742188e+01,-2.190535736083984375e+01,-2.516309738159179688e+01,-3.495690536499023438e+01,-3.201882553100585938e+01,-1.782984733581542969e+01,-1.114956092834472656e+01,-9.214738845825195312e+00,5.270663738250732422e+00,2.104171752929687500e+01,4.057828903198242188e+01,4.494748306274414062e+01,3.284300613403320312e+01,2.709726333618164062e+01,2.750999069213867188e+01,3.222882843017578125e+01,4.350003814697265625e+01,2.090300178527832031e+01,-1.428095817565917969e+01,-4.876865386962890625e+01,-5.907303237915039062e+01,-5.656497955322265625e+01,-5.317591857910156250e+01,-4.626393127441406250e+01,-2.836216735839843750e+01,-1.134265995025634766e+01,-1.992181396484375000e+01,-4.508644866943359375e+01,-6.062728118896484375e+01,-6.298138046264648438e+01,-5.748931884765625000e+01,-5.093472290039062500e+01,-5.156808090209960938e+01,-4.010545349121093750e+01,-2.180786132812500000e+01,-1.334120368957519531e+01,1.048729062080383301e+00,1.131542015075683594e+01,1.372350788116455078e+01,1.740307617187500000e+01,2.737377548217773438e+01,1.128577041625976562e+01,-9.445309638977050781e-02,2.185730934143066406e+00,8.271647453308105469e+00,8.471841812133789062e+00,8.919213294982910156e+00,1.200779056549072266e+01,1.352672767639160156e+01,7.835039138793945312e+00,-1.048860931396484375e+01,-3.300440216064453125e+01,-3.275280761718750000e+01,-3.351387405395507812e+01,-3.609117889404296875e+01,-3.766113662719726562e+01,-4.763760375976562500e+01,-5.114937591552734375e+01,-5.000771331787109375e+01,-4.538294219970703125e+01,-4.258362579345703125e+01,-3.612395477294921875e+01,-2.544459915161132812e+01,-1.393391418457031250e+01,-1.092990112304687500e+01,-8.555603981018066406e+00,1.550079345703125000e+00,7.441751480102539062e+00,-5.780438423156738281e+00,-2.334822463989257812e+01,-2.518422317504882812e+01,-3.512432861328125000e+01,-3.623241043090820312e+01,-3.727393722534179688e+01,-3.826466369628906250e+01,-2.715643501281738281e+01,-2.898068428039550781e+00,4.687040805816650391e+00,3.440562009811401367e+00,-1.110356140136718750e+01,-1.381866836547851562e+01,-1.893460035324096680e+00,4.942271232604980469e+00,9.771825790405273438e+00,1.039749431610107422e+01,1.151606941223144531e+01,6.832183837890625000e+00,-5.655684471130371094e+00,-5.532816886901855469e+00,1.843313694000244141e+00,3.470415115356445312e+00,1.555182933807373047e+00,-4.897471904754638672e+00,-1.144193649291992188e+01,-8.329187393188476562e+00,-5.622971057891845703e-01,-5.589669227600097656e+00,-8.663541793823242188e+00,-1.778965759277343750e+01,-1.704077339172363281e+01,-1.106770133972167969e+01,-1.773353958129882812e+01,-2.734834671020507812e+01,-3.147988510131835938e+01,-3.559752655029296875e+01,-3.892509841918945312e+01,-4.112327575683593750e+01,-4.269109725952148438e+01,-3.550547409057617188e+01,-2.474651718139648438e+01,-1.940633583068847656e+01,-1.279489040374755859e+01,-9.854158401489257812e+00,3.028908538818359375e+01,5.346958923339843750e+01,3.224713516235351562e+01,-1.038333892822265625e+01,-3.401735687255859375e+01,-3.608442687988281250e+01,-5.046571350097656250e+01,-5.778549194335937500e+01,-4.532350158691406250e+01,-2.712255287170410156e+01,-1.570260143280029297e+01,4.567552566528320312e+00,2.854290771484375000e+01,3.468914794921875000e+01,3.506893157958984375e+01,3.781707000732421875e+01,3.953635787963867188e+01,4.103567504882812500e+01,2.238584518432617188e+01,6.327676773071289062e-01,-4.382542610168457031e+00,1.494422197341918945e+00,2.203089141845703125e+01,3.673583984375000000e+01,3.132251739501953125e+01,1.170453453063964844e+01,1.648614287376403809e+00,4.195785522460937500e-02,-6.706530570983886719e+00,-1.974905014038085938e+01,-3.045655441284179688e+01,-2.797474861145019531e+01,-1.873949241638183594e+01,-3.889937400817871094e+00,1.135978031158447266e+01,1.768402862548828125e+01,1.727714920043945312e+01,7.974176406860351562e+00,6.843656539916992188e+00,1.267647933959960938e+01,1.794894409179687500e+01,9.069221496582031250e+00,-6.113970279693603516e+00,-1.098079681396484375e+01,-2.103672027587890625e+01,-3.639401245117187500e+01,-4.560874176025390625e+01,-5.557719421386718750e+01,-6.509684753417968750e+01,-5.931259918212890625e+01,-3.819815063476562500e+01,-2.256893157958984375e+01,-1.475068855285644531e+01,-1.122244167327880859e+01,-1.514834213256835938e+01,-6.138113975524902344e+00,3.290439128875732422e+00,-3.293241977691650391e+00,-2.476016616821289062e+01,-3.229303741455078125e+01,-2.349173355102539062e+01,-8.856233596801757812e+00,1.153812026977539062e+01,1.000772857666015625e+01,-1.993979072570800781e+01,-1.691840934753417969e+01,-9.134634017944335938e+00,-1.880330085754394531e+01,-2.695777130126953125e+01,-3.472304534912109375e+01,-3.943967437744140625e+01,-4.092466354370117188e+01,-5.684656524658203125e+01,-5.490052795410156250e+01,-5.724048614501953125e+01,-5.073199081420898438e+01,-2.717811775207519531e+01,-1.725028610229492188e+01,-1.351382827758789062e+01,-3.484881222248077393e-01,9.709325790405273438e+00,4.552848339080810547e+00,1.369045734405517578e+01,4.881864070892333984e+00,-2.569420814514160156e+01,-4.780216979980468750e+01,-5.504026031494140625e+01,-4.711495208740234375e+01,-3.125345993041992188e+01,-1.617364883422851562e+01,-4.655844688415527344e+00,7.323359489440917969e+00,1.963050079345703125e+01,2.101386260986328125e+01,1.139961624145507812e+01,1.033864498138427734e+01,1.603744125366210938e+01,9.717617034912109375e+00,1.086856937408447266e+01,3.401814460754394531e+00,-1.178002738952636719e+01,-1.628833961486816406e+01,-9.610704421997070312e+00,-6.716277599334716797e-01,-9.874427795410156250e+00,-1.487151145935058594e+01,-2.563909292221069336e+00,-8.146413564682006836e-01,-1.045680046081542969e+01,1.954377651214599609e+00,1.523887443542480469e+01,1.246746826171875000e+01,-1.086682319641113281e+00,-3.478357553482055664e+00,-6.678440093994140625e+00,-1.646347427368164062e+01,-9.563531875610351562e+00,-1.495981407165527344e+01,-1.323681259155273438e+01,-1.750421524047851562e-01,8.735480308532714844e+00,7.419523239135742188e+00,-9.375838041305541992e-01,-2.561602020263671875e+01,-4.839053344726562500e+01,-5.444894409179687500e+01,-4.511264038085937500e+01,-2.515653038024902344e+01,-2.606203842163085938e+01,-4.300036239624023438e+01,-4.681256866455078125e+01,-3.971282958984375000e+01,-3.563766479492187500e+01,-2.331236267089843750e+01,5.617572784423828125e+00,3.030739212036132812e+01,3.663259887695312500e+01,4.210688018798828125e+01,4.042578125000000000e+01,3.639073181152343750e+01,2.991944885253906250e+01,2.522090339660644531e+01,2.260200500488281250e+01,2.420876312255859375e+01,2.305043411254882812e+01,2.101058006286621094e+01,1.830967521667480469e+01,9.264448165893554688e+00,-3.174457073211669922e+00,-2.139570999145507812e+01,-2.476741409301757812e+01,-2.899948310852050781e+01,-3.551866149902343750e+01,-4.314682388305664062e+01,-4.201541137695312500e+01,-3.566300964355468750e+01,-2.982337570190429688e+01,-1.658510017395019531e+01,-7.188833236694335938e+00,-2.744758605957031250e+00,8.825774192810058594e-01,6.248480319976806641e+00,-3.080677747726440430e+00,-2.353809356689453125e+01,-3.064492034912109375e+01,-4.164080429077148438e+01,-4.912709426879882812e+01,-5.033285522460937500e+01,-3.849642944335937500e+01,-2.048396873474121094e+01,-1.452634429931640625e+01,-1.025959777832031250e+01,-2.450498819351196289e+00,7.846039772033691406e+00,7.871747016906738281e+00,8.595355987548828125e+00,1.241551303863525391e+01,4.308596134185791016e+00,3.156217098236083984e+00,4.194734096527099609e+00,-7.935593605041503906e+00,-2.262870407104492188e+01,-4.772088623046875000e+01,-5.454556274414062500e+01,-5.290667724609375000e+01,-4.530592727661132812e+01,-4.504084777832031250e+01,-4.062958908081054688e+01,-3.168395614624023438e+01,-2.581690597534179688e+01,-1.938879394531250000e+01,-2.777207374572753906e+00,6.064554214477539062e+00,6.273504257202148438e+00,-2.412546920776367188e+01,-2.805958938598632812e+01,-1.231636333465576172e+01,-3.111346244812011719e+00,-2.214356184005737305e+00,3.439500331878662109e+00,1.405108642578125000e+01,8.113359451293945312e+00,3.902882099151611328e+00,-5.165203571319580078e+00,-5.759721755981445312e+00,-1.237900924682617188e+01,-3.601066589355468750e+01,-4.819510650634765625e+01,-4.832351684570312500e+01,-4.218976974487304688e+01,-3.023373031616210938e+01,-1.094624233245849609e+01,8.406105995178222656e+00,3.764408111572265625e+00,1.177839159965515137e+00,8.297817230224609375e+00,3.012946319580078125e+01,4.881262969970703125e+01,4.572581481933593750e+01,4.041855621337890625e+01,3.540142822265625000e+01,1.737590408325195312e+01,4.513021469116210938e+00,6.538784503936767578e+00,2.368799972534179688e+01,2.955966567993164062e+01,9.493817329406738281e+00,4.371232986450195312e+00,-6.982169151306152344e+00,-2.113687705993652344e+01,-2.975605010986328125e+01,-3.242830657958984375e+01,-2.825960159301757812e+01,-3.919001770019531250e+01,-4.860739898681640625e+01,-4.903018951416015625e+01,-5.282397842407226562e+01,-5.356454467773437500e+01,-4.633390808105468750e+01,-3.056825637817382812e+01,-1.688672637939453125e+01,-2.260467529296875000e+01,-3.025686264038085938e+01,-3.846545028686523438e+01,-4.978514099121093750e+01,-4.420559310913085938e+01,-2.126013565063476562e+01,-1.084877777099609375e+01,-2.199509811401367188e+01,-1.751727294921875000e+01,-3.087949275970458984e+00,-5.404613494873046875e+00,-8.545369148254394531e+00,-1.526082611083984375e+01,-2.953069305419921875e+01,-4.575384140014648438e+01,-6.174923706054687500e+01,-6.649926757812500000e+01,-5.834629058837890625e+01,-4.117555236816406250e+01,-3.583593750000000000e+01,-4.247350311279296875e+01,-4.891296005249023438e+01,-4.207276916503906250e+01,-1.658430480957031250e+01,-2.324744033813476562e+01,-3.307337951660156250e+01,-3.683140563964843750e+01,-3.347360992431640625e+01,-3.776206207275390625e+01,-3.886716461181640625e+01,-3.131641769409179688e+01,-2.440850830078125000e+01,-1.419047546386718750e+01,8.038451075553894043e-01,3.969103336334228516e+00,2.853054046630859375e+00,9.546011924743652344e+00,-1.162125396728515625e+01,-3.298747253417968750e+01,-4.368731307983398438e+01,-5.062799072265625000e+01,-5.077590942382812500e+01,-4.645801544189453125e+01,-3.398843383789062500e+01,-1.296976089477539062e+01,2.406652450561523438e+00,9.703666687011718750e+00,8.304973602294921875e+00,1.268866157531738281e+01,2.159519577026367188e+01,2.703551101684570312e+01,3.520988464355468750e+01,4.352583694458007812e+01,4.628054046630859375e+01,4.427449417114257812e+01,4.345333099365234375e+01,3.585053253173828125e+01,3.509268569946289062e+01,2.907414245605468750e+01,3.086598587036132812e+01,2.547058486938476562e+01,2.066366958618164062e+01,1.545282649993896484e+01,1.283656311035156250e+01,1.094665718078613281e+01,1.319125747680664062e+01,6.727887153625488281e+00,-2.519437789916992188e+00,-1.486019611358642578e+00,-2.639528512954711914e+00,-6.232446670532226562e+00,-4.478697299957275391e+00,7.668640613555908203e-01,2.699136018753051758e+00,-4.374537467956542969e+00,-1.136516952514648438e+01,-1.538260459899902344e+01,-1.337965393066406250e+01,-1.321284675598144531e+01,-9.004306793212890625e+00,-5.850753784179687500e+00,-2.589767456054687500e+00,3.570587635040283203e+00,1.283260440826416016e+01,1.533573722839355469e+01,1.381945037841796875e+01,-2.773535919189453125e+01,-3.137134742736816406e+01,-2.383424949645996094e+01,-2.598225975036621094e+01,-3.384315109252929688e+01,-3.330208587646484375e+01,-2.904725646972656250e+01,-1.815577697753906250e+01,-2.195333480834960938e+01,-2.639220619201660156e+01,-2.281174659729003906e+01,-1.980632781982421875e+01,-1.906806564331054688e+01,-1.734752655029296875e+01,-1.905198669433593750e+01,-2.639744567871093750e+01,-2.261552047729492188e+01,-2.629583930969238281e+01,-3.503288269042968750e+01,-3.072928237915039062e+01,-2.850727844238281250e+01,-2.963713073730468750e+01,-2.851214218139648438e+01,-2.582383346557617188e+01,-2.509462928771972656e+01,-1.959263801574707031e+01,-2.060589599609375000e+01,-2.952793502807617188e+01,-4.221779632568359375e+01,-4.788967132568359375e+01,-4.282917022705078125e+01,-1.929714393615722656e+01,1.197690391540527344e+01,1.372747993469238281e+01,-5.125384807586669922e+00,-1.873847007751464844e+01,-2.391768264770507812e+01,-2.678243255615234375e+01,-1.946487426757812500e+01,6.836689710617065430e-01,4.713024139404296875e+00,4.248291969299316406e+00,9.557318687438964844e+00,1.269304656982421875e+01,1.030876922607421875e+01,1.757159829139709473e+00,-6.465014934539794922e+00,-1.275056171417236328e+01,-6.819975376129150391e+00,1.382042884826660156e+00,-4.425389289855957031e+00,-1.125828933715820312e+01,-2.229637908935546875e+01,-2.553950500488281250e+01,-2.452574348449707031e+01,-2.256792068481445312e+01,-1.426361083984375000e+01,-4.755703449249267578e+00,-6.081685066223144531e+00,-1.608223724365234375e+01,-2.650022888183593750e+01,-2.668690299987792969e+01,-2.269496917724609375e+01,-1.978204917907714844e+01,-2.104844284057617188e+01,-2.448157882690429688e+01,-3.223216247558593750e+01,-5.130709075927734375e+01,-6.352371978759765625e+01,-7.723185729980468750e+01,-7.636810302734375000e+01,-5.885332489013671875e+01,-3.706057357788085938e+01,-2.109006881713867188e+01,-2.010965728759765625e+01,-1.735182189941406250e+01,-1.292513370513916016e+01,-1.467256546020507812e+01,-6.373764038085937500e+00,-4.030280113220214844e+00,-5.828421592712402344e+00,-5.793239593505859375e+00,-6.011870384216308594e+00,-5.762608528137207031e+00,-1.929817914962768555e+00,-2.103717327117919922e+00,-1.550301551818847656e+01,-5.886645126342773438e+01,-6.683173370361328125e+01,-5.090739822387695312e+01,-4.143397140502929688e+01,-4.119427490234375000e+01,-5.696203613281250000e+01,-6.886605834960937500e+01,-5.350379943847656250e+01,-3.497938537597656250e+01,-3.642247772216796875e+01,-4.098516082763671875e+01,-3.462349319458007812e+01,-2.509234237670898438e+01,-3.153567504882812500e+01,-2.791725921630859375e+01,-2.187940979003906250e+01,-2.957161331176757812e+01,-6.006224822998046875e+01,-7.179648590087890625e+01,-6.908390045166015625e+01,-7.381749725341796875e+01,-7.099638366699218750e+01,-5.407496261596679688e+01,-4.575457000732421875e+01,-3.526642608642578125e+01,-2.990859794616699219e+01,-3.606306457519531250e+01,-3.149033546447753906e+01,-1.884129714965820312e+01,-4.918834686279296875e+00,-2.075682401657104492e+00,-1.046384811401367188e+01,-4.338084030151367188e+01,-4.843112945556640625e+01,-1.678497886657714844e+01,-8.484733581542968750e+00,-4.397158145904541016e+00,-4.398838043212890625e+00,-3.626080513000488281e+00,-1.884280920028686523e+00,-2.507399082183837891e+00,-1.934880614280700684e+00,1.018349075317382812e+01,2.158345222473144531e+00,8.317757606506347656e+00,8.495475769042968750e+00,3.050551652908325195e+00,-7.162208557128906250e+00,-8.149410247802734375e+00,-8.473244667053222656e+00,-1.149130538105964661e-01,8.493879318237304688e+00,1.117149257659912109e+01,1.437210941314697266e+01,1.341010665893554688e+01,8.712865829467773438e+00,2.585171699523925781e+00,-4.585634231567382812e+00,-8.727802276611328125e+00,-1.859868240356445312e+01,-2.217254257202148438e+01,-1.892722129821777344e+01,-9.339799880981445312e+00,-5.426229476928710938e+00,-1.652713537216186523e+00,2.593340158462524414e+00,-1.051662254333496094e+01,-2.313501930236816406e+01,-2.333152770996093750e+01,-1.764424705505371094e+01,-1.274121665954589844e+01,-1.713767242431640625e+01,-2.304978179931640625e+01,-3.103435325622558594e+01,-3.604469299316406250e+01,-3.771353912353515625e+01,-3.994653320312500000e+01,-3.708214187622070312e+01,-2.889634704589843750e+01,-1.863723945617675781e+01,-6.243748664855957031e+00,-6.847426891326904297e+00,1.296161174774169922e+01,2.785078430175781250e+01,1.323103713989257812e+01,-2.516458988189697266e+00,-1.951492691040039062e+01,-3.735461425781250000e+01,-3.819751739501953125e+01,-3.224694061279296875e+01,-1.594740962982177734e+01,-4.950434207916259766e+00,5.284829735755920410e-01,-2.053170585632324219e+01,-2.931397628784179688e+01,-2.611742210388183594e+01,-1.372417640686035156e+01,-7.430926561355590820e-01,8.259624242782592773e-01,-1.075220012664794922e+01,-3.084048461914062500e+01,-4.410342025756835938e+01,-4.879302978515625000e+01,-4.591801452636718750e+01,-3.446072387695312500e+01,-2.100023269653320312e+01,-2.359558105468750000e+01,-2.924888610839843750e+01,-2.411987686157226562e+01,-1.077145099639892578e+01,-5.833666324615478516e+00,-5.355608463287353516e+00,-8.130423545837402344e+00,-1.652993202209472656e+01,-2.519805717468261719e+01,-3.576232147216796875e+01,-4.730636596679687500e+01,-5.469954681396484375e+01,-6.379681015014648438e+01,-6.367385864257812500e+01,-4.759217071533203125e+01,-2.941533279418945312e+01,-1.869585800170898438e+01,-1.655341529846191406e+01,-1.627413749694824219e+01,-1.296387863159179688e+01,-1.304419136047363281e+01,-1.525549888610839844e+01,-9.522546768188476562e+00,9.653644561767578125e+00,9.766220092773437500e+00,-6.477867364883422852e-01,-1.748992919921875000e+01,-3.352521896362304688e+01,-3.940301895141601562e+01,-3.077299308776855469e+01,-2.838195037841796875e+01,-1.860903930664062500e+01,-2.227573013305664062e+01,-3.540607452392578125e+01,-2.983027267456054688e+01,-2.503395462036132812e+01,-2.422938919067382812e+01,-8.701126098632812500e+00,7.892602920532226562e+00,5.270981192588806152e-01,-9.576889038085937500e+00,6.818251609802246094e+00,2.879041671752929688e+00,-4.539613723754882812e+00,-1.076782989501953125e+01,-1.096881484985351562e+01,-8.246742248535156250e+00,2.947126150131225586e+00,2.880953788757324219e+00,-1.366618728637695312e+01,-1.607093238830566406e+01,-1.497548961639404297e+01,-1.804136085510253906e+01,-2.324676895141601562e+01,-1.739981651306152344e+01,-3.759131431579589844e+00,1.492137074470520020e+00,-3.480252742767333984e+00,-1.211424064636230469e+01,-9.343896865844726562e+00,-5.012066364288330078e+00,-7.175560951232910156e+00,-1.420473861694335938e+01,-9.356161117553710938e+00,-4.373657226562500000e+00,-1.567359566688537598e+00,4.310804843902587891e+00,-1.615368604660034180e+00,-8.849911689758300781e+00,-8.509801864624023438e+00,-6.121821403503417969e+00,-9.148567199707031250e+00,-1.217815971374511719e+01,-1.317211914062500000e+01,-1.247879219055175781e+01,-1.848863220214843750e+01,-1.990080261230468750e+01,-1.795630264282226562e+01,-1.427583694458007812e+01,-1.544333839416503906e+01,-1.785285949707031250e+01,-1.948757171630859375e+01,-1.965541076660156250e+01,-1.780657577514648438e+01,-1.530964469909667969e+01,-1.230984687805175781e+01,-1.522536468505859375e+01,-1.093307304382324219e+01,-8.651605606079101562e+00,-8.379155158996582031e+00,-1.761144876480102539e+00,-6.428030014038085938e+00,-3.270819854736328125e+01,-4.182776641845703125e+01,-4.863453292846679688e+01,-4.444389343261718750e+01,-3.587974929809570312e+01,-1.173299980163574219e+01,-8.612272262573242188e+00,-1.679229354858398438e+01,-1.590719223022460938e+01,-1.346379089355468750e+01,-1.961031532287597656e+01,-1.659897994995117188e+01,-5.397678375244140625e+00,6.154344558715820312e+00,3.141171455383300781e+00,2.391453266143798828e+00,-1.980909347534179688e+01,-3.426489639282226562e+01,-3.851977539062500000e+01,-3.212202835083007812e+01,-2.968690681457519531e+01,-3.145492553710937500e+01,-2.057260894775390625e+01,-3.351079463958740234e+00,7.393404006958007812e+00,3.587105751037597656e+00,-9.908697128295898438e+00,-1.686501312255859375e+01,-5.702755928039550781e+00,1.505381011962890625e+01,2.355727005004882812e+01,2.204717254638671875e+01,2.358525848388671875e+01,-1.046341800689697266e+01,-2.110226440429687500e+01,-1.217735099792480469e+01,1.707274913787841797e+00,-3.743545293807983398e+00,-1.189059615135192871e+00,-4.717056274414062500e+00,-5.937201499938964844e+00,1.031464099884033203e+00,-7.459789276123046875e+00,-1.446242141723632812e+01,-1.442532634735107422e+01,-1.721470642089843750e+01,-1.849161529541015625e+01,-7.440464973449707031e+00,-2.267606496810913086e+00,-2.186803102493286133e+00,3.494280338287353516e+00,4.534999847412109375e+00,1.149920845031738281e+01,1.380378913879394531e+01,8.518730163574218750e+00,5.832391738891601562e+00,9.149499893188476562e+00,9.553850173950195312e+00,1.175226974487304688e+01,2.755157089233398438e+01,3.235581207275390625e+01,3.115851593017578125e+01,9.393001556396484375e+00,-1.833933067321777344e+01,-2.052507019042968750e+01,-8.557937622070312500e+00,-8.740788698196411133e-01,7.583456039428710938e+00,2.669399261474609375e+01,3.806506347656250000e+01,3.995117950439453125e+01,3.819158172607421875e+01,2.839793777465820312e+01,3.491982269287109375e+01,1.983824157714843750e+01,-9.231687545776367188e+00,-1.611237335205078125e+01,-9.886674880981445312e+00,1.913173484802246094e+01,3.928461456298828125e+01,-4.946929454803466797e+00,-1.922572326660156250e+01,-2.021005630493164062e+01,3.899489641189575195e-01,1.685419082641601562e+01,1.185042190551757812e+01,-4.409996032714843750e+00,-2.853125572204589844e+00,8.759024620056152344e+00,1.301139450073242188e+01,2.270380020141601562e+01,3.156314086914062500e+01,4.202855682373046875e+01,3.174578094482421875e+01,3.266775131225585938e+01,3.801704406738281250e+01,-3.884101867675781250e+00,-3.094950866699218750e+01,-4.335457992553710938e+01,-4.266205596923828125e+01,-3.636637496948242188e+01,-2.355841827392578125e+01,-2.923790693283081055e+00,1.243080902099609375e+01,1.442806625366210938e+01,6.839659690856933594e+00,9.478917121887207031e+00,8.104675292968750000e+00,-3.978957653045654297e+00,-1.177351188659667969e+01,-1.170290565490722656e+01,-1.481735992431640625e+01,-1.746565246582031250e+01,-1.995228576660156250e+01,-2.109006881713867188e+01,-2.264925765991210938e+01,-3.063427543640136719e+01,-3.466674041748046875e+01,-3.191154479980468750e+01,-2.883294486999511719e+01,-2.777475738525390625e+01,-2.208946037292480469e+01,-1.222171783447265625e+01,-5.654846191406250000e+00,-1.656028747558593750e+01,-1.947702407836914062e+01,-2.427553176879882812e+01,-1.933504486083984375e+01,-4.168348908424377441e-01,2.377464675903320312e+01,1.848735046386718750e+01,6.731339693069458008e-01,-1.421047782897949219e+01,-1.770385742187500000e+01,-3.346476364135742188e+01,-4.695639038085937500e+01,-5.114220046997070312e+01,-5.033282470703125000e+01,-4.449880981445312500e+01,-2.430948257446289062e+01,-2.069058418273925781e+01,-2.726918411254882812e+01,-2.161010360717773438e+01,-1.449148178100585938e+01,-3.197868347167968750e+00,9.976846694946289062e+00,3.064785718917846680e+00,-3.926586627960205078e+00,5.532390594482421875e+00,-6.505353927612304688e+00,-2.652019309997558594e+01,-3.689153289794921875e+01,-3.885414123535156250e+01,-3.389033889770507812e+01,-2.644810867309570312e+01,-1.515525245666503906e+01,-2.282251119613647461e+00,4.463776051998138428e-01,2.881773710250854492e+00,1.000995159149169922e+01,1.614677810668945312e+01,-2.669101715087890625e+00,-2.006666946411132812e+01,-2.253622055053710938e+01,-2.400405502319335938e+01,-3.787313842773437500e+01,-4.994683074951171875e+01,-4.618224716186523438e+01,-2.989777565002441406e+01,-2.444802474975585938e+01,-4.014751434326171875e+01,-4.567108154296875000e+01,-3.415392684936523438e+01,-1.743634033203125000e+01,-1.322818517684936523e+00,-5.537734985351562500e+00,1.112695312500000000e+01,2.575981521606445312e+01,3.618030166625976562e+01,3.313698959350585938e+01,9.997440338134765625e+00,-5.829407691955566406e+00,-2.548354339599609375e+01,-3.892346191406250000e+01,-2.534337234497070312e+01,1.148742485046386719e+01,2.245457839965820312e+01,3.517958450317382812e+01,3.782164764404296875e+01,3.383111190795898438e+01,2.784154510498046875e+01,1.701548767089843750e+01,2.384091854095458984e+00,-9.883188247680664062e+00,-4.323213577270507812e+00,4.909780502319335938e+00,1.813971328735351562e+01,2.245500183105468750e+01,2.588174247741699219e+01,2.329645919799804688e+01,2.360664176940917969e+01,-1.711169433593750000e+01,-2.330904388427734375e+01,-1.172775268554687500e+01,-3.718703746795654297e+00,-2.424736499786376953e+00,2.640418052673339844e+00,1.153025054931640625e+01,1.311422157287597656e+01,9.241804122924804688e+00,3.709133386611938477e+00,2.302310705184936523e+00,3.362653017044067383e+00,2.513683557510375977e+00,4.231984138488769531e+00,4.097267627716064453e+00,4.202397465705871582e-01,-3.383455753326416016e+00,-2.680577468872070312e+01,-3.715141677856445312e+01,-2.843477249145507812e+01,4.540956115722656250e+01,4.044939422607421875e+01,2.176198196411132812e+01,9.651845932006835938e+00,5.512855529785156250e+00,1.300367641448974609e+01,2.367038536071777344e+01,-2.480674982070922852e+00,-2.242313003540039062e+01,-2.643262863159179688e+01,-9.816232681274414062e+00,-4.709885120391845703e+00,-1.154788017272949219e+00,-1.402144432067871094e-01,-1.596411228179931641e+01,-2.907579421997070312e+01,-4.085345458984375000e+01,-4.931107711791992188e+01,-4.579999542236328125e+01,-4.406977081298828125e+01,-4.976421356201171875e+01,-3.744210815429687500e+01,2.105693817138671875e+00,2.380685043334960938e+01,1.761796760559082031e+01,1.820567321777343750e+01,1.757326889038085938e+01,2.764616394042968750e+01,2.852481842041015625e+01,1.784381484985351562e+01,2.594957351684570312e+01,5.305822372436523438e+01,5.284651184082031250e+01,3.988323211669921875e+01,2.976500701904296875e+01,2.358815383911132812e+01,1.906069564819335938e+01,2.529832649230957031e+01,3.386842346191406250e+01,3.972572708129882812e+01,1.964844131469726562e+01,-2.186772918701171875e+01,-3.993826293945312500e+01,-3.530445861816406250e+01,-3.502775573730468750e+01,-4.180655288696289062e+01,-3.760621643066406250e+01,-2.522334289550781250e+01,-2.572532653808593750e+00,1.420180130004882812e+01,9.932299613952636719e+00,-1.320684814453125000e+01,-1.862630844116210938e+01,-1.422070217132568359e+01,-3.368259429931640625e+00,1.094086837768554688e+01,3.606312513351440430e+00,2.347034215927124023e-02,4.434428215026855469e+00,8.063860893249511719e+00,1.139701652526855469e+01,7.100750446319580078e+00,-1.267518877983093262e+00,-1.140995860099792480e+00,8.994623184204101562e+00,1.555486869812011719e+01,2.095542907714843750e+01,1.793225860595703125e+01,1.359031867980957031e+01,1.214582633972167969e+01,6.586672306060791016e+00,-4.500802993774414062e+00,-1.926754379272460938e+01,-3.612769317626953125e+01,-3.837748718261718750e+01,-3.791639709472656250e+01,-3.902883148193359375e+01,-3.958817291259765625e+01,-3.671748352050781250e+01,-3.329312133789062500e+01,-3.002449035644531250e+01,-2.665172958374023438e+01,-2.772950744628906250e+01,-3.302178955078125000e+01,-2.816004180908203125e+01,-1.192553710937500000e+01,-7.183020591735839844e+00,-4.688329696655273438e+01,-5.713358306884765625e+01,-6.238587570190429688e+01,-6.245766067504882812e+01,-4.129371643066406250e+01,-2.248959732055664062e+01,-1.756583786010742188e+01,-1.977562332153320312e+01,-1.846742630004882812e+01,-3.215469360351562500e+01,-4.990021514892578125e+01,-4.859133148193359375e+01,-2.674134063720703125e+01,2.039690017700195312e+01,4.110145950317382812e+01,3.686059570312500000e+01,2.840883827209472656e+01,1.977849960327148438e+01,-1.291385269165039062e+01,-2.328141403198242188e+01,-2.261444854736328125e+01,-1.371586418151855469e+01,-8.010196685791015625e+00,-3.677161931991577148e-01,2.116682434082031250e+01,2.628186416625976562e+01,1.513199996948242188e+01,-8.090539932250976562e+00,-1.737677383422851562e+01,-1.035276770591735840e+00,1.063521575927734375e+01,2.023601913452148438e+01,1.748561096191406250e+01,-2.093360900878906250e+01,-3.957183837890625000e+01,-4.711111450195312500e+01,-5.572265625000000000e+01,-6.848028564453125000e+01,-7.139636230468750000e+01,-5.613837814331054688e+01,-3.006742477416992188e+01,-1.723386192321777344e+01,-1.819528961181640625e+01,-3.747274780273437500e+01,-2.837279510498046875e+01,-1.875405311584472656e+01,-5.597815036773681641e+00,-1.279479598999023438e+01,-1.828872299194335938e+01,-1.490876102447509766e+01,-1.636415481567382812e+01,-1.680764007568359375e+01,-2.599045181274414062e+01,-4.052233123779296875e+01,-4.576447296142578125e+01,-3.554473876953125000e+01,-1.383278846740722656e+01,-5.411764621734619141e+00,-1.838885879516601562e+01,-2.153953933715820312e+01,-1.312765884399414062e+01,-7.630518436431884766e+00,-9.648249149322509766e-01,6.151985168457031250e+00,1.612021255493164062e+01,2.432010841369628906e+01,2.137353515625000000e+01,1.631698417663574219e+01,1.305686473846435547e+01,1.040687847137451172e+01,5.051159381866455078e+00,-9.715772628784179688e+00,-2.011506462097167969e+01,-3.504551315307617188e+01,-3.197031402587890625e+01,-2.222052764892578125e+01,-5.755126953125000000e+00,-1.478032469749450684e+00,-2.860926818847656250e+01,-3.245293807983398438e+01,-2.028300857543945312e+01,-5.919299125671386719e+00,1.224164199829101562e+01,1.488937950134277344e+01,-2.141795873641967773e+00,-7.721796989440917969e+00,-6.345031261444091797e+00,4.097332000732421875e+00,8.366288185119628906e+00,5.864676475524902344e+00,3.704315662384033203e+00,-7.153356552124023438e+00,-1.164203071594238281e+01,-1.423947715759277344e+01,-2.401635742187500000e+01,-3.217465209960937500e+01,-3.162144279479980469e+01,-2.394581794738769531e+01,-9.900368690490722656e+00,9.000194549560546875e+00,6.168195724487304688e+00,1.301630020141601562e+01,6.181640625000000000e+00,-2.866826057434082031e+00,1.504105448722839355e+00,7.591387271881103516e+00,4.072660446166992188e+00,2.612787628173828125e+01,2.718944549560546875e+01,2.160033226013183594e+01,4.844757556915283203e+00,-5.559520721435546875e+00,-1.581543982028961182e-01,1.332106590270996094e+01,3.355285644531250000e+01,3.928457641601562500e+01,3.503432846069335938e+01,2.992039489746093750e+01,1.678945159912109375e+01,-4.896313250064849854e-01,-1.844005203247070312e+01,-3.020490455627441406e+01,-3.482233428955078125e+01,-4.139019393920898438e+01,-4.346187210083007812e+01,-3.436653900146484375e+01,-3.339387893676757812e+01,-2.738660812377929688e+01,-1.499444770812988281e+01,-7.961785316467285156e+00,-1.074730873107910156e+01,-3.084255456924438477e+00,5.788040637969970703e+00,1.005085349082946777e+00,-9.459226608276367188e+00,-3.840940093994140625e+01,-4.266551208496093750e+01,-2.401653289794921875e+01,-4.144331359863281250e+01,-5.323200607299804688e+01,-4.771124267578125000e+01,-1.434641647338867188e+01,2.067786026000976562e+01,3.344293975830078125e+01,4.269115066528320312e+01,4.671403121948242188e+01,3.893235015869140625e+01,3.282643890380859375e+01,3.007095527648925781e+01,2.668522596359252930e+00,3.793163537979125977e+00,-5.780167102813720703e+00,-4.075429916381835938e+00,1.029510688781738281e+01,-5.468035697937011719e+00,-2.338513946533203125e+01,-3.734530258178710938e+01,-3.697709655761718750e+01,-2.936330795288085938e+01,-1.417535400390625000e+01,2.700587511062622070e-01,1.353796577453613281e+01,-5.561998367309570312e+00,-2.249926376342773438e+01,-3.306973266601562500e+01,-3.860761642456054688e+01,-3.019464874267578125e+01,-1.639883804321289062e+01,4.418163776397705078e+00,-1.855115652084350586e+00,5.756413936614990234e-01,-7.697327136993408203e-01,-1.824792671203613281e+01,-3.082202148437500000e+01,-4.231251525878906250e+01,-5.419205093383789062e+01,-5.905428314208984375e+01,-5.438886260986328125e+01,-3.698646545410156250e+01,-1.541510772705078125e+01,-1.149839210510253906e+01,-1.177859115600585938e+01,-1.757070732116699219e+01,-2.015732192993164062e+01,-2.360430526733398438e+01,-2.466243362426757812e+01,-3.806131744384765625e+01,-4.680748748779296875e+01,-4.649256134033203125e+01,-4.346330261230468750e+01,-4.324369812011718750e+01,-4.022002029418945312e+01,-4.076596069335937500e+01,-4.067249298095703125e+01,-3.896324157714843750e+01,-2.803219604492187500e+01,-1.558705043792724609e+01,-1.703021287918090820e+00,8.278964996337890625e+00,9.811611175537109375e+00,6.931766986846923828e+00,-1.435286808013916016e+01,-1.976099777221679688e+01,-1.032544422149658203e+01,-4.112957954406738281e+00,-4.731079578399658203e+00,-6.871067881584167480e-01,-1.947847604751586914e+00,-1.210274314880371094e+01,-1.818264389038085938e+01,-2.022634887695312500e+01,-2.496704101562500000e+01,-2.836644935607910156e+01,-3.842707061767578125e+01,-4.040571594238281250e+01,-3.909077453613281250e+01,-3.399555969238281250e+01,-2.519500350952148438e+01,-1.247531604766845703e+01,-4.009542942047119141e+00,1.111917376518249512e+00,-5.555069923400878906e+00,-2.758777236938476562e+01,-3.275741577148437500e+01,-3.397180938720703125e+01,-2.785245704650878906e+01,-1.081650924682617188e+01,1.798384857177734375e+01,1.607853698730468750e+01,-4.577301979064941406e+00,-7.124435424804687500e+00,-1.275704383850097656e+01,-4.620369720458984375e+01,-4.806299209594726562e+01,-4.013169860839843750e+01,-2.723756217956542969e+01,-2.452923202514648438e+01,-2.239956283569335938e+01,-3.606367492675781250e+01,-4.710681152343750000e+01,-4.159146881103515625e+01,-2.609000778198242188e+01,-1.778293991088867188e+01,-1.559965038299560547e+01,-1.215801620483398438e+01,-2.182132530212402344e+01,-2.282483100891113281e+01,-2.056234741210937500e+01,-1.095053863525390625e+01,5.499110221862792969e+00,-3.091234207153320312e+01,-4.795713043212890625e+01,-5.274982452392578125e+01,-6.188730621337890625e+01,-7.078018188476562500e+01,-7.792438507080078125e+01,-6.869119262695312500e+01,-5.149317932128906250e+01,-3.235028076171875000e+01,-1.348504066467285156e+01,-4.351140260696411133e-01,-6.536286830902099609e+00,-1.239877700805664062e+01,-1.430779075622558594e+01,-1.470655345916748047e+01,-1.625626373291015625e+01,-2.451580619812011719e+01,-3.103897094726562500e+01,-3.239902877807617188e+01,-8.347074508666992188e+00,5.808623313903808594e+00,-6.677975654602050781e+00,-2.068258094787597656e+01,-1.642774772644042969e+01,2.098978424072265625e+01,5.763430023193359375e+01,5.973454284667968750e+01,4.279537200927734375e+01,1.413240242004394531e+01,1.150288391113281250e+01,4.376792907714843750e+01,4.362305450439453125e+01,1.777914810180664062e+01,-5.225280284881591797e+00,-1.763562774658203125e+01,-2.235210418701171875e+01,-1.078872203826904297e+01,7.425353527069091797e+00,2.168375396728515625e+01,3.352281188964843750e+01,3.256206130981445312e+01,-1.564311599731445312e+01,-2.923680877685546875e+01,-2.567024230957031250e+01,-3.961501312255859375e+01,-4.183931350708007812e+01,-2.088840866088867188e+01,-1.343137359619140625e+01,-2.259478187561035156e+01,-3.901421356201171875e+01,-4.249508285522460938e+01,-3.999452209472656250e+01,-5.039751815795898438e+01,-5.440197372436523438e+01,-5.503128814697265625e+01,-5.247133255004882812e+01,-4.843033599853515625e+01,-3.863433074951171875e+01,-2.152574539184570312e+01,-1.929023170471191406e+01,-3.133456039428710938e+01,-3.612291717529296875e+01,-3.844612884521484375e+01,-4.005404663085937500e+01,-4.072615814208984375e+01,-3.772008514404296875e+01,-2.057548332214355469e+01,4.300311565399169922e+00,1.699619483947753906e+01,2.074259567260742188e+01,1.469451427459716797e+01,-1.109108543395996094e+01,-3.394715118408203125e+01,-4.418193817138671875e+01,-6.041659545898437500e+01,-7.493953704833984375e+01,-8.251885986328125000e+01,-8.240254211425781250e+01,-8.416982269287109375e+01,-7.918803405761718750e+01,-7.290982055664062500e+01,-6.728976440429687500e+01,-5.164234161376953125e+01,-4.246274566650390625e+01,-3.958699035644531250e+01,-3.573090362548828125e+01,-3.179956436157226562e+01,-2.737315177917480469e+01,-1.556927871704101562e+01,-2.448600196838378906e+01,-3.689270019531250000e+01,-3.050362014770507812e+01,-8.463073730468750000e+00,-2.005113601684570312e+00,-6.289413452148437500e+00,-8.498153686523437500e+00,-6.848261833190917969e+00,-2.309534311294555664e+00,-2.856437206268310547e+00,4.577297210693359375e+00,2.240626144409179688e+01,2.698608398437500000e+01,2.623024749755859375e+01,2.609755897521972656e+01,1.701221084594726562e+01,1.868200063705444336e+00,-1.870087432861328125e+01,-1.030731964111328125e+01,4.655298233032226562e+00,4.271253108978271484e+00,6.093100547790527344e+00,1.030521011352539062e+01,1.601643371582031250e+01,2.278342056274414062e+01,2.002460098266601562e+01,1.787474060058593750e+01,1.462778091430664062e+01,7.384438514709472656e+00,8.104622840881347656e+00,1.815986251831054688e+01,1.979820823669433594e+01,2.105937576293945312e+01,2.013044738769531250e+01,2.556988906860351562e+01,4.565105056762695312e+01,5.267957305908203125e+01,3.488509368896484375e+01,2.820010375976562500e+01,8.780490875244140625e+00,6.466362953186035156e+00,7.565510749816894531e+00,-3.797827243804931641e+00,-2.445355987548828125e+01,-4.607569122314453125e+01,-5.974738311767578125e+01,-6.752172088623046875e+01,-6.212017059326171875e+01,-5.690329360961914062e+01,-5.063927459716796875e+01,-4.105876159667968750e+01,-1.607349777221679688e+01,4.032608866691589355e-01,-3.173200130462646484e+00,-3.499509811401367188e+00,-4.276088237762451172e+00,-2.856775665283203125e+01,-1.017017364501953125e+01,-2.820429801940917969e+00,-4.461955428123474121e-01,4.918318271636962891e+00,1.777809906005859375e+01,4.046131515502929688e+01,4.996263122558593750e+01,4.423809814453125000e+01,4.394431304931640625e+01,3.739858627319335938e+01,2.369867134094238281e+01,-7.908790588378906250e+00,-2.580237960815429688e+01,-2.449236297607421875e+01,-2.605876922607421875e+01,-2.722712326049804688e+01,-2.323156738281250000e+01,-1.296814727783203125e+01,-9.904964447021484375e+00,-2.198846817016601562e+01,-3.757638549804687500e+01,-4.693581390380859375e+01,-4.569198608398437500e+01,-3.627867126464843750e+01,-1.100453948974609375e+01,1.802621078491210938e+01,2.781676483154296875e+01,3.268059921264648438e+01,3.135235977172851562e+01,3.291260528564453125e+01,3.514062500000000000e+01,3.753179550170898438e+01,4.008717346191406250e+01,3.639548492431640625e+01,3.056881332397460938e+01,3.074388885498046875e+01,3.136679840087890625e+01,3.833988952636718750e+01,3.421867370605468750e+01,1.841756629943847656e+01,-3.967667818069458008e-01,-1.349020767211914062e+01,-6.422752380371093750e+00,6.264686584472656250e+00,5.654831886291503906e+00,1.802431106567382812e+01,2.441330146789550781e+01,1.853258705139160156e+01,2.424629402160644531e+01,2.679917526245117188e+01,2.130820465087890625e+01,2.339674377441406250e+01,2.736222457885742188e+01,1.985150337219238281e+01,1.779285430908203125e+01,2.097834777832031250e+01,2.722648620605468750e+01,4.303430938720703125e+01,4.607997512817382812e+01,3.514011001586914062e+01,1.227172017097473145e+00,-1.139368629455566406e+01,-2.356853103637695312e+01,-2.047323417663574219e+01,1.440528106689453125e+01,5.048424530029296875e+01,6.714562988281250000e+01,6.774558258056640625e+01,6.741670227050781250e+01,5.649552917480468750e+01,3.401114654541015625e+01,3.135177803039550781e+01,3.813572692871093750e+01,5.154444122314453125e+01,5.496158599853515625e+01,4.892990875244140625e+01,4.814846420288085938e+01,4.736574554443359375e+01,4.711249542236328125e+01,4.697352600097656250e+01,4.870572662353515625e+01,4.808730316162109375e+01,4.124697494506835938e+01,3.686895751953125000e+01,3.543009185791015625e+01,2.563006210327148438e+01,2.519105911254882812e+01,2.096276092529296875e+01,1.265467929840087891e+01,1.171217918395996094e+01,1.327471160888671875e+01,1.144074440002441406e+01,8.309618949890136719e+00,5.752444744110107422e+00,-1.786150455474853516e+00,-6.777722835540771484e+00,-8.165756225585937500e+00,-5.992509841918945312e+00,-4.449584960937500000e+00,-1.049647712707519531e+01,-1.300341987609863281e+01,-6.380257606506347656e+00,-1.232801079750061035e+00,3.531948089599609375e+00,4.347723960876464844e+00,5.132448196411132812e+00,1.990954971313476562e+01,1.558790969848632812e+01,-3.013177299499511719e+01,-5.038716888427734375e+01,-6.070352935791015625e+01,-6.545062255859375000e+01,-5.164500427246093750e+01,-3.195480346679687500e+01,-1.973488616943359375e+01,-7.356548786163330078e+00,1.461768245697021484e+01,3.037564468383789062e+01,3.652239227294921875e+01,3.532904815673828125e+01,6.345456123352050781e+00,-1.524333763122558594e+01,-2.316223859786987305e+00,3.332411193847656250e+01,4.148674011230468750e+01,2.198807334899902344e+01,1.317536735534667969e+01,1.146821498870849609e+01,3.004994869232177734e+00,1.064840316772460938e+00,-1.047197699546813965e+00,4.123519361019134521e-01,-1.083372306823730469e+01,-2.759070968627929688e+01,-3.596802902221679688e+01,-3.874356079101562500e+01,-3.822913360595703125e+01,-3.369674301147460938e+01,-1.648223495483398438e+01,2.276167869567871094e+00,-3.364058971405029297e+00,-8.405854225158691406e+00,-1.232895755767822266e+01,-1.876270675659179688e+01,-1.847158813476562500e+01,9.077870845794677734e-01,1.589722061157226562e+01,3.754049301147460938e+00,-9.783342361450195312e+00,2.289748191833496094e+00,3.053526306152343750e+01,5.674720764160156250e+01,5.177188873291015625e+01,2.290319633483886719e+01,-1.014031982421875000e+01,-2.112243270874023438e+01,-1.884677886962890625e+01,-8.199837684631347656e+00,1.305989456176757812e+01,1.971319770812988281e+01,1.883443450927734375e+01,1.945855712890625000e+01,1.639923477172851562e+01,1.273147678375244141e+01,9.411379814147949219e+00,4.593533039093017578e+00,-1.344262361526489258e-01,1.654164075851440430e+00,6.867443084716796875e+00,1.358862686157226562e+01,2.084686279296875000e+01,1.885598754882812500e+01,2.227479553222656250e+01,2.121338844299316406e+00,-1.608148956298828125e+01,-3.074544143676757812e+01,-4.670998382568359375e+01,-4.872894287109375000e+01,-3.276296615600585938e+01,-1.464655494689941406e+01,-2.010679244995117188e-01,-9.727679252624511719e+00,2.684735774993896484e+00,6.095488548278808594e+00,1.537806391716003418e+00,1.226060104370117188e+01,1.974182128906250000e+01,-6.575577735900878906e+00,-2.017062377929687500e+01,-2.066998672485351562e+01,-1.944867324829101562e+01,-2.099316787719726562e+01,-2.564324569702148438e+01,-2.233642578125000000e+01,-1.462923908233642578e+01,-8.595594406127929688e+00,1.536710500717163086e+00,2.663018703460693359e+00,4.631563186645507812e+00,1.001491260528564453e+01,2.529942703247070312e+01,3.405881881713867188e+01,3.487781143188476562e+01,2.699745559692382812e+01,2.918876838684082031e+01,2.175865936279296875e+01,1.278596115112304688e+01,-6.708142757415771484e-01,-8.256978988647460938e+00,-1.337364673614501953e+01,-2.420291519165039062e+01,-2.225115966796875000e+01,-2.504470443725585938e+01,-3.053287887573242188e+01,-3.502754211425781250e+01,-3.893528747558593750e+01,-3.755514526367187500e+01,-3.569905090332031250e+01,-3.184299087524414062e+01,-2.994464874267578125e+01,-2.228752708435058594e+01,-1.690034103393554688e+01,-1.304800224304199219e+01,-3.912471055984497070e+00,6.999466896057128906e+00,2.598770141601562500e+01,3.434851455688476562e+01,2.689620590209960938e+01,2.154372596740722656e+01,2.794242477416992188e+01,-9.320822715759277344e+00,-3.890792846679687500e+01,-3.781282806396484375e+01,-2.708741378784179688e+01,-1.961157226562500000e+01,-1.663201904296875000e+01,-7.124501705169677734e+00,-4.701341629028320312e+00,-2.030027008056640625e+01,-2.864661979675292969e+01,-2.832958602905273438e+01,-3.381899642944335938e+01,-3.171238327026367188e+01,-4.587686157226562500e+01,-4.906087493896484375e+01,-3.635543441772460938e+01,-9.249526977539062500e+00,1.253010034561157227e+00,1.476486086845397949e+00,6.090395450592041016e+00,1.248623561859130859e+01,-1.546349287033081055e+00,-1.964609146118164062e+01,-1.476374053955078125e+01,-1.311590671539306641e+00,-6.180362701416015625e+00,-1.211472320556640625e+01,-8.825212478637695312e+00,-7.440000772476196289e-01,5.525793075561523438e+00,2.134978771209716797e+00,1.301690340042114258e+00,1.945475387573242188e+01,1.669387054443359375e+01,-3.761249780654907227e-01,-2.659294843673706055e+00,1.340779018402099609e+01,-3.551689624786376953e+00,-2.688350105285644531e+01,-2.646768379211425781e+01,-2.071419525146484375e+01,-1.160391426086425781e+01,-1.728563308715820312e+01,-2.016795730590820312e+01,-4.336840152740478516e+00,1.281043052673339844e+01,1.232361221313476562e+01,2.637229681015014648e+00,-1.972641754150390625e+01,-2.694524574279785156e+01,-2.436975097656250000e+01,-1.704709434509277344e+01,4.924181699752807617e-01,1.944762611389160156e+01,2.905981826782226562e+01,2.865010833740234375e+01,-8.978996276855468750e+00,-1.184247970581054688e+01,3.571647405624389648e+00,2.393405914306640625e+01,3.573929667472839355e-01,-1.158167648315429688e+01,-3.111138105392456055e+00,1.164403343200683594e+01,9.799649238586425781e+00,-2.773427581787109375e+01,-3.256791305541992188e+01,-3.864765930175781250e+01,-6.064669799804687500e+01,-6.960597991943359375e+01,-7.148509216308593750e+01,-6.774057006835937500e+01,-6.312023162841796875e+01,-5.427153778076171875e+01,-3.770614624023437500e+01,-2.639245796203613281e+01,-2.813135910034179688e+01,-2.945353889465332031e+01,-2.908442687988281250e+01,-1.931543350219726562e+01,-1.177969932556152344e+01,-3.177104473114013672e+00,-1.055770874023437500e+01,-2.725468444824218750e+01,-2.752904891967773438e+01,-2.792742156982421875e+01,-2.929153442382812500e+01,-2.756192207336425781e+01,-2.369653320312500000e+01,-1.514931678771972656e+01,-1.841020703315734863e+00,-2.541306734085083008e+00,-1.427379226684570312e+01,-1.996013832092285156e+01,-1.923135375976562500e+01,-2.164896202087402344e+01,-2.792687988281250000e+01,-3.299937438964843750e+01,-3.643910598754882812e+01,-3.823974609375000000e+01,-3.636300659179687500e+01,-3.950145721435546875e+01,-4.090601730346679688e+01,-3.641195678710937500e+01,-3.431692504882812500e+01,-2.943061065673828125e+01,-2.102410888671875000e+01,-1.679343223571777344e+01,-6.734299659729003906e+00,9.887219071388244629e-01,-1.706904768943786621e+00,-2.534648704528808594e+01,-2.197268104553222656e+01,6.182322025299072266e+00,5.384809112548828125e+01,4.618807601928710938e+01,3.685531616210937500e+01,2.821804046630859375e+01,2.469182968139648438e+01,2.595348358154296875e+01,4.229618072509765625e+01,2.219585037231445312e+01,8.255449295043945312e+00,1.602476716041564941e+00,-1.309746360778808594e+01,-1.532918548583984375e+01,4.311124682426452637e-01,1.296311187744140625e+01,-4.817297458648681641e+00,-2.345545959472656250e+01,-3.627330017089843750e+01,-4.024358367919921875e+01,-4.859490203857421875e+01,-6.942742919921875000e+01,-7.297447204589843750e+01,-7.423187255859375000e+01,-7.016523742675781250e+01,-6.892201232910156250e+01,-5.369148254394531250e+01,-3.208487319946289062e+01,-1.495139694213867188e+01,-1.409258747100830078e+01,-8.342801094055175781e+00,-2.389614343643188477e+00,3.992760181427001953e-02,2.754231452941894531e+00,9.228049278259277344e+00,1.366894626617431641e+01,2.101323699951171875e+01,-3.730324745178222656e+00,-2.271669769287109375e+01,-3.220549011230468750e+01,-3.283181762695312500e+01,-3.125432205200195312e+01,-3.007909393310546875e+01,-2.783116340637207031e+01,-1.193887710571289062e+01,4.528760910034179688e+00,2.512559413909912109e+00,3.191219329833984375e+00,-2.156441450119018555e+00,-1.263185787200927734e+01,-1.491812992095947266e+01,-1.271126747131347656e+01,-1.547145271301269531e+01,1.419840908050537109e+01,2.716612052917480469e+01,5.507924079895019531e+00,-2.643057346343994141e+00,-5.364250183105468750e+00,-1.239992332458496094e+01,-2.419697189331054688e+01,-2.555628967285156250e+01,-2.468624687194824219e+01,-1.470274543762207031e+01,7.847996950149536133e-01,1.206655502319335938e+01,1.558711910247802734e+01,1.632978820800781250e+01,1.155235862731933594e+01,-4.910542964935302734e+00,-1.081884479522705078e+01,-1.371800541877746582e+00,-2.495144271850585938e+01,-2.866235733032226562e+01,3.770703792572021484e+00,9.749491691589355469e+00,-6.796456813812255859e+00,-2.078713417053222656e+01,-2.908066558837890625e+01,-2.988438796997070312e+01,-2.485800933837890625e+01,-2.227714538574218750e+01,-2.394022750854492188e+01,-1.294854736328125000e+01,-1.580734920501708984e+01,-2.997472953796386719e+01,-2.562574768066406250e+01,-1.654565811157226562e+01,-1.914249420166015625e+01,-1.918232727050781250e+01,-7.176147937774658203e+00,6.794587135314941406e+00,6.995183467864990234e+00,4.608141422271728516e+00,-6.892575263977050781e+00,-1.790096473693847656e+01,-1.934393501281738281e+01,8.394548416137695312e+00,4.304204177856445312e+01,5.195014190673828125e+01,5.060778045654296875e+01,3.497982788085937500e+01,4.788187026977539062e+00,-2.615192794799804688e+01,-4.174189758300781250e+01,-4.474820327758789062e+01,-3.845281600952148438e+01,-3.170195388793945312e+01,-2.220455169677734375e+01,-2.623631095886230469e+01,-2.736512374877929688e+01,-3.235923385620117188e+01,-3.586347579956054688e+01,-2.892381668090820312e+01,-6.808208465576171875e+00,5.705922126770019531e+00,-1.169160747528076172e+01,-1.727812767028808594e+01,-1.322912788391113281e+01,-1.475889205932617188e+01,-1.674332046508789062e+01,-2.848250198364257812e+01,-2.557448577880859375e+01,-3.687290573120117188e+01,-3.564905548095703125e+01,-3.232762145996093750e+01,-3.845783996582031250e+01,-2.557057952880859375e+01,-1.623344182968139648e+00,1.443317222595214844e+01,9.968793869018554688e+00,-2.057501602172851562e+01,-2.924107933044433594e+01,-3.257531738281250000e+01,-4.027419281005859375e+01,-4.037462997436523438e+01,-3.757040786743164062e+01,-3.722042465209960938e+01,-2.828779983520507812e+01,-9.919295310974121094e+00,-5.363660812377929688e+00,-1.562771129608154297e+01,-3.319874191284179688e+01,-4.766461944580078125e+01,-6.002908325195312500e+01,-5.538980865478515625e+01,-5.826655578613281250e+01,-6.787882995605468750e+01,-6.560147094726562500e+01,-4.984626770019531250e+01,-3.255368804931640625e+01,-1.940232467651367188e+01,-2.061324310302734375e+01,-2.045481491088867188e+01,-1.203927230834960938e+01,9.643639564514160156e+00,2.718796157836914062e+01,2.998497390747070312e+01,2.925455474853515625e+01,2.825266647338867188e+01,2.654481124877929688e+01,1.880409622192382812e+01,1.743004798889160156e+01,1.171642684936523438e+01,4.141936302185058594e+00,-3.081577062606811523e+00,-1.005740165710449219e+01,-2.419783782958984375e+01,-3.361719512939453125e+01,-4.017738342285156250e+01,-4.347068023681640625e+01,-4.451245880126953125e+01,-3.991186523437500000e+01,-3.287174987792968750e+01,-2.653284835815429688e+01,-1.518473243713378906e+01,-6.216202259063720703e+00,2.878555297851562500e+00,3.616307735443115234e+00,1.736266136169433594e+00,-2.351790237426757812e+01,-3.014047622680664062e+01,-3.299620056152343750e+01,-3.565591812133789062e+01,-3.506880950927734375e+01,-3.483380126953125000e+01,-3.547420883178710938e+01,-3.486740875244140625e+01,-3.056007766723632812e+01,-9.893356323242187500e+00,6.917534351348876953e+00,7.400420188903808594e+00,-1.071593475341796875e+01,-3.625156021118164062e+01,-5.453657150268554688e+01,-6.730920410156250000e+01,-7.171134948730468750e+01,-7.115766906738281250e+01,-7.614277648925781250e+01,-7.071910095214843750e+01,-5.716109466552734375e+01,-3.554354858398437500e+01,2.284067153930664062e+00,2.622416687011718750e+01,1.816839218139648438e+01,8.709756851196289062e+00,1.503742814064025879e+00,-3.376723289489746094e+00,2.847008705139160156e-01,2.506411361694335938e+01,3.551275634765625000e+01,1.600004196166992188e+01,-1.170994853973388672e+01,-3.199597167968750000e+01,-4.919060897827148438e+01,-5.211542510986328125e+01,-4.145645523071289062e+01,-3.322349166870117188e+01,-2.252710342407226562e+01,-9.234973788261413574e-02,4.537837028503417969e+00,-1.839904785156250000e+01,-2.975625991821289062e+01,-2.815969467163085938e+01,-3.620916128158569336e+00,6.137888908386230469e+00,1.141091918945312500e+01,-1.142099380493164062e+01,-3.413867950439453125e+01,-4.447893524169921875e+01,-3.825307464599609375e+01,-3.877807235717773438e+01,-6.398416900634765625e+01,-7.587319946289062500e+01,-7.221899414062500000e+01,-7.493429565429687500e+01,-4.814474487304687500e+01,-1.566342353820800781e+01,-1.861449432373046875e+01,-2.687213134765625000e+01,-1.584271812438964844e+01,-1.116440105438232422e+01,-1.235427761077880859e+01,-6.195744991302490234e+00,4.919135570526123047e+00,5.949669837951660156e+00,6.714856624603271484e+00,-4.515696525573730469e+00,-4.060084342956542969e+00,5.176724433898925781e+00,-1.045852661132812500e+00,-1.639546203613281250e+01,-1.478087043762207031e+01,1.766133785247802734e+00,1.668560266494750977e+00,7.163548946380615234e+00,2.203823089599609375e+01,3.601356506347656250e+01,4.516836166381835938e+01,5.101121520996093750e+01,5.085636520385742188e+01,5.089500045776367188e+01,4.879650115966796875e+01,4.970010375976562500e+01,5.275645828247070312e+01,3.970345687866210938e+01,3.180732345581054688e+01,3.140942764282226562e+01,3.998406982421875000e+01,4.816123199462890625e+01,4.594272613525390625e+01,4.372639465332031250e+01,1.498889064788818359e+01,2.141910552978515625e+01,4.501748275756835938e+01,4.779187011718750000e+01,4.793230056762695312e+01,4.448309326171875000e+01,4.640680694580078125e+01,5.148457336425781250e+01,5.146375656127929688e+01,5.076705169677734375e+01,4.985343933105468750e+01,3.172211265563964844e+01,7.543734550476074219e+00,-1.467476081848144531e+01,-3.345762252807617188e+01,-2.713769912719726562e+01,-1.106704425811767578e+01,3.055882453918457031e+00,-1.907042884826660156e+01,-1.875852966308593750e+01,-6.751998901367187500e+00,3.779813766479492188e+00,1.244610309600830078e+01,7.770608067512512207e-01,-1.892112350463867188e+01,-3.596483612060546875e+01,-4.225606536865234375e+01,-4.792764282226562500e+01,-4.607031631469726562e+01,-4.361761474609375000e+01,-4.175704574584960938e+01,-3.818506622314453125e+01,-3.188420677185058594e+01,-1.904003143310546875e+01,-9.806078910827636719e+00,2.099481105804443359e+00,4.556625366210937500e+00,-3.655969238281250000e+01,-5.763871765136718750e+01,-6.112064743041992188e+01,-5.435445404052734375e+01,-2.970140457153320312e+01,-8.234289169311523438e+00,-2.316512489318847656e+01,-2.095511627197265625e+01,-8.750107765197753906e+00,6.551907539367675781e+00,1.082812595367431641e+01,-1.502755451202392578e+01,-1.689644622802734375e+01,-1.620376586914062500e+01,-2.116434097290039062e+01,-9.295251846313476562e+00,8.074977874755859375e+00,5.048108100891113281e+00,-2.848327159881591797e+00,-1.634763717651367188e+01,-2.490274429321289062e+01,-3.003298568725585938e+01,-5.402067947387695312e+01,-5.125781250000000000e+01,-1.763243103027343750e+01,1.951376342773437500e+01,3.865334320068359375e+01,3.876651000976562500e+01,3.998522949218750000e+01,3.616700744628906250e+01,3.450188446044921875e+01,5.683047294616699219e+00,-2.704914093017578125e+01,-4.315842437744140625e+01,-4.720677947998046875e+01,-5.081453704833984375e+01,-5.052407455444335938e+01,-3.841579437255859375e+01,-2.369744110107421875e+01,-3.173092269897460938e+01,-2.807863807678222656e+01,-1.159869194030761719e+01,-1.687943458557128906e+01,-3.772766113281250000e+01,-3.984714508056640625e+01,-2.815718078613281250e+01,-6.860621452331542969e+00,1.233080029487609863e-01,4.429200649261474609e+00,4.958026885986328125e+00,-1.057255625724792480e+00,-2.343718719482421875e+01,-4.061446380615234375e+01,-5.597242736816406250e+01,-5.798844528198242188e+01,-5.262209701538085938e+01,-4.093531036376953125e+01,-2.907565307617187500e+01,-2.675741195678710938e+01,-2.669824981689453125e+01,-1.682455062866210938e+01,-8.747729301452636719e+00,-6.277448177337646484e+00,-3.085898160934448242e+00,-1.739175915718078613e+00,-8.266659736633300781e+00,-1.566265296936035156e+01,-2.845863342285156250e+01,-4.259014892578125000e+01,-5.559963989257812500e+01,-5.905467987060546875e+01,-5.761068725585937500e+01,-5.558408355712890625e+01,-5.090798568725585938e+01,-3.512769317626953125e+01,-1.126429557800292969e+01,-3.434840440750122070e+00,-2.138857650756835938e+01,-3.857842254638671875e+01,-3.821524429321289062e+01,-2.937626266479492188e+01,-1.727381515502929688e+01,-4.977310180664062500e+00,-6.876753807067871094e+00,-1.296011829376220703e+01,-2.048878097534179688e+01,-2.351638984680175781e+01,-3.317573070526123047e+00,2.149802398681640625e+01,1.501270675659179688e+01,-1.299809074401855469e+01,-3.001975250244140625e+01,-4.557393646240234375e+01,-5.634464645385742188e+01,-4.852165985107421875e+01,-3.108506774902343750e+01,-1.836043930053710938e+01,-5.732873916625976562e+00,2.786826610565185547e+00,1.353721737861633301e+00,1.470268607139587402e+00,-1.218403935432434082e+00,-3.791787624359130859e+00,-8.249145507812500000e+00,-1.605295372009277344e+01,-3.621544361114501953e+00,-7.941353321075439453e-01,-2.277191162109375000e+01,-3.337576293945312500e+01,-3.367182159423828125e+01,-2.550696563720703125e+01,-2.080430221557617188e+01,-1.748890876770019531e+01,-1.333624076843261719e+01,-4.831541061401367188e+00,1.130848407745361328e+01,2.146145629882812500e+01,1.817189025878906250e+01,-7.050244331359863281e+00,-2.526736640930175781e+01,-1.449629592895507812e+01,7.492341399192810059e-01,5.745533466339111328e+00,1.081402969360351562e+01,5.568784713745117188e+00,-1.166187095642089844e+01,-2.169109535217285156e+01,-2.287293624877929688e+01,-2.667645454406738281e+01,-2.679434204101562500e+01,-3.219934082031250000e+01,-3.924488449096679688e+01,-3.519949340820312500e+01,-2.866346740722656250e+01,-1.877668190002441406e+01,-1.126758766174316406e+01,-2.683936357498168945e-01,2.654284238815307617e+00,-2.145449829101562500e+01,-4.309369277954101562e+01,-3.671472930908203125e+01,-4.847948837280273438e+01,-6.153771209716796875e+01,-7.268159484863281250e+01,-6.941669464111328125e+01,-6.793317413330078125e+01,-6.990870666503906250e+01,-5.300381088256835938e+01,-3.081652641296386719e+01,-1.079529380798339844e+01,-4.371299266815185547e+00,-1.893265008926391602e+00,1.442311644554138184e+00,9.361637115478515625e+00,-1.643261432647705078e+00,-3.081905555725097656e+01,-3.582859420776367188e+01,-2.435080337524414062e+01,-1.122744750976562500e+01,-4.186165332794189453e-02,1.192469406127929688e+01,1.439945316314697266e+01,6.384397029876708984e+00,-8.324180603027343750e+00,-4.244131565093994141e+00,8.925189018249511719e+00,6.987339496612548828e+00,-4.940401315689086914e-01,4.910253047943115234e+00,4.777209281921386719e+00,6.441714286804199219e+00,4.662383079528808594e+00,7.383102416992187500e+00,5.400478839874267578e+00,-5.316849708557128906e+00,-2.854151916503906250e+01,-6.251519775390625000e+01,-5.182862854003906250e+01,-4.264565658569335938e+01,-4.231581878662109375e+01,-4.645516967773437500e+01,-5.826383209228515625e+01,-6.881702423095703125e+01,-6.492333221435546875e+01,-5.066333007812500000e+01,-4.061400985717773438e+01,-2.297454071044921875e+01,-2.035870075225830078e+00,-1.474554777145385742e+00,3.156215190887451172e+00,1.012641143798828125e+01,6.695120334625244141e+00,1.266843795776367188e+01,2.086753654479980469e+01,9.135503768920898438e+00,-2.515720605850219727e+00,-4.723505973815917969e-01,-5.553100109100341797e+00,-1.627315521240234375e+01,-2.054196548461914062e+01,-2.070340728759765625e+01,-1.908409500122070312e+01,-1.040258407592773438e+01,4.040425300598144531e+00,4.933223247528076172e+00,-2.400667369365692139e-01,4.189188480377197266e+00,1.157011604309082031e+01,1.155082702636718750e+01,1.548385810852050781e+01,1.187803173065185547e+01,5.859695434570312500e+00,-1.742025566101074219e+01,-4.074721908569335938e+01,-5.212934875488281250e+01,-5.164667129516601562e+01,-4.323498535156250000e+01,-2.145163536071777344e+01,6.186191439628601074e-01,-5.142887592315673828e+00,-2.235251617431640625e+01,-3.692961120605468750e+01,-3.981791687011718750e+01,-4.825875854492187500e+01,-5.155482101440429688e+01,-5.598358535766601562e+01,-6.333726501464843750e+01,-6.728039550781250000e+01,-5.854135131835937500e+01,-4.851319503784179688e+01,-3.470787811279296875e+01,-1.215805530548095703e+00,1.146216392517089844e+01,-2.647402524948120117e+00,-2.686300659179687500e+01,-3.146726799011230469e+01,-2.437260055541992188e+01,-3.490230560302734375e+01,-5.606973266601562500e+01,-6.337705230712890625e+01,-6.375195312500000000e+01,-5.177774810791015625e+01,-3.792823028564453125e+01,-3.231595230102539062e+01,-3.578434753417968750e+01,-2.667322158813476562e+01,3.815991282463073730e-01,1.015354442596435547e+01,1.754403114318847656e+00,-1.558820343017578125e+01,-9.444379806518554688e+00,2.053136444091796875e+01,3.132434082031250000e+01,3.060298919677734375e+01,1.500928306579589844e+01,-3.876367568969726562e+00,-1.831280326843261719e+01,-2.328163087368011475e-01,3.110152184963226318e-01,-2.199087619781494141e+00,1.811079978942871094e+01,3.070637893676757812e+01,3.676456069946289062e+01,3.927602767944335938e+01,4.832809448242187500e+01,4.584204483032226562e+01,3.981237792968750000e+01,4.202889633178710938e+01,4.458953475952148438e+01,4.314095687866210938e+01,4.567219543457031250e+01,4.039695739746093750e+01,3.516846466064453125e+01,2.760255622863769531e+01,1.957320404052734375e+01,1.754459190368652344e+01,1.911843490600585938e+01,1.223992538452148438e+01,5.239503860473632812e+00,5.429550647735595703e+00,9.851369857788085938e+00,1.111264133453369141e+01,1.045385265350341797e+01,1.551830101013183594e+01,1.163235282897949219e+01,-7.723666429519653320e-01,-1.133028793334960938e+01,-1.957439804077148438e+01,-2.543378067016601562e+01,-3.024460029602050781e+01,-2.829721069335937500e+01,-2.085001754760742188e+01,-1.528942775726318359e+01,-8.003757476806640625e+00,-8.366550445556640625e+00,-2.951031446456909180e+00,-1.918993473052978516e+00,-1.747309327125549316e+00,1.044977903366088867e+00,-2.376436996459960938e+01,-2.904433441162109375e+01,-3.835439300537109375e+01,-5.984170532226562500e+01,-6.976542663574218750e+01,-7.069454956054687500e+01,-6.434149932861328125e+01,-4.246080398559570312e+01,-9.075032234191894531e+00,2.218112182617187500e+01,2.846406173706054688e+01,2.750881004333496094e+01,2.827074050903320312e+01,3.290280151367187500e+01,3.577182388305664062e+01,2.105661010742187500e+01,1.779016876220703125e+01,1.123625183105468750e+01,-2.256281852722167969e+00,-9.615916252136230469e+00,-1.274028205871582031e+01,-4.087865829467773438e+00,-7.517887115478515625e+00,-2.117758178710937500e+01,-3.201483154296875000e+01,-3.579446792602539062e+01,-4.055670166015625000e+01,-3.716399383544921875e+01,-4.791147613525390625e+01,-5.014659500122070312e+01,-4.883618164062500000e+01,-4.529028320312500000e+01,-4.842928314208984375e+01,-3.836812591552734375e+01,-1.109952163696289062e+01,-5.023384094238281250e-01,-1.626525115966796875e+01,-2.704661560058593750e+01,-4.112606811523437500e+01,-5.024415588378906250e+01,-4.675569915771484375e+01,-4.423523330688476562e+01,-3.787206268310546875e+01,-2.560743713378906250e+01,-1.130615425109863281e+01,5.147423744201660156e+00,8.480153083801269531e+00,4.601059913635253906e+00,-3.252550125122070312e+01,-4.046758270263671875e+01,-4.075502014160156250e+01,-5.136818313598632812e+01,-5.549378204345703125e+01,-5.228650665283203125e+01,-5.630487060546875000e+01,-5.877203369140625000e+01,-5.245639038085937500e+01,-3.909971618652343750e+01,-2.723046302795410156e+01,-2.339109611511230469e+01,-1.042362785339355469e+01,-1.325602436065673828e+01,-1.553980636596679688e+01,-1.745322990417480469e+01,-1.245976448059082031e+01,2.688160896301269531e+00,2.980566978454589844e+01,3.797986602783203125e+01,4.126607513427734375e+01,5.028855895996093750e+01,4.103653717041015625e+01,2.401541137695312500e+01,2.679293823242187500e+01,2.174712419509887695e+00,2.042881965637207031e+00,1.148538780212402344e+01,-1.478061378002166748e-01,-6.605954170227050781e+00,-8.618137359619140625e+00,-8.111023902893066406e+00,-7.093131065368652344e+00,-3.153530597686767578e+00,6.174283027648925781e+00,2.076805496215820312e+01,3.135254859924316406e+01,3.911325073242187500e+01,4.262820434570312500e+01,3.694844818115234375e+01,2.527284240722656250e+01,1.970087814331054688e+01,1.884233474731445312e+01,-9.566337585449218750e+00,-2.509156799316406250e+01,-2.116250991821289062e+01,-2.857588958740234375e+01,-3.594984436035156250e+01,-3.671494674682617188e+01,-3.130029296875000000e+01,-3.178111648559570312e+01,-2.611704635620117188e+01,-2.421031570434570312e+01,-1.252676010131835938e+01,-2.814589977264404297e+00,-4.760644912719726562e+00,-2.530709648132324219e+01,-4.665025711059570312e+01,-4.899005508422851562e+01,-5.240136718750000000e+01,-4.887321853637695312e+01,-2.320062065124511719e+01,5.049556732177734375e+00,5.447063446044921875e+00,-2.110101699829101562e+01,-3.242488479614257812e+01,-4.268529510498046875e+01,-4.869445037841796875e+01,-2.770273399353027344e+01,1.595206022262573242e+00,2.689038753509521484e+00,-2.245897865295410156e+01,-3.033189773559570312e+01,-2.044319915771484375e+01,1.373690509796142578e+01,4.479468536376953125e+01,5.132295989990234375e+01,6.179492950439453125e+01,4.348464965820312500e+01,2.153817749023437500e+01,-1.607389831542968750e+01,-3.721418762207031250e+01,-3.788599395751953125e+01,-3.318571472167968750e+01,-2.299225616455078125e+01,-7.348687171936035156e+00,4.150322437286376953e+00,1.153537464141845703e+01,6.428677082061767578e+00,-1.352210998535156250e+00,4.841809749603271484e+00,1.333997726440429688e+01,2.470800590515136719e+01,2.794018936157226562e+01,3.376902008056640625e+01,3.185710334777832031e+01,2.510926246643066406e+01,2.038571929931640625e+01,1.713841438293457031e+01,1.052067184448242188e+01,1.192727327346801758e+00,-7.046672821044921875e+00,-3.094172477722167969e+00,2.193053960800170898e+00,-1.738663482666015625e+01,-2.646198272705078125e+01,-2.813068008422851562e+01,-1.413721466064453125e+01,3.994895935058593750e+00,1.187939834594726562e+01,7.868802070617675781e+00,-6.221585750579833984e+00,-5.101442337036132812e+00,1.072560119628906250e+01,1.488177108764648438e+01,2.779330015182495117e+00,-2.202315330505371094e+00,-9.697690963745117188e+00,-3.648107147216796875e+01,-3.987415313720703125e+01,-2.149695968627929688e+01,-1.286583518981933594e+01,-2.532625198364257812e+01,-2.271746635437011719e+01,-1.717448806762695312e+01,-2.616334533691406250e+01,-2.596161270141601562e+01,-2.550000000000000000e+01,-3.062030220031738281e+01,-3.066400909423828125e+01,-2.189504241943359375e+01,-4.073430061340332031e+00,1.986563444137573242e+00,-6.820251941680908203e-01,3.037563323974609375e+00,1.064953517913818359e+01,8.333161354064941406e+00,2.633580207824707031e+00,1.189852952957153320e+00,6.799889802932739258e-01,1.045013189315795898e+00,3.867618083953857422e+00,1.946955919265747070e+00,-2.662698030471801758e+00,-3.954170227050781250e+00,-1.894662499427795410e+00,1.351628184318542480e+00,-1.669703483581542969e+00,-6.697520732879638672e+00,-4.087008953094482422e+00,-3.314540147781372070e+00,-4.053647041320800781e+00,-6.735572814941406250e+00,-1.008576774597167969e+01,-5.139928340911865234e+00,-3.373850584030151367e+00
4.496900177001953125e+01,4.530144500732421875e+01,4.502690124511718750e+01,4.516682434082031250e+01,4.541512680053710938e+01,4.561462783813476562e+01,4.286343383789062500e+01,4.087195968627929688e+01,4.426227951049804688e+01,5.410612487792968750e+01,3.785359954833984375e+01,3.372815322875976562e+01,3.218154525756835938e+01,2.815455245971679688e+01,4.398628234863281250e+01,6.634510040283203125e+01,6.320201873779296875e+01,5.740063476562500000e+01,5.487721252441406250e+01,2.942794036865234375e+01,8.926552772521972656e+00,-2.308507859706878662e-01,2.632205009460449219e+00,2.610681056976318359e+00,3.522794723510742188e+00,5.038242936134338379e-01,-1.080343055725097656e+01,-2.395427322387695312e+01,-3.402847290039062500e+01,-3.074581527709960938e+01,-1.787366867065429688e+01,9.002926826477050781e+00,3.594406127929687500e+01,5.549324417114257812e+01,5.879795837402343750e+01,5.516730499267578125e+01,4.984252166748046875e+01,4.646652221679687500e+01,6.112094497680664062e+01,7.044857788085937500e+01,6.856626129150390625e+01,6.886392211914062500e+01,6.348166275024414062e+01,6.382534790039062500e+01,6.109545898437500000e+01,4.964389801025390625e+01,5.464284515380859375e+01,5.863064575195312500e+01,2.594165802001953125e+01,-2.186457157135009766e+00,-1.387010955810546875e+01,-1.174508857727050781e+01,-5.096632003784179688e+00,1.387346649169921875e+01,9.955905914306640625e+00,6.002876758575439453e-01,-4.186182022094726562e+00,-5.590847015380859375e+00,-7.609686851501464844e+00,-4.251692771911621094e+00,-1.006436347961425781e+01,-2.039075851440429688e+01,-2.237658309936523438e+01,-1.958792495727539062e+01,-2.096284484863281250e+01,-1.356883716583251953e+01,6.231301426887512207e-01,-3.407262802124023438e+00,6.994727253913879395e-01,1.822940826416015625e+01,1.727275276184082031e+01,1.486312866210937500e+01,1.627540588378906250e+01,2.623502349853515625e+01,3.043575668334960938e+01,3.159934234619140625e+01,2.307725334167480469e+01,1.784273719787597656e+01,1.472304344177246094e+01,4.876990795135498047e+00,-1.153867912292480469e+01,-6.726050376892089844e+00,-6.149633407592773438e+00,-1.767553901672363281e+01,-3.039403915405273438e+01,-3.506065368652343750e+01,-3.124001502990722656e+01,-3.258498382568359375e+01,-2.778667831420898438e+01,-2.241326522827148438e+01,-2.049917793273925781e+01,-1.430935668945312500e+01,-9.782608032226562500e+00,-7.533259391784667969e+00,-9.586299657821655273e-01,5.572813510894775391e+00,1.980512809753417969e+01,3.500286102294921875e+01,4.111061096191406250e+01,3.634905242919921875e+01,3.442409515380859375e+01,4.124064636230468750e+01,5.220418548583984375e+01,5.035059356689453125e+01,4.263621902465820312e+01,3.392790222167968750e+01,3.312428283691406250e+01,3.786733245849609375e+01,3.521918106079101562e+01,2.507290649414062500e+01,2.585010719299316406e+01,2.555132293701171875e+01,2.624920463562011719e+01,2.356526565551757812e+01,1.815763473510742188e+01,2.693505096435546875e+01,3.806621932983398438e+01,3.507619476318359375e+01,3.855646514892578125e+01,4.722368240356445312e+01,5.111895751953125000e+01,4.670195770263671875e+01,4.170371246337890625e+01,3.999995803833007812e+01,3.138196182250976562e+01,2.763503646850585938e+01,2.938548088073730469e+01,4.093087005615234375e+01,4.669296264648437500e+01,4.646919250488281250e+01,5.015940093994140625e+01,4.339630126953125000e+01,1.192056751251220703e+01,-1.283900642395019531e+01,-2.992925071716308594e+01,-2.569133377075195312e+01,-9.324682235717773438e+00,3.705274105072021484e+00,1.330371475219726562e+01,1.743548202514648438e+01,2.815750503540039062e+01,2.917602920532226562e+01,3.252378082275390625e+01,1.625397300720214844e+01,7.723911285400390625e+00,1.739623260498046875e+01,2.663804244995117188e+01,3.002489662170410156e+01,2.569301986694335938e+01,-2.434231996536254883e+00,-3.361993408203125000e+01,-3.262445068359375000e+01,-1.882764816284179688e+01,-8.767152786254882812e+00,-8.702955245971679688e+00,2.870885610580444336e+00,3.269468307495117188e+00,2.128833055496215820e+00,2.532651901245117188e+01,5.137277221679687500e+01,5.025854492187500000e+01,3.610447311401367188e+01,5.073600006103515625e+01,5.990832519531250000e+01,6.426803588867187500e+01,4.322015762329101562e+01,1.274365806579589844e+01,-5.903433799743652344e+00,-1.062707328796386719e+01,-7.476663112640380859e+00,-2.997188091278076172e+00,-1.966018676757812500e-01,2.589334011077880859e+00,6.795574665069580078e+00,1.014903354644775391e+01,1.165421485900878906e+01,1.596835517883300781e+01,1.528355884552001953e+01,1.530475234985351562e+01,2.181009674072265625e+01,2.487119674682617188e+01,2.385806655883789062e+01,3.052473831176757812e+01,4.717394638061523438e+01,5.542692184448242188e+01,5.959913635253906250e+01,5.005725097656250000e+01,2.242449569702148438e+01,2.803762435913085938e+00,6.954718589782714844e+00,6.308809280395507812e+00,3.674117565155029297e+00,1.878112411499023438e+01,3.160064697265625000e+01,3.073790740966796875e+01,3.846378707885742188e+01,4.738787460327148438e+01,5.993342208862304688e+01,7.326528930664062500e+01,7.659704589843750000e+01,7.312696838378906250e+01,7.129594421386718750e+01,7.256680297851562500e+01,7.782452392578125000e+01,5.633609390258789062e+01,2.370068931579589844e+01,-1.199572801589965820e+00,-1.978323554992675781e+01,-3.216648101806640625e+01,-3.150958633422851562e+01,-1.988863754272460938e+01,-4.126215934753417969e+00,6.394566535949707031e+00,9.302783966064453125e+00,5.641183376312255859e+00,8.945241570472717285e-02,3.066267251968383789e+00,3.677281856536865234e+00,-5.261945724487304688e+00,-2.305730438232421875e+01,-3.668703460693359375e+01,-5.270705795288085938e+01,-4.945651245117187500e+01,-4.199926757812500000e+01,-2.714488220214843750e+01,-1.557451248168945312e+01,-7.473068237304687500e+00,-1.253603339195251465e+00,-7.953269481658935547e-01,-1.344100236892700195e-01,5.918737411499023438e+00,5.881344795227050781e+00,8.507096290588378906e+00,4.173437500000000000e+01,5.528776550292968750e+01,5.179324722290039062e+01,4.198575592041015625e+01,3.463375854492187500e+01,3.902793121337890625e+01,3.796038818359375000e+01,3.525939941406250000e+01,3.447958374023437500e+01,3.583506774902343750e+01,2.502222061157226562e+01,8.472355842590332031e+00,-1.025446414947509766e+01,-3.253171741962432861e-01,1.451756000518798828e+01,2.276601791381835938e+01,1.485589981079101562e+01,1.581021690368652344e+01,2.153071594238281250e+01,2.015872955322265625e+01,2.348361396789550781e+01,2.694961547851562500e+01,2.045662879943847656e+01,2.422081375122070312e+01,3.292899322509765625e+01,3.559864807128906250e+01,4.785512542724609375e+01,6.046869659423828125e+01,5.994438171386718750e+01,4.684830474853515625e+01,4.012913131713867188e+01,2.800445938110351562e+01,2.942106246948242188e+01,1.419508934020996094e+01,1.519841384887695312e+01,3.774108123779296875e+01,6.067711639404296875e+01,7.383477020263671875e+01,8.227928161621093750e+01,5.855128860473632812e+01,5.285295867919921875e+01,5.472917175292968750e+01,3.340065765380859375e+01,1.128332138061523438e+01,-4.075036525726318359e+00,1.917859077453613281e+00,2.302452087402343750e+01,3.706840515136718750e+01,4.316371917724609375e+01,4.182737731933593750e+01,3.896417999267578125e+01,4.362361145019531250e+01,4.298320388793945312e+01,5.434864044189453125e+01,6.770852661132812500e+01,4.312654113769531250e+01,2.322304534912109375e+01,1.190750503540039062e+01,1.295795202255249023e+00,-6.475899696350097656e+00,-1.070902919769287109e+01,-9.135578155517578125e+00,-7.151312828063964844e+00,-8.053578376770019531e+00,-1.192683792114257812e+01,-1.129180145263671875e+01,-8.724155426025390625e+00,-8.988706588745117188e+00,-1.024326324462890625e+01,-6.663774490356445312e+00,6.352196693420410156e+00,2.374637222290039062e+01,3.213649749755859375e+01,3.594318389892578125e+01,3.777936935424804688e+01,2.986097335815429688e+01,3.005154037475585938e+01,3.194890213012695312e+01,4.999628448486328125e+01,4.862728118896484375e+01,3.074931716918945312e+01,2.250090789794921875e+01,2.086611366271972656e+01,2.244267654418945312e+01,2.270655441284179688e+01,2.765295791625976562e+01,3.040593338012695312e+01,3.003754425048828125e+01,2.898683166503906250e+01,3.357307815551757812e+01,3.119873619079589844e+01,3.210693740844726562e+01,3.678218460083007812e+01,3.396886444091796875e+01,3.265245056152343750e+01,3.429698944091796875e+01,3.056467247009277344e+01,2.310638427734375000e+01,2.204976081848144531e+01,2.496067619323730469e+01,2.848104858398437500e+01,3.498837280273437500e+01,4.116279602050781250e+00,-1.877186775207519531e+01,-1.663625907897949219e+01,2.945108413696289062e+00,1.736899375915527344e+01,3.255578613281250000e+01,2.783370208740234375e+01,2.199429321289062500e+01,1.883572769165039062e+01,5.780971050262451172e+00,-1.278954863548278809e+00,-2.033117771148681641e+00,2.714645862579345703e+00,1.755241584777832031e+01,1.283604621887207031e+01,1.719161605834960938e+01,2.548938369750976562e+01,2.649814224243164062e+01,2.623024368286132812e+01,5.223641967773437500e+01,7.607658386230468750e+01,8.912843322753906250e+01,8.778458404541015625e+01,9.010585784912109375e+01,8.801652526855468750e+01,7.552713012695312500e+01,2.516952133178710938e+01,-1.125060272216796875e+01,-2.651443099975585938e+01,-2.739111709594726562e+01,-1.081930446624755859e+01,1.345036745071411133e+00,7.941147804260253906e+00,2.138020706176757812e+01,1.692062377929687500e+01,8.689432144165039062e+00,-5.741802692413330078e+00,-1.025858116149902344e+01,-1.044131946563720703e+01,-8.897401809692382812e+00,-7.050631999969482422e+00,-1.345559406280517578e+01,-2.692275619506835938e+01,-2.623018646240234375e+01,-1.275736427307128906e+01,-6.915900707244873047e+00,-7.479106903076171875e+00,6.705588698387145996e-01,3.544619083404541016e+00,1.983645558357238770e+00,1.551735401153564453e+00,1.200650691986083984e+01,1.612614440917968750e+01,1.451543617248535156e+01,1.093763923645019531e+01,1.133761978149414062e+01,1.821314811706542969e+01,2.887454795837402344e+01,3.379501724243164062e+01,3.404495239257812500e+01,3.126680374145507812e+01,2.065838623046875000e+01,1.711850929260253906e+01,1.477706336975097656e+01,1.281166553497314453e+01,1.099613857269287109e+01,1.364057254791259766e+01,5.961221218109130859e+00,2.714033603668212891e+00,1.617983818054199219e+01,1.949415016174316406e+01,1.337789535522460938e+01,8.241596221923828125e+00,9.527994155883789062e+00,1.993611907958984375e+01,2.893702888488769531e+01,3.143120956420898438e+01,2.985631561279296875e+01,2.777039718627929688e+01,3.050957107543945312e+01,3.012050628662109375e+01,2.725651550292968750e+01,2.710707664489746094e+01,3.243837356567382812e+01,4.832454681396484375e+01,5.663282775878906250e+01,5.988191223144531250e+01,6.337564849853515625e+01,6.468461608886718750e+01,6.219370651245117188e+01,6.405249023437500000e+01,5.862833023071289062e+01,4.912233352661132812e+01,4.272171783447265625e+01,3.438058090209960938e+01,3.767688751220703125e+01,3.876383209228515625e+01,4.237835311889648438e+01,4.856402587890625000e+01,4.970984649658203125e+01,3.844261550903320312e+01,4.189157104492187500e+01,5.990171432495117188e+01,6.477849578857421875e+01,6.428372955322265625e+01,6.065043640136718750e+01,5.423245620727539062e+01,4.494917297363281250e+01,4.937837982177734375e+01,7.281471252441406250e+01,8.153205871582031250e+01,9.429853057861328125e+01,1.000948257446289062e+02,1.041904602050781250e+02,9.335284423828125000e+01,5.733695220947265625e+01,3.845463562011718750e+01,4.441901779174804688e+01,2.354625892639160156e+01,5.786088943481445312e+00,1.215622520446777344e+01,2.991872024536132812e+01,3.929408264160156250e+01,4.284503936767578125e+01,3.772314834594726562e+01,2.666514968872070312e+01,2.307730102539062500e+01,9.623222351074218750e+00,2.757254123687744141e+00,-1.280977153778076172e+01,-2.189143371582031250e+01,-1.248042678833007812e+01,8.665665626525878906e+00,3.367245483398437500e+01,4.652017211914062500e+01,2.394237518310546875e+01,1.144490623474121094e+01,7.220132827758789062e+00,2.242812728881835938e+01,4.609035491943359375e+01,5.332529067993164062e+01,5.573165130615234375e+01,5.115980911254882812e+01,3.733234024047851562e+01,1.976819038391113281e+01,1.780789184570312500e+01,1.797112655639648438e+01,9.750600814819335938e+00,-1.947635459899902344e+01,-2.076163864135742188e+01,-8.574982643127441406e+00,-6.793200969696044922e-02,-7.332276105880737305e-01,3.941593647003173828e+00,8.543865084648132324e-01,-3.879318237304687500e+00,-8.271111488342285156e+00,-1.005392742156982422e+01,-2.159658622741699219e+01,-3.147629165649414062e+01,-2.817057037353515625e+01,-1.274752998352050781e+01,2.659001541137695312e+01,4.224937438964843750e+01,4.487867736816406250e+01,2.589404296875000000e+01,1.541633319854736328e+01,6.034249782562255859e+00,-7.791755676269531250e+00,-1.827832412719726562e+01,-2.395174789428710938e+01,-1.911650276184082031e+01,-1.420482826232910156e+01,-7.711866378784179688e+00,5.328581237792968750e+01,7.042990112304687500e+01,7.432330322265625000e+01,7.954927062988281250e+01,7.739804077148437500e+01,5.869745635986328125e+01,3.308161163330078125e+01,3.033040237426757812e+01,3.413332748413085938e+01,3.724881744384765625e+01,4.255341339111328125e+01,3.847084808349609375e+01,2.481567573547363281e+01,2.723550796508789062e+01,3.540742111206054688e+01,3.983961868286132812e+01,3.814806365966796875e+01,3.407672882080078125e+01,3.361283874511718750e+01,3.028506469726562500e+01,2.783034133911132812e+01,2.742163467407226562e+01,3.148781204223632812e+01,3.331150436401367188e+01,2.674237060546875000e+01,2.285824966430664062e+01,1.539366722106933594e+01,1.711267852783203125e+01,2.170179367065429688e+01,2.923347282409667969e+01,3.262398529052734375e+01,3.190399169921875000e+01,2.954655075073242188e+01,3.003880500793457031e+01,2.572537994384765625e+01,2.404183006286621094e+01,3.051507186889648438e+01,3.742539978027343750e+01,3.711830139160156250e+01,3.353558349609375000e+01,3.741561126708984375e+01,3.972284698486328125e+01,4.017055511474609375e+01,4.304894256591796875e+01,3.945879745483398438e+01,3.419945526123046875e+01,3.724542236328125000e+01,4.109091567993164062e+01,4.314302825927734375e+01,3.645278167724609375e+01,3.224335479736328125e+01,3.168967437744140625e+01,3.726740646362304688e+01,7.139261627197265625e+01,7.929426574707031250e+01,5.886007690429687500e+01,2.824903678894042969e+01,1.674270629882812500e+01,4.430988311767578125e+00,1.600125432014465332e+00,1.382648658752441406e+01,3.266249847412109375e+01,3.591028594970703125e+01,3.470712661743164062e+01,3.601348876953125000e+01,3.655465698242187500e+01,4.073124694824218750e+01,4.530558776855468750e+01,4.371621704101562500e+01,4.588915252685546875e+01,5.282128143310546875e+01,5.121681976318359375e+01,4.487266540527343750e+01,2.642318344116210938e+01,1.838143348693847656e+01,2.574157524108886719e+01,3.615875244140625000e+01,5.888751983642578125e+01,4.423224639892578125e+01,1.749709320068359375e+01,6.277296543121337891e+00,1.743322014808654785e+00,-3.020217895507812500e+00,4.877610206604003906e+00,1.608384323120117188e+01,2.056859970092773438e+01,1.743976020812988281e+01,1.323709201812744141e+01,6.353381633758544922e+00,-5.306279659271240234e+00,-1.914923191070556641e+00,7.341089248657226562e+00,6.792429924011230469e+00,9.731277465820312500e+00,1.512104415893554688e+01,1.153839492797851562e+01,9.768676757812500000e+00,2.360073089599609375e+01,2.801403236389160156e+01,2.872888755798339844e+01,2.330958557128906250e+01,1.639064788818359375e+01,5.956493854522705078e+00,4.930713176727294922e-01,3.549097061157226562e+00,2.495899963378906250e+01,3.023386764526367188e+01,3.661621856689453125e+01,4.135663604736328125e+01,3.931223678588867188e+01,3.338279724121093750e+01,3.313375854492187500e+01,4.138774871826171875e+01,4.015828323364257812e+01,2.605030441284179688e+01,2.261771202087402344e+01,2.882942008972167969e+01,3.049892807006835938e+01,3.058680343627929688e+01,2.498570632934570312e+01,1.986336517333984375e+01,8.268921852111816406e+00,-1.632338166236877441e+00,1.910729885101318359e+00,2.357077407836914062e+01,4.644097137451171875e+01,5.217936706542968750e+01,5.648762512207031250e+01,5.501506423950195312e+01,5.380178070068359375e+01,5.269829940795898438e+01,5.645664978027343750e+01,5.817392730712890625e+01,5.706360626220703125e+01,5.540090560913085938e+01,4.637397766113281250e+01,4.533137512207031250e+01,2.754570770263671875e+01,-1.685764312744140625e+01,-2.090274810791015625e+01,-1.919849777221679688e+01,-1.087097740173339844e+01,6.000990867614746094e+00,2.570157432556152344e+01,3.659149169921875000e+01,3.349823760986328125e+01,1.967354393005371094e+01,-7.400651454925537109e+00,-2.753998184204101562e+01,-2.690111732482910156e+01,-1.369608497619628906e+01,2.761567115783691406e+00,1.066258049011230469e+01,1.455116271972656250e+01,1.783053970336914062e+01,1.965734481811523438e+01,1.921663475036621094e+01,3.706806421279907227e+00,-2.896969795227050781e+00,-7.598020553588867188e+00,-1.186081123352050781e+01,-1.417890167236328125e+01,-1.193386554718017578e+01,-1.791481781005859375e+01,-3.172148132324218750e+01,-4.027522277832031250e+01,-3.815578460693359375e+01,-3.102147483825683594e+01,-1.985381317138671875e+01,-1.361677551269531250e+01,-7.789697647094726562e+00,-5.506821155548095703e+00,-7.710173130035400391e+00,-9.014381408691406250e+00,-5.081323623657226562e+00,-4.738538742065429688e+00,-5.724493980407714844e+00,-3.506786346435546875e+00,-6.218827247619628906e+00,-1.327013397216796875e+01,-1.044475364685058594e+01,-5.773658752441406250e+00,-1.544332742691040039e+00,1.765897512435913086e+00,4.012254238128662109e+00,1.536712646484375000e+01,1.370598316192626953e+01,1.155121612548828125e+01,2.051694107055664062e+01,2.773925399780273438e+01,3.375307846069335938e+01,3.258344650268554688e+01,3.621084594726562500e+01,3.888208007812500000e+01,3.955580902099609375e+01,3.513571548461914062e+01,3.408141708374023438e+01,2.678181838989257812e+01,1.880205535888671875e+01,1.638600540161132812e+01,1.842509841918945312e+01,2.056292343139648438e+01,3.111056137084960938e+01,3.262715911865234375e+01,-1.336023688316345215e+00,-2.673604202270507812e+01,-2.033667373657226562e+01,5.478231430053710938e+00,2.346653747558593750e+01,2.339896774291992188e+01,2.553377723693847656e+01,2.593927383422851562e+01,2.591006469726562500e+01,2.728520393371582031e+01,3.453223419189453125e+01,5.093975830078125000e+01,6.820035552978515625e+01,7.762570190429687500e+01,7.644942474365234375e+01,6.887356567382812500e+01,6.316061401367187500e+01,5.533946990966796875e+01,5.251378631591796875e+01,4.968553924560546875e+01,4.211582183837890625e+01,4.100922393798828125e+01,4.587436676025390625e+01,5.254325103759765625e+01,5.646376800537109375e+01,5.118820953369140625e+01,5.056797409057617188e+01,4.426436996459960938e+01,3.458646392822265625e+01,4.162747192382812500e+01,4.458837127685546875e+01,3.909198379516601562e+01,3.859182357788085938e+01,3.540870666503906250e+01,3.462392425537109375e+01,3.197439193725585938e+01,2.710844421386718750e+01,2.742570877075195312e+01,2.787859153747558594e+01,3.167967605590820312e+01,2.907261657714843750e+01,2.531328964233398438e+01,2.202994918823242188e+01,2.279263877868652344e+01,2.996585845947265625e+01,3.466186904907226562e+01,3.612935256958007812e+01,2.695717811584472656e+01,2.694454956054687500e+01,2.601592636108398438e+01,2.757619094848632812e+01,4.300160980224609375e+01,3.814837646484375000e+01,3.456124877929687500e+01,4.196472930908203125e+01,5.213298797607421875e+01,5.552148437500000000e+01,5.562623596191406250e+01,5.899553680419921875e+01,5.849306488037109375e+01,5.700927734375000000e+01,6.192499923706054688e+01,6.057522583007812500e+01,4.681334686279296875e+01,2.927550125122070312e+01,2.840857696533203125e+01,4.009985733032226562e+01,4.459037017822265625e+01,3.399855804443359375e+01,1.892141914367675781e+01,1.595541954040527344e+01,2.795603561401367188e+01,3.354282379150390625e+01,5.098796081542968750e+01,7.757469940185546875e+01,8.950994873046875000e+01,9.891350555419921875e+01,9.511727905273437500e+01,7.648913574218750000e+01,5.671905136108398438e+01,4.084015274047851562e+01,3.820436859130859375e+01,3.626351928710937500e+01,2.285789489746093750e+01,6.678077697753906250e+00,-1.026000595092773438e+01,-1.572099304199218750e+01,-1.781955718994140625e+01,-1.673469161987304688e+01,-1.179737377166748047e+01,-6.160760879516601562e+00,-7.005029201507568359e+00,-3.629038333892822266e+00,-1.469492912292480469e-03,8.344730138778686523e-01,5.098889350891113281e+00,6.769332885742187500e+00,5.235727310180664062e+00,3.612241506576538086e+00,9.544691085815429688e+00,2.021087646484375000e+01,1.418617630004882812e+01,1.637874221801757812e+01,1.864930343627929688e+01,1.711974716186523438e+01,1.974371719360351562e+01,2.808451461791992188e+01,3.375341033935546875e+01,3.395112991333007812e+01,5.223744964599609375e+01,4.633637237548828125e+01,4.301660919189453125e+01,4.494721221923828125e+01,5.591458129882812500e+01,7.557644653320312500e+01,8.767248535156250000e+01,8.876062774658203125e+01,8.571026611328125000e+01,8.067375183105468750e+01,7.448779296875000000e+01,6.781375122070312500e+01,5.613478851318359375e+01,3.881859588623046875e+01,3.412845230102539062e+01,3.898097991943359375e+01,4.005334472656250000e+01,3.725740051269531250e+01,4.022581481933593750e+01,4.418176269531250000e+01,4.660499191284179688e+01,4.841105270385742188e+01,4.906462097167968750e+01,1.051734542846679688e+01,-2.263705015182495117e+00,-4.275130748748779297e+00,-9.102617263793945312e+00,-1.360281276702880859e+01,-1.611458587646484375e+01,-1.584987258911132812e+01,-2.120039367675781250e+01,-2.546021270751953125e+01,-2.860118103027343750e+01,-2.843376922607421875e+01,-2.099138259887695312e+01,-1.106405639648437500e+01,9.256730079650878906e+00,3.203507995605468750e+01,4.258868408203125000e+01,2.790056991577148438e+01,3.121215438842773438e+01,4.632798004150390625e+01,5.323295593261718750e+01,4.654880523681640625e+01,4.070345687866210938e+01,3.493068695068359375e+01,2.548399353027343750e+01,2.196862030029296875e+01,1.548415374755859375e+01,1.552112388610839844e+01,1.329805946350097656e+01,1.692103958129882812e+01,2.553884506225585938e+01,6.996046447753906250e+01,8.529975128173828125e+01,8.763902282714843750e+01,6.738484191894531250e+01,4.371794891357421875e+01,4.263543701171875000e+01,4.626176071166992188e+01,3.275131988525390625e+01,1.442352485656738281e+01,1.977399438619613647e-01,-6.210374832153320312e-02,3.875472068786621094e+00,9.092746734619140625e+00,2.230785179138183594e+01,1.432820510864257812e+01,1.041215991973876953e+01,2.649649238586425781e+01,5.379541778564453125e+01,6.106719207763671875e+01,5.993873596191406250e+01,5.663307952880859375e+01,5.092116928100585938e+01,5.119724655151367188e+01,3.469290542602539062e+01,3.045660400390625000e+01,3.734499359130859375e+01,4.805663299560546875e+01,5.999992370605468750e+01,7.517634582519531250e+01,7.974961853027343750e+01,8.081127929687500000e+01,8.085906982421875000e+01,7.921488952636718750e+01,8.135472106933593750e+01,6.989049530029296875e+01,5.492372894287109375e+01,4.217587661743164062e+01,3.367245483398437500e+01,2.563955116271972656e+01,2.374252700805664062e+01,2.764046859741210938e+01,2.318278121948242188e+01,1.443043518066406250e+01,3.172110748291015625e+01,3.911381530761718750e+01,4.093678283691406250e+01,4.271898269653320312e+01,4.784332275390625000e+01,5.021395111083984375e+01,5.872368621826171875e+01,5.431122589111328125e+01,4.395085144042968750e+01,2.814865493774414062e+01,1.432732582092285156e+01,1.144127726554870605e+00,-1.176784038543701172e+00,9.244071841239929199e-01,1.309964418411254883e+00,-1.214561462402343750e+00,2.750535964965820312e+00,1.054511070251464844e+01,1.767422294616699219e+01,1.736239242553710938e+01,1.436703109741210938e+01,1.477327728271484375e+01,4.130117416381835938e+00,-7.250905036926269531e+00,-1.124865531921386719e+01,-7.614460945129394531e+00,4.302849292755126953e+00,1.436388874053955078e+01,2.475822448730468750e+01,2.575402259826660156e+01,3.877659606933593750e+01,6.541110992431640625e+01,9.175214385986328125e+01,1.024590072631835938e+02,1.009456481933593750e+02,9.782791137695312500e+01,9.133613586425781250e+01,8.174333190917968750e+01,7.235984802246093750e+01,6.032617187500000000e+01,4.496677017211914062e+01,3.369415664672851562e+01,2.563049125671386719e+01,1.505254077911376953e+01,1.577685546875000000e+01,2.402950286865234375e+01,3.432489013671875000e+01,3.674404144287109375e+01,3.519007110595703125e+01,3.787902450561523438e+01,3.820702362060546875e+01,3.496883392333984375e+01,3.270986175537109375e+01,2.849852752685546875e+01,2.796039009094238281e+01,2.831051826477050781e+01,2.819387817382812500e+01,2.882671546936035156e+01,3.012672805786132812e+01,2.923472976684570312e+01,2.780641365051269531e+01,2.473744201660156250e+01,2.989975166320800781e+01,3.378562927246093750e+01,3.970016860961914062e+01,4.490715026855468750e+01,4.841955566406250000e+01,5.107628631591796875e+01,5.141643524169921875e+01,4.677525329589843750e+01,4.114849853515625000e+01,3.318112564086914062e+01,2.508277893066406250e+01,2.783671188354492188e+01,4.158960723876953125e+01,6.499963378906250000e+01,7.730410766601562500e+01,8.676697540283203125e+01,9.168243408203125000e+01,7.997894287109375000e+01,5.120918273925781250e+01,2.466058731079101562e+01,-5.619175910949707031e+00,-5.248683929443359375e+00,1.158714294433593750e+00,6.861319541931152344e+00,7.491809368133544922e+00,6.606586456298828125e+00,5.129259586334228516e+00,4.184106349945068359e+00,5.571627616882324219e+00,7.701623916625976562e+00,8.601667404174804688e+00,4.634208202362060547e+00,4.888476371765136719e+00,2.504199981689453125e+01,4.656444168090820312e+01,5.837945175170898438e+01,6.984055328369140625e+01,7.539604187011718750e+01,7.491624450683593750e+01,8.360278320312500000e+01,8.885258483886718750e+01,9.232235717773437500e+01,9.522131347656250000e+01,8.536499023437500000e+01,8.021208190917968750e+01,7.689415740966796875e+01,7.732733154296875000e+01,4.030849456787109375e+01,2.400685501098632812e+01,2.212701416015625000e+01,5.234569549560546875e+00,6.062296867370605469e+00,9.144773483276367188e+00,1.712243652343750000e+01,3.042011642456054688e+01,4.163835906982421875e+01,4.433485031127929688e+01,4.823910522460937500e+01,5.108153915405273438e+01,5.010639190673828125e+01,4.691537475585937500e+01,5.330434417724609375e+01,5.663653564453125000e+01,5.719460678100585938e+01,6.872428894042968750e+01,6.630432128906250000e+01,6.177904510498046875e+01,5.422809600830078125e+01,6.012365722656250000e+01,7.569259643554687500e+01,8.523529052734375000e+01,8.440866088867187500e+01,6.935003662109375000e+01,6.229199218750000000e+01,6.685655212402343750e+01,7.634185791015625000e+01,8.734513854980468750e+01,8.251569366455078125e+01,6.042620849609375000e+01,5.104772949218750000e+01,6.798712921142578125e+01,7.771014404296875000e+01,7.484347534179687500e+01,7.210478210449218750e+01,7.675199890136718750e+01,6.231529998779296875e+01,5.620680999755859375e+01,6.889839935302734375e+01,8.275663757324218750e+01,1.038011627197265625e+02,9.471586608886718750e+01,8.823425292968750000e+01,5.197672271728515625e+01,1.067732048034667969e+01,-2.378968954086303711e+00,-7.017737388610839844e+00,-9.848297119140625000e+00,-7.687454700469970703e+00,-2.443276214599609375e+01,-2.934456634521484375e+01,-2.049425506591796875e+01,2.023507595062255859e+00,3.397676849365234375e+01,5.061046600341796875e+01,5.478727722167968750e+01,5.785597991943359375e+01,5.774161529541015625e+01,5.278614044189453125e+01,4.805406951904296875e+01,4.213061141967773438e+01,4.828827285766601562e+01,4.484547042846679688e+01,4.422469329833984375e+01,4.700364685058593750e+01,4.908364868164062500e+01,4.625262832641601562e+01,4.842406082153320312e+01,5.110309219360351562e+01,4.363819122314453125e+01,4.487181091308593750e+01,4.355979537963867188e+01,3.601795196533203125e+01,3.588776397705078125e+01,3.857586669921875000e+01,4.452863311767578125e+01,4.404387283325195312e+01,3.781930923461914062e+01,3.585559082031250000e+01,3.795697784423828125e+01,4.022849273681640625e+01,4.202935028076171875e+01,4.293663406372070312e+01,3.811067199707031250e+01,4.181610107421875000e+01,4.632523345947265625e+01,4.355673980712890625e+01,3.997051239013671875e+01,3.501692199707031250e+01,3.098138046264648438e+01,2.491351318359375000e+01,2.287089538574218750e+01,1.486229515075683594e+01,1.330459976196289062e+01,2.170629119873046875e+01,2.656335639953613281e+01,3.046344375610351562e+01,4.216204833984375000e+01,2.812960433959960938e+01,8.158489227294921875e+00,-9.520108222961425781e+00,-3.744214248657226562e+01,-4.979921340942382812e+01,-4.122118759155273438e+01,-2.638389587402343750e+01,-1.332717537879943848e+00,7.192783355712890625e+00,2.391020202636718750e+01,2.898610687255859375e+01,2.157089614868164062e+01,1.518576526641845703e+01,1.131079864501953125e+01,1.974321746826171875e+01,1.499016761779785156e+01,-3.093762016296386719e+01,-4.198084640502929688e+01,-3.405248641967773438e+01,-1.478667449951171875e+01,-7.978950023651123047e+00,-9.878643035888671875e+00,-5.630110740661621094e+00,1.147481441497802734e+01,3.014090347290039062e+01,2.849797821044921875e+01,1.588798046112060547e+01,1.760183715820312500e+01,2.296734046936035156e+01,4.761651992797851562e+01,6.385004425048828125e+01,6.808459472656250000e+01,5.446696472167968750e+01,4.469342422485351562e+01,3.638610839843750000e+01,2.936868476867675781e+01,3.944678878784179688e+01,5.208261489868164062e+01,5.941399002075195312e+01,6.713371276855468750e+01,7.313372802734375000e+01,7.180722045898437500e+01,6.596524047851562500e+01,6.111607360839843750e+01,5.742634582519531250e+01,5.652603912353515625e+01,5.483732604980468750e+01,4.305629730224609375e+01,4.141503143310546875e+01,5.011334228515625000e+01,4.486608123779296875e+01,3.898307800292968750e+01,2.206738281250000000e+01,1.978279113769531250e+01,1.067819595336914062e+01,8.481199264526367188e+00,1.320037937164306641e+01,2.113130760192871094e+01,2.276943206787109375e+01,2.537644767761230469e+01,2.760455513000488281e+01,2.992296218872070312e+01,3.220390319824218750e+01,3.495532989501953125e+01,3.806315612792968750e+01,4.175750732421875000e+01,3.956077575683593750e+01,4.203890991210937500e+01,5.180196380615234375e+01,6.262709808349609375e+01,7.666401672363281250e+01,9.001689910888671875e+01,7.501070404052734375e+01,4.564113616943359375e+01,2.303991127014160156e+01,5.389729499816894531e+00,2.864101886749267578e+00,9.107337951660156250e+00,1.949783706665039062e+01,1.792634582519531250e+01,2.561356353759765625e+01,3.903029632568359375e+01,4.605883026123046875e+01,4.798540878295898438e+01,4.416875457763671875e+01,3.950588226318359375e+01,3.325671005249023438e+01,3.627497100830078125e+01,3.438542175292968750e+01,3.143099594116210938e+01,6.105261230468750000e+01,8.127041625976562500e+01,8.068763732910156250e+01,7.689892578125000000e+01,7.920638275146484375e+01,7.590330505371093750e+01,7.315638732910156250e+01,7.085381317138671875e+01,6.320679855346679688e+01,4.754357528686523438e+01,4.302770233154296875e+01,4.425863647460937500e+01,4.853568267822265625e+01,4.859352111816406250e+01,4.607840728759765625e+01,4.208064270019531250e+01,3.924130249023437500e+01,3.887056732177734375e+01,3.056101799011230469e+01,2.298429489135742188e+01,3.675251388549804688e+01,4.240626144409179688e+01,4.927997589111328125e+01,5.777480697631835938e+01,6.220401000976562500e+01,5.167469787597656250e+01,5.179069519042968750e+01,5.220593643188476562e+01,5.573219299316406250e+01,5.966655349731445312e+01,7.389399719238281250e+01,6.212731170654296875e+01,4.206308746337890625e+01,3.354402160644531250e+01,2.630529022216796875e+01,2.165825080871582031e+01,3.510793304443359375e+01,4.515741348266601562e+01,5.450941467285156250e+01,5.603181457519531250e+01,5.497333526611328125e+01,4.782083129882812500e+01,3.621429443359375000e+01,2.729094696044921875e+01,2.193585205078125000e+01,2.300738716125488281e+01,3.080133056640625000e+01,5.370267868041992188e+01,6.188476562500000000e+01,6.166226577758789062e+01,5.598687744140625000e+01,5.379852676391601562e+01,5.095670318603515625e+01,4.492018890380859375e+01,4.538764953613281250e+01,4.761783599853515625e+01,4.959249114990234375e+01,5.154518890380859375e+01,4.791762924194335938e+01,4.288083648681640625e+01,3.515214157104492188e+01,2.920326614379882812e+01,3.333682250976562500e+01,3.377543640136718750e+01,3.266500091552734375e+01,3.293112182617187500e+01,3.435812759399414062e+01,3.000605773925781250e+01,2.674493026733398438e+01,1.947710037231445312e+01,7.304950714111328125e+00,-1.509907484054565430e+00,-1.573950386047363281e+01,-2.459143829345703125e+01,-2.908499717712402344e+01,-2.750259017944335938e+01,-1.888621330261230469e+01,-5.566680908203125000e+00,-8.235468864440917969e+00,-1.143791294097900391e+01,-1.529017066955566406e+01,-1.423041725158691406e+01,-2.045675277709960938e+00,-8.751517534255981445e-01,9.397935867309570312e+00,5.073211669921875000e+01,5.566265106201171875e+01,5.601759719848632812e+01,6.175343704223632812e+01,7.120148468017578125e+01,8.219999694824218750e+01,8.571998596191406250e+01,8.495250701904296875e+01,8.068302154541015625e+01,7.307963562011718750e+01,6.325194549560546875e+01,5.593994140625000000e+01,4.453556823730468750e+01,2.959217071533203125e+01,2.255449676513671875e+01,2.485670471191406250e+01,3.557280731201171875e+01,3.846876144409179688e+01,3.786739349365234375e+01,4.237056732177734375e+01,5.053398513793945312e+01,4.670230102539062500e+01,4.124044036865234375e+01,4.461432266235351562e+01,4.386265563964843750e+01,3.219078826904296875e+01,3.338162231445312500e+01,3.205214691162109375e+01,2.204586791992187500e+01,2.916579723358154297e+00,-1.271181011199951172e+01,-1.563839244842529297e+01,-9.404167175292968750e+00,-1.065038871765136719e+01,-4.063102722167968750e+00,6.548948287963867188e+00,6.826879978179931641e+00,-7.761962890625000000e+00,-1.125808334350585938e+01,-7.322090625762939453e+00,-1.402101993560791016e+00,2.292087793350219727e+00,3.377789974212646484e+00,6.538385391235351562e+00,1.239931774139404297e+01,1.037108993530273438e+01,-3.137549161911010742e+00,-9.372922897338867188e+00,-1.139476013183593750e+01,-6.234462738037109375e+00,-2.859442234039306641e-01,7.914745330810546875e+00,1.802471923828125000e+01,9.446382522583007812e+00,6.021732330322265625e+00,1.560849571228027344e+01,1.292574691772460938e+01,3.545185565948486328e+00,-3.040318727493286133e+00,-2.214205265045166016e-02,-1.045250535011291504e+00,-7.058935642242431641e+00,-7.875467300415039062e+00,-6.669357776641845703e+00,7.942632675170898438e+00,2.026043319702148438e+01,2.037871170043945312e+01,1.465420055389404297e+01,2.633150482177734375e+01,3.472128295898437500e+01,4.577695846557617188e+01,5.008649826049804688e+01,5.179649353027343750e+01,5.030395507812500000e+01,4.928872680664062500e+01,4.233010101318359375e+01,3.290513229370117188e+01,2.938030624389648438e+01,1.984247589111328125e+01,1.199688339233398438e+01,5.654372215270996094e+00,1.451649093627929688e+01,1.686148452758789062e+01,1.810561752319335938e+01,2.592933654785156250e+01,3.890771484375000000e+01,5.720415496826171875e+01,7.806734466552734375e+01,8.785769653320312500e+01,9.038945007324218750e+01,8.842889404296875000e+01,8.472166442871093750e+01,7.369490814208984375e+01,5.737375640869140625e+01,3.584997940063476562e+01,2.004279899597167969e+01,1.510946273803710938e+01,1.778968811035156250e+01,2.300221252441406250e+01,2.450634002685546875e+01,2.585868835449218750e+01,2.701074028015136719e+01,2.578620719909667969e+01,2.997710418701171875e+01,2.773980903625488281e+01,3.317596817016601562e+01,4.364646148681640625e+01,4.961500167846679688e+01,4.768312835693359375e+01,4.271273040771484375e+01,5.347523117065429688e+01,7.346133422851562500e+01,8.079745483398437500e+01,8.696876525878906250e+01,8.407465362548828125e+01,7.556196594238281250e+01,5.609965515136718750e+01,4.123617553710937500e+01,4.124138641357421875e+01,5.292079925537109375e+01,5.024918365478515625e+01,4.361639404296875000e+01,4.619240570068359375e+01,5.620013427734375000e+01,2.696890640258789062e+01,1.245083618164062500e+01,7.717153072357177734e+00,3.168626546859741211e+00,-3.308487415313720703e+00,-1.757962417602539062e+01,-1.906725502014160156e+01,-1.592569351196289062e+01,-3.268783569335937500e+00,3.341518402099609375e+01,6.389638519287109375e+01,7.465971374511718750e+01,6.060958862304687500e+01,2.992013168334960938e+01,-7.170489311218261719e+00,-3.104553031921386719e+01,-3.780061721801757812e+01,-3.251919174194335938e+01,-2.860600280761718750e+01,-2.985677719116210938e+01,-2.939672088623046875e+01,-2.593148803710937500e+01,-2.345347976684570312e+01,-1.456765365600585938e+01,-1.135163688659667969e+01,-1.186483192443847656e+01,-1.016104602813720703e+01,-5.003731727600097656e+00,8.734441757202148438e+00,2.895311737060546875e+01,3.528704833984375000e+01,2.922315597534179688e+01,1.405615425109863281e+01,8.124568939208984375e+00,8.182394981384277344e+00,3.692151308059692383e+00,2.795292663574218750e+01,4.234960937500000000e+01,4.365943908691406250e+01,4.692938995361328125e+01,5.415766143798828125e+01,5.221376800537109375e+01,4.657854461669921875e+01,4.888250732421875000e+01,4.338843536376953125e+01,3.827533721923828125e+01,3.721382141113281250e+01,3.555326080322265625e+01,3.687486267089843750e+01,4.965312957763671875e+01,4.735888671875000000e+01,3.755018615722656250e+01,3.854520416259765625e+01,4.271900939941406250e+01,4.053797149658203125e+01,3.859494018554687500e+01,4.040438461303710938e+01,4.256325912475585938e+01,4.535306549072265625e+01,4.475031280517578125e+01,4.547635269165039062e+01,4.794815826416015625e+01,4.606618499755859375e+01,4.010338973999023438e+01,4.089981079101562500e+01,4.500454711914062500e+01,4.226911926269531250e+01,3.466469573974609375e+01,2.390264129638671875e+01,2.054957008361816406e+01,4.015058898925781250e+01,7.875662994384765625e+01,7.417694091796875000e+01,4.619497680664062500e+01,8.107186317443847656e+00,-1.109843373298645020e+00,-8.886235237121582031e+00,-1.766547775268554688e+01,-1.835997390747070312e+01,-1.248060417175292969e+01,-3.216164827346801758e+00,-9.819042682647705078e-01,-1.469215273857116699e+00,4.864819526672363281e+00,2.600694847106933594e+01,2.732337951660156250e+01,2.124451828002929688e+01,2.056048965454101562e+01,2.093488693237304688e+01,1.384285926818847656e+01,-4.894062042236328125e+00,-2.099288940429687500e+01,-3.046466255187988281e+01,-2.728169441223144531e+01,-1.345090866088867188e+01,4.328331947326660156e+00,7.988565444946289062e+00,1.054469394683837891e+01,1.183723545074462891e+01,3.809258460998535156e+00,-9.218605041503906250e+00,-1.019573020935058594e+01,-7.477496147155761719e+00,-8.091414451599121094e+00,-9.052395820617675781e+00,1.357818245887756348e+00,1.194464778900146484e+01,1.502612018585205078e+01,1.581760978698730469e+01,1.296045398712158203e+01,3.856096267700195312e+00,-7.301363468170166016e+00,-1.193779850006103516e+01,-7.636442184448242188e+00,-9.923473358154296875e+00,-1.279843521118164062e+01,-7.995889663696289062e+00,7.282532215118408203e+00,2.660166740417480469e+01,3.133365440368652344e+01,2.436157798767089844e+01,3.230434799194335938e+01,3.379597091674804688e+01,2.599463081359863281e+01,2.151380538940429688e+01,1.705411148071289062e+01,2.035343170166015625e+01,3.399356079101562500e+01,5.047805786132812500e+01,5.422753143310546875e+01,4.778407287597656250e+01,2.935988044738769531e+01,2.953677415847778320e+00,-1.881702423095703125e+01,-3.112479019165039062e+01,-2.960816764831542969e+01,-2.293807983398437500e+01,-2.282775497436523438e+01,-2.877586364746093750e+01,-3.869448852539062500e+01,-3.930547714233398438e+01,-3.621766281127929688e+01,-2.826470756530761719e+01,-2.052420043945312500e+01,-9.798646926879882812e+00,-6.950596809387207031e+00,-4.947096824645996094e+00,7.590621948242187500e+00,1.143874263763427734e+01,1.063922309875488281e+01,7.355858325958251953e+00,1.097966194152832031e+01,1.705258750915527344e+01,1.254220581054687500e+01,9.490722656250000000e+00,6.854203224182128906e+00,7.489337921142578125e+00,1.491192340850830078e+01,1.272036933898925781e+01,3.523033142089843750e+01,5.498834228515625000e+01,6.275383758544921875e+01,6.152079772949218750e+01,4.766155242919921875e+01,3.977867507934570312e+01,2.005170059204101562e+01,7.619980812072753906e+00,1.349358940124511719e+01,7.879668712615966797e+00,-1.471240997314453125e+00,1.044672584533691406e+01,4.453357315063476562e+01,7.440998840332031250e+01,8.546404266357421875e+01,8.025090789794921875e+01,7.231030273437500000e+01,6.363771820068359375e+01,4.667612838745117188e+01,4.026285934448242188e+01,5.531365966796875000e+01,8.292362976074218750e+01,8.252989196777343750e+01,8.833256530761718750e+01,9.673545837402343750e+01,9.300225830078125000e+01,7.404174041748046875e+01,3.928530883789062500e+01,9.629281044006347656e+00,-4.496816396713256836e-01,7.690448760986328125e+00,1.736908912658691406e+01,2.171492195129394531e+01,2.265635681152343750e+01,2.329081726074218750e+01,2.801399612426757812e+01,2.693979644775390625e+01,1.180252075195312500e+01,1.513078022003173828e+01,3.270100784301757812e+01,3.162110900878906250e+01,2.529181671142578125e+01,2.559975624084472656e+01,2.456019210815429688e+01,1.022033500671386719e+01,8.376201629638671875e+00,5.036089420318603516e+00,1.493970870971679688e+01,3.490267562866210938e+01,5.790268707275390625e+01,7.275547790527343750e+01,8.162661743164062500e+01,8.299368286132812500e+01,7.541255187988281250e+01,6.729483795166015625e+01,6.013897323608398438e+01,4.314347839355468750e+01,2.946176528930664062e+01,2.719534873962402344e+01,2.340697097778320312e+01,2.936040306091308594e+01,3.204936981201171875e+01,8.403253555297851562e+00,3.464259862899780273e+00,-7.975831985473632812e+00,-3.096144104003906250e+01,-4.170429229736328125e+01,-4.599254226684570312e+01,-3.604080581665039062e+01,-2.233453369140625000e+01,-2.744457483291625977e+00,3.309245347976684570e+00,2.929337024688720703e+00,4.793680191040039062e+00,8.599517822265625000e+00,1.726049423217773438e+01,3.269931411743164062e+01,3.742627716064453125e+01,3.391374206542968750e+01,3.378517150878906250e+01,3.304764556884765625e+01,2.949198532104492188e+01,3.312419891357421875e+01,3.738479995727539062e+01,3.919834899902343750e+01,3.770970916748046875e+01,4.340803909301757812e+01,4.656925201416015625e+01,4.216962432861328125e+01,3.452762985229492188e+01,3.511791229248046875e+01,4.783361434936523438e+01,5.827937698364257812e+01,5.577793884277343750e+01,4.775743103027343750e+01,4.428254699707031250e+01,4.244822692871093750e+01,4.221579742431640625e+01,4.538899230957031250e+01,4.420990371704101562e+01,4.009153747558593750e+01,3.918688964843750000e+01,3.487866592407226562e+01,3.452475357055664062e+01,3.671324920654296875e+01,3.968137741088867188e+01,4.486132049560546875e+01,4.741336441040039062e+01,4.267413711547851562e+01,3.919571685791015625e+01,3.402823638916015625e+01,3.175119209289550781e+01,2.941395187377929688e+01,2.864524078369140625e+01,2.668165969848632812e+01,2.915091323852539062e+01,5.647069168090820312e+01,7.686931610107421875e+01,8.747769165039062500e+01,8.987329101562500000e+01,8.929232788085937500e+01,9.037841796875000000e+01,7.653541564941406250e+01,3.746604156494140625e+01,4.504984855651855469e+00,-1.310713958740234375e+01,-1.568726539611816406e+01,-1.456806087493896484e+01,-1.131949806213378906e+01,-6.892215251922607422e+00,-5.000196456909179688e+00,-4.419242858886718750e+00,-2.238815426826477051e-01,2.464581966400146484e+00,-6.187217235565185547e-01,-1.240187454223632812e+01,-2.619575881958007812e+01,-3.861085510253906250e+01,-3.273720169067382812e+01,-1.750334548950195312e+01,-1.162764358520507812e+01,-7.700995445251464844e+00,-1.402322292327880859e+01,-1.506952667236328125e+01,-9.958486557006835938e+00,4.075201451778411865e-01,4.836809635162353516e+00,3.116364860534667969e+01,3.498079681396484375e+01,2.165958595275878906e+01,6.571506500244140625e+00,-9.083244323730468750e+00,-5.500322341918945312e+00,-5.126543045043945312e+00,1.903972744941711426e+00,-4.652120113372802734e+00,-1.291809797286987305e+00,8.621335983276367188e+00,1.360788440704345703e+01,7.582350730895996094e+00,4.680281639099121094e+00,8.364886641502380371e-01,-3.415044784545898438e+00,-3.907728433609008789e+00,-5.596420764923095703e-01,6.240918636322021484e-01,1.449059867858886719e+01,1.166185760498046875e+01,6.951701164245605469e+00,7.032938003540039062e+00,8.148004531860351562e+00,1.084028434753417969e+01,1.177291679382324219e+01,3.014774513244628906e+01,5.045586776733398438e+01,5.879780578613281250e+01,4.382888031005859375e+01,3.043852806091308594e+01,2.952832412719726562e+01,2.398074531555175781e+01,2.026138687133789062e+01,2.843924903869628906e+01,2.439441871643066406e+01,1.929919052124023438e+01,1.463130187988281250e+01,-7.135878562927246094e+00,-9.437034606933593750e+00,-9.889762878417968750e+00,-7.484877586364746094e+00,4.294363021850585938e+00,1.151849937438964844e+01,1.183241462707519531e+01,2.355349731445312500e+01,3.781122589111328125e+01,3.404717636108398438e+01,2.071743965148925781e+01,2.766309356689453125e+01,3.432205963134765625e+01,3.471000671386718750e+01,2.358509445190429688e+01,7.547502517700195312e+00,4.074468135833740234e+00,-3.150000095367431641e+00,-9.926952362060546875e+00,-1.091606330871582031e+01,-1.926521682739257812e+01,-2.639219665527343750e+01,-2.916750335693359375e+01,-3.044703674316406250e+01,-3.369053649902343750e+01,-3.646109771728515625e+01,-4.011896896362304688e+01,-4.214120483398437500e+01,-3.963193893432617188e+01,-2.971111297607421875e+01,-7.048120498657226562e+00,1.420297050476074219e+01,3.017879867553710938e+01,3.421075439453125000e+01,2.863820648193359375e+01,3.150129318237304688e+01,3.578545379638671875e+01,3.458696746826171875e+01,2.303387832641601562e+01,2.821179771423339844e+01,3.549205780029296875e+01,2.848086929321289062e+01,2.701887702941894531e+01,2.856794548034667969e+01,3.288613891601562500e+01,3.123648071289062500e+01,2.930914306640625000e+01,4.170976257324218750e+01,4.573465728759765625e+01,5.675373840332031250e+01,6.898509216308593750e+01,8.125749206542968750e+01,9.197196960449218750e+01,8.459411621093750000e+01,7.347473907470703125e+01,6.451095581054687500e+01,5.522458648681640625e+01,5.332137298583984375e+01,5.497126007080078125e+01,7.418907165527343750e+01,9.589195251464843750e+01,9.577392578125000000e+01,8.581152343750000000e+01,7.392808532714843750e+01,4.428680801391601562e+01,3.806309890747070312e+01,3.029166793823242188e+01,2.317278289794921875e+01,3.062072753906250000e+01,1.672599029541015625e+01,9.959334135055541992e-02,-7.381627082824707031e+00,2.254215240478515625e+00,7.307024478912353516e+00,1.083967590332031250e+01,2.112516212463378906e+01,2.712573623657226562e+01,2.415911102294921875e+01,2.536392211914062500e+01,1.548888397216796875e+01,1.312476539611816406e+01,1.728652572631835938e+01,2.317572784423828125e+01,2.609822082519531250e+01,2.092013359069824219e+01,2.247587394714355469e+01,2.756703567504882812e+01,3.848213195800781250e+01,4.574535751342773438e+01,2.296234893798828125e+01,2.947723770141601562e+01,3.629309844970703125e+01,4.455397796630859375e+01,5.056326293945312500e+01,3.894827270507812500e+01,2.682512474060058594e+01,2.628439331054687500e+01,1.548499870300292969e+01,1.056184959411621094e+01,9.229959487915039062e+00,7.096166610717773438e-01,-4.125954151153564453e+00,-5.090737342834472656e+00,9.326028823852539062e+00,9.088699340820312500e+00,1.627724838256835938e+01,3.484057998657226562e+01,4.328984069824218750e+01,4.588912963867187500e+01,5.604610443115234375e+01,5.431624984741210938e+01,3.392257690429687500e+01,2.636173057556152344e+01,2.669751548767089844e+01,2.409426879882812500e+01,2.676748657226562500e+01,2.295264816284179688e+01,2.604897880554199219e+01,3.001621055603027344e+01,2.513171386718750000e+01,2.661205291748046875e+01,2.570745849609375000e+01,2.340638732910156250e+01,2.102945327758789062e+01,2.447116088867187500e+01,2.592201614379882812e+01,2.580089950561523438e+01,2.929036521911621094e+01,3.086989021301269531e+01,3.491680908203125000e+01,4.057737731933593750e+01,4.216584014892578125e+01,4.754880142211914062e+01,4.620240020751953125e+01,4.498361587524414062e+01,4.111411285400390625e+01,3.619972229003906250e+01,3.177444458007812500e+01,3.418925094604492188e+01,3.414499664306640625e+01,3.191963386535644531e+01,3.271154022216796875e+01,2.808874320983886719e+01,2.752120590209960938e+01,2.511341094970703125e+01,2.446151351928710938e+01,2.652051544189453125e+01,3.057037734985351562e+01,6.886293029785156250e+01,5.698807907104492188e+01,1.704516029357910156e+01,-1.757674598693847656e+01,-1.819050598144531250e+01,-1.189495849609375000e+01,5.162082672119140625e+00,1.211299514770507812e+01,3.494532775878906250e+01,5.736665344238281250e+01,7.147113800048828125e+01,7.758525085449218750e+01,7.839263916015625000e+01,6.430657196044921875e+01,4.430070495605468750e+01,4.024473190307617188e+01,4.459914398193359375e+01,4.210505676269531250e+01,4.192044067382812500e+01,4.191896820068359375e+01,4.255745697021484375e+01,4.378252410888671875e+01,5.052101516723632812e+01,6.454620361328125000e+01,7.439779663085937500e+01,6.728411865234375000e+01,5.003132629394531250e+01,4.904738998413085938e+01,3.177083969116210938e+01,3.058012008666992188e+01,3.192331695556640625e+01,2.556914520263671875e+01,2.890740585327148438e+01,2.969740676879882812e+01,3.159279441833496094e+01,3.472419738769531250e+01,2.415441513061523438e+01,2.362686538696289062e+01,1.566093540191650391e+01,1.497390985488891602e+00,-1.402132225036621094e+01,-2.223775482177734375e+01,-1.453062629699707031e+01,-9.019346833229064941e-01,9.152553558349609375e+00,2.461686706542968750e+01,4.632461547851562500e+01,4.110189819335937500e+01,2.776518821716308594e+01,2.398159980773925781e+01,3.022918891906738281e+01,3.217550659179687500e+01,2.592510223388671875e+01,2.821865272521972656e+01,3.581607818603515625e+01,5.100403594970703125e+01,5.365399551391601562e+01,5.156962966918945312e+01,5.775035095214843750e+01,5.720503234863281250e+01,5.265157318115234375e+01,4.315798187255859375e+01,3.992385864257812500e+01,4.744356536865234375e+01,4.324441909790039062e+01,2.541262435913085938e+01,2.006192016601562500e+01,1.799318313598632812e+01,1.454831790924072266e+01,1.736966896057128906e+01,2.875252723693847656e+01,3.203704833984375000e+01,3.484105682373046875e+01,3.362007904052734375e+01,3.362319183349609375e+01,3.548776245117187500e+01,4.058485412597656250e+01,4.840477752685546875e+01,4.815415954589843750e+01,4.328906250000000000e+01,4.656668853759765625e+01,3.776559448242187500e+01,3.533047866821289062e+01,3.189344215393066406e+01,3.220950317382812500e+01,3.140504837036132812e+01,3.039294624328613281e+01,2.930009651184082031e+01,3.357041549682617188e+01,4.100409698486328125e+01,4.412861251831054688e+01,4.794593048095703125e+01,5.336282348632812500e+01,4.878138732910156250e+01,4.850939941406250000e+01,3.921192169189453125e+01,3.576679992675781250e+01,4.172033691406250000e+01,5.080047225952148438e+01,4.813973999023437500e+01,3.766920471191406250e+01,3.039511489868164062e+01,3.906962966918945312e+01,4.402483367919921875e+01,4.622905349731445312e+01,4.790401458740234375e+01,5.187794494628906250e+01,6.264818572998046875e+01,7.371907806396484375e+01,7.236868286132812500e+01,5.375105285644531250e+01,4.276564025878906250e+01,4.234217453002929688e+01,3.680707550048828125e+01,3.399634552001953125e+01,9.199191093444824219e+00,3.456130504608154297e+00,1.654543685913085938e+01,2.978166198730468750e+01,3.516832733154296875e+01,3.727964782714843750e+01,3.450280761718750000e+01,8.655559539794921875e+00,-1.817620849609375000e+01,-2.586450767517089844e+01,-2.398197937011718750e+01,-8.725063323974609375e+00,5.366505622863769531e+00,8.167030334472656250e+00,1.495034217834472656e+01,2.058174514770507812e+01,1.909767913818359375e+01,1.780744552612304688e+01,6.727552413940429688e+00,-9.406304359436035156e-01,-8.710252761840820312e+00,-3.829786777496337891e+00,7.761888504028320312e+00,1.185438537597656250e+01,1.276626586914062500e+01,1.797921562194824219e+01,2.084033584594726562e+01,3.321744537353515625e+01,4.314293670654296875e+01,3.557072067260742188e+01,2.803666305541992188e+01,2.468734359741210938e+01,3.016094207763671875e+01,2.503015136718750000e+01,2.669479560852050781e+01,2.746038818359375000e+01,2.820911026000976562e+01,3.397739791870117188e+01,3.661658859252929688e+01,2.599108886718750000e+01,1.840923309326171875e+01,2.033261108398437500e+01,2.025582885742187500e+01,2.275150680541992188e+01,1.917530822753906250e+01,2.456446075439453125e+01,2.755045700073242188e+01,2.387381744384765625e+01,2.121069717407226562e+01,1.148001861572265625e+01,-1.048553085327148438e+01,-1.451723670959472656e+01,2.291844129562377930e+00,3.768675231933593750e+01,6.631147003173828125e+01,7.606281280517578125e+01,8.311273193359375000e+01,8.703492736816406250e+01,8.933297729492187500e+01,8.533627319335937500e+01,7.180187988281250000e+01,5.856998443603515625e+01,5.228213500976562500e+01,1.987145614624023438e+01,1.684839248657226562e+01,1.871059799194335938e+01,9.325115203857421875e+00,1.315710353851318359e+01,2.060789871215820312e+01,2.867272567749023438e+01,2.866640853881835938e+01,2.086250686645507812e+01,1.498756504058837891e+01,1.681270980834960938e+01,2.579578018188476562e+01,3.244366455078125000e+01,3.096191406250000000e+01,3.186521530151367188e+01,2.773358345031738281e+01,4.781154632568359375e+01,5.918185806274414062e+01,6.544941711425781250e+01,6.322281646728515625e+01,5.709499740600585938e+01,5.287496566772460938e+01,5.803519821166992188e+01,5.478406524658203125e+01,5.146414184570312500e+01,5.561666107177734375e+01,5.965709686279296875e+01,6.818566894531250000e+01,6.860295104980468750e+01,6.117279815673828125e+01,5.621774673461914062e+01,4.653777313232421875e+01,3.066162872314453125e+01,2.563677978515625000e+01,3.126858520507812500e+01,3.411840820312500000e+01,4.579544067382812500e+01,6.157666015625000000e+01,6.920121002197265625e+01,7.249555969238281250e+01,7.248646545410156250e+01,6.579791259765625000e+01,7.149462127685546875e+01,8.496951293945312500e+01,9.167882537841796875e+01,9.651875305175781250e+01,9.502919006347656250e+01,9.188727569580078125e+01,7.741618347167968750e+01,4.637695693969726562e+01,1.174189186096191406e+01,-2.167956590652465820e+00,1.050984382629394531e+00,6.511324882507324219e+00,1.598636913299560547e+01,2.234341430664062500e+01,2.550407791137695312e+01,2.532626724243164062e+01,1.830326461791992188e+01,2.056987762451171875e+00,-1.969724082946777344e+01,-4.339611053466796875e+01,-4.879562377929687500e+01,-3.218146514892578125e+01,-1.709740066528320312e+01,-1.028631210327148438e+01,-1.045863819122314453e+01,-7.078011989593505859e+00,-1.291423606872558594e+01,-1.357283592224121094e+01,-7.854244232177734375e+00,-5.030843734741210938e+00,-1.650103926658630371e+00,1.821367263793945312e+01,3.400445556640625000e+01,3.522483062744140625e+01,2.263741111755371094e+01,2.431284904479980469e+01,2.686761093139648438e+01,2.438417816162109375e+01,1.413828277587890625e+01,1.065055370330810547e+01,8.726956844329833984e-01,1.018954515457153320e+00,1.126721096038818359e+01,1.625018119812011719e+01,1.682207298278808594e+01,4.885551929473876953e+00,2.528803348541259766e+00,6.148112773895263672e+00,1.569605588912963867e+00,-4.193565368652343750e+00,-7.895153522491455078e+00,2.999069213867187500e+00,1.355478096008300781e+01,1.925293350219726562e+01,1.742745590209960938e+01,1.556527328491210938e+01,8.491269111633300781e+00,7.576755523681640625e+00,9.116962432861328125e+00,2.616407203674316406e+01,3.166462707519531250e+01,3.216200256347656250e+01,2.416497421264648438e+01,2.990639495849609375e+01,3.482836151123046875e+01,2.007455444335937500e+01,5.283329010009765625e+00,1.354272127151489258e+00,-9.904803037643432617e-01,-9.448497772216796875e+00,-1.710078430175781250e+01,-9.797126770019531250e+00,-4.143778800964355469e+00,-3.709204494953155518e-01,1.481378555297851562e+01,3.634043884277343750e+01,3.787963104248046875e+01,3.532600021362304688e+01,2.650890922546386719e+01,2.027006912231445312e+01,1.733282470703125000e+01,2.844088363647460938e+01,3.721817016601562500e+01,3.098296356201171875e+01,1.589487266540527344e+01,1.150262069702148438e+01,1.623558425903320312e+01,2.095965576171875000e+01,2.461431884765625000e+01,2.399151420593261719e+01,2.149898910522460938e+01,1.920252227783203125e+01,1.860138511657714844e+01,1.953043746948242188e+01,1.817583465576171875e+01,2.133131408691406250e+01,2.727415084838867188e+01,2.890162277221679688e+01,2.826173591613769531e+01,2.282350158691406250e+01,2.719353485107421875e+01,2.760157394409179688e+01,2.556184768676757812e+01,2.972613525390625000e+01,3.409060668945312500e+01,2.777175521850585938e+01,2.331592559814453125e+01,2.244343185424804688e+01,2.194924163818359375e+01,1.839559936523437500e+01,1.900417709350585938e+01,2.209960937500000000e+01,-3.736244201660156250e+00,-2.208269500732421875e+01,-2.970159912109375000e+01,-3.128621864318847656e+01,-1.903449630737304688e+01,-6.310082435607910156e+00,9.693145751953125000e+00,1.293525981903076172e+01,8.845155715942382812e+00,-1.191633415222167969e+01,-3.280747222900390625e+01,-3.457776260375976562e+01,-2.000229644775390625e+01,-1.526614427566528320e+00,1.498336696624755859e+01,1.929244422912597656e+01,1.978541183471679688e+01,2.783400726318359375e+01,3.025872802734375000e+01,2.453786277770996094e+01,1.232760238647460938e+01,-4.181377887725830078e+00,-1.718553352355957031e+01,-2.526458549499511719e+01,-2.607474899291992188e+01,-1.858362579345703125e+01,-1.141523742675781250e+01,-7.119259834289550781e+00,-1.317457795143127441e+00,9.733276367187500000e-01,3.349642753601074219e+00,-1.159097576141357422e+01,-1.820666694641113281e+01,-7.987896919250488281e+00,8.752973556518554688e+00,1.535099220275878906e+01,3.061717605590820312e+01,3.766319274902343750e+01,1.968685913085937500e+01,3.457429885864257812e+00,7.017692327499389648e-01,7.070112228393554688e+00,1.342220687866210938e+01,1.404681205749511719e+01,1.258014202117919922e+01,1.066634178161621094e+01,5.028223037719726562e+00,1.592817306518554688e+01,1.974416160583496094e+01,3.685076141357421875e+01,5.778124237060546875e+01,7.083528137207031250e+01,8.343667602539062500e+01,8.715510559082031250e+01,8.781039428710937500e+01,7.443325805664062500e+01,5.161936950683593750e+01,3.342168426513671875e+01,2.407958602905273438e+01,1.189255714416503906e+01,7.547853469848632812e+00,1.777679634094238281e+01,4.227814197540283203e+00,2.605261802673339844e+00,5.358193397521972656e+00,9.835771560668945312e+00,1.927713966369628906e+01,2.261574172973632812e+01,2.263054847717285156e+01,2.294280624389648438e+01,2.417329788208007812e+01,3.531809616088867188e+01,3.581597518920898438e+01,3.684540557861328125e+01,4.015055847167968750e+01,4.068459320068359375e+01,3.829576110839843750e+01,3.324805450439453125e+01,3.101632308959960938e+01,2.830323028564453125e+01,1.535451316833496094e+01,1.169453239440917969e+01,1.644581222534179688e+01,2.668303298950195312e+01,4.255920028686523438e+01,3.974367523193359375e+01,4.584030532836914062e+01,4.971001434326171875e+01,4.902663421630859375e+01,4.500787353515625000e+01,5.611347198486328125e+01,5.642878723144531250e+01,5.620660400390625000e+01,4.814061737060546875e+01,4.005079650878906250e+01,4.457217407226562500e+01,4.723690795898437500e+01,4.035243225097656250e+01,2.303686714172363281e+01,6.294378280639648438e+00,3.960128068923950195e+00,4.040453433990478516e+00,1.117143630981445312e+01,1.540095806121826172e+01,2.542615890502929688e+01,3.623345565795898438e+01,4.209246063232421875e+01,3.172904968261718750e+01,2.040775299072265625e+01,2.179238510131835938e+01,2.796732139587402344e+01,2.927079010009765625e+01,2.801415061950683594e+01,3.028573989868164062e+01,3.972364807128906250e+01,4.105955886840820312e+01,3.128953742980957031e+01,3.754651641845703125e+01,5.133158493041992188e+01,6.389991760253906250e+01,7.494946289062500000e+01,9.007539367675781250e+01,9.052386474609375000e+01,7.241038513183593750e+01,5.901809692382812500e+01,4.721762084960937500e+01,3.882265472412109375e+01,3.753745269775390625e+01,4.162199783325195312e+01,3.585691833496093750e+01,2.428055953979492188e+01,2.324673271179199219e+01,2.265359497070312500e+01,1.702612304687500000e+01,1.644398880004882812e+01,1.304557609558105469e+01,1.317686843872070312e+01,3.070869445800781250e+00,1.345140337944030762e-01,1.266364669799804688e+01,2.437314987182617188e+01,1.421048164367675781e+01,3.081842899322509766e+00,5.522345066070556641e+00,2.934249877929687500e+00,-2.276436328887939453e+00,2.823566675186157227e+00,4.340437889099121094e+00,-4.753150463104248047e+00,-1.183117771148681641e+01,-1.831115341186523438e+01,-1.564245510101318359e+01,1.702769279479980469e+00,1.162815284729003906e+01,1.523607063293457031e+01,1.472052001953125000e+01,3.293267822265625000e+01,5.437912368774414062e+01,4.711322784423828125e+01,2.986012077331542969e+01,3.045886230468750000e+01,3.832387542724609375e+01,3.858710861206054688e+01,3.549259948730468750e+01,3.445459747314453125e+01,3.366773986816406250e+01,3.229987335205078125e+01,4.338571166992187500e+01,5.760161209106445312e+01,7.572914123535156250e+01,7.807774353027343750e+01,6.120131683349609375e+01,6.048074340820312500e+01,5.570869445800781250e+01,3.360224151611328125e+01,2.646703147888183594e+01,3.421123504638671875e+01,3.415773010253906250e+01,2.663385391235351562e+01,1.566539955139160156e+01,-1.181778717041015625e+01,-2.926466751098632812e+01,-3.176912307739257812e+01,-2.523524475097656250e+01,-2.318290138244628906e+01,-1.859183692932128906e+01,-1.259354305267333984e+01,-1.076643705368041992e+00,8.663764953613281250e+00,3.265189170837402344e+00,-6.922268271446228027e-01,-4.064494609832763672e+00,-8.022980690002441406e+00,-1.134302902221679688e+01,-1.326422500610351562e+01,-1.982181739807128906e+01,-2.300786590576171875e+01,-3.561437225341796875e+01,-3.657809829711914062e+01,-3.584354019165039062e+01,-3.761582946777343750e+01,-3.386224746704101562e+01,-2.767490768432617188e+01,-2.801248931884765625e+01,-2.643578720092773438e+01,-2.684217453002929688e+01,-2.765573120117187500e+01,-2.459818458557128906e+01,-1.786392593383789062e+01,-3.934676647186279297e+00,-5.567473411560058594e+00,-7.896595954895019531e+00,-2.707589864730834961e+00,-3.828378200531005859e+00,-4.494255065917968750e+00,2.467357635498046875e+00,1.047850036621093750e+01,9.578516006469726562e+00,5.022640228271484375e+00,1.698352456092834473e+00,-6.988051891326904297e+00,-1.123915100097656250e+01,-1.727001190185546875e+01,-2.050917053222656250e+01,-2.562302780151367188e+01,-2.996283149719238281e+01,-1.674432945251464844e+01,-6.218554973602294922e+00,-1.414342999458312988e+00,7.398814678192138672e+00,1.525983905792236328e+01,1.786212158203125000e+01,2.011170959472656250e+01,2.449633407592773438e+01,2.413678741455078125e+01,2.442714691162109375e+01,2.782212829589843750e+01,2.608909416198730469e+01,2.452276992797851562e+01,2.351081085205078125e+01,1.528930187225341797e+01,1.736353111267089844e+01,1.709811973571777344e+01,1.826168251037597656e+01,2.091175460815429688e+01,2.857018280029296875e+01,1.861410140991210938e+01,-1.248901367187500000e+01,-2.689402008056640625e+01,-2.056342697143554688e+01,1.393495678901672363e+00,1.660278320312500000e+01,2.003205490112304688e+01,1.979106140136718750e+01,3.324414062500000000e+01,4.306420135498046875e+01,5.248417282104492188e+01,5.966420364379882812e+01,6.497231292724609375e+01,7.186808776855468750e+01,7.889860534667968750e+01,8.266709899902343750e+01,7.952470397949218750e+01,8.594535827636718750e+01,1.001515960693359375e+02,1.015693511962890625e+02,9.162748718261718750e+01,9.067604064941406250e+01,8.716657257080078125e+01,8.899880218505859375e+01,8.638977050781250000e+01,6.925317382812500000e+01,6.224071502685546875e+01,6.436071014404296875e+01,6.329197311401367188e+01,5.778878021240234375e+01,6.133517074584960938e+01,5.175467681884765625e+01,4.121012115478515625e+01,3.572880554199218750e+01,3.922618865966796875e+01,4.305541229248046875e+01,4.852702331542968750e+01,4.794374847412109375e+01,4.803123474121093750e+01,5.370672988891601562e+01,5.308409881591796875e+01,5.852721405029296875e+01,5.781259918212890625e+01,5.798208999633789062e+01,5.252378845214843750e+01,5.277189636230468750e+01,6.200452423095703125e+01,7.839314270019531250e+01,8.617861938476562500e+01,8.382382202148437500e+01,7.306500244140625000e+01,6.470103454589843750e+01,6.206060028076171875e+01,5.379639434814453125e+01,4.443492126464843750e+01,4.999230957031250000e+01,5.713628005981445312e+01,5.482434844970703125e+01,5.393119430541992188e+01,4.906203460693359375e+01,3.900325012207031250e+01,3.573197937011718750e+01,2.553720474243164062e+01,2.125332260131835938e+01,2.802371978759765625e+01,2.957778930664062500e+01,8.882246971130371094e+00,-1.752347564697265625e+01,-3.046307373046875000e+01,-3.435815048217773438e+01,-2.407757568359375000e+01,-1.438523101806640625e+01,-4.526977539062500000e+00,3.926074266433715820e+00,8.814236640930175781e+00,1.766218566894531250e+01,2.085903549194335938e+01,2.500223731994628906e+01,3.182881927490234375e+01,3.227937698364257812e+01,3.027779960632324219e+01,2.673086166381835938e+01,2.509540939331054688e+01,2.572616004943847656e+01,2.203833961486816406e+01,2.766333770751953125e+01,2.785993957519531250e+01,2.240184974670410156e+01,2.007084274291992188e+01,2.934020042419433594e+01,4.462593841552734375e+01,5.500933837890625000e+01,4.971696472167968750e+01,3.941522979736328125e+01,3.723334884643554688e+01,3.889572143554687500e+01,4.181304931640625000e+01,4.556340026855468750e+01,5.350665283203125000e+01,5.913246917724609375e+01,4.457739257812500000e+01,1.470307826995849609e+01,1.542757797241210938e+01,6.065978050231933594e+00,-1.816228485107421875e+01,-3.077948570251464844e+01,-3.650849914550781250e+01,-3.392612457275390625e+01,-2.270701026916503906e+01,-1.002568054199218750e+01,-1.707292437553405762e+00,5.881087779998779297e-01,5.114414691925048828e+00,5.049893856048583984e+00,3.056187391281127930e+00,1.461435198783874512e+00,-2.390502452850341797e+00,-1.008357715606689453e+01,-2.021787643432617188e+01,-2.390218734741210938e+01,-1.838633346557617188e+01,-1.585858917236328125e+01,-1.409993934631347656e+01,-1.070735549926757812e+01,-1.597531914710998535e+00,1.021618270874023438e+01,1.529598236083984375e+01,2.830345535278320312e+01,5.769123077392578125e+01,5.956989288330078125e+01,3.528706359863281250e+01,2.376914024353027344e+01,8.277458190917968750e+00,-8.401624679565429688e+00,-8.966896057128906250e+00,-9.172536849975585938e+00,-6.329946517944335938e+00,-5.480924248695373535e-01,1.309680366516113281e+01,6.653905868530273438e+00,-2.941793441772460938e+00,-9.041137695312500000e+00,-1.336414146423339844e+01,-1.837715530395507812e+01,-1.427373409271240234e+01,2.070091247558593750e+01,2.506541442871093750e+01,2.951939582824707031e+00,-1.607757949829101562e+01,-1.769908332824707031e+01,-1.986723327636718750e+01,-1.931255722045898438e+01,-1.834188079833984375e+01,-1.738330078125000000e+01,-2.629931831359863281e+01,-1.968147850036621094e+01,-1.202055740356445312e+01,-1.128835439682006836e+00,3.866593360900878906e+00,1.203017997741699219e+01,1.823174285888671875e+01,1.455357360839843750e+01,1.206604862213134766e+01,3.833683776855468750e+01,5.797936630249023438e+01,6.580458068847656250e+01,6.933891296386718750e+01,4.762604141235351562e+01,3.937854385375976562e+01,4.721767425537109375e+01,3.990612030029296875e+01,5.140004634857177734e+00,-9.184408187866210938e+00,-1.023124217987060547e+01,-2.064478635787963867e+00,1.223665237426757812e+01,9.150761604309082031e+00,4.575378894805908203e+00,7.707067966461181641e+00,7.523443222045898438e+00,5.279097557067871094e-01,-2.603633165359497070e+00,-2.511330366134643555e+00,-1.178101539611816406e+01,-1.969894599914550781e+01,-2.220936203002929688e+01,-1.618139266967773438e+01,-1.751754379272460938e+01,-1.908190536499023438e+01,-1.363063335418701172e+01,-3.654250621795654297e+00,-1.549525976181030273e+00,3.771329164505004883e+00,8.064035415649414062e+00,2.032122421264648438e+01,2.292605972290039062e+01,1.666237258911132812e+01,2.756153106689453125e+01,3.906710815429687500e+01,4.189733886718750000e+01,4.048828125000000000e+01,3.629676437377929688e+01,3.079338073730468750e+01,2.776583099365234375e+01,2.311258888244628906e+01,2.047297859191894531e+01,1.569139862060546875e+01,1.761381530761718750e+01,1.981657409667968750e+01,2.176752662658691406e+01,2.363428497314453125e+01,2.454045867919921875e+01,2.611001205444335938e+01,2.643716812133789062e+01,2.654623222351074219e+01,2.453283691406250000e+01,2.757972335815429688e+01,2.958789062500000000e+01,2.840039634704589844e+01,3.413725280761718750e+01,4.192695617675781250e+01,3.002669906616210938e+01,2.369260406494140625e+01,3.233178710937500000e+01,3.338610076904296875e+01,3.488739776611328125e+01,3.363003540039062500e+01,2.546771621704101562e+01,2.617488861083984375e+01,4.027859878540039062e+01,4.311486816406250000e+01,2.906548309326171875e+01,2.456784057617187500e+01,3.360501098632812500e+01,2.567197036743164062e+01,9.915798187255859375e+00,-8.189028739929199219e+00,-2.502597045898437500e+01,-3.240444183349609375e+01,-2.988153457641601562e+01,-1.943542480468750000e+01,-4.475230216979980469e+00,-8.168753623962402344e+00,-3.245519399642944336e+00,4.311358928680419922e+00,4.881196022033691406e+00,1.125571823120117188e+01,1.161736869812011719e+01,9.716300964355468750e+00,6.478636264801025391e+00,9.302629470825195312e+00,1.870957756042480469e+01,3.396416854858398438e+01,4.380380249023437500e+01,5.671831512451171875e+01,6.366158294677734375e+01,5.588246154785156250e+01,4.414044189453125000e+01,5.382197189331054688e+01,5.991493225097656250e+01,6.589904022216796875e+01,5.702158355712890625e+01,4.427058410644531250e+01,3.650450134277343750e+01,3.645788574218750000e+01,3.055135345458984375e+01,2.328654098510742188e+01,1.075864601135253906e+01,8.453714370727539062e+00,-3.253655195236206055e+00,-2.303900337219238281e+01,-3.522833633422851562e+01,-3.310223388671875000e+01,-2.416001129150390625e+01,-1.645685005187988281e+01,-1.402673912048339844e+01,-1.049403858184814453e+01,-5.791273117065429688e+00,-4.776588439941406250e+00,-2.733367204666137695e+00,4.798123836517333984e+00,-1.222167110443115234e+01,-2.802688598632812500e+01,-1.668645668029785156e+01,1.773346185684204102e+00,1.146736145019531250e+01,1.729919242858886719e+01,2.555748939514160156e+01,3.251696777343750000e+01,1.480876731872558594e+01,2.254405260086059570e+00,4.025916576385498047e+00,1.052232646942138672e+01,1.679232406616210938e+01,2.762866973876953125e+01,3.411238861083984375e+01,3.194660377502441406e+01,3.355690002441406250e+01,1.683154678344726562e+01,2.241489171981811523e+00,-3.970719575881958008e+00,1.670496225357055664e+00,1.464851379394531250e+01,2.257713317871093750e+01,1.723233795166015625e+01,-1.923114955425262451e-01,-1.089277744293212891e+01,-1.450409126281738281e+01,-1.754406929016113281e+01,-1.639965438842773438e+01,-1.545867061614990234e+01,-1.586863136291503906e+01,-1.497634124755859375e+01,-8.505468368530273438e+00,-1.298474979400634766e+01,-2.273195075988769531e+01,-2.161511230468750000e+01,-1.976138496398925781e+01,-8.790797233581542969e+00,-4.797791242599487305e-01,-1.076919794082641602e+00,-4.422851800918579102e-01,4.825272560119628906e+00,9.910369873046875000e+00,1.273247718811035156e+01,8.863883972167968750e+00,-2.333698034286499023e+00,-8.429162025451660156e+00,-6.740228652954101562e+00,-9.345786094665527344e+00,-4.779001235961914062e+00,-4.053759574890136719e+00,-4.229528903961181641e+00,-6.242069244384765625e+00,-8.277750015258789062e+00,-1.835234403610229492e+00,1.592628383636474609e+01,3.631397628784179688e+01,4.450498962402343750e+01,3.755020523071289062e+01,3.294326782226562500e+01,3.930309295654296875e+01,4.060662841796875000e+01,4.481501770019531250e+01,3.997988891601562500e+01,3.637271118164062500e+01,3.364656066894531250e+01,3.249302673339843750e+01,2.928195571899414062e+01,2.317737197875976562e+01,1.680873489379882812e+01,1.753614425659179688e+01,1.933866119384765625e+01,2.371928024291992188e+01,1.956704711914062500e+01,3.231226205825805664e-01,1.805945873260498047e+00,1.116499423980712891e+01,1.674034309387207031e+01,7.831548690795898438e+00,1.319891929626464844e+00,-3.069422721862792969e+00,-6.995523929595947266e+00,-1.038461112976074219e+01,-1.518565940856933594e+01,-1.273359203338623047e+01,-7.428038597106933594e+00,1.810292899608612061e-01,4.551855564117431641e+00,8.090360641479492188e+00,1.903624343872070312e+01,2.058411026000976562e+01,1.498097038269042969e+01,5.365243911743164062e+00,2.983217430114746094e+01,4.738979721069335938e+01,4.712913894653320312e+01,3.172349929809570312e+01,2.861981964111328125e+01,3.143105506896972656e+01,2.573361968994140625e+01,2.808363533020019531e+01,2.414734649658203125e+01,2.286650848388671875e+01,3.391372299194335938e+01,4.237763214111328125e+01,4.335763931274414062e+01,3.890373229980468750e+01,4.132611846923828125e+01,4.299869537353515625e+01,4.005219650268554688e+01,3.739862060546875000e+01,4.275619125366210938e+01,4.002388000488281250e+01,3.469548034667968750e+01,3.315942382812500000e+01,3.332994079589843750e+01,3.312834930419921875e+01,1.180219459533691406e+01,4.382173061370849609e+00,1.693733596801757812e+01,1.168195724487304688e+01,-4.595733165740966797e+00,7.239705085754394531e+00,1.799277496337890625e+01,3.192912292480468750e+01,3.652617645263671875e+01,2.673705291748046875e+01,2.188026046752929688e+01,1.826342582702636719e+01,1.937305831909179688e+01,3.447893524169921875e+01,3.432915115356445312e+01,1.423172187805175781e+01,1.325304508209228516e+01,8.583921432495117188e+00,7.512429237365722656e+00,2.870230436325073242e+00,-7.708557128906250000e+00,-2.174283599853515625e+01,-2.228312301635742188e+01,-3.760208368301391602e+00,2.532060623168945312e+01,5.365575790405273438e+01,6.056732177734375000e+01,4.199372863769531250e+01,3.319738006591796875e+01,3.198794937133789062e+01,5.466529083251953125e+01,6.666528320312500000e+01,7.245700073242187500e+01,5.023532104492187500e+01,3.047824478149414062e+01,2.258561706542968750e+01,2.243927001953125000e+01,3.658865737915039062e+01,5.058237075805664062e+01,5.437506103515625000e+01,5.248629760742187500e+01,4.286841583251953125e+01,2.090094375610351562e+01,3.330108404159545898e+00,-6.727032184600830078e+00,-1.014990901947021484e+01,-1.813673496246337891e+00,1.712703704833984375e+01,4.364920043945312500e+01,5.961597061157226562e+01,6.076841735839843750e+01,4.703050231933593750e+01,2.039479255676269531e+01,2.836925983428955078e-01,-6.758283615112304688e+00,-1.916342735290527344e+00,-5.904966592788696289e-02,5.284875869750976562e+00,1.114526557922363281e+01,1.388383293151855469e+01,1.139205360412597656e+01,1.202545547485351562e+01,2.564200210571289062e+01,2.418873786926269531e+01,2.243189239501953125e+01,1.926674842834472656e+01,2.561823844909667969e+01,2.792242050170898438e+01,3.104300880432128906e+01,1.233590698242187500e+01,-7.331012248992919922e+00,-1.683641052246093750e+01,-1.252562522888183594e+01,8.480316162109375000e+00,2.475137519836425781e+01,3.414414215087890625e+01,4.689247894287109375e+01,5.961889648437500000e+01,6.141763687133789062e+01,5.788348388671875000e+01,5.168120574951171875e+01,5.280820465087890625e+01,4.955149078369140625e+01,4.762472534179687500e+01,4.650765228271484375e+01,4.513420486450195312e+01,4.664604949951171875e+01,5.002547073364257812e+01,4.824053955078125000e+01,4.121290588378906250e+01,4.245811462402343750e+01,4.649539184570312500e+01,5.164410018920898438e+01,4.733168792724609375e+01,4.399806213378906250e+01,4.315046310424804688e+01,4.199819183349609375e+01,4.173744964599609375e+01,4.090330505371093750e+01,4.184950256347656250e+01,3.577331161499023438e+01,3.606525421142578125e+01,4.101459503173828125e+01,4.006996154785156250e+01,3.377942657470703125e+01,3.132173347473144531e+01,3.565727233886718750e+01,4.133001708984375000e+01,2.458386230468750000e+01,1.066680717468261719e+01,6.319169044494628906e+00,-1.150735616683959961e-01,-6.406517982482910156e+00,-1.359702205657958984e+01,-1.139999389648437500e+01,-3.235621929168701172e+00,1.727533340454101562e+00,4.623897075653076172e+00,1.622445297241210938e+01,3.294784545898437500e+01,3.755511093139648438e+01,3.699167633056640625e+01,2.543884086608886719e+01,2.579114341735839844e+01,2.599660873413085938e+01,2.317990493774414062e+01,2.054847908020019531e+01,2.424551010131835938e+01,1.924515533447265625e+01,1.409940719604492188e+01,5.920573234558105469e+00,7.251163482666015625e+00,1.448890781402587891e+01,2.170198440551757812e+01,1.971784591674804688e+01,3.164098358154296875e+01,3.670597076416015625e+01,3.784954071044921875e+01,3.841413116455078125e+01,2.837765502929687500e+01,2.058820343017578125e+01,1.019875240325927734e+01,2.052565765380859375e+01,2.522819137573242188e+01,3.481158494949340820e+00,-7.770693778991699219e+00,-6.482270240783691406e+00,1.086274719238281250e+01,3.079188346862792969e+01,4.811495208740234375e+01,5.857243347167968750e+01,6.509930419921875000e+01,6.649601745605468750e+01,6.805928039550781250e+01,7.077287292480468750e+01,6.985802459716796875e+01,6.776269531250000000e+01,5.762608337402343750e+01,4.492441558837890625e+01,4.302420043945312500e+01,4.230900573730468750e+01,5.728748321533203125e+01,7.949758911132812500e+01,7.425581359863281250e+01,5.099853134155273438e+01,5.007478713989257812e+01,5.515365219116210938e+01,4.060990142822265625e+01,-5.635623931884765625e-01,-1.951427459716796875e+01,-2.358785629272460938e+01,-1.503924751281738281e+01,-1.048282861709594727e+00,6.207987308502197266e+00,9.702897071838378906e+00,1.157138919830322266e+01,1.472864532470703125e+01,1.177700996398925781e+01,1.254598855972290039e+00,-1.386857795715332031e+01,-2.222124481201171875e+01,-2.700033569335937500e+01,-2.190506362915039062e+01,7.460682094097137451e-02,4.956476593017578125e+01,7.171672058105468750e+01,7.361087799072265625e+01,7.025772094726562500e+01,7.613458251953125000e+01,8.301066589355468750e+01,7.523332214355468750e+01,6.081073760986328125e+01,4.201806640625000000e+01,3.650827026367187500e+01,3.993503570556640625e+01,5.921556091308593750e+01,7.090689086914062500e+01,6.361269760131835938e+01,6.256137847900390625e+01,6.753419494628906250e+01,6.033253097534179688e+01,5.535599517822265625e+01,5.259717178344726562e+01,4.523364257812500000e+01,3.585752105712890625e+01,3.342812347412109375e+01,3.359574890136718750e+01,3.906119155883789062e+01,4.029360961914062500e+01,3.438573074340820312e+01,3.097347640991210938e+01,2.831986427307128906e+01,2.659260559082031250e+01,2.828165245056152344e+01,2.984938049316406250e+01,3.666051483154296875e+01,4.038307952880859375e+01,4.046080017089843750e+01,4.004481124877929688e+01,3.698570251464843750e+01,3.604190826416015625e+01,3.157606124877929688e+01,3.129642486572265625e+01,3.349119949340820312e+01,3.105840301513671875e+01,2.760611915588378906e+01,2.722165298461914062e+01,2.883066177368164062e+01,3.602474975585937500e+01,4.417411804199218750e+01,4.183762359619140625e+01,4.627622222900390625e+01,4.458774566650390625e+01,4.651554489135742188e+01,6.098387145996093750e+01,7.641390991210937500e+01,9.165438842773437500e+01,1.022545166015625000e+02,1.000758209228515625e+02,9.459599304199218750e+01,8.870370483398437500e+01,9.145435333251953125e+01,8.845526123046875000e+01,7.862847137451171875e+01,7.908319091796875000e+01,8.516946411132812500e+01,7.570391082763671875e+01,6.390969085693359375e+01,5.527461242675781250e+01,4.724669647216796875e+01,5.173708343505859375e+01,6.044078063964843750e+01,5.144371032714843750e+01,4.563864135742187500e+01,4.520191574096679688e+01,2.784424591064453125e+01,3.435382461547851562e+01,4.909728622436523438e+01,4.893288803100585938e+01,4.687643432617187500e+01,3.510905075073242188e+01,2.159906387329101562e+01,4.425640106201171875e+00,-9.269422531127929688e+00,-2.084187316894531250e+01,-2.937391281127929688e+01,-2.214257812500000000e+01,-9.652376174926757812e+00,9.374369382858276367e-01,1.054158210754394531e+01,1.856039047241210938e+01,2.388632202148437500e+01,2.378009033203125000e+01,1.317399120330810547e+01,7.598796844482421875e+00,1.960984230041503906e+01,2.183183670043945312e+01,1.653692626953125000e+01,1.335839462280273438e+01,1.029145812988281250e+01,4.731169509887695312e+01,7.698759460449218750e+01,6.815814971923828125e+01,5.155407714843750000e+01,4.744195175170898438e+01,3.992051696777343750e+01,4.397422027587890625e+01,4.172589874267578125e+01,3.817514801025390625e+01,3.615779876708984375e+01,4.219577026367187500e+01,4.553755187988281250e+01,3.167658233642578125e+01,1.320335578918457031e+01,9.003285408020019531e+00,1.331686401367187500e+01,2.426492309570312500e+01,2.764508438110351562e+01,2.587331771850585938e+00,-7.300352573394775391e+00,-7.224281311035156250e+00,2.175524473190307617e+00,5.313491821289062500e+00,4.918998718261718750e+00,7.795061111450195312e+00,8.909975051879882812e+00,8.641855239868164062e+00,7.550496101379394531e+00,2.358258438110351562e+01,3.661177825927734375e+01,2.619173812866210938e+01,3.642806053161621094e+00,-1.302307891845703125e+01,-2.698513793945312500e+01,-2.032607650756835938e+01,-1.725371551513671875e+01,-2.041588973999023438e+01,-1.467315292358398438e+01,-8.188993453979492188e+00,-4.079468727111816406e+00,1.295128917694091797e+01,3.122227859497070312e+01,2.546172714233398438e+01,2.252432823181152344e+01,1.943399810791015625e+01,1.845976448059082031e+01,1.507753944396972656e+01,1.010017585754394531e+01,1.512854957580566406e+01,3.032652282714843750e+01,4.398910522460937500e+01,5.351895523071289062e+01,4.816208648681640625e+01,3.758638000488281250e+01,3.485009384155273438e+01,1.674944686889648438e+01,4.081040859222412109e+00,7.054055333137512207e-01,1.422060966491699219e+00,9.232798576354980469e+00,1.612812805175781250e+01,2.009100341796875000e+01,2.166005897521972656e+01,1.773789978027343750e+01,2.278643035888671875e+01,4.841839981079101562e+01,5.949094390869140625e+01,4.163400268554687500e+01,3.161284065246582031e+01,2.520299911499023438e+01,2.194366073608398438e+01,1.364141082763671875e+01,1.447056102752685547e+01,2.065184402465820312e+01,2.726750183105468750e+01,3.177464675903320312e+01,3.222566986083984375e+01,2.886860275268554688e+01,2.746125030517578125e+01,2.639940071105957031e+01,2.776795196533203125e+01,3.238733673095703125e+01,3.207070159912109375e+01,4.342433929443359375e+01,5.178233718872070312e+01,3.550244140625000000e+01,2.455990982055664062e+01,2.523700332641601562e+01,1.269853115081787109e+01,7.861646652221679688e+00,4.375506401062011719e+00,1.013968467712402344e+01,1.308808612823486328e+01,2.298977851867675781e+00,3.179181575775146484e+00,9.933732986450195312e+00,5.669577121734619141e+00,-3.536536216735839844e+00,9.564428925514221191e-01,1.091994857788085938e+01,1.230332946777343750e+01,1.828957748413085938e+01,2.492003250122070312e+01,1.305072212219238281e+01,-4.816496670246124268e-01,-4.522668838500976562e+00,-9.197051048278808594e+00,3.608395338058471680e+00,1.299720191955566406e+01,5.189113616943359375e+00,6.419281005859375000e+00,1.297459411621093750e+01,1.403824996948242188e+01,1.532482147216796875e+01,1.648236465454101562e+01,1.343783569335937500e+01,1.559103393554687500e+01,1.966856002807617188e+01,1.624023056030273438e+01,1.352140140533447266e+01,2.759917831420898438e+01,3.364672851562500000e+01,3.075601005554199219e+01,2.776441192626953125e+01,3.131236457824707031e+01,2.328429031372070312e+01,1.823432540893554688e+01,2.470703506469726562e+01,4.154139709472656250e+01,5.009674072265625000e+01,4.924250793457031250e+01,3.986631774902343750e+01,3.075762176513671875e+01,2.704736137390136719e+01,1.712351608276367188e+01,8.725027084350585938e+00,2.118898391723632812e+01,3.889675903320312500e+01,5.295834350585937500e+01,4.661763000488281250e+01,4.419621276855468750e+01,4.474182128906250000e+01,3.475460052490234375e+01,2.250534820556640625e+01,6.109761238098144531e+00,-9.512090682983398438e+00,-1.287298583984375000e+01,-1.228552436828613281e+01,-6.253785133361816406e+00,4.852944374084472656e+00,2.256358337402343750e+01,3.374698638916015625e+01,3.579923248291015625e+01,3.113755035400390625e+01,2.737292289733886719e+01,9.973011016845703125e+00,2.839524030685424805e+00,9.355358123779296875e+00,1.712623596191406250e+01,2.094927978515625000e+01,2.724343109130859375e+01,3.953232574462890625e+01,3.435577774047851562e+01,2.612020492553710938e+01,2.860050582885742188e+01,3.025702285766601562e+01,3.065555000305175781e+01,3.391195678710937500e+01,3.581114196777343750e+01,2.390008163452148438e+01,2.279157257080078125e+01,3.097032928466796875e+01,3.989062881469726562e+01,4.721902084350585938e+01,5.094600296020507812e+01,6.493448638916015625e+01,8.034883880615234375e+01,8.222216796875000000e+01,7.579188537597656250e+01,7.193765258789062500e+01,6.461654663085937500e+01,5.198850631713867188e+01,4.058910369873046875e+01,4.118841934204101562e+01,4.470544433593750000e+01,4.288059997558593750e+01,4.405792236328125000e+01,4.580756378173828125e+01,5.057865905761718750e+01,4.741127395629882812e+01,4.271816253662109375e+01,5.257950210571289062e+01,6.169329833984375000e+01,6.170662689208984375e+01,6.150086975097656250e+01,6.013446044921875000e+01,4.605963134765625000e+01,4.688208007812500000e+01,5.567179870605468750e+01,5.633597564697265625e+01,5.586648559570312500e+01,5.290026092529296875e+01,4.623540878295898438e+01,3.331492233276367188e+01,2.895466995239257812e+01,2.767335891723632812e+01,6.420095825195312500e+01,5.964414215087890625e+01,5.499104309082031250e+01,5.252268981933593750e+01,5.218096923828125000e+01,5.315573883056640625e+01,5.757291412353515625e+01,5.255311965942382812e+01,3.968502044677734375e+01,3.092676925659179688e+01,3.178070068359375000e+01,3.844170379638671875e+01,4.867875671386718750e+01,4.458618927001953125e+01,3.749586486816406250e+01,3.686143875122070312e+01,3.924293899536132812e+01,3.133622360229492188e+01,2.756485366821289062e+01,3.053081321716308594e+01,3.639210891723632812e+01,3.724971389770507812e+01,5.916545486450195312e+01,6.160633468627929688e+01,6.108198165893554688e+01,2.049326133728027344e+01,9.528644561767578125e+00,2.475799560546875000e+01,5.099177551269531250e+01,4.191670227050781250e+01,-1.349135971069335938e+01,-1.439890384674072266e+01,-3.326514720916748047e+00,-2.489822149276733398e+00,-5.877229213714599609e+00,8.313187599182128906e+00,8.080763816833496094e+00,6.399891853332519531e+00,1.301866054534912109e+01,1.945177650451660156e+01,2.224429321289062500e+01,1.943679809570312500e+01,8.937295913696289062e+00,5.007461547851562500e+00,6.873163223266601562e+00,1.730852842330932617e+00,-7.321739673614501953e+00,-2.105996704101562500e+01,-3.022193145751953125e+01,-2.276998519897460938e+01,-7.624582290649414062e+00,1.866337180137634277e+00,9.068255424499511719e+00,1.158177566528320312e+01,9.460685729980468750e+00,1.319011306762695312e+01,1.703189659118652344e+01,1.604431915283203125e+01,1.456610298156738281e+01,1.173938465118408203e+01,1.594471359252929688e+01,1.890826225280761719e+01,1.612736892700195312e+01,1.512068367004394531e+01,2.085398292541503906e+01,2.876710891723632812e+01,3.257254028320312500e+01,3.214817810058593750e+01,3.264641952514648438e+01,3.513119506835937500e+01,2.263931465148925781e+01,-1.112557649612426758e-01,-1.724078178405761719e+01,-2.638477706909179688e+01,-2.399979782104492188e+01,-1.036005401611328125e+01,-5.770802497863769531e-02,4.990598678588867188e+00,5.994624137878417969e+00,5.994247913360595703e+00,1.684677886962890625e+01,8.550938606262207031e+00,1.044901752471923828e+01,1.190392494201660156e+01,1.881248664855957031e+01,3.112889480590820312e+01,4.029226684570312500e+01,4.765968322753906250e+01,5.116614913940429688e+01,5.202121734619140625e+01,5.958196258544921875e+01,6.892278289794921875e+01,8.290832519531250000e+01,9.006045532226562500e+01,6.932626342773437500e+01,4.051180267333984375e+01,1.843204879760742188e+01,1.380905818939208984e+01,4.829955101013183594e+00,-1.232037782669067383e+00,1.875960111618041992e+00,-5.511536598205566406e+00,4.793290615081787109e+00,2.922766685485839844e+01,4.771255493164062500e+01,4.128198623657226562e+01,3.912516403198242188e+01,4.562943649291992188e+01,5.034570312500000000e+01,4.611635971069335938e+01,3.995078277587890625e+01,3.999086761474609375e+01,3.626941299438476562e+01,3.871209716796875000e+01,3.691507720947265625e+01,3.217877960205078125e+01,5.693537902832031250e+01,8.184750366210937500e+01,8.052876281738281250e+01,7.380111694335937500e+01,6.988923645019531250e+01,8.202189636230468750e+01,8.982441711425781250e+01,8.090518188476562500e+01,7.554573822021484375e+01,7.590316772460937500e+01,7.587136840820312500e+01,6.601177978515625000e+01,6.687326812744140625e+01,6.153416442871093750e+01,6.044631195068359375e+01,6.421623229980468750e+01,6.596257019042968750e+01,6.854988861083984375e+01,4.274864196777343750e+01,-1.974278450012207031e+00,-2.668970108032226562e+01,-2.998434638977050781e+01,-1.679186058044433594e+01,-2.490003108978271484e+00,1.358163642883300781e+01,2.330032348632812500e+01,3.618750762939453125e+01,4.967930603027343750e+01,5.918717956542968750e+01,7.367877197265625000e+01,7.415048217773437500e+01,8.324572753906250000e+01,8.533094787597656250e+01,6.094498443603515625e+01,5.049777984619140625e+01,4.235032653808593750e+01,5.881779098510742188e+01,7.597764587402343750e+01,7.444113159179687500e+01,5.639973831176757812e+01,4.988252258300781250e+01,4.451392745971679688e+01,4.327804946899414062e+01,5.807950210571289062e+01,6.259313964843750000e+01,5.726091766357421875e+01,5.813660049438476562e+01,5.240017318725585938e+01,4.004276657104492188e+01,3.872620391845703125e+01,3.337586212158203125e+01,3.804209136962890625e+01,4.130376052856445312e+01,2.680875778198242188e+01,-4.552012443542480469e+00,7.449820518493652344e+00,1.596676445007324219e+01,2.774153327941894531e+01,5.097463989257812500e+01,5.888390731811523438e+01,5.570250320434570312e+01,4.333909988403320312e+01,3.748685455322265625e+01,3.998654937744140625e+01,3.782860565185546875e+01,3.710310363769531250e+01,4.073444366455078125e+01,6.022138977050781250e+01,7.870425415039062500e+01,8.920899963378906250e+01,1.014773941040039062e+02,1.038523483276367188e+02,1.009275360107421875e+02,9.349564361572265625e+01,8.193315124511718750e+01,7.790769195556640625e+01,7.242298889160156250e+01,6.028156280517578125e+01,4.593804931640625000e+01,3.501837921142578125e+01,3.351156997680664062e+01,4.054961776733398438e+01,5.574173736572265625e+01,5.685456848144531250e+01,5.061727905273437500e+01,4.686619567871093750e+01,5.187216949462890625e+01,5.429349517822265625e+01,4.838633728027343750e+01,4.235818862915039062e+01,4.142211914062500000e+01,2.099227905273437500e+01,2.447504043579101562e+01,1.874238204956054688e+01,8.720927238464355469e+00,1.662703990936279297e+00,1.336311459541320801e+00,-3.505421400070190430e+00,1.110581398010253906e+00,3.246702671051025391e+00,2.396208524703979492e+00,3.619224786758422852e+00,8.335248947143554688e+00,1.075245475769042969e+01,1.190181541442871094e+01,1.053927230834960938e+01,-2.720279932022094727e+00,-1.453343105316162109e+01,-9.951803207397460938e+00,4.838701248168945312e+00,1.265175724029541016e+01,3.842239379882812500e+01,5.550662231445312500e+01,4.732001495361328125e+01,2.228104400634765625e+01,1.457898902893066406e+01,1.955627918243408203e+00,-5.987818717956542969e+00,-1.022009658813476562e+01,-1.064773368835449219e+01,-1.104088973999023438e+01,-4.495727539062500000e+00,8.164031982421875000e+00,1.959996795654296875e+01,3.230950164794921875e+01,4.039660644531250000e+01,4.358341979980468750e+01,5.014511871337890625e+01,5.262633514404296875e+01,5.211566925048828125e+01,5.809394073486328125e+01,5.966973876953125000e+01,5.797951507568359375e+01,5.889292907714843750e+01,6.857887268066406250e+01,7.532295989990234375e+01,6.124043273925781250e+01,2.826840591430664062e+01,1.446920871734619141e+01,1.714182662963867188e+01,1.959051895141601562e+01,2.713501167297363281e+01,2.877834129333496094e+01,3.272332763671875000e+01,2.767593765258789062e+01,1.785503387451171875e+01,1.401318073272705078e+01,2.686177062988281250e+01,2.412932586669921875e+01,1.332334899902343750e+01,2.261059951782226562e+01,2.394081497192382812e+01,3.970798492431640625e+01,4.893360900878906250e+01,4.890496444702148438e+01,3.523036193847656250e+01,3.678968811035156250e+01,4.126226043701171875e+01,3.698867416381835938e+01,2.694752883911132812e+01,2.250548171997070312e+01,2.432597923278808594e+01,1.539499473571777344e+01,8.410815238952636719e+00,1.445516586303710938e+00,-4.159640312194824219e+00,-5.493324279785156250e+00,1.384145259857177734e+01,3.386091995239257812e+01,2.473347473144531250e+01,2.123072242736816406e+01,2.898121261596679688e+01,2.334238433837890625e+01,2.101342582702636719e+01,1.749143981933593750e+01,1.354867935180664062e+01,1.599666213989257812e+01,2.022389602661132812e+01,2.447297668457031250e+01,1.721894454956054688e+01,1.766725921630859375e+01,3.307518005371093750e+01,3.515142822265625000e+01,4.133322143554687500e+01,3.446528625488281250e+01,2.923244857788085938e+01,3.535591888427734375e+01,4.377038574218750000e+01,4.153179550170898438e+01,4.407024383544921875e+01,4.387475585937500000e+01,4.141867828369140625e+01,3.173913955688476562e+01,2.121990585327148438e+01,2.208484649658203125e+01,3.145878982543945312e+01,4.787215423583984375e+01,5.203295898437500000e+01,4.744809341430664062e+01,4.808530426025390625e+01,5.987183380126953125e+01,4.727069854736328125e+01,2.398371505737304688e+01,1.260587692260742188e+01,2.918795394897460938e+01,4.231250762939453125e+01,4.501131439208984375e+01,4.539030456542968750e+01,4.712673950195312500e+01,4.739817047119140625e+01,3.993025588989257812e+01,3.316921234130859375e+01,2.855116081237792969e+01,3.369785308837890625e+01,4.691188049316406250e+01,4.299883270263671875e+01,3.796330261230468750e+01,2.830026817321777344e+01,1.730632400512695312e+01,2.153050994873046875e+01,2.932665634155273438e+01,3.398483657836914062e+01,4.969079589843750000e+01,7.261880493164062500e+01,8.270223236083984375e+01,8.381855773925781250e+01,8.875087738037109375e+01,9.183079528808593750e+01,9.188539123535156250e+01,8.199217987060546875e+01,7.922891235351562500e+01,8.094068908691406250e+01,8.011492919921875000e+01,7.238655090332031250e+01,2.496068763732910156e+01,1.559570074081420898e+00,-1.140601634979248047e+01,-1.284397315979003906e+01,-1.034885215759277344e+01,-6.730790138244628906e+00,6.769409179687500000e+00,9.184722900390625000e+00,5.573613643646240234e+00,6.780456066131591797e+00,1.616469764709472656e+01,2.480456542968750000e+01,1.591673851013183594e+01,5.762750148773193359e+00,6.049798011779785156e+00,6.101341247558593750e+00,6.500644683837890625e+00,1.214738082885742188e+01,2.708350753784179688e+01,3.786937713623046875e+01,3.578283691406250000e+01,3.416844940185546875e+01,3.360678100585937500e+01,2.905125427246093750e+01,2.554188919067382812e+01,2.897351074218750000e+01,4.122022247314453125e+01,4.242263793945312500e+01,4.619344329833984375e+01,5.081906127929687500e+01,5.877776336669921875e+01,5.935205459594726562e+01,5.562610626220703125e+01,7.955125427246093750e+01,7.494795989990234375e+01,7.273387908935546875e+01,8.134590148925781250e+01,9.691372680664062500e+01,9.348316955566406250e+01,7.930528259277343750e+01,4.025587463378906250e+01,2.909082221984863281e+01,4.622932815551757812e+01,5.395637512207031250e+01,3.629600143432617188e+01,6.539869785308837891e+00,-4.182978630065917969e+00,-1.577852487564086914e+00,4.062219142913818359e+00,1.091402053833007812e+01,3.607012748718261719e+00,-2.804054975509643555e+00,7.375439405441284180e-01,2.174344539642333984e+00,8.156567573547363281e+00,1.472168922424316406e+01,2.417137336730957031e+01,2.617576980590820312e+01,2.788563728332519531e+01,8.196646690368652344e+00,-6.629812717437744141e+00,-8.059791564941406250e+00,-3.987218141555786133e+00,-6.027611732482910156e+00,1.089206981658935547e+01,3.655542755126953125e+01,2.608728790283203125e+01,8.599321365356445312e+00,8.416713714599609375e+00,7.787632942199707031e+00,3.496556854248046875e+01,5.929868316650390625e+01,5.106233978271484375e+01,2.074201774597167969e+01,9.981697082519531250e+00,-1.102046728134155273e+00,-8.724464416503906250e+00,-6.502315521240234375e+00,-4.030737876892089844e+00,3.047496318817138672e+00,1.338602828979492188e+01,1.555834960937500000e+01,1.324442958831787109e+01,1.056849479675292969e+01,9.599224090576171875e+00,9.538153648376464844e+00,6.589728832244873047e+00,5.363431453704833984e+00,1.105986022949218750e+01,1.392440795898437500e+01,1.245061111450195312e+01,1.408489322662353516e+01,8.630951881408691406e+00,-8.031892776489257812e+00,-1.597760200500488281e+01,-1.299108695983886719e+01,-3.764523267745971680e+00,3.491852283477783203e+00,1.127510070800781250e+01,1.222517013549804688e+01,5.636064529418945312e+00,4.891357421875000000e+00,8.363143920898437500e+00,2.236222839355468750e+01,2.495014572143554688e+01,1.346247959136962891e+01,4.237730979919433594e+00,1.245438307523727417e-01,-6.181569099426269531e+00,-7.627379417419433594e+00,5.763340950012207031e+00,1.706765413284301758e+00,-8.473587036132812500e+00,-1.268519687652587891e+01,-1.256579589843750000e+01,-1.778108215332031250e+01,-2.264738082885742188e+01,-2.194309997558593750e+01,-1.100164031982421875e+01,-8.798436164855957031e+00,-9.249905586242675781e+00,-1.255909156799316406e+01,-1.853433799743652344e+01,-1.702596282958984375e+01,-5.510786175727844238e-01,2.498208999633789062e+01,2.274497985839843750e+01,2.166016960144042969e+01,3.501036834716796875e+01,4.284159851074218750e+01,5.880067443847656250e+01,7.291650390625000000e+01,8.312934875488281250e+01,8.268207550048828125e+01,8.511862945556640625e+01,8.586170959472656250e+01,7.737895202636718750e+01,6.446319580078125000e+01,5.422083663940429688e+01,4.802980804443359375e+01,5.544331359863281250e+01,4.406596755981445312e+01,4.322362136840820312e+01,4.359339141845703125e+01,4.612602996826171875e+01,5.579350280761718750e+01,5.664241027832031250e+01,6.677963256835937500e+01,8.547731018066406250e+01,6.942808532714843750e+01,4.849756622314453125e+01,3.413562774658203125e+01,3.590486145019531250e+01,2.802594947814941406e+01,9.049265861511230469e+00,4.967213153839111328e+00,8.764781355857849121e-01,-2.836477279663085938e+00,-3.168158292770385742e+00,-7.063280344009399414e-01,4.725384235382080078e+00,1.226775646209716797e+01,1.756015014648437500e+01,2.085208892822265625e+01,3.796246719360351562e+01,4.840921020507812500e+01,5.738956451416015625e+01,5.691559600830078125e+01,5.511552429199218750e+01,5.540165710449218750e+01,5.774744415283203125e+01,5.184718322753906250e+01,4.145964813232421875e+01,4.190465545654296875e+01,7.265740203857421875e+01,7.920156860351562500e+01,6.440747833251953125e+01,3.617483520507812500e+01,3.362228393554687500e+01,2.478549575805664062e+01,2.563106918334960938e+01,3.562301635742187500e+01,4.709724426269531250e+01,4.462864685058593750e+01,3.967427062988281250e+01,4.124337768554687500e+01,3.685944366455078125e+01,3.614587783813476562e+01,4.243827056884765625e+01,5.859357452392578125e+01,7.146580505371093750e+01,7.541188049316406250e+01,8.628823089599609375e+01,8.750317382812500000e+01,8.487704467773437500e+01,8.300743103027343750e+01,6.924011230468750000e+01,5.220796966552734375e+01,2.480114936828613281e+01,7.739328384399414062e+00,1.032558631896972656e+01,1.035900115966796875e+01,1.445966148376464844e+01,1.902697944641113281e+01,2.105709457397460938e+01,2.622115707397460938e+01,3.720765686035156250e+01,4.875644683837890625e+01,3.723723602294921875e+01,2.467822074890136719e+01,2.326659202575683594e+01,-1.476648330688476562e+00,-1.466478538513183594e+01,-2.119977760314941406e+01,-1.849317932128906250e+01,-2.113674926757812500e+01,-2.756064987182617188e+01,-3.172944259643554688e+01,-3.956813430786132812e+01,-4.015060424804687500e+01,-3.228632736206054688e+01,-2.729572296142578125e+01,-2.503165054321289062e+01,-2.068061065673828125e+01,-1.876177978515625000e+01,-1.486940956115722656e+01,-1.078803253173828125e+01,1.135299563407897949e+00,8.405986785888671875e+00,1.133314132690429688e+01,8.574650764465332031e+00,1.245120429992675781e+01,1.446479606628417969e+01,1.095787143707275391e+01,1.495437145233154297e+01,1.356489562988281250e+01,1.518597793579101562e+01,1.637931823730468750e+01,1.063618469238281250e+01,1.673101997375488281e+01,1.997093200683593750e+01,2.928057479858398438e+01,3.666458129882812500e+01,3.793759155273437500e+01,4.878072357177734375e+01,5.307813262939453125e+01,5.565275192260742188e+01,6.005900573730468750e+01,5.576215362548828125e+01,5.035483551025390625e+01,5.159043502807617188e+01,5.391275405883789062e+01,5.979132461547851562e+01,5.494625854492187500e+01,4.625234985351562500e+01,4.463842010498046875e+01,4.215623474121093750e+01,3.963859176635742188e+01,3.722216033935546875e+01,3.444635009765625000e+01,3.190604019165039062e+01,3.293712615966796875e+01,3.652864074707031250e+01,3.171083831787109375e+01,3.026193618774414062e+01,3.203321075439453125e+01,3.388533401489257812e+01,3.743970108032226562e+01,3.817777252197265625e+01,3.679039764404296875e+01,4.231960296630859375e+01,5.339015960693359375e+01,5.539489746093750000e+01,4.506822204589843750e+01,3.704615020751953125e+01,2.580252075195312500e+01,2.059471321105957031e+01,1.724966812133789062e+01,1.544878005981445312e+01,1.147053718566894531e+01,1.499196624755859375e+01,3.070149421691894531e+01,4.319944000244140625e+01,5.271735382080078125e+01,5.536889648437500000e+01,4.825342941284179688e+01,8.008477783203125000e+01,9.635477447509765625e+01,8.810342407226562500e+01,6.568428802490234375e+01,5.231559753417968750e+01,4.645957183837890625e+01,4.250098419189453125e+01,3.537498474121093750e+01,2.422583770751953125e+01,1.749543762207031250e+01,3.441777801513671875e+01,5.633431625366210938e+01,5.423757934570312500e+01,4.576559448242187500e+01,4.814458847045898438e+01,4.710244369506835938e+01,2.628001785278320312e+01,2.022542572021484375e+01,1.911699104309082031e+01,2.807787895202636719e+01,3.889958953857421875e+01,4.744933700561523438e+01,5.186559295654296875e+01,4.187673187255859375e+01,3.447677612304687500e+01,3.165285682678222656e+01,3.251928710937500000e+01,2.698830795288085938e+01,1.661914443969726562e+01,4.935327529907226562e+00,-3.164095878601074219e+00,-1.111096143722534180e+00,7.394291877746582031e+00,2.272440719604492188e+01,3.682151794433593750e+01,4.753800964355468750e+01,7.281283569335937500e+01,8.427792358398437500e+01,8.898291015625000000e+01,9.071411132812500000e+01,9.363447570800781250e+01,8.322448730468750000e+01,7.165964508056640625e+01,6.732852935791015625e+01,5.408335113525390625e+01,4.398037719726562500e+01,3.847080230712890625e+01,3.922459411621093750e+01,5.256643676757812500e+01,5.533384323120117188e+01,5.469999694824218750e+01,4.756615066528320312e+01,4.287639999389648438e+01,4.708551788330078125e+01,5.503168869018554688e+01,5.956611633300781250e+01,6.473377227783203125e+01,6.589323425292968750e+01,6.169759368896484375e+01,4.974333953857421875e+01,3.282939529418945312e+01,3.520838928222656250e+01,4.026642227172851562e+01,4.241099548339843750e+01,3.022600555419921875e+01,1.836342811584472656e+01,3.261439895629882812e+01,6.462054443359375000e+01,8.827332305908203125e+01,7.867139434814453125e+01,7.647402191162109375e+01,6.928730773925781250e+01,6.624743652343750000e+01,7.568751525878906250e+01,5.537533569335937500e+01,2.404389953613281250e+01,2.440967941284179688e+01,3.052997970581054688e+01,4.199936294555664062e+01,4.246366119384765625e+01,4.452674865722656250e+01,4.073699951171875000e+01,3.957567214965820312e+01,5.244245147705078125e+01,4.336477661132812500e+01,3.531073760986328125e+01,2.907710266113281250e+01,3.462202453613281250e+01,3.912237930297851562e+01,4.336669158935546875e+01,4.709829711914062500e+01,5.423132705688476562e+01,4.301006317138671875e+01,4.023498916625976562e+01,5.754547882080078125e+01,7.266672515869140625e+01,9.121397399902343750e+01,9.943499755859375000e+01,8.757620239257812500e+01,6.849192810058593750e+01,3.440609741210937500e+01,1.635217666625976562e+01,1.884689331054687500e+01,1.842115783691406250e+01,3.062876510620117188e+01,4.109358215332031250e+01,4.842853546142578125e+01,5.106000518798828125e+01,5.215110015869140625e+01,4.635864257812500000e+01,4.717048645019531250e+01,4.887571716308593750e+01,4.512815093994140625e+01,4.773463821411132812e+01,5.186565399169921875e+01,3.218449401855468750e+01,8.202370643615722656e+00,-1.005020999908447266e+01,-1.817142105102539062e+01,-1.286585617065429688e+01,7.842970371246337891e+00,1.720245742797851562e+01,2.367445564270019531e+01,4.409527206420898438e+01,5.579975509643554688e+01,5.434574127197265625e+01,6.280059814453125000e+01,5.986231994628906250e+01,4.162441635131835938e+01,5.974920749664306641e+00,-1.902819633483886719e+01,-2.754863739013671875e+01,-2.695496749877929688e+01,-1.840599060058593750e+01,-7.519096374511718750e+00,5.016271591186523438e+00,1.570701122283935547e+01,2.326761627197265625e+01,2.897607803344726562e+01,3.823236083984375000e+01,4.773780441284179688e+01,5.784041595458984375e+01,5.013423919677734375e+01,3.997249984741210938e+01,3.530224609375000000e+01,1.851198577880859375e+01,6.861369132995605469e+00,4.469847202301025391e+00,4.121406555175781250e+00,1.335729956626892090e+00,5.373489856719970703e-02,-2.867712974548339844e+00,6.197711944580078125e+00,1.735690689086914062e+01,2.029784011840820312e+01,1.174853515625000000e+01,1.447060203552246094e+01,2.746241378784179688e+01,4.025765609741210938e+01,3.250492477416992188e+01,1.485712528228759766e+01,4.102341651916503906e+00,-1.396660327911376953e+00,1.042638683319091797e+01,2.896644783020019531e+01,3.242176055908203125e+01,3.399163055419921875e+01,3.729267120361328125e+01,3.853109359741210938e+01,3.936748504638671875e+01,3.974406433105468750e+01,4.582279205322265625e+01,4.925411224365234375e+01,5.417881774902343750e+01,5.236787414550781250e+01,4.684365463256835938e+01,5.148238372802734375e+01,5.501368713378906250e+01,4.894650268554687500e+01,5.044240570068359375e+01,4.904986572265625000e+01,4.873040771484375000e+01,5.037951278686523438e+01,5.636271667480468750e+01,6.490360260009765625e+01,6.929035186767578125e+01,6.608154296875000000e+01,7.309861755371093750e+01,7.731981658935546875e+01,6.430970764160156250e+01,4.703554534912109375e+01,3.938673400878906250e+01,1.507517051696777344e+01,2.433201551437377930e+00,-1.880309581756591797e+00,1.307715129852294922e+01,3.434462738037109375e+01,3.484687042236328125e+01,4.190882492065429688e+01,5.470265579223632812e+01,6.311814117431640625e+01,6.690370941162109375e+01,6.672069549560546875e+01,5.764847564697265625e+01,5.016504669189453125e+01,5.206256484985351562e+01,4.826102066040039062e+01,4.807527160644531250e+01,4.262940979003906250e+01,3.071201515197753906e+01,4.491019058227539062e+01,3.765037536621093750e+01,2.054942512512207031e+01,1.032616329193115234e+01,2.572684478759765625e+01,4.404289245605468750e+01,2.826264381408691406e+01,1.586194133758544922e+01,2.434640407562255859e+00,6.827589035034179688e+00,8.196805715560913086e-01,-8.252729415893554688e+00,-1.279397964477539062e+01,-1.798225784301757812e+01,-2.234777069091796875e+01,-7.968034267425537109e+00,1.067837142944335938e+01,2.269152259826660156e+01,2.739620590209960938e+01,2.954357528686523438e+01,2.742784881591796875e+01,3.124617004394531250e+01,3.219375610351562500e+01,3.323962402343750000e+01,2.145541763305664062e+01,2.664587402343750000e+01,5.459496307373046875e+01,4.796279907226562500e+01,2.752774810791015625e+01,1.423640823364257812e+01,5.802705764770507812e+00,-8.288874626159667969e+00,-1.789755630493164062e+01,-1.933890342712402344e+01,-2.071934509277343750e+01,-1.912392425537109375e+01,-1.580713868141174316e+00,8.613397598266601562e+00,2.896062469482421875e+01,3.600643920898437500e+01,3.521458435058593750e+01,3.245214843750000000e+01,3.074271011352539062e+01,3.213584136962890625e+01,2.747233772277832031e+01,2.460148048400878906e+01,1.537233734130859375e+01,3.089615249633789062e+01,3.927725219726562500e+01,4.961654281616210938e+01,5.707779693603515625e+01,6.320372009277343750e+01,7.294126892089843750e+01,7.325292968750000000e+01,7.380734252929687500e+01,7.235350036621093750e+01,7.795114135742187500e+01,7.939401245117187500e+01,8.293094635009765625e+01,8.905989074707031250e+01,8.995355224609375000e+01,9.012005615234375000e+01,8.704314422607421875e+01,7.530335998535156250e+01,5.703393936157226562e+01,4.924477386474609375e+01,4.420587921142578125e+01,4.522514724731445312e+01,5.392577743530273438e+01,6.250595855712890625e+01,5.567847061157226562e+01,5.590399932861328125e+01,5.129809188842773438e+01,4.348661804199218750e+01,3.750698852539062500e+01,2.728152084350585938e+01,2.964203834533691406e+01,4.420752334594726562e+01,4.923909759521484375e+01,5.031104278564453125e+01,4.942092514038085938e+01,7.900436401367187500e+01,9.501048278808593750e+01,9.848974609375000000e+01,8.953266143798828125e+01,8.254499816894531250e+01,6.570050048828125000e+01,5.250489807128906250e+01,5.659983825683593750e+01,5.803646850585937500e+01,5.357393646240234375e+01,4.095041656494140625e+01,1.910534667968750000e+01,1.359581661224365234e+01,1.246063804626464844e+01,8.082988739013671875e+00,-1.101312637329101562e+00,-3.619146823883056641e+00,-1.588518238067626953e+01,-3.137855911254882812e+01,-3.522707366943359375e+01,-3.032601928710937500e+01,-8.499868392944335938e+00,-9.880307197570800781e+00,-2.301689147949218750e+00,1.431053066253662109e+01,2.218650054931640625e+01,3.723320007324218750e+01,3.936222076416015625e+01,2.860522079467773438e+01,2.179495239257812500e+01,2.627448272705078125e+01,3.432269287109375000e+01,5.589488983154296875e+01,8.092674255371093750e+01,9.216319274902343750e+01,9.590644073486328125e+01,9.678692626953125000e+01,7.570307159423828125e+01,5.075847625732421875e+01,2.982485580444335938e+01,2.929656982421875000e+01,3.739343261718750000e+01,3.869764709472656250e+01,3.672647476196289062e+01,3.340991210937500000e+01,3.862124252319335938e+01,4.064971160888671875e+01,3.642595291137695312e+01,3.590572357177734375e+01,3.657720184326171875e+01,3.112404441833496094e+01,2.735548019409179688e+01,5.832530975341796875e+00,-1.840731430053710938e+01,-1.967547798156738281e+01,-3.070019483566284180e+00,7.751366615295410156e+00,7.992618083953857422e+00,-3.141376495361328125e+00,-1.026076984405517578e+01,-6.150917053222656250e+00,-2.465975284576416016e-01,-1.064583659172058105e+00,3.463082790374755859e+00,1.044782829284667969e+01,1.872032356262207031e+01,2.214996719360351562e+01,3.016085433959960938e+01,3.266558837890625000e+01,3.349806213378906250e+01,3.449600219726562500e+01,3.628565979003906250e+01,3.273577117919921875e+01,3.790882110595703125e+01,4.373191833496093750e+01,4.695790863037109375e+01,4.454730987548828125e+01,4.448847198486328125e+01,3.160211944580078125e+01,2.518995857238769531e+01,2.187207603454589844e+01,2.684099197387695312e+01,2.412102127075195312e+01,1.953693389892578125e+01,3.440142822265625000e+01,4.513640594482421875e+01,4.974720764160156250e+01,5.069756317138671875e+01,4.158966445922851562e+01,2.340232467651367188e+01,2.708666610717773438e+01,4.581359100341796875e+01,4.716119384765625000e+01,3.825601196289062500e+01,3.586092376708984375e+01,4.421839904785156250e+01,5.378006744384765625e+01,5.576322555541992188e+01,5.725130462646484375e+01,6.538656616210937500e+01,7.415043640136718750e+01,7.202297210693359375e+01,5.476193237304687500e+01,4.268967056274414062e+01,4.906037902832031250e+01,4.923415756225585938e+01,5.023403167724609375e+01,4.665097045898437500e+01,4.682067871093750000e+01,5.120940017700195312e+01,4.862474060058593750e+01,3.830706024169921875e+01,3.503304672241210938e+01,4.149962615966796875e+01,4.032759094238281250e+01,4.969990539550781250e+01,5.896477890014648438e+01,5.223594665527343750e+01,4.877340698242187500e+01,5.024858856201171875e+01,4.633288955688476562e+01,4.623998260498046875e+01,4.580950164794921875e+01,4.469482803344726562e+01,4.353457260131835938e+01,4.808773040771484375e+01,4.758389663696289062e+01,6.267692565917968750e+01,7.533429718017578125e+01,7.329421997070312500e+01,6.743181610107421875e+01,5.320855712890625000e+01,4.779505538940429688e+01,6.230570983886718750e+01,6.386894989013671875e+01,5.957533264160156250e+01,5.727005004882812500e+01,5.979477310180664062e+01,5.291079711914062500e+01,4.850548553466796875e+01,4.061397552490234375e+01,3.548505401611328125e+01,2.649695014953613281e+01,3.155409097671508789e+00,-8.353228569030761719e-01,3.318553924560546875e+00,1.883121490478515625e+01,2.063578414916992188e+01,1.791715240478515625e+01,2.812718200683593750e+01,1.045160293579101562e+01,2.324431896209716797e+00,1.692535400390625000e+01,1.897886276245117188e+01,1.429526901245117188e+01,2.381384086608886719e+01,1.521757888793945312e+01,7.440256118774414062e+00,-2.418878316879272461e+00,-1.005654931068420410e-01,1.007073593139648438e+01,2.220561218261718750e+01,2.368129920959472656e+01,2.330903625488281250e+01,2.089867019653320312e+01,1.223574256896972656e+01,2.084049415588378906e+01,3.464418029785156250e+01,4.162728118896484375e+01,5.077482223510742188e+01,5.408114624023437500e+01,6.189682006835937500e+01,5.719021224975585938e+01,5.548030090332031250e+01,4.343918991088867188e+01,3.115281677246093750e+01,1.225199604034423828e+01,-4.634704589843750000e+00,-2.499393081665039062e+01,-2.480398178100585938e+01,-2.987518501281738281e+01,-3.494680023193359375e+01,-3.164620590209960938e+01,-3.108814811706542969e+01,-2.035674095153808594e+01,-1.251624488830566406e+01,-7.634593009948730469e+00,2.649448394775390625e+00,5.920994758605957031e+00,7.010582447052001953e+00,9.048950195312500000e+00,1.700133323669433594e+01,2.481991195678710938e+01,2.299223518371582031e+01,1.474797630310058594e+01,1.095629024505615234e+01,4.829282760620117188e+00,6.701741814613342285e-01,4.519069194793701172e+00,9.229207992553710938e+00,9.604952812194824219e+00,1.470732975006103516e+01,2.233218765258789062e+01,4.077452850341796875e+01,5.992382049560546875e+01,7.891209411621093750e+01,8.290484619140625000e+01,7.740065002441406250e+01,7.925649261474609375e+01,8.174819183349609375e+01,8.467202758789062500e+01,8.710751342773437500e+01,6.889466857910156250e+01,4.677842712402343750e+01,3.879769897460937500e+01,4.711709213256835938e+01,5.294171905517578125e+01,5.081845092773437500e+01,7.232521057128906250e+01,8.569512939453125000e+01,8.861019134521484375e+01,8.631942749023437500e+01,6.808050537109375000e+01,4.767364883422851562e+01,4.129371643066406250e+01,3.855006408691406250e+01,4.430592346191406250e+01,5.082129669189453125e+01,5.232862854003906250e+01,4.718482971191406250e+01,3.953607177734375000e+01,3.053962135314941406e+01,3.027845001220703125e+01,2.964994239807128906e+01,3.286813354492187500e+01,3.971914291381835938e+01,4.697400665283203125e+01,5.665023803710937500e+01,7.449184417724609375e+01,6.651782226562500000e+01,4.042148590087890625e+01,1.717441368103027344e+01,-5.130816459655761719e+00,-1.259457588195800781e+01,-1.422826766967773438e+01,-2.079429626464843750e+01,-2.784511566162109375e+01,-1.722303962707519531e+01,-5.524099826812744141e+00,3.506004810333251953e+00,1.797753143310546875e+01,1.607700729370117188e+01,2.009258651733398438e+01,1.814030838012695312e+01,1.440791320800781250e+01,3.686786651611328125e+01,5.274854660034179688e+01,6.099829864501953125e+01,7.098939514160156250e+01,7.991438293457031250e+01,7.994527435302734375e+01,7.225421142578125000e+01,6.009791564941406250e+01,5.144054412841796875e+01,4.694245910644531250e+01,4.895567321777343750e+01,5.131864166259765625e+01,1.381876373291015625e+01,1.122436904907226562e+01,1.378546905517578125e+01,7.259391784667968750e+00,1.676377296447753906e+00,-2.845708847045898438e+00,-1.409765052795410156e+01,-1.174594497680664062e+01,-7.175941944122314453e+00,3.304250240325927734e+00,8.955597877502441406e+00,8.006821632385253906e+00,1.476969337463378906e+01,4.110859298706054688e+01,4.387533569335937500e+01,3.356903839111328125e+01,2.935189247131347656e+01,2.349712562561035156e+01,2.106029510498046875e+01,2.495414352416992188e+01,2.528927612304687500e+01,2.646065902709960938e+01,2.925189208984375000e+01,3.224078369140625000e+01,3.074734878540039062e+01,3.420074081420898438e+01,4.110601806640625000e+01,4.216466522216796875e+01,3.992802429199218750e+01,4.300648117065429688e+01,4.543851470947265625e+01,4.902523803710937500e+01,5.928507232666015625e+01,5.329528808593750000e+01,5.809499359130859375e+01,6.094047164916992188e+01,4.911827087402343750e+01,4.969572830200195312e+01,5.047898864746093750e+01,5.019950866699218750e+01,4.802803039550781250e+01,6.042434310913085938e+01,6.886448669433593750e+01,6.862696838378906250e+01,6.284583663940429688e+01,6.195344161987304688e+01,6.718122863769531250e+01,6.682891845703125000e+01,5.613734436035156250e+01,5.210052871704101562e+01,5.045531463623046875e+01,3.938251495361328125e+01,3.821427154541015625e+01,3.840926742553710938e+01,3.497820281982421875e+01,3.276095199584960938e+01,4.377787780761718750e+01,6.111882019042968750e+01,6.950547027587890625e+01,6.425585174560546875e+01,5.512442016601562500e+01,4.500256729125976562e+01,3.379896163940429688e+01,3.803575897216796875e+01,4.790267181396484375e+01,5.425521850585937500e+01,5.293542098999023438e+01,5.099450683593750000e+01,4.569473648071289062e+01,4.199270629882812500e+01,3.400308990478515625e+01,-4.595532894134521484e+00,-1.081735801696777344e+01,-8.563041687011718750e+00,-6.166440963745117188e+00,-4.215801239013671875e+00,-2.471054792404174805e+00,-4.088951587677001953e+00,-7.852712631225585938e+00,-1.123766422271728516e+01,-1.011178588867187500e+01,-1.028790187835693359e+01,-2.629953384399414062e+00,2.405704116821289062e+01,2.881624984741210938e+01,1.974583053588867188e+01,1.690861129760742188e+01,2.288125801086425781e+01,2.791830444335937500e+01,2.364020156860351562e+01,1.331070518493652344e+01,-1.870197892189025879e+00,-1.779357147216796875e+01,-2.242487716674804688e+01,-1.971322631835937500e+01,-1.456111145019531250e+01,-7.297979354858398438e+00,6.516392707824707031e+00,1.433353137969970703e+01,1.328625297546386719e+01,7.661089897155761719e+00,4.727520465850830078e+00,-1.428889751434326172e+00,2.060391604900360107e-01,2.052139282226562500e+01,3.245786666870117188e+01,3.110567855834960938e+01,1.903223800659179688e+01,7.164660930633544922e+00,-1.262457275390625000e+01,-1.350244045257568359e+01,-1.160841464996337891e+01,-8.543342590332031250e+00,7.215206623077392578e+00,2.076927566528320312e+01,1.677701187133789062e+01,3.743356323242187500e+01,7.388198852539062500e+01,8.172584533691406250e+01,8.009716796875000000e+01,8.194093322753906250e+01,8.902078247070312500e+01,6.847212982177734375e+01,3.208019256591796875e+01,2.552038192749023438e+01,3.844647979736328125e+01,6.712751770019531250e+01,6.816735839843750000e+01,4.329551315307617188e+01,3.214825439453125000e+01,2.053636932373046875e+01,1.290820884704589844e+01,1.453967857360839844e+01,3.625646352767944336e+00,8.287057876586914062e-01,4.211868643760681152e-01,1.976249337196350098e+00,4.439393043518066406e+00,-8.189220428466796875e+00,-1.265632438659667969e+01,1.403769683837890625e+01,3.386589431762695312e+01,3.505903244018554688e+01,4.621054077148437500e+01,5.587137603759765625e+01,3.487646865844726562e+01,2.544123458862304688e+01,2.008430099487304688e+01,8.255834579467773438e+00,-2.893824577331542969e+00,-7.306175231933593750e+00,-1.126182651519775391e+01,-1.470518875122070312e+01,-1.426406860351562500e+01,-1.149376106262207031e+01,-1.414599037170410156e+01,-1.499874305725097656e+01,-8.483129501342773438e+00,-2.675541400909423828e+00,8.781311988830566406e+00,1.357258033752441406e+01,8.431852340698242188e+00,1.906224012374877930e+00,7.849184989929199219e+00,8.350401878356933594e+00,1.342938423156738281e+01,1.390901660919189453e+01,2.549333000183105469e+01,3.289290618896484375e+01,3.657757568359375000e+01,3.775905609130859375e+01,3.588217926025390625e+01,3.748478317260742188e+01,4.566139984130859375e+01,4.470042800903320312e+01,4.056850433349609375e+01,3.679544830322265625e+01,3.345832061767578125e+01,3.165223312377929688e+01,2.631080245971679688e+01,2.699928092956542969e+01,2.896542358398437500e+01,2.900012397766113281e+01,3.750171661376953125e+01,3.729789733886718750e+01,5.243498802185058594e+00,-1.938278198242187500e+01,-2.167772293090820312e+01,-1.985626697540283203e+00,1.511514568328857422e+01,1.943100738525390625e+01,2.468299865722656250e+01,2.629573440551757812e+01,2.706997680664062500e+01,2.806696319580078125e+01,3.378033828735351562e+01,4.476298141479492188e+01,5.558083724975585938e+01,5.482311248779296875e+01,2.730963897705078125e+01,-1.011864471435546875e+01,-2.510088920593261719e+01,-8.547851562500000000e+00,-6.899904608726501465e-01,-1.256235885620117188e+01,-7.288905143737792969e+00,1.068344879150390625e+01,2.493902206420898438e+01,2.720744323730468750e+01,3.099727821350097656e+01,3.558091735839843750e+01,5.477063751220703125e+01,6.729336547851562500e+01,7.979867553710937500e+01,8.807715606689453125e+01,8.811412811279296875e+01,6.814787292480468750e+01,4.142096710205078125e+01,3.326994705200195312e+01,2.775654220581054688e+01,4.042003631591796875e+00,-2.201941299438476562e+01,-3.202003479003906250e+01,-2.522220611572265625e+01,-1.063920402526855469e+01,-7.752838611602783203e+00,-1.249254035949707031e+01,-1.839176940917968750e+01,-1.675680351257324219e+01,-1.488447380065917969e+01,-7.236722946166992188e+00,-1.287526011466979980e+00,-1.546550989151000977e-01,-4.197647094726562500e+00,-6.451684474945068359e+00,-7.486099004745483398e-01,2.114661931991577148e-01,-2.064000606536865234e+00,4.523749351501464844e+00,8.692274093627929688e+00,1.274310398101806641e+01,1.677128028869628906e+01,2.540804290771484375e+01,3.783565521240234375e+01,3.549681854248046875e+01,3.911830902099609375e+01,4.550598907470703125e+01,4.278870773315429688e+01,4.386130523681640625e+01,4.630528259277343750e+01,3.588024139404296875e+01,2.275620269775390625e+01,1.974495315551757812e+01,2.655683517456054688e+01,3.240749359130859375e+01,3.289422607421875000e+01,3.306933593750000000e+01,3.362128448486328125e+01,3.674612426757812500e+01,3.558002471923828125e+01,3.494538116455078125e+01,2.596694183349609375e+01,1.399407577514648438e+01,-2.781419277191162109e+00,-1.379858016967773438e+01,-6.773404121398925781e+00,1.605308651924133301e+00,1.112303161621093750e+01,1.823825836181640625e+01,1.693724632263183594e+01,1.834435653686523438e+01,1.703196716308593750e+01,1.456810188293457031e+01,1.489966201782226562e+01,8.529433250427246094e+00,-3.470754861831665039e+00,-1.307254886627197266e+01,-1.842930793762207031e+01,-1.877024078369140625e+01,-6.130240440368652344e+00,4.763598442077636719e-01,6.289289951324462891e+00,9.572919845581054688e+00,1.172175788879394531e+01,1.083891677856445312e+01,1.631801986694335938e+01,1.854616546630859375e+01,2.283354949951171875e+01,3.392118072509765625e+01,3.468077087402343750e+01,2.460221099853515625e+01,2.053772926330566406e+01,1.540976905822753906e+01,3.266735076904296875e+00,-4.491233348846435547e+00,-6.363872528076171875e+00,-8.547346115112304688e+00,-6.539354324340820312e+00,-3.406198024749755859e+00,5.087615489959716797e+00,1.388735103607177734e+01,1.723075485229492188e+01,2.399080276489257812e+01,1.987276268005371094e+01,1.027339363098144531e+01,1.351916885375976562e+01,2.859473419189453125e+01,2.403320312500000000e+01,2.031853294372558594e+01,2.039048767089843750e+01,2.400367546081542969e+01,2.779369163513183594e+01,2.660329818725585938e+01,2.599158477783203125e+01,2.923556327819824219e+01,2.529372406005859375e+01,2.360024833679199219e+01,2.195813751220703125e+01,2.206708908081054688e+01,2.595476531982421875e+01,1.886729431152343750e+01,1.787224960327148438e+01,1.933778190612792969e+01,1.883786582946777344e+01,2.047937774658203125e+01,2.599542236328125000e+01,2.133620834350585938e+01,2.273934936523437500e+01,2.396075439453125000e+01,2.860123634338378906e+01,3.412371826171875000e+01,3.010084533691406250e+01,2.458602142333984375e+01,2.555513000488281250e+01,3.757981109619140625e+01,4.466539382934570312e+01,5.120553207397460938e+01,5.048707962036132812e+01,4.993078613281250000e+01,4.900444793701171875e+01,4.439179992675781250e+01,4.411444091796875000e+01,4.882999420166015625e+01,4.457292556762695312e+01,3.753014373779296875e+01,2.707785797119140625e+01,2.434532546997070312e+01,2.872944450378417969e+01,2.677021408081054688e+01,2.015989494323730469e+01,2.272699356079101562e+00,-1.551230669021606445e+00,4.387271404266357422e+00,9.186105728149414062e+00,1.588487434387207031e+01,1.801105880737304688e+01,2.880425643920898438e+01,4.322581481933593750e+01,5.332860565185546875e+01,8.009488677978515625e+01,1.018967437744140625e+02,1.015001220703125000e+02,1.066484222412109375e+02,1.004996490478515625e+02,8.957331848144531250e+01,8.999472808837890625e+01,8.601255035400390625e+01,7.993146514892578125e+01,7.872123718261718750e+01,8.949098205566406250e+01,9.365209960937500000e+01,7.848370361328125000e+01,8.248089599609375000e+01,8.128580474853515625e+01,8.639322662353515625e+01,8.388986206054687500e+01,7.405528259277343750e+01,7.324125671386718750e+01,8.194491577148437500e+01,8.324652099609375000e+01,8.208802795410156250e+01,7.836880493164062500e+01,6.987796020507812500e+01,6.393244934082031250e+01,5.811465454101562500e+01,6.006327056884765625e+01,8.372883605957031250e+01,1.036822814941406250e+02,1.074095687866210938e+02,9.111370849609375000e+01,4.810778808593750000e+01,2.032879257202148438e+01,6.716695785522460938e+00,3.859630107879638672e+00,6.751972198486328125e+00,1.438021087646484375e+01,7.785452842712402344e+00,-2.545920610427856445e+00,-2.946158647537231445e+00,2.509735345840454102e+00,-1.789053320884704590e+00,-2.365321397781372070e+00,4.599179625511169434e-01,-1.313781166076660156e+01,-2.029219055175781250e+01,-1.400947284698486328e+01,-1.257965278625488281e+01,-1.315161895751953125e+01,-5.767370223999023438e+00,2.096256256103515625e+00,8.135120391845703125e+00,6.643291473388671875e+00,1.207026576995849609e+01,1.618069267272949219e+01,1.509963607788085938e+01,1.176336479187011719e+01,1.462219119071960449e+00,-1.921604537963867188e+01,-2.487222671508789062e+01,-2.637206649780273438e+01,-2.196628952026367188e+01,-1.688325500488281250e+01,-1.090408515930175781e+01,1.495307087898254395e+00,6.966406822204589844e+00,4.645098209381103516e+00,4.419776916503906250e+00,2.635783672332763672e+00,9.216259956359863281e+00,1.620246124267578125e+01,1.488644981384277344e+01,1.857663154602050781e+01,2.768972015380859375e+01,3.712796783447265625e+01,4.999321746826171875e+01,4.740516662597656250e+01,3.847511291503906250e+01,4.319795608520507812e+01,5.591538238525390625e+01,5.438796997070312500e+01,4.190134429931640625e+01,3.659971618652343750e+01,3.234325027465820312e+01,3.399664306640625000e+01,3.271954345703125000e+01,2.877218055725097656e+01,2.881883049011230469e+01,2.747144699096679688e+01,3.116283035278320312e+01,3.053453826904296875e+01,2.579971313476562500e+01,2.669961929321289062e+01,2.255006790161132812e+01,2.069932937622070312e+01,2.219705009460449219e+01,2.408264160156250000e+01,2.599800872802734375e+01,2.623177909851074219e+01,2.386379814147949219e+01,2.393436431884765625e+01,2.776244735717773438e+01,2.437861824035644531e+01,2.587936019897460938e+01,2.709036827087402344e+01,2.507236099243164062e+01,2.670791816711425781e+01,2.580091094970703125e+01,4.821779251098632812e+01,4.772069549560546875e+01,3.927662658691406250e+01,2.455789566040039062e+01,7.848486900329589844e-01,-1.338417053222656250e+00,-2.452734947204589844e+00,-5.091672897338867188e+00,6.033879280090332031e+00,2.744517898559570312e+01,2.060491943359375000e+01,1.233983230590820312e+01,1.022281837463378906e+01,3.220782470703125000e+01,6.831241607666015625e+01,8.172878265380859375e+01,8.511535644531250000e+01,8.030319976806640625e+01,7.186878967285156250e+01,7.114247131347656250e+01,6.475573730468750000e+01,4.661878585815429688e+01,3.839362335205078125e+01,3.617485809326171875e+01,3.724642181396484375e+01,3.341988754272460938e+01,2.185601806640625000e+01,-1.870154738426208496e-01,-1.897717475891113281e+00,1.172661590576171875e+01,1.440508460998535156e+01,1.586727333068847656e+01,1.796480178833007812e+01,1.489448165893554688e+01,4.517826080322265625e+00,-1.850980997085571289e+00,3.788196563720703125e+00,1.781243085861206055e+00,1.313190698623657227e+00,1.030983734130859375e+01,2.659097290039062500e+01,4.305469894409179688e+01,5.216064453125000000e+01,5.623566436767578125e+01,5.619740676879882812e+01,5.390098571777343750e+01,4.757453918457031250e+01,3.801112365722656250e+01,3.131053352355957031e+01,3.299153518676757812e+01,4.246111297607421875e+01,4.427104949951171875e+01,3.887573242187500000e+01,3.723515319824218750e+01,3.755603027343750000e+01,3.879924774169921875e+01,4.197972869873046875e+01,4.726332855224609375e+01,4.353880691528320312e+01,3.332260131835937500e+01,3.220188522338867188e+01,3.168820190429687500e+01,2.457346725463867188e+01,1.806730270385742188e+01,2.129934692382812500e+01,2.276671028137207031e+01,2.610194396972656250e+01,2.177025604248046875e+01,1.083379364013671875e+01,1.224047470092773438e+01,1.348531913757324219e+01,1.905164718627929688e+01,2.128401947021484375e+01,2.630732345581054688e+01,2.379374313354492188e+01,3.009086608886718750e+01,4.564512252807617188e+01,4.354376602172851562e+01,3.891491317749023438e+01,2.005285835266113281e+01,-2.928844928741455078e+00,-1.349840998649597168e+00,3.148667812347412109e+00,-1.725412559509277344e+01,-3.707368850708007812e+01,-3.504164123535156250e+01,-3.640369415283203125e+01,-3.153129959106445312e+01,-2.307734489440917969e+01,-1.413928508758544922e+01,-1.104765510559082031e+01,-1.116971015930175781e+01,-1.351638507843017578e+01,-1.726486968994140625e+01,-1.686386108398437500e+01,-1.075079441070556641e+01,2.760009169578552246e-01,1.178512477874755859e+01,1.989336395263671875e+01,1.588647651672363281e+01,5.431594848632812500e+00,-4.203557968139648438e-01,-3.371746063232421875e+00,2.387751817703247070e+00,1.292746925354003906e+01,-3.895629882812500000e+00,-1.610087966918945312e+01,-6.956789016723632812e+00,1.850549101829528809e+00,9.687830924987792969e+00,1.503179359436035156e+01,1.381234359741210938e+01,6.391937255859375000e+00,4.039812564849853516e+00,5.391623973846435547e+00,5.384368419647216797e+00,6.007520675659179688e+00,1.866471481323242188e+01,2.117803955078125000e+01,1.565364837646484375e+01,1.618019866943359375e+01,1.364326667785644531e+01,5.105854988098144531e+00,4.687454104423522949e-01,-4.489056587219238281e+00,-1.130194282531738281e+01,-8.909399032592773438e+00,-7.728779792785644531e+00,-9.277549743652343750e+00,-9.449284553527832031e+00,-8.028579711914062500e+00,-3.842761516571044922e+00,7.947767257690429688e+00,9.500718116760253906e+00,2.243917083740234375e+01,3.272062301635742188e+01,3.915130996704101562e+01,5.196998977661132812e+01,5.899100494384765625e+01,4.673348617553710938e+01,2.526598739624023438e+01,7.897935867309570312e+00,6.034497737884521484e+00,1.020221424102783203e+01,1.084188365936279297e+01,6.080224037170410156e+00,-8.218955397605895996e-01,-6.039817929267883301e-01,8.621971130371093750e+00,1.736065864562988281e+01,2.067628097534179688e+01,2.365444564819335938e+01,2.554430389404296875e+01,2.937987518310546875e+01,3.250445556640625000e+01,3.454788970947265625e+01,2.920590782165527344e+01,1.683488655090332031e+01,1.957098579406738281e+01,3.912042999267578125e+01,5.787749099731445312e+01,7.881742858886718750e+01,6.367633819580078125e+01,3.759912872314453125e+01,7.587422370910644531e+00,-1.336508846282958984e+01,-2.448089981079101562e+01,-2.604475593566894531e+01,-2.002759552001953125e+01,-8.814666748046875000e+00,8.267530441284179688e+00,2.908964920043945312e+01,3.705110168457031250e+01,2.758484268188476562e+01,3.503165721893310547e+00,-1.452868270874023438e+01,-6.392971992492675781e+00,1.248135948181152344e+01,9.732712745666503906e+00,-1.434666347503662109e+01,-3.183673095703125000e+01,-3.061145401000976562e+01,-1.183741188049316406e+01,1.022563362121582031e+01,2.612107467651367188e+01,4.102914047241210938e+01,5.467414093017578125e+01,6.207215881347656250e+01,6.567386627197265625e+01,5.694474029541015625e+01,4.899821472167968750e+01,4.375597763061523438e+01,3.440291595458984375e+01,3.227830505371093750e+01,4.028443527221679688e+01,3.879803466796875000e+01,2.994365501403808594e+01,3.400328063964843750e+01,4.296397399902343750e+01,5.909018707275390625e+01,7.052532958984375000e+01,6.514152526855468750e+01,7.330519104003906250e+01,5.881506347656250000e+01,3.415349578857421875e+01,1.837280273437500000e+01,1.259256553649902344e+01,1.798161697387695312e+01,1.140769386291503906e+01,9.429747581481933594e+00,5.816497802734375000e+00,2.984492778778076172e-01,-8.645707368850708008e-01,4.330397605895996094e+00,6.859819889068603516e+00,1.702868652343750000e+01,2.422369575500488281e+01,2.036985778808593750e+01,9.237737655639648438e+00,2.957980155944824219e+00,1.782138824462890625e+01,1.842773818969726562e+01,1.865022850036621094e+01,2.543002510070800781e+01,3.436622238159179688e+01,4.022356414794921875e+01,4.004000854492187500e+01,9.331729888916015625e+00,-1.373329877853393555e+00,1.040441632270812988e+00,6.857024192810058594e+00,5.969598293304443359e+00,1.923285245895385742e+00,-2.977187633514404297e+00,-2.027110862731933594e+01,-3.216419601440429688e+01,-3.065197563171386719e+01,-1.648672103881835938e+01,-4.508095741271972656e+00,2.882276773452758789e+00,1.110597610473632812e+01,1.409383773803710938e+01,9.848897933959960938e+00,3.455623149871826172e+00,-4.724435806274414062e+00,-9.094461441040039062e+00,-4.563325881958007812e+00,1.605618286132812500e+01,2.048323059082031250e+01,9.925605773925781250e+00,1.605855178833007812e+01,1.975593948364257812e+01,2.154568099975585938e+01,1.281269836425781250e+01,8.296528816223144531e+00,7.666402816772460938e+00,1.141306400299072266e+01,9.561532974243164062e+00,4.020985603332519531e+00,3.365692615509033203e+00,9.176986694335937500e+00,1.414922332763671875e+01,1.532538127899169922e+01,1.307903003692626953e+01,9.425717353820800781e+00,2.148693561553955078e+00,-1.579830884933471680e+00,-1.397959709167480469e+00,-3.690804481506347656e+00,-6.610267162322998047e+00,-3.548097610473632812e+00,-8.402277827262878418e-01,1.627703189849853516e+00,-1.834635257720947266e+00,-5.382184982299804688e+00,-2.905047893524169922e+00,7.364786148071289062e+00,-2.214987516403198242e+00,-1.512021255493164062e+01,-2.416091537475585938e+01,-2.818182182312011719e+01,-1.363518714904785156e+01,5.631176948547363281e+00,2.469260406494140625e+01,3.882307815551757812e+01,4.383792877197265625e+01,4.281579589843750000e+01,2.325577926635742188e+01,1.305823516845703125e+01,1.454259300231933594e+01,2.882138442993164062e+01,2.420967864990234375e+01,8.506946563720703125e+00,6.171655178070068359e+00,3.623590469360351562e+00,3.234338283538818359e+00,2.673876762390136719e+00,4.376170635223388672e+00,6.198794364929199219e+00,8.977585792541503906e+00,1.140038108825683594e+01,2.509308242797851562e+01,3.459886169433593750e+01,3.927526092529296875e+01,4.187140655517578125e+01,4.188131713867187500e+01,3.898028182983398438e+01,3.805268859863281250e+01,4.317935180664062500e+01,3.723482513427734375e+01,2.950975036621093750e+01,2.923223876953125000e+01,3.040591239929199219e+01,2.761719894409179688e+01,2.291387557983398438e+01,1.945138359069824219e+01,5.646612548828125000e+01,7.267748260498046875e+01,7.183456420898437500e+01,3.191179275512695312e+01,-6.389177799224853516e+00,-2.405332946777343750e+01,-2.592797470092773438e+01,-9.655745506286621094e+00,1.835285186767578125e+01,2.542287635803222656e+01,1.908164405822753906e+01,1.473069763183593750e+01,1.079234695434570312e+01,1.189034461975097656e+01,2.749869537353515625e+01,2.963064384460449219e+01,2.668632507324218750e+01,2.327784729003906250e+01,2.340682792663574219e+01,2.797822952270507812e+01,2.773514175415039062e+01,2.661667251586914062e+01,3.136641883850097656e+01,5.354270935058593750e+01,6.589106750488281250e+01,7.039622497558593750e+01,7.675218200683593750e+01,7.201889038085937500e+01,3.880480575561523438e+01,4.485999345779418945e-01,-1.143466377258300781e+01,-1.173957633972167969e+01,-1.079914760589599609e+01,-8.383917808532714844e+00,-2.925206899642944336e+00,5.478259086608886719e+00,2.802419185638427734e+00,-5.781921386718750000e+00,-1.152795314788818359e+00,6.832895278930664062e+00,2.529635238647460938e+01,2.666669654846191406e+01,1.749330139160156250e+01,-7.297972679138183594e+00,-2.524914169311523438e+01,-2.606149864196777344e+01,-2.460207748413085938e+01,-1.242949199676513672e+01,-9.249863624572753906e+00,-9.684013366699218750e+00,-8.353055953979492188e+00,-1.790704250335693359e+00,9.083922386169433594e+00,1.056666183471679688e+01,-1.632069945335388184e+00,-1.849539041519165039e+00,8.017158508300781250e-02,2.546316623687744141e+00,-6.990434646606445312e+00,-2.580537080764770508e+00,6.444208621978759766e-01,8.655728101730346680e-01,1.023051643371582031e+01,8.428401947021484375e+00,8.430948257446289062e+00,1.253414535522460938e+01,6.720426559448242188e+00,4.199171066284179688e-01,2.289865493774414062e+00,7.612474918365478516e+00,1.777378463745117188e+01,1.836862564086914062e+01,2.982261657714843750e+01,3.244098281860351562e+01,2.769940185546875000e+01,2.852241516113281250e+01,3.238363265991210938e+01,1.335402107238769531e+01,-6.549344539642333984e+00,-7.819467544555664062e+00,-6.763935089111328125e+00,-4.697111129760742188e+00,6.484513282775878906e+00,2.635691833496093750e+01,3.504792404174804688e+01,3.605561065673828125e+01,3.036614418029785156e+01,1.844173049926757812e+01,9.289793014526367188e+00,1.474565315246582031e+01,4.456963348388671875e+01,6.178063201904296875e+01,6.623603057861328125e+01,5.697602844238281250e+01,3.160313796997070312e+01,1.251359367370605469e+01,-9.686414599418640137e-01,-1.002759933471679688e+01,-1.019944953918457031e+01,-9.365898132324218750e+00,-1.317054748535156250e+00,7.045327186584472656e+00,2.694192886352539062e+00,-8.107595443725585938e+00,-1.246715259552001953e+01,-1.367979812622070312e+01,-1.743325424194335938e+01,-2.464539718627929688e+01,-2.262274169921875000e+01,-1.751570510864257812e+01,-1.098046684265136719e+01,-9.001840591430664062e+00,-7.533965110778808594e+00,-1.294921112060546875e+01,-1.077263450622558594e+01,1.226830482482910156e-01,2.215763568878173828e+00,1.479672431945800781e+01,2.050584983825683594e+01,1.140337753295898438e+01,-2.425903081893920898e-02,-5.928395748138427734e+00,3.423895239830017090e-01,8.653313636779785156e+00,1.297911453247070312e+01,9.755460739135742188e+00,5.749834537506103516e+00,1.268856143951416016e+01,2.803613281250000000e+01,3.097509765625000000e+01,3.350310516357421875e+01,3.356267547607421875e+01,3.290829467773437500e+01,3.312129974365234375e+01,3.868357086181640625e+01,4.744299316406250000e+01,4.485823059082031250e+01,3.871847534179687500e+01,4.126843261718750000e+01,3.921736145019531250e+01,3.803300857543945312e+01,4.273355102539062500e+01,4.322862625122070312e+01,3.480542755126953125e+01,4.348545074462890625e+01,4.957519531250000000e+01,3.370497131347656250e+01,2.565189170837402344e+01,2.809373092651367188e+01,2.573111915588378906e+01,1.349922752380371094e+01,4.772181034088134766e+00,1.382554411888122559e+00,-4.690137207508087158e-01,-8.227886199951171875e+00,-2.074775695800781250e+01,-1.360515403747558594e+01,4.288875579833984375e+00,4.091592311859130859e+00,6.536677837371826172e+00,1.934425926208496094e+01,2.190498542785644531e+01,1.119781684875488281e+01,-1.017671942710876465e+00,1.916702151298522949e+00,6.631577491760253906e+00,1.133162879943847656e+01,2.629845619201660156e+01,3.913642120361328125e+01,2.920716857910156250e+01,4.162890625000000000e+01,4.661681365966796875e+01,4.792535400390625000e+01,5.962946319580078125e+01,7.511651611328125000e+01,8.363357543945312500e+01,8.811746215820312500e+01,7.689262390136718750e+01,4.942120742797851562e+01,3.097118759155273438e+01,2.012731552124023438e+01,2.181441497802734375e+01,2.460275650024414062e+01,2.972078704833984375e+01,4.122180175781250000e+01,4.356085968017578125e+01,3.915304565429687500e+01,3.811946868896484375e+01,4.200186157226562500e+01,4.967903900146484375e+01,6.433177185058593750e+01,8.846533203125000000e+01,9.373767089843750000e+01,9.753809356689453125e+01,9.599630737304687500e+01,9.222436523437500000e+01,7.153889465332031250e+01,3.860646057128906250e+01,3.103496551513671875e+01,1.764381408691406250e+01,1.654412460327148438e+01,2.951317596435546875e+01,4.063863754272460938e+01,4.188006591796875000e+01,5.176384353637695312e+01,5.422358703613281250e+01,3.657782745361328125e+01,2.373623657226562500e+01,1.744559097290039062e+01,2.742251586914062500e+01,3.475727462768554688e+01,3.334852600097656250e+01,3.026604080200195312e+01,2.926928520202636719e+01,2.631160736083984375e+01,2.131197929382324219e+01,1.974594497680664062e+01,3.880847930908203125e+01,4.420683288574218750e+01,3.236788177490234375e+01,2.186495590209960938e+01,2.144232940673828125e+01,2.434314155578613281e+01,3.604994964599609375e+01,4.236637115478515625e+01,4.410855865478515625e+01,4.830384826660156250e+01,5.206686019897460938e+01,5.416654586791992188e+01,5.444831466674804688e+01,5.483835601806640625e+01,5.559877014160156250e+01,4.628794860839843750e+01,3.645307922363281250e+01,2.732337188720703125e+01,1.990842819213867188e+01,2.245662689208984375e+01,4.770030975341796875e+01,7.079548645019531250e+01,8.975104522705078125e+01,9.275047302246093750e+01,9.403550720214843750e+01,6.389329528808593750e+01,2.214056015014648438e+01,1.738511466979980469e+01,2.183870315551757812e+01,1.311527061462402344e+01,7.241762876510620117e-01,-1.165123343467712402e+00,2.552666187286376953e+00,3.270692825317382812e+00,4.593093872070312500e+00,1.099213695526123047e+01,2.424393844604492188e+01,2.816046714782714844e+01,2.299084091186523438e+01,1.614925003051757812e+01,1.444483375549316406e+01,2.466522598266601562e+01,4.691488647460937500e+01,6.399192047119140625e+01,6.736398315429687500e+01,6.248893737792968750e+01,5.621749114990234375e+01,4.581269454956054688e+01,3.492131805419921875e+01,3.711280059814453125e+01,3.949803161621093750e+01,2.670732116699218750e+01,1.287862396240234375e+01,1.106990814208984375e+01,6.046266555786132812e+00,8.456717133522033691e-01,-6.507491111755371094e+00,-1.409316825866699219e+01,-9.521826744079589844e+00,-1.396789932250976562e+01,-1.454547119140625000e+01,-6.778213500976562500e+00,-3.110249519348144531e+00,-3.077871561050415039e+00,-1.528915214538574219e+01,-2.776120185852050781e+01,-2.663005638122558594e+01,-1.914048767089843750e+01,-1.020515060424804688e+01,1.451623916625976562e+00,1.407107162475585938e+01,2.960029602050781250e+01,4.223982238769531250e+01,4.322896575927734375e+01,3.040625762939453125e+01,2.100921630859375000e+01,2.163033294677734375e+01,1.860886764526367188e+01,1.834705734252929688e+01,1.822257614135742188e+01,1.483050632476806641e+01,1.113997650146484375e+01,6.815346717834472656e+00,3.815443515777587891e+00,2.026171875000000000e+01,2.251451492309570312e+01,1.624803733825683594e+01,1.812347793579101562e+01,3.308261871337890625e+01,3.619292449951171875e+01,6.378025054931640625e+01,7.864213562011718750e+01,8.471757507324218750e+01,8.504241180419921875e+01,7.423847198486328125e+01,5.097678375244140625e+01,4.154351806640625000e+01,2.670092391967773438e+01,2.942271232604980469e+00,-1.511228656768798828e+01,-1.603357315063476562e+01,4.229513168334960938e+00,1.965042114257812500e+01,2.911565017700195312e+01,3.597908020019531250e+01,3.509113311767578125e+01,2.404698944091796875e+01,2.013811874389648438e+01,4.207540893554687500e+01,6.285829925537109375e+01,7.180905151367187500e+01,6.871549987792968750e+01,5.623564910888671875e+01,3.755537414550781250e+01,3.847179412841796875e+01,4.424752807617187500e+01,4.671086120605468750e+01,2.331342124938964844e+01,1.256349277496337891e+01,5.940336227416992188e+00,-2.523475587368011475e-01,-6.134250640869140625e+00,-3.401346206665039062e-01,8.562374114990234375e+00,1.012181949615478516e+01,1.762638092041015625e+01,2.966574859619140625e+01,4.416546249389648438e+01,6.558113098144531250e+01,7.586900329589843750e+01,6.973507690429687500e+01,4.933879089355468750e+01,2.702811431884765625e+01,8.330547332763671875e+00,-6.670262336730957031e+00,-7.206300735473632812e+00,-2.897681951522827148e+00,1.090077400207519531e+01,1.319150447845458984e+01,1.814743041992187500e+01,2.366445350646972656e+01,3.161978149414062500e+01,3.748278808593750000e+01,8.748019218444824219e+00,-8.178831100463867188e+00,-3.323738574981689453e+00,6.031300544738769531e+00,-1.087497472763061523e+00,-9.516545295715332031e+00,-1.610481023788452148e+00,1.167922496795654297e+01,2.820334625244140625e+01,4.085015106201171875e+01,4.387421035766601562e+01,3.695315933227539062e+01,2.727658081054687500e+01,4.168944549560546875e+01,4.725181579589843750e+01,5.212832641601562500e+01,5.649236297607421875e+01,5.283541870117187500e+01,3.575482940673828125e+01,3.317918777465820312e+01,3.520942687988281250e+01,4.623199844360351562e+01,5.024118804931640625e+01,3.976222991943359375e+01,4.048454284667968750e+01,5.926515197753906250e+01,6.946684265136718750e+01,6.932661437988281250e+01,8.973612976074218750e+01,9.581971740722656250e+01,9.223644256591796875e+01,9.340850830078125000e+01,8.841571807861328125e+01,7.894059753417968750e+01,7.573960113525390625e+01,7.352264404296875000e+01,6.948233032226562500e+01,6.996052551269531250e+01,7.302561950683593750e+01,7.364041137695312500e+01,6.519538879394531250e+01,6.955557250976562500e+01,8.173757934570312500e+01,6.089488983154296875e+01,3.544294738769531250e+01,3.078644180297851562e+01,3.836573410034179688e+01,4.359657287597656250e+01,4.503562927246093750e+01,4.983813095092773438e+01,4.752151107788085938e+01,4.361307525634765625e+01,4.401300048828125000e+01,7.481092834472656250e+01,8.207441711425781250e+01,9.159078979492187500e+01,5.148784637451171875e+01,2.918735313415527344e+01,1.138682365417480469e+01,1.016578912734985352e+00,1.488841247558593750e+01,4.694882202148437500e+01,4.559368133544921875e+01,3.631107330322265625e+01,3.403632354736328125e+01,2.794117164611816406e+01,2.879190826416015625e+01,2.917669677734375000e+01,2.831884384155273438e+01,-3.532970666885375977e+00,-1.984977722167968750e+01,-2.369808959960937500e+01,-2.308014678955078125e+01,-2.795268821716308594e+01,-3.601342391967773438e+01,-2.983998107910156250e+01,-1.723403167724609375e+01,-1.154776954650878906e+01,-1.705387830734252930e-01,1.324633407592773438e+01,2.547337722778320312e+01,3.582450866699218750e+01,4.103120422363281250e+01,3.055533790588378906e+01,1.846199798583984375e+01,1.209313964843750000e+01,1.214722347259521484e+01,1.482193946838378906e+00,7.956505775451660156e+00,3.327821731567382812e+01,3.453059005737304688e+01,9.970569610595703125e+00,5.694291114807128906e+00,1.901425004005432129e+00,4.248077869415283203e+00,6.480207920074462891e+00,2.061447143554687500e+00,6.158753395080566406e+00,6.335757255554199219e+00,5.195706367492675781e+00,2.588617801666259766e+00,3.775460720062255859e+00,8.889609336853027344e+00,1.138723754882812500e+01,2.134033203125000000e+01,2.715733909606933594e+01,2.875773239135742188e+01,3.040340614318847656e+01,2.615929031372070312e+01,2.759189987182617188e+01,3.319448471069335938e+01,3.468608474731445312e+01,3.151049423217773438e+01,2.893098831176757812e+01,3.242112350463867188e+01,3.415264892578125000e+01,2.778353881835937500e+01,1.874257659912109375e+01,2.190820312500000000e+01,2.665719985961914062e+01,2.539452743530273438e+01,2.643934249877929688e+01,2.259356689453125000e+01,1.832244873046875000e+01,1.064079952239990234e+01,-9.226551055908203125e+00,-1.051435279846191406e+01,3.714179039001464844e+00,-1.157745933532714844e+01,-7.542697906494140625e+00,-9.750825881958007812e+00,-1.538419246673583984e+01,-8.693240165710449219e+00,-6.153696060180664062e+00,-1.359098052978515625e+01,-2.083871841430664062e+01,-1.688498687744140625e+01,-1.853220748901367188e+01,-1.725506973266601562e+01,-1.173720741271972656e+01,-2.406662225723266602e+00,7.302164077758789062e+00,1.487977218627929688e+01,8.479701995849609375e+00,9.396471023559570312e+00,9.724023818969726562e+00,1.647227668762207031e+01,4.695917510986328125e+01,6.975512695312500000e+01,6.000266265869140625e+01,4.546435928344726562e+01,3.826360702514648438e+01,3.814979553222656250e+01,4.068095016479492188e+01,3.527475738525390625e+01,4.124705505371093750e+01,4.483586883544921875e+01,3.198210716247558594e+01,1.839935302734375000e+01,1.898604202270507812e+01,1.831358909606933594e+01,1.283684349060058594e+01,9.240098953247070312e+00,-3.263355016708374023e+00,-9.554426193237304688e+00,-5.986981391906738281e+00,2.124130725860595703e-02,7.290550708770751953e+00,-2.730149507522583008e+00,-1.090281867980957031e+01,-1.217691993713378906e+01,-2.022114276885986328e+00,1.092478847503662109e+01,2.350494384765625000e+01,3.379554367065429688e+01,3.724847412109375000e+01,2.690225791931152344e+01,2.387781906127929688e+01,2.792675590515136719e+01,3.162651824951171875e+01,2.082643890380859375e+01,6.990455627441406250e+00,8.282319068908691406e+00,-8.426677703857421875e+00,-2.420815277099609375e+01,-2.667239189147949219e+01,-2.294258689880371094e+01,-1.597998619079589844e+01,-2.020209884643554688e+01,-2.349026107788085938e+01,-3.447334671020507812e+01,-4.772496032714843750e+01,-4.847052001953125000e+01,-4.052925109863281250e+01,-3.377193450927734375e+01,-2.014018821716308594e+01,-9.404038429260253906e+00,-1.096921157836914062e+01,-1.134736728668212891e+01,-5.588827133178710938e+00,-5.518611669540405273e-01,2.325138092041015625e+01,5.021539306640625000e+01,6.277145385742187500e+01,6.874166870117187500e+01,7.438943481445312500e+01,7.110155487060546875e+01,4.199721145629882812e+01,6.445651054382324219e+00,-6.479478836059570312e+00,-7.752578854560852051e-01,6.113202095031738281e+00,6.871526718139648438e+00,1.344672393798828125e+01,1.422251605987548828e+01,8.552516937255859375e+00,2.953167915344238281e+00,3.744157791137695312e+00,2.349016571044921875e+01,2.836907577514648438e+01,1.157001209259033203e+01,-9.131679534912109375e+00,-2.954996490478515625e+01,-3.002703475952148438e+01,-2.185034179687500000e+01,-1.997344970703125000e+01,-1.554576301574707031e+01,-9.940750122070312500e+00,-2.028024196624755859e+00,-5.096094131469726562e+00,-4.319049358367919922e+00,1.157572031021118164e+00,1.331611251831054688e+01,1.556755447387695312e+01,7.477209091186523438e+00,-7.248599052429199219e+00,-1.350822544097900391e+01,-1.166743659973144531e+01,-4.606609344482421875e+00,7.071795463562011719e-01,2.406590461730957031e+01,3.084686279296875000e+01,3.272494888305664062e+01,3.843384552001953125e+01,3.026337051391601562e+01,1.380484008789062500e+01,1.718021035194396973e+00,-1.256204032897949219e+01,-1.899723815917968750e+01,-4.696588516235351562e+00,3.892704010009765625e+01,6.275967788696289062e+01,7.187937927246093750e+01,6.981584167480468750e+01,6.720812988281250000e+01,6.125093078613281250e+01,5.572363281250000000e+01,5.828229522705078125e+01,4.900760650634765625e+01,3.201473999023437500e+01,2.581456947326660156e+01,2.429175376892089844e+01,4.339587402343750000e+01,6.169045257568359375e+01,7.182357788085937500e+01,6.929272460937500000e+01,5.907530212402343750e+01,4.720436096191406250e+01,4.188980865478515625e+01,3.702252578735351562e+01,3.859884643554687500e+01,3.818492507934570312e+01,3.227472305297851562e+01,2.336385345458984375e+01,2.724182128906250000e+01,2.955977630615234375e+01,2.889464950561523438e+01,4.087223815917968750e+01,4.623261260986328125e+01,4.448686981201171875e+01,3.933638000488281250e+01,3.778567504882812500e+01,3.832093048095703125e+01,3.471283721923828125e+01,3.023850822448730469e+01,2.573685264587402344e+01,2.446933746337890625e+01,1.976647186279296875e+01,1.777918243408203125e+01,2.232978820800781250e+01,2.642536544799804688e+01,-6.324397087097167969e+00,-7.950645446777343750e+00,-1.119446873664855957e+00,2.445722961425781250e+01,2.376542282104492188e+01,2.217558860778808594e+01,2.636547851562500000e+01,2.782084703445434570e+00,-6.433557510375976562e+00,-3.831442356109619141e+00,-1.468716144561767578e+00,-1.025852394104003906e+01,-1.176523208618164062e+01,-1.028214073181152344e+01,-1.239146041870117188e+01,-7.313747406005859375e+00,-6.685830593109130859e+00,-3.084594607353210449e-01,6.915943145751953125e+00,1.000124168395996094e+01,2.538099288940429688e+01,4.102190017700195312e+01,4.552933120727539062e+01,5.594054412841796875e+01,5.460472106933593750e+01,6.144745635986328125e+01,7.154397583007812500e+01,6.308295440673828125e+01,4.039606857299804688e+01,1.875951576232910156e+01,9.543776512145996094e-01,-6.431247711181640625e+00,-5.371600151062011719e+00,8.945158004760742188e+00,1.421194267272949219e+01,1.520975875854492188e+01,1.742483520507812500e+01,2.040804672241210938e+01,-7.202141761779785156e+00,-1.681556320190429688e+01,-1.339901256561279297e+01,-4.529486656188964844e+00,9.265377044677734375e+00,4.009887695312500000e+01,5.461911392211914062e+01,4.803367233276367188e+01,2.731069755554199219e+01,2.349406814575195312e+01,2.262552642822265625e+01,2.445525741577148438e+01,6.127033233642578125e+01,7.208537292480468750e+01,7.730992889404296875e+01,7.335475921630859375e+01,7.028310394287109375e+01,6.037911987304687500e+01,4.709142303466796875e+01,4.780829238891601562e+01,4.567686080932617188e+01,3.727396392822265625e+01,2.623170852661132812e+01,1.476389884948730469e+01,8.531124114990234375e+00,1.858957672119140625e+01,2.682305145263671875e+01,3.185785293579101562e+01,3.500971221923828125e+01,3.618871307373046875e+01,3.937258148193359375e+01,3.730814361572265625e+01,3.597159957885742188e+01,3.259357452392578125e+01,2.837328720092773438e+01,2.980213546752929688e+01,3.264749908447265625e+01,3.375568389892578125e+01,3.277930068969726562e+01,3.230672073364257812e+01,2.712696075439453125e+01,2.290434074401855469e+01,2.550919723510742188e+01,2.694450187683105469e+01,2.986433029174804688e+01,2.501410102844238281e+01,2.124840927124023438e+01,1.615130233764648438e+01,1.961649703979492188e+01,2.205447006225585938e+01,1.696045684814453125e+01,1.054953670501708984e+01,1.385485267639160156e+01,1.951725578308105469e+01,2.134696578979492188e+01,2.386907958984375000e+01,2.481344795227050781e+01,2.761414909362792969e+01,2.476817893981933594e+01,2.435423088073730469e+01,3.303436279296875000e+01,3.321552276611328125e+01,-1.415295028686523438e+01,-2.325454711914062500e+01,-2.885059928894042969e+01,-3.097112083435058594e+01,-5.133714199066162109e+00,7.109741210937500000e+00,2.435785865783691406e+01,2.977579879760742188e+01,-3.601995468139648438e+00,-3.183520507812500000e+01,-4.092030334472656250e+01,-2.722270202636718750e+01,-9.469526290893554688e+00,-8.075169920921325684e-01,1.216016864776611328e+01,1.549218750000000000e+01,1.748995590209960938e+01,1.550238800048828125e+01,1.132072830200195312e+01,7.789263725280761719e+00,-5.366444587707519531e+00,-1.606018066406250000e+01,-1.878924369812011719e+01,-1.535622787475585938e+01,-5.947886466979980469e+00,2.704914283752441406e+01,4.270256805419921875e+01,3.770276641845703125e+01,3.863138580322265625e+01,4.070379257202148438e+01,2.127612304687500000e+01,2.138162612915039062e+01,2.159391975402832031e+01,2.770991325378417969e+01,3.269460678100585938e+01,1.239769744873046875e+01,-3.776105403900146484e+00,-1.076641654968261719e+01,-7.805829048156738281e+00,-6.860713958740234375e+00,-1.035050773620605469e+01,-2.250639724731445312e+01,-2.213431167602539062e+01,-1.573567199707031250e+01,-6.729008674621582031e+00,-5.195341587066650391e+00,5.165461540222167969e+00,-1.670974254608154297e+00,-4.401761531829833984e+00,1.380282163619995117e+00,6.962002277374267578e+00,4.714029788970947266e+00,7.567961215972900391e+00,7.266681671142578125e+00,1.502523040771484375e+01,1.089435577392578125e+00,-9.745870590209960938e+00,-8.857651710510253906e+00,-7.248804092407226562e+00,-4.147666931152343750e+00,-1.637769460678100586e+00,-2.056663036346435547e+00,-2.697732925415039062e+00,-6.600062370300292969e+00,-6.728110790252685547e+00,-4.318250656127929688e+00,4.043633937835693359e+00,6.012383937835693359e+00,2.387037277221679688e-01,-3.142054080963134766e+00,3.618516921997070312e+00,3.087979316711425781e+01,4.690074920654296875e+01,5.923708343505859375e+01,7.821353149414062500e+01,9.425228881835937500e+01,7.869190979003906250e+01,4.829334259033203125e+01,4.537076187133789062e+01,4.203261184692382812e+01,3.518766784667968750e+01,3.846150588989257812e+01,4.096561813354492188e+01,3.291227722167968750e+01,3.022785377502441406e+01,2.919445991516113281e+01,2.670284080505371094e+01,3.083648872375488281e+01,3.402386474609375000e+01,3.040227317810058594e+01,2.651898574829101562e+01,2.395693588256835938e+01,1.801996612548828125e+01,1.501457786560058594e+01,1.606407356262207031e+01,2.074005508422851562e+01,2.630734634399414062e+01,2.400921630859375000e+01,2.833124732971191406e+01,2.472014427185058594e+01,1.755758094787597656e+01,2.526772022247314453e+00,-1.148752593994140625e+01,-9.273130416870117188e+00,-3.494529485702514648e+00,-2.636482620239257812e+01,-4.338343048095703125e+01,-4.370875930786132812e+01,-3.027907943725585938e+01,-1.747834587097167969e+01,-7.504669189453125000e+00,4.399517536163330078e+00,1.776604461669921875e+01,2.709859085083007812e+01,2.119756317138671875e+01,9.082401275634765625e+00,2.666955947875976562e+01,4.815005493164062500e+01,6.001710128784179688e+01,6.712139892578125000e+01,6.494542694091796875e+01,5.773302459716796875e+01,3.339945983886718750e+01,1.478967857360839844e+01,1.594504356384277344e+00,2.180892974138259888e-01,-2.530009984970092773e+00,1.096884727478027344e+01,3.983462524414062500e+01,6.424268341064453125e+01,5.902064132690429688e+01,2.824191284179687500e+01,2.460403823852539062e+01,2.438947296142578125e+01,4.108065032958984375e+01,6.836935424804687500e+01,8.302416992187500000e+01,9.263206481933593750e+01,9.409359741210937500e+01,8.727056884765625000e+01,8.207244110107421875e+01,7.202567291259765625e+01,4.417409515380859375e+01,9.993079185485839844e+00,-9.592363357543945312e+00,-1.748206710815429688e+01,-2.121942520141601562e+01,-1.863910865783691406e+01,-1.994030380249023438e+01,-1.964783668518066406e+01,-9.302480697631835938e+00,1.778299093246459961e+00,1.182998752593994141e+01,2.369504928588867188e+01,4.387222290039062500e+01,6.116160583496093750e+01,6.427037048339843750e+01,4.529627990722656250e+01,3.083227157592773438e+01,2.589633560180664062e+01,3.785594940185546875e+01,5.763938903808593750e+01,7.553577423095703125e+01,8.548239135742187500e+01,9.937197875976562500e+01,9.515264129638671875e+01,7.510156250000000000e+01,5.346836853027343750e+01,5.248438262939453125e+01,4.694499969482421875e+01,3.467524719238281250e+01,4.722763061523437500e+01,1.986594009399414062e+01,-6.377411842346191406e+00,-2.275973129272460938e+01,-3.166573715209960938e+01,-3.633003234863281250e+01,-2.714663314819335938e+01,-2.024466323852539062e+01,-1.117947006225585938e+01,2.444327592849731445e+00,2.210535430908203125e+01,1.748550987243652344e+01,2.389917373657226562e+00,1.011038303375244141e+01,3.449613952636718750e+01,3.899897003173828125e+01,3.613327026367187500e+01,3.858071517944335938e+01,4.739596939086914062e+01,6.657508850097656250e+01,7.723744201660156250e+01,6.656222534179687500e+01,6.474234008789062500e+01,8.504411315917968750e+01,9.235180664062500000e+01,8.028290557861328125e+01,6.504922485351562500e+01,4.928090667724609375e+01,3.995473861694335938e+01,2.854490089416503906e+01,3.110923004150390625e+01,2.817253875732421875e+01,2.730886077880859375e+01,2.768289566040039062e+01,4.050473022460937500e+01,5.513990020751953125e+01,4.548792648315429688e+01,3.695312500000000000e+01,4.945606231689453125e+01,6.571482849121093750e+01,7.731667327880859375e+01,8.359992218017578125e+01,8.694384002685546875e+01,7.607450866699218750e+01,5.456497192382812500e+01,4.853269195556640625e+01,5.111240386962890625e+01,5.985388946533203125e+01,7.457508087158203125e+01,9.060523986816406250e+01,8.890852355957031250e+01,8.629373168945312500e+01,8.847608947753906250e+01,9.171111297607421875e+01,8.688494110107421875e+01,7.530195617675781250e+01,4.708474731445312500e+01,1.653961944580078125e+01,-7.378459930419921875e+00,-2.203347206115722656e+01,-2.371577644348144531e+01,-9.054413795471191406e+00,6.368000030517578125e+00,2.498779678344726562e+01,3.061611557006835938e+01,3.151105499267578125e+01,4.813697052001953125e+01,5.923236846923828125e+01,5.820783996582031250e+01,4.130535888671875000e+01,2.452411270141601562e+01,2.276109695434570312e+01,1.925787162780761719e+01,1.617665863037109375e+01,1.036085891723632812e+01,7.027136802673339844e+00,6.888516426086425781e+00,4.848482131958007812e+00,-9.637784957885742188e-01,-1.326604461669921875e+01,-2.171278572082519531e+01,-1.629905509948730469e+01,6.008039116859436035e-01,1.132284355163574219e+01,2.035120773315429688e+01,3.271813583374023438e+01,5.535210037231445312e+01,7.268351745605468750e+01,8.041687774658203125e+01,7.432676696777343750e+01,7.258163452148437500e+01,6.343395233154296875e+01,5.026486587524414062e+01,3.596335601806640625e+01,3.191312026977539062e+01,4.397425842285156250e+01,5.961898040771484375e+01,6.784110260009765625e+01,6.955004882812500000e+01,6.018888092041015625e+01,4.349454498291015625e+01,2.751129913330078125e+01,1.852204322814941406e+01,1.278293228149414062e+01,1.777829742431640625e+01,1.927419281005859375e+01,1.899965667724609375e+01,2.411903762817382812e+01,3.294608306884765625e+01,2.913892173767089844e+01,3.142022705078125000e+01,3.204156494140625000e+01,3.026033210754394531e+01,3.907719039916992188e+01,4.132074737548828125e+01,3.472317504882812500e+01,3.279360198974609375e+01,3.201388549804687500e+01,3.344463348388671875e+01,3.492504882812500000e+01,3.455755233764648438e+01,3.563813018798828125e+01,3.506346130371093750e+01,3.043282508850097656e+01,2.879600524902343750e+01,2.832131385803222656e+01,3.045722389221191406e+01,3.820742797851562500e+01,4.267758941650390625e+01,3.657771301269531250e+01,1.076288032531738281e+01,-1.525907707214355469e+01,-1.917036437988281250e+01,-2.450750732421875000e+01,-2.293331718444824219e+01,-1.624402236938476562e+01,-7.365615844726562500e+00,4.130941867828369141e+00,1.177269458770751953e+00,-6.861649513244628906e+00,-4.007703065872192383e-01,-9.387230873107910156e-01,-7.714147567749023438e+00,-1.379711914062500000e+01,-1.738371849060058594e+01,-1.762353324890136719e+01,-1.357642555236816406e+01,6.661576271057128906e+00,2.153726196289062500e+01,1.778830909729003906e+01,1.758395957946777344e+01,1.952329254150390625e+01,2.136345672607421875e+01,2.797850418090820312e+01,4.081123352050781250e+01,3.594641494750976562e+01,3.014842605590820312e+01,1.786674118041992188e+01,1.329962539672851562e+01,1.916018295288085938e+01,2.835959243774414062e+01,4.145859909057617188e+01,5.024485015869140625e+01,4.513619613647460938e+01,3.997246932983398438e+01,3.300473022460937500e+01,3.313040161132812500e+01,5.337735366821289062e+01,6.661099243164062500e+01,6.295401763916015625e+01,5.768229675292968750e+01,6.215779876708984375e+01,4.917756271362304688e+01,1.555782604217529297e+01,1.174069213867187500e+01,1.094793605804443359e+01,1.456928062438964844e+01,6.059126853942871094e+00,-1.841905212402343750e+01,-2.977529907226562500e+01,-3.006405639648437500e+01,-2.217885208129882812e+01,-9.939305305480957031e+00,-9.709236145019531250e+00,-8.147781372070312500e+00,-7.748044967651367188e+00,-1.111589336395263672e+01,-3.169433116912841797e+00,2.910779953002929688e+00,2.700873851776123047e+00,8.133752822875976562e+00,5.039720535278320312e+00,7.039605140686035156e+00,1.464007854461669922e+00,-8.649427413940429688e+00,-1.667914962768554688e+01,-1.753142547607421875e+01,-1.797421646118164062e+01,-1.052133941650390625e+01,8.522974014282226562e+00,-7.105147361755371094e+00,-1.817795181274414062e+01,-7.746126174926757812e+00,-2.555866956710815430e+00,5.862128257751464844e+00,1.284705734252929688e+01,1.804470062255859375e+01,1.653771972656250000e+01,1.783695030212402344e+01,3.712161636352539062e+01,4.711851119995117188e+01,4.041958236694335938e+01,6.282605361938476562e+01,8.614423370361328125e+01,6.009981536865234375e+01,1.314388942718505859e+01,-5.454851984977722168e-01,1.085098457336425781e+01,2.306965637207031250e+01,1.779943847656250000e+01,6.408577442169189453e+00,-6.808670997619628906e+00,-1.249946212768554688e+01,2.572750091552734375e+00,2.015777969360351562e+01,5.593005752563476562e+01,6.438906860351562500e+01,7.058456420898437500e+01,5.966676330566406250e+01,5.964723968505859375e+01,6.216952514648437500e+01,5.568963623046875000e+01,4.917333984375000000e+01,7.248017883300781250e+01,7.614308929443359375e+01,7.132198333740234375e+01,5.687980651855468750e+01,5.472943878173828125e+01,5.076744079589843750e+01,5.247403717041015625e+01,5.092945098876953125e+01,4.490277099609375000e+01,4.721678924560546875e+01,5.009773635864257812e+01,4.616533279418945312e+01,4.715969085693359375e+01,4.966333007812500000e+01,5.039242935180664062e+01,3.948399353027343750e+01,2.461630630493164062e+01,2.582411575317382812e+01,2.743852043151855469e+01,3.986476135253906250e+01,4.506722259521484375e+01,4.152386856079101562e+01,1.521519660949707031e+01,4.487249255180358887e-02,-3.080651044845581055e+00,-1.165515232086181641e+01,-1.389099311828613281e+01,-4.441734313964843750e+00,2.143167877197265625e+01,2.795923423767089844e+01,2.267577743530273438e+01,2.048412895202636719e+01,2.118255233764648438e+01,2.303992080688476562e+01,2.759920883178710938e+01,1.975569534301757812e+01,1.785981178283691406e+01,2.353748321533203125e+01,2.483887481689453125e+01,3.062948226928710938e+01,3.563591766357421875e+01,2.807709121704101562e+01,2.775056457519531250e+01,3.886033630371093750e+01,5.523897552490234375e+01,6.994727325439453125e+01,7.926098632812500000e+01,7.987999725341796875e+01,6.494984436035156250e+01,3.973696899414062500e+01,1.086632728576660156e+01,-9.935912132263183594e+00,-2.153592300415039062e+01,-2.402869796752929688e+01,-2.527695274353027344e+01,-2.250427627563476562e+01,-1.236131858825683594e+01,2.068258285522460938e+00,1.298870658874511719e+01,9.712629318237304688e+00,7.726339817047119141e+00,9.256583213806152344e+00,1.049219322204589844e+01,8.302637100219726562e+00,1.086182785034179688e+01,1.646743011474609375e+01,1.381550502777099609e+01,8.119669914245605469e+00,-6.067984580993652344e+00,-8.190550804138183594e+00,-2.508482933044433594e+00,6.844493389129638672e+00,1.994905662536621094e+01,3.798268890380859375e+01,4.169093704223632812e+01,2.888592910766601562e+01,2.092686653137207031e+01,1.822116851806640625e+01,1.956027603149414062e+01,1.504127311706542969e+01,8.793664932250976562e+00,-7.850878834724426270e-01,-9.200708389282226562e+00,-1.247920227050781250e+01,-8.595428466796875000e+00,-8.183327913284301758e-01,8.946241378784179688e+00,2.749297904968261719e+01,4.215815734863281250e+01,5.438867187500000000e+01,7.141894531250000000e+01,6.831056976318359375e+01,5.454529571533203125e+01,4.679673004150390625e+01,2.663589096069335938e+01,9.415883064270019531e+00,9.124216079711914062e+00,1.479858684539794922e+01,2.165053558349609375e+01,2.846522903442382812e+01,2.958936309814453125e+01,3.596528625488281250e+01,5.338663864135742188e+01,5.587043762207031250e+01,4.510678863525390625e+01,4.679690170288085938e+01,4.624010086059570312e+01,4.598651123046875000e+01,4.862850952148437500e+01,5.056790924072265625e+01,4.918601989746093750e+01,5.263565063476562500e+01,5.248513412475585938e+01,4.979399871826171875e+01,4.858271408081054688e+01,4.586179351806640625e+01,5.621084976196289062e+01,5.650980377197265625e+01,4.781388092041015625e+01,4.995246887207031250e+01,5.312514495849609375e+01,5.066432189941406250e+01,4.810874176025390625e+01,4.460469818115234375e+01,4.682009887695312500e+01,5.711489868164062500e+01,6.036829757690429688e+01,5.455825805664062500e+01,5.613288497924804688e+01,5.859888458251953125e+01,5.488103866577148438e+01,4.307519531250000000e+01,3.342794418334960938e+01,3.562139892578125000e+01,4.074944305419921875e+01,4.301135253906250000e+01,5.998254013061523438e+01,2.978638839721679688e+01,-5.331506729125976562e+00,-1.955737304687500000e+01,-1.074018669128417969e+01,6.038459777832031250e+00,3.393535614013671875e+00,-7.890237808227539062e+00,-7.307201385498046875e+00,-4.164403915405273438e+00,4.802674293518066406e+00,-6.712722778320312500e+00,-9.478744506835937500e+00,-2.869967460632324219e+00,6.830443382263183594e+00,1.247279930114746094e+01,1.440538501739501953e+01,1.510574340820312500e+01,9.668258666992187500e+00,1.030736160278320312e+01,5.632849693298339844e+00,1.245186901092529297e+01,2.207368659973144531e+01,2.580908584594726562e+01,2.546864891052246094e+01,5.446503067016601562e+01,7.209330749511718750e+01,7.793479156494140625e+01,8.222085571289062500e+01,7.184963989257812500e+01,4.389936065673828125e+01,9.621562957763671875e+00,-1.643938302993774414e+00,6.075397968292236328e+00,1.481252670288085938e+01,2.200960540771484375e+01,2.606390571594238281e+01,1.862170028686523438e+01,6.925627231597900391e+00,6.771031379699707031e+00,2.118102645874023438e+01,2.033833885192871094e+01,1.583796381950378418e+00,-2.118417739868164062e+01,-2.752541351318359375e+01,-2.744265747070312500e+01,-3.534601211547851562e+01,-3.308272552490234375e+01,-3.077646255493164062e+01,-2.455175399780273438e+01,-1.771429061889648438e+01,-1.478798580169677734e+01,-1.136986351013183594e+01,-5.848415374755859375e+00,1.773592084646224976e-01,1.356443214416503906e+01,1.827935218811035156e+01,2.074645996093750000e+01,3.142003059387207031e+01,5.653170776367187500e+01,7.826698303222656250e+01,7.935369873046875000e+01,7.332794952392578125e+01,5.464299774169921875e+01,6.434153747558593750e+01,6.808821105957031250e+01,7.023472595214843750e+01,6.978408813476562500e+01,4.516852188110351562e+01,3.169236183166503906e+01,4.149002075195312500e+01,5.541672515869140625e+01,5.673736190795898438e+01,5.820482635498046875e+01,5.006253051757812500e+01,4.114982604980468750e+01,4.184393310546875000e+01,4.886223220825195312e+01,3.675633621215820312e+01,4.426391601562500000e+01,4.884963989257812500e+01,3.867266082763671875e+01,1.628511047363281250e+01,-1.184294795989990234e+01,-2.580235862731933594e+01,-3.591825723648071289e+00,3.429760360717773438e+01,6.588545989990234375e+01,8.632240295410156250e+01,8.155339813232421875e+01,6.102658081054687500e+01,4.582679748535156250e+01,4.148329925537109375e+01,4.495886230468750000e+01,4.153482055664062500e+01,3.788649368286132812e+01,5.387296295166015625e+01,7.779011535644531250e+01,8.766555786132812500e+01,8.784249877929687500e+01,7.755415344238281250e+01,6.639599609375000000e+01,6.441348266601562500e+01,6.691614532470703125e+01,7.949940490722656250e+01,8.477319335937500000e+01,8.843356323242187500e+01,8.620738220214843750e+01,7.648078155517578125e+01,7.239910125732421875e+01,6.763275909423828125e+01,7.358633422851562500e+01,8.211190795898437500e+01,8.646514892578125000e+01,9.132617950439453125e+01,8.567494201660156250e+01,7.526610565185546875e+01,4.220715332031250000e+01,2.413252639770507812e+01,2.511437988281250000e+01,2.415531158447265625e+01,1.795530700683593750e+01,-1.911413431167602539e+00,-1.796203231811523438e+01,-4.952885627746582031e+00,1.795770645141601562e+01,3.522817230224609375e+01,3.846349334716796875e+01,3.727926635742187500e+01,4.057658386230468750e+01,2.978658294677734375e+01,1.938574600219726562e+01,1.678838920593261719e+01,1.872600364685058594e+01,2.039193725585937500e+01,3.844576263427734375e+01,4.394990158081054688e+01,4.502537536621093750e+01,4.903602981567382812e+01,5.566961669921875000e+01,5.663995361328125000e+01,5.709843063354492188e+01,4.549167633056640625e+01,3.676974487304687500e+01,4.041723632812500000e+01,4.683811187744140625e+01,5.121927642822265625e+01,5.012046432495117188e+01,4.795258331298828125e+01,4.610153198242187500e+01,5.116770935058593750e+01,4.882699203491210938e+01,4.659555053710937500e+01,4.204355239868164062e+01,4.096829986572265625e+01,4.057021713256835938e+01,3.427510452270507812e+01,3.097574615478515625e+01,3.126555061340332031e+01,2.910304450988769531e+01,2.920113563537597656e+01,3.327259826660156250e+01,4.023465728759765625e+01,4.205395889282226562e+01,4.085927963256835938e+01,3.573915863037109375e+01,3.623759460449218750e+01,3.816566085815429688e+01,4.083453369140625000e+01,4.112294769287109375e+01,5.396411895751953125e+01,6.726565551757812500e+01,7.586543273925781250e+01,7.418943786621093750e+01,7.578271484375000000e+01,7.446557617187500000e+01,5.692214202880859375e+01,7.490974426269531250e+01,7.890283966064453125e+01,8.754003906250000000e+01,8.147641754150390625e+01,6.094313430786132812e+01,3.479669952392578125e+01,2.765050125122070312e+01,2.537169265747070312e+01,2.890947723388671875e+01,3.250024795532226562e+01,3.872748565673828125e+01,4.936706542968750000e+01,5.603220367431640625e+01,4.786610031127929688e+01,4.360380935668945312e+01,4.475025177001953125e+01,4.568976974487304688e+01,6.670590972900390625e+01,7.885823822021484375e+01,9.443041992187500000e+01,8.822883605957031250e+01,5.959443283081054688e+01,5.721163940429687500e+01,6.557254791259765625e+01,7.740368652343750000e+01,9.137825775146484375e+01,9.329809570312500000e+01,8.996265411376953125e+01,7.878560638427734375e+01,5.523023986816406250e+01,3.909353637695312500e+01,2.203417778015136719e+01,1.043136405944824219e+01,1.110559082031250000e+01,1.553266620635986328e+01,2.449449920654296875e+01,2.281423187255859375e+01,2.162263870239257812e+01,2.507093811035156250e+01,3.216686630249023438e+01,4.066976928710937500e+01,3.453860473632812500e+01,3.708865737915039062e+01,4.626501464843750000e+01,4.066548156738281250e+01,4.354263305664062500e+01,4.645144653320312500e+01,4.167238616943359375e+01,2.938536834716796875e+01,7.512797546386718750e+01,1.047814941406250000e+02,1.061122360229492188e+02,9.609436798095703125e+01,9.005921173095703125e+01,8.845654296875000000e+01,7.737396240234375000e+01,4.477568054199218750e+01,1.769626235961914062e+01,6.419546604156494141e+00,-7.085491180419921875e+00,-1.099078273773193359e+01,-9.924833297729492188e+00,-1.275902938842773438e+01,6.995958328247070312e+00,3.505676651000976562e+01,4.767356109619140625e+01,4.721504974365234375e+01,3.903910827636718750e+01,4.467605590820312500e+01,4.263250732421875000e+01,3.067454528808593750e+01,2.252035903930664062e+01,2.916444015502929688e+01,2.489336395263671875e+01,1.593129730224609375e+01,3.735577106475830078e+00,-7.002724647521972656e+00,-3.052503967285156250e+01,-3.711934661865234375e+01,-3.187757873535156250e+01,-2.201676940917968750e+01,-5.873119354248046875e+00,5.157270431518554688e+00,1.830120468139648438e+01,2.788870620727539062e+01,2.694891166687011719e+01,1.946865653991699219e+01,1.570644378662109375e+01,2.422064304351806641e+00,-7.693998813629150391e+00,-5.092947006225585938e+00,-2.026059180498123169e-01,-5.397848606109619141e+00,-1.287690544128417969e+01,-4.837568283081054688e+00,1.917688751220703125e+01,3.243140411376953125e+01,2.851562881469726562e+01,3.465525817871093750e+01,3.524133300781250000e+01,2.473156738281250000e+01,1.924497604370117188e+01,2.027671813964843750e+01,2.409065818786621094e+01,3.572889709472656250e+01,5.465308380126953125e+01,6.287253570556640625e+01,6.927994537353515625e+01,8.138406372070312500e+01,8.456686401367187500e+01,7.828625488281250000e+01,6.990254211425781250e+01,6.040324020385742188e+01,7.160795593261718750e+01,7.318128967285156250e+01,6.958782958984375000e+01,6.285845947265625000e+01,5.405926132202148438e+01,5.799546051025390625e+01,6.499472045898437500e+01,6.370244598388671875e+01,5.963507080078125000e+01,5.364267730712890625e+01,4.940909576416015625e+01,5.038011169433593750e+01,4.623693847656250000e+01,3.688289260864257812e+01,3.479928588867187500e+01,3.768527984619140625e+01,3.602581405639648438e+01,3.318495941162109375e+01,2.609622955322265625e+01,9.312759399414062500e+00,-1.198543429374694824e+00,8.651610612869262695e-01,-2.857447862625122070e+00,-4.553903102874755859e+00,6.121171474456787109e+00,7.378344535827636719e+00,-1.947955608367919922e+00,-1.111165332794189453e+01,-1.931666183471679688e+01,-2.072488212585449219e+01,-2.360583877563476562e+01,-2.253175735473632812e+01,-1.679360580444335938e+01,-1.285891056060791016e+01,-7.098929882049560547e+00,-1.471114635467529297e+00,2.862068653106689453e+00,3.869449615478515625e+01,5.533438110351562500e+01,6.965315246582031250e+01,6.366470336914062500e+01,5.352259445190429688e+01,5.604850769042968750e+01,5.092478942871093750e+01,4.812106323242187500e+01,5.210355377197265625e+01,5.737515258789062500e+01,6.030781173706054688e+01,5.765369415283203125e+01,5.588958740234375000e+01,5.591512298583984375e+01,5.215804290771484375e+01,5.000189208984375000e+01,5.413608169555664062e+01,4.978091430664062500e+01,4.979837036132812500e+01,4.953984832763671875e+01,4.623852539062500000e+01,4.432154846191406250e+01,4.191312026977539062e+01,4.091956329345703125e+01,3.528016662597656250e+01,3.180436325073242188e+01,3.382398986816406250e+01,9.499143600463867188e+00,1.511513948440551758e+00,8.825096130371093750e+00,1.148383903503417969e+01,1.425203514099121094e+01,2.466219329833984375e+01,2.746981620788574219e+01,2.267179107666015625e+01,2.005501556396484375e+01,1.582461357116699219e+01,2.056710052490234375e+01,2.195998001098632812e+01,1.476827049255371094e+01,7.722192287445068359e+00,1.286513233184814453e+01,1.895894622802734375e+01,1.982408523559570312e+01,1.635449409484863281e+01,1.224615669250488281e+01,6.003620147705078125e+00,2.908421754837036133e+00,6.913903236389160156e+00,1.200087547302246094e+01,1.300700378417968750e+01,7.459673881530761719e+00,2.540199995040893555e+00,-9.039199352264404297e-02,2.482088804244995117e+00,5.846189498901367188e+00,1.368114089965820312e+01,1.905849838256835938e+01,5.098127365112304688e+00,2.902921199798583984e+00,5.731895923614501953e+00,1.462047958374023438e+01,2.242897796630859375e+01,2.397951889038085938e+01,1.992286300659179688e+01,2.564692306518554688e+01,3.162094116210937500e+01,3.898849487304687500e+01,4.035584640502929688e+01,5.087150955200195312e+01,5.703520584106445312e+01,6.049728393554687500e+01,6.282573699951171875e+01,4.722421264648437500e+01,3.901271057128906250e+01,3.721383666992187500e+01,3.657332992553710938e+01,2.933727264404296875e+01,2.060080337524414062e+01,1.507577896118164062e+01,1.317120742797851562e+01,1.656695175170898438e+01,1.172395229339599609e+01,4.869628906250000000e+00,6.826200485229492188e+00,1.092508506774902344e+01,1.313473796844482422e+01,3.762834167480468750e+01,3.730442428588867188e+01,1.453915882110595703e+01,-1.265688180923461914e+00,7.489337921142578125e+00,2.411822509765625000e+01,2.709681701660156250e+01,3.161802291870117188e+01,5.680555343627929688e+01,6.370911026000976562e+01,6.269161987304687500e+01,6.412969970703125000e+01,5.821248626708984375e+01,4.725151062011718750e+01,6.541738891601562500e+01,5.582266235351562500e+01,2.711404800415039062e+01,1.986313629150390625e+01,1.730231475830078125e+01,1.189649963378906250e+01,1.539504051208496094e+01,4.559936523437500000e+00,-1.289654064178466797e+01,-1.631904983520507812e+01,-5.161775112152099609e+00,5.020773410797119141e+00,6.211981773376464844e+00,8.004238128662109375e+00,8.645057678222656250e+00,1.415662193298339844e+01,1.210886955261230469e+01,7.654667854309082031e+00,2.789490509033203125e+01,3.644548034667968750e+01,2.029831314086914062e+01,1.574888229370117188e+01,2.433488082885742188e+01,2.684344100952148438e+01,2.890956878662109375e+01,2.862346649169921875e+01,5.163465881347656250e+01,5.577687072753906250e+01,3.676637268066406250e+01,2.781422042846679688e+01,1.210623931884765625e+01,1.108754158020019531e+01,5.762876510620117188e+00,1.782728910446166992e+00,3.169963121414184570e+00,5.146423339843750000e+00,3.442799091339111328e+00,-1.714203000068664551e+00,-7.257708549499511719e+00,-8.294718742370605469e+00,-6.422929763793945312e+00,-6.086214542388916016e+00,-1.512030124664306641e+00,-3.225051760673522949e-01,-2.604053020477294922e-01,5.816199302673339844e+00,7.432612419128417969e+00,1.095104408264160156e+01,2.730308914184570312e+01,2.248424911499023438e+01,2.265939331054687500e+01,4.163678741455078125e+01,5.718083953857421875e+01,5.298320007324218750e+01,4.709009170532226562e+01,3.855957794189453125e+01,3.720924377441406250e+01,3.996348571777343750e+01,4.033464813232421875e+01,4.202825546264648438e+01,4.241159820556640625e+01,3.686547088623046875e+01,2.654626083374023438e+01,1.919776916503906250e+01,1.427724266052246094e+01,1.683376312255859375e+01,2.781044387817382812e+01,3.121146011352539062e+01,3.420427322387695312e+01,2.179350090026855469e+01,2.559994697570800781e+00,-5.114399909973144531e+00,-8.448405265808105469e+00,8.565921187400817871e-01,1.130084609985351562e+01,8.390230178833007812e+00,7.633444786071777344e+00,1.203154373168945312e+01,2.684932708740234375e+01,4.973921966552734375e+01,5.714247894287109375e+01,6.553417968750000000e+01,7.263562774658203125e+01,7.145960998535156250e+01,7.330828857421875000e+01,8.381086730957031250e+01,6.689281463623046875e+01,3.532807922363281250e+01,9.294964790344238281e+00,-3.500332832336425781e-01,-2.971087455749511719e+00,1.769456624984741211e+00,1.663939857482910156e+01,2.773567390441894531e+01,2.309823989868164062e+01,2.918783378601074219e+01,3.369869995117187500e+01,3.911038970947265625e+01,3.432464599609375000e+01,4.231340885162353516e+00,-2.128483963012695312e+01,-1.915355491638183594e+01,-1.838203048706054688e+01,-1.148310279846191406e+01,-1.319754886627197266e+01,-1.647616195678710938e+01,-1.261761093139648438e+01,-8.257299423217773438e+00,-2.847881913185119629e-01,2.054194211959838867e-01,7.792590141296386719e+00,1.637665939331054688e+01,1.660423851013183594e+01,1.897969818115234375e+01,2.223372268676757812e+01,1.726209259033203125e+01,-7.587549209594726562e+00,-2.721791076660156250e+01,-4.000079727172851562e+01,-3.845472717285156250e+01,-3.860509490966796875e+01,-3.826132583618164062e+01,-2.630169677734375000e+01,-1.634589385986328125e+01,-5.514247417449951172e+00,3.596866226196289062e+01,5.201516342163085938e+01,6.051598739624023438e+01,6.102982330322265625e+01,6.200952148437500000e+01,4.978997802734375000e+01,3.349608612060546875e+01,3.358281707763671875e+01,4.453900909423828125e+01,5.776388549804687500e+01,5.730149841308593750e+01,5.155991744995117188e+01,3.974617767333984375e+01,3.274961090087890625e+01,3.477309036254882812e+01,4.314644622802734375e+01,3.758242034912109375e+01,3.635052490234375000e+01,3.799470138549804688e+01,3.313199615478515625e+01,2.756685829162597656e+01,3.150288009643554688e+01,3.658027648925781250e+01,3.717379379272460938e+01,3.167810821533203125e+01,2.417563247680664062e+01,3.168561935424804688e+01,3.533572387695312500e+01,3.388318634033203125e+01,2.942650222778320312e+01,3.455671310424804688e+01,3.598847579956054688e+01,3.222384643554687500e+01,3.424080657958984375e+01,3.548959350585937500e+01,3.131417083740234375e+01,3.221971130371093750e+01,3.601596832275390625e+01,4.054551696777343750e+01,4.348133087158203125e+01,4.343177795410156250e+01,4.112254333496093750e+01,4.062727355957031250e+01,3.342628479003906250e+01,2.974475097656250000e+01,3.459986495971679688e+01,3.550839233398437500e+01,3.068128204345703125e+01,2.727602767944335938e+01,2.481711959838867188e+01,2.535457420349121094e+01,2.779693984985351562e+01,2.358902359008789062e+01,1.884786987304687500e+01,2.011435699462890625e+01,1.783663940429687500e+01,1.624728965759277344e+01,2.072908020019531250e+01,-4.143995285034179688e+00,-1.694719696044921875e+01,-1.916122627258300781e+01,-2.063790130615234375e+01,-1.783304023742675781e+01,-5.603058338165283203e+00,4.367950439453125000e+00,-9.631717681884765625e+00,-1.850093722343444824e+00,1.314907646179199219e+01,3.936540222167968750e+01,6.361619949340820312e+01,7.329534912109375000e+01,7.489944458007812500e+01,5.983774948120117188e+01,4.349874114990234375e+01,2.726156997680664062e+01,-1.135857939720153809e+00,-2.159600973129272461e+00,-3.062469005584716797e+00,3.521457195281982422e+00,6.659424781799316406e+00,4.987675666809082031e+00,4.381231784820556641e+00,4.729214310646057129e-01,1.760957956314086914e+00,7.827692985534667969e+00,1.135526561737060547e+01,7.693925857543945312e+00,2.072441577911376953e+00,-5.487266778945922852e-01,4.852844238281250000e+00,1.883776092529296875e+01,2.067059898376464844e+01,3.506135559082031250e+01,4.521730041503906250e+01,5.550216674804687500e+01,5.524723815917968750e+01,2.548980522155761719e+01,1.112354087829589844e+01,1.887943649291992188e+01,2.186901092529296875e+01,1.560966682434082031e+01,-1.357651519775390625e+01,-2.290422058105468750e+01,-2.053562545776367188e+01,-1.920290946960449219e+01,-2.700693511962890625e+01,-3.564245605468750000e+01,-3.917882537841796875e+01,-3.151494979858398438e+01,-3.063372802734375000e+01,-3.326993560791015625e+01,-3.192011833190917969e+01,-2.927196502685546875e+01,-2.553155708312988281e+01,-3.169177246093750000e+01,-3.093239212036132812e+01,-2.535534667968750000e+01,-1.803625488281250000e+01,-4.559864044189453125e+00,2.798742055892944336e+00,4.564811706542968750e+00,4.351060867309570312e+00,1.869504737854003906e+01,4.686094665527343750e+01,6.602648162841796875e+01,6.076414489746093750e+01,6.201325225830078125e+01,7.494303894042968750e+01,7.439460754394531250e+01,5.878577423095703125e+01,5.308065032958984375e+01,4.993775177001953125e+01,5.550631713867187500e+01,5.333134460449218750e+01,5.414708709716796875e+01,6.298879241943359375e+01,6.839387512207031250e+01,6.452201843261718750e+01,5.885884857177734375e+01,7.893258666992187500e+01,7.599918365478515625e+01,6.910120391845703125e+01,4.345120239257812500e+01,2.484144783020019531e+01,1.684647369384765625e+01,2.236854934692382812e+01,2.467743682861328125e+01,3.080294799804687500e+01,6.045250320434570312e+01,7.765399169921875000e+01,6.792836761474609375e+01,5.410935211181640625e+01,4.745790863037109375e+01,4.858277130126953125e+01,3.654104614257812500e+01,2.055354690551757812e+01,7.848074913024902344e+00,-5.600506782531738281e+00,-1.152229022979736328e+01,-2.022106933593750000e+01,-2.431000137329101562e+01,-2.485382270812988281e+01,-1.558896255493164062e+01,-1.163545608520507812e+01,-1.370215415954589844e+01,-9.399868011474609375e+00,-2.319938182830810547e+00,5.550884246826171875e+00,7.630774497985839844e+00,7.899271845817565918e-01,-2.951460838317871094e+00,5.551665306091308594e+00,1.449898719787597656e+01,2.108512115478515625e+01,2.488789176940917969e+01,2.612851333618164062e+01,2.514709472656250000e+01,2.678884506225585938e+01,2.692627716064453125e+01,2.345262527465820312e+01,2.513827514648437500e+01,1.980570220947265625e+01,1.122856521606445312e+01,1.816082763671875000e+01,2.284183692932128906e+01,1.653324699401855469e+01,1.625529479980468750e+01,2.234326553344726562e+01,2.822677230834960938e+01,2.638358306884765625e+01,4.750711059570312500e+01,5.540411376953125000e+01,4.912429046630859375e+01,3.597957229614257812e+01,3.210039138793945312e+01,3.265098953247070312e+01,3.398741912841796875e+01,3.347495269775390625e+01,2.775461196899414062e+01,4.895814514160156250e+01,6.929412078857421875e+01,8.246403503417968750e+01,8.943765258789062500e+01,8.007761383056640625e+01,5.781692504882812500e+01,7.164753723144531250e+01,8.402398681640625000e+01,8.466303253173828125e+01,6.743473052978515625e+01,5.239830780029296875e+01,5.045686340332031250e+01,4.970602416992187500e+01,4.961661529541015625e+01,4.714799499511718750e+01,4.222984695434570312e+01,2.732231521606445312e+01,2.588849639892578125e+01,2.807730484008789062e+01,3.122895812988281250e+01,3.417692947387695312e+01,3.992637634277343750e+01,3.846490859985351562e+01,1.201839447021484375e+00,-1.419350337982177734e+01,-1.240783500671386719e+01,-7.981887817382812500e+00,-1.012809753417968750e+01,-8.087580680847167969e+00,-1.458973407745361328e+01,-7.621227264404296875e+00,-5.518497467041015625e+00,-1.244192886352539062e+01,-1.773644828796386719e+01,-1.252133941650390625e+01,7.796838760375976562e+00,3.025932312011718750e+01,3.622365951538085938e+01,2.997092819213867188e+01,2.326776123046875000e+01,9.804533958435058594e+00,3.700604915618896484e+00,-1.327938675880432129e+00,-1.252263450622558594e+01,-1.519270706176757812e+01,-3.165057182312011719e+00,-1.650530815124511719e+00,2.546561241149902344e+00,4.241755962371826172e+00,8.602685928344726562e+00,9.461105346679687500e+00,-7.881698608398437500e+00,-2.120340347290039062e+01,-3.498044967651367188e+01,-3.301889801025390625e+01,-1.698072242736816406e+01,-5.682483673095703125e+00,3.945594072341918945e+00,1.028316211700439453e+01,1.117785835266113281e+01,1.043075370788574219e+01,5.484002304077148438e+01,6.851543426513671875e+01,7.075202941894531250e+01,5.780464935302734375e+01,4.641107177734375000e+01,3.770450592041015625e+01,3.259724426269531250e+01,3.326593017578125000e+01,2.729288101196289062e+01,2.315211486816406250e+01,2.538782119750976562e+01,2.989288330078125000e+01,3.659329986572265625e+01,3.352328491210937500e+01,2.728149795532226562e+01,2.888792419433593750e+01,4.023815917968750000e+01,6.024974060058593750e+01,7.656886291503906250e+01,8.335386657714843750e+01,6.446998596191406250e+01,2.991832733154296875e+01,1.590869045257568359e+01,2.039907073974609375e+01,2.477078056335449219e+01,3.316602325439453125e+01,4.528373336791992188e+01,2.756504058837890625e+01,1.288018035888671875e+01,-1.413092613220214844e+01,-2.777144241333007812e+01,-1.973169898986816406e+01,1.660497903823852539e+00,1.072237968444824219e+01,7.641923904418945312e+00,-7.270377874374389648e-01,-1.349916458129882812e+00,4.792788982391357422e+00,1.576754760742187500e+01,3.206050109863281250e+01,4.925204467773437500e+01,5.597711944580078125e+01,4.945029449462890625e+01,3.734405136108398438e+01,2.945107269287109375e+01,3.356178283691406250e+01,3.794486236572265625e+01,4.148869323730468750e+01,3.299253082275390625e+01,2.787412643432617188e+01,2.434878921508789062e+01,2.617042160034179688e+01,3.242304992675781250e+01,3.180588912963867188e+01,3.107010269165039062e+01,3.266343688964843750e+01,4.084549713134765625e+01,5.633615875244140625e+01,6.161587524414062500e+01,4.983536529541015625e+01,4.165477752685546875e+01,4.514895629882812500e+01,4.311231994628906250e+01,3.935177230834960938e+01,2.619356346130371094e+01,1.186252212524414062e+01,9.275087356567382812e+00,1.401607513427734375e+01,1.915021133422851562e+01,2.455717086791992188e+01,3.999311065673828125e+01,5.577130508422851562e+01,6.014017868041992188e+01,6.665573883056640625e+01,6.719412231445312500e+01,7.561706542968750000e+01,8.854425048828125000e+01,9.535375213623046875e+01,9.624317169189453125e+01,9.306877899169921875e+01,8.877729797363281250e+01,7.991877746582031250e+01,7.485926818847656250e+01,7.227066040039062500e+01,7.187272644042968750e+01,6.175186157226562500e+01,5.022684860229492188e+01,4.751500320434570312e+01,4.567568206787109375e+01,4.160518646240234375e+01,4.011616516113281250e+01,4.426647186279296875e+01,4.920410156250000000e+01,4.366235733032226562e+01,4.150748825073242188e+01,4.737487792968750000e+01,4.840705108642578125e+01,4.708504486083984375e+01,4.581232070922851562e+01,4.413212585449218750e+01,3.797186660766601562e+01,2.960322189331054688e+01,2.741051483154296875e+01,3.087472724914550781e+01,3.112435150146484375e+01,2.343980026245117188e+01,2.703595733642578125e+01,-1.090778541564941406e+01,-5.764987945556640625e+00,2.825970172882080078e+00,1.943568038940429688e+01,4.376168823242187500e+01,5.134319305419921875e+01,3.474954223632812500e+01,5.764031982421875000e+01,7.700576782226562500e+01,6.552674102783203125e+01,4.272814941406250000e+01,2.408641052246093750e+01,8.871736526489257812e+00,1.481536102294921875e+01,3.135890579223632812e+01,2.986993980407714844e+01,3.150589370727539062e+01,1.108507728576660156e+01,-1.519435214996337891e+01,-1.359823989868164062e+01,-4.760916709899902344e+00,-2.632999420166015625e-01,-3.186907529830932617e+00,-6.137060523033142090e-01,5.648958206176757812e+00,1.447785186767578125e+01,1.696273422241210938e+01,1.919683456420898438e+01,1.217844963073730469e+01,1.387425422668457031e+01,1.534543132781982422e+01,9.736635208129882812e+00,1.344001579284667969e+01,1.798371696472167969e+01,1.470308685302734375e+01,8.741950035095214844e+00,3.195131778717041016e+00,-5.480537414550781250e+00,-9.767597198486328125e+00,-7.092170715332031250e+00,-5.770086288452148438e+00,-7.471808433532714844e+00,-9.499734878540039062e+00,4.190217971801757812e+01,6.216352844238281250e+01,5.951578140258789062e+01,4.178379821777343750e+01,1.821927642822265625e+01,1.481859779357910156e+01,8.442337989807128906e+00,-8.197587966918945312e+00,-7.134552001953125000e+00,4.417425632476806641e+00,1.719199752807617188e+01,3.020673370361328125e+01,4.340024566650390625e+01,4.679918670654296875e+01,3.902323150634765625e+01,2.640933227539062500e+01,1.085184288024902344e+01,4.559499263763427734e+00,6.875593662261962891e+00,4.179163932800292969e+00,7.822079658508300781e+00,1.863012123107910156e+01,2.348951148986816406e+01,2.374517250061035156e+01,2.131280136108398438e+01,2.227483749389648438e+01,2.151612472534179688e+01,1.110967445373535156e+01,9.045511245727539062e+00,1.524986457824707031e+01,1.738594818115234375e+01,2.501810836791992188e+01,2.300520515441894531e+01,2.277346801757812500e+01,3.768622970581054688e+01,6.057138824462890625e+01,5.899283599853515625e+01,4.908966827392578125e+01,4.147588729858398438e+01,3.252986145019531250e+01,2.459416580200195312e+01,1.500445079803466797e+01,1.713424682617187500e+01,2.111688232421875000e+01,2.125979995727539062e+01,2.152444839477539062e+01,2.045008850097656250e+01,2.492966461181640625e+01,1.560750579833984375e+01,1.549462699890136719e+01,1.931038284301757812e+01,1.175959587097167969e+01,4.584985733032226562e+00,-4.694247245788574219e+00,-1.927439451217651367e+00,1.948931813240051270e-01,7.690176963806152344e+00,1.354039001464843750e+01,8.121231079101562500e+00,5.768209457397460938e+00,9.328163146972656250e+00,1.154056167602539062e+01,1.041419219970703125e+01,1.415265369415283203e+01,1.368802642822265625e+01,-1.131161975860595703e+01,-2.262649345397949219e+01,-2.588563537597656250e+01,-1.843081665039062500e+01,-6.749456882476806641e+00,-1.559489011764526367e+00,7.314166069030761719e+00,8.109175682067871094e+00,1.223246383666992188e+01,1.186603355407714844e+01,-4.786599636077880859e+00,-1.066928863525390625e+01,-1.282306480407714844e+01,-1.740707397460937500e+01,-1.775846099853515625e+01,-3.029529094696044922e+00,5.461310386657714844e+00,2.771010398864746094e+00,-2.153902053833007812e+00,-4.517272949218750000e+00,-6.659964561462402344e+00,-7.557921886444091797e+00,-1.486773252487182617e+00,7.794155120849609375e+00,1.917687225341796875e+01,2.991913032531738281e+01,2.787932014465332031e+01,5.231357955932617188e+01,7.203750610351562500e+01,8.267517089843750000e+01,6.069391632080078125e+01,3.506895065307617188e+01,1.855304718017578125e+01,2.076209068298339844e+01,4.468808364868164062e+01,5.586922073364257812e+01,5.401440429687500000e+01,5.036182403564453125e+01,4.348461914062500000e+01,2.929223823547363281e+01,3.587179565429687500e+01,6.164136123657226562e+01,7.292793273925781250e+01,5.622367858886718750e+01,3.709616470336914062e+01,3.977174377441406250e+01,3.425045776367187500e+01,1.588068675994873047e+01,1.936285018920898438e+01,2.923940849304199219e+01,4.579441452026367188e+01,6.494821166992187500e+01,7.238894653320312500e+01,5.395756530761718750e+01,6.591145324707031250e+01,6.311115264892578125e+01,4.321221542358398438e+01,1.918083953857421875e+01,-4.883269786834716797e+00,-6.002295494079589844e+00,1.992925643920898438e+01,1.972209930419921875e+01,1.516774177551269531e+01,8.916122436523437500e+00,-5.002897262573242188e+00,-7.163251876831054688e+00,-8.901292800903320312e+00,-4.645509719848632812e+00,4.674992561340332031e+00,1.720238113403320312e+01,2.919283866882324219e+01,2.291590499877929688e+01,5.332585811614990234e+00,-9.967494964599609375e+00,-1.729516983032226562e+01,-1.738179397583007812e+01,-1.249715614318847656e+01,-8.281366348266601562e+00,-9.044843673706054688e+00,-1.150510025024414062e+01,-1.420802116394042969e+01,-1.386588096618652344e+01,-9.005632400512695312e+00,-2.866971731185913086e+00,7.546415328979492188e+00,2.394885063171386719e+01,4.011421966552734375e+01,5.266577911376953125e+01,5.191297531127929688e+01,4.033223724365234375e+01,2.648336791992187500e+01,3.086789321899414062e+01,3.640162658691406250e+01,5.770315170288085938e+01,5.568789291381835938e+01,3.236188888549804688e+01,2.438847160339355469e+01,1.633406639099121094e+01,1.873860549926757812e+01,1.895009994506835938e+01,2.175439453125000000e+01,2.675578498840332031e+01,3.541579437255859375e+01,3.452828216552734375e+01,3.918466186523437500e+01,4.352198791503906250e+01,4.162587738037109375e+01,4.024324035644531250e+01,4.112649536132812500e+01,3.310321044921875000e+01,2.988676834106445312e+01,2.808818626403808594e+01,2.702657699584960938e+01,2.397153091430664062e+01,1.455887031555175781e+01,9.286244392395019531e+00,1.199632167816162109e+01,3.016456794738769531e+01,4.270841979980468750e+01,3.041960906982421875e+01,2.912052536010742188e+01,6.885231018066406250e+01,8.570578002929687500e+01,7.781321716308593750e+01,3.912016296386718750e+01,8.619939804077148438e+00,-1.031447124481201172e+01,-2.581803131103515625e+01,-3.881396484375000000e+01,-1.976414489746093750e+01,-4.045063018798828125e+00,2.410537719726562500e+01,4.601998138427734375e+01,4.189530181884765625e+01,2.334128952026367188e+01,1.738269042968750000e+01,2.687536048889160156e+01,3.071873474121093750e+01,3.363941955566406250e+01,3.802767181396484375e+01,4.015849304199218750e+01,2.996646118164062500e+01,2.355036354064941406e+01,1.443719768524169922e+01,4.553166866302490234e+00,8.395245671272277832e-01,6.463352203369140625e+00,1.556578063964843750e+01,3.272128295898437500e+01,5.326848220825195312e+01,7.418721771240234375e+01,6.818584442138671875e+01,3.405670547485351562e+01,1.841394805908203125e+01,1.850168228149414062e+01,1.747735023498535156e+01,1.898646545410156250e+01,4.009261703491210938e+01,4.017666625976562500e+01,3.913835525512695312e+01,2.214508819580078125e+01,9.962776184082031250e+00,1.528264617919921875e+01,2.407891750335693359e+00,1.768508195877075195e+00,1.813670730590820312e+01,3.275041961669921875e+01,4.436239624023437500e+01,4.846545410156250000e+01,4.722632980346679688e+01,4.020291900634765625e+01,4.040311813354492188e+01,3.906184387207031250e+01,4.318364715576171875e+01,5.178062438964843750e+01,6.634165954589843750e+01,8.112963867187500000e+01,8.742214965820312500e+01,8.951139831542968750e+01,9.431459808349609375e+01,7.888529968261718750e+01,6.411965942382812500e+01,6.229010772705078125e+01,2.689809799194335938e+01,1.381104946136474609e+01,9.862958908081054688e+00,1.583054065704345703e+01,1.974430847167968750e+01,-3.827401161193847656e+00,-2.759834671020507812e+01,-3.148881149291992188e+01,-2.234359359741210938e+01,-1.383288383483886719e+01,-3.654199361801147461e+00,-5.258353710174560547e+00,-3.743530750274658203e+00,3.617064356803894043e-01,3.235178232192993164e+00,1.115279960632324219e+01,2.268623352050781250e+01,3.635302352905273438e+01,6.726940917968750000e+01,7.947340393066406250e+01,7.881203460693359375e+01,8.190632629394531250e+01,8.373997497558593750e+01,8.806524658203125000e+01,9.241725158691406250e+01,8.097151184082031250e+01,5.940646362304687500e+01,6.166167831420898438e+01,6.221838378906250000e+01,5.884451675415039062e+01,6.955542755126953125e+01,8.282540893554687500e+01,7.419010925292968750e+01,4.866552734375000000e+01,2.882043838500976562e+01,1.912340545654296875e+01,1.694732475280761719e+01,8.405883789062500000e+00,2.507742404937744141e+00,-8.562003135681152344e+00,-1.780496978759765625e+01,-1.766748809814453125e+01,-1.806934356689453125e+01,-1.066519737243652344e+01,-5.192757606506347656e+00,-1.335262060165405273e+00,-1.852094054222106934e+00,2.871216058731079102e+00,3.435276794433593750e+01,5.423718643188476562e+01,5.902799224853515625e+01,7.257701110839843750e+01,8.492498779296875000e+01,8.385025024414062500e+01,7.118035125732421875e+01,7.141696166992187500e+01,7.816094970703125000e+01,7.499398803710937500e+01,6.435934448242187500e+01,4.490470886230468750e+01,4.672152709960937500e+01,4.775446701049804688e+01,4.833955383300781250e+01,4.429036331176757812e+01,4.271411132812500000e+01,6.652554321289062500e+01,8.948228454589843750e+01,1.001793746948242188e+02,9.927180480957031250e+01,1.029422378540039062e+02,1.031272964477539062e+02,9.481155395507812500e+01,8.668128204345703125e+01,8.300126647949218750e+01,8.599128723144531250e+01,9.042651367187500000e+01,8.596681213378906250e+01,7.417118835449218750e+01,4.980572891235351562e+01,4.280805969238281250e+01,4.437933349609375000e+01,6.012396240234375000e+01,9.101337432861328125e+01,9.520972442626953125e+01,8.305287170410156250e+01,7.927297973632812500e+01,7.071836853027343750e+01,3.959750366210937500e+01,1.083130455017089844e+01,-4.816092967987060547e+00,-1.470757961273193359e+01,-1.347494125366210938e+01,4.598569869995117188e+00,1.945768737792968750e+01,2.488960647583007812e+01,3.367272186279296875e+01,3.289072036743164062e+01,1.629643630981445312e+01,8.794496536254882812e+00,8.828183174133300781e+00,1.357102012634277344e+01,1.328376483917236328e+01,1.459932899475097656e+01,1.834104919433593750e+01,5.454891204833984375e+01,7.632448577880859375e+01,7.025652313232421875e+01,5.725782775878906250e+01,5.687844467163085938e+01,5.798214340209960938e+01,6.423212432861328125e+01,6.737161254882812500e+01,6.261923980712890625e+01,5.847290039062500000e+01,5.114482116699218750e+01,5.611342620849609375e+01,7.194181823730468750e+01,8.373278808593750000e+01,9.649213409423828125e+01,6.652632141113281250e+01,3.355942153930664062e+01,1.629863739013671875e+01,1.594230270385742188e+01,1.599125194549560547e+01,1.000784397125244141e+01,7.728669166564941406e+00,2.116972732543945312e+01,5.289492797851562500e+01,7.032638549804687500e+01,7.175657653808593750e+01,7.522865295410156250e+01,7.142182922363281250e+01,6.586093139648437500e+01,5.184635925292968750e+01,4.621606445312500000e+01,4.478394317626953125e+01,4.998260498046875000e+01,5.567375946044921875e+01,6.053575515747070312e+01,6.127517318725585938e+01,5.827231597900390625e+01,5.688726043701171875e+01,5.295715332031250000e+01,3.340496444702148438e+01,1.154543972015380859e+01,-4.337285995483398438e+00,-9.863878250122070312e+00,-8.646368980407714844e+00,3.546669483184814453e+00,7.203340530395507812e+00,8.359383583068847656e+00,7.786932945251464844e+00,6.356921672821044922e+00,1.040959835052490234e+01,1.478468704223632812e+01,1.754047012329101562e+01,2.258747673034667969e+01,3.033948135375976562e+01,3.228396224975585938e+01,2.844455718994140625e+01,2.462230300903320312e+01,2.223596572875976562e+01,2.767890548706054688e+01,3.233395385742187500e+01,2.931920623779296875e+01,4.436873626708984375e+01,5.396841430664062500e+01,4.890886688232421875e+01,4.428343200683593750e+01,4.004873657226562500e+01,4.673963546752929688e+01,5.377310943603515625e+01,5.827519226074218750e+01,4.537062835693359375e+01,3.186852645874023438e+01,2.898896980285644531e+01,2.988422012329101562e+01,3.314313507080078125e+01,4.612776565551757812e+01,5.828815078735351562e+01,5.362152099609375000e+01,5.380434799194335938e+01,5.502026367187500000e+01,5.104703140258789062e+01,5.212454223632812500e+01,5.647380065917968750e+01,4.911292266845703125e+01,4.041116333007812500e+01,3.747848510742187500e+01,3.302773284912109375e+01,3.553506469726562500e+01,4.235652923583984375e+01,4.446123886108398438e+01,3.426377105712890625e+01,2.840899085998535156e+01,3.491887664794921875e+01,3.661359405517578125e+01,3.943400955200195312e+01,3.681759643554687500e+01,3.708288574218750000e+01,3.906932830810546875e+01,3.387728881835937500e+01,3.190755462646484375e+01,3.403528213500976562e+01,3.729845428466796875e+01,3.402641296386718750e+01,3.025516128540039062e+01,2.519653701782226562e+01,2.729776000976562500e+01,2.724656677246093750e+01,2.789943313598632812e+01,3.993947219848632812e+01,3.988890838623046875e+01,3.883657836914062500e+01,2.967121505737304688e+01,2.316106986999511719e+01,2.065480422973632812e+01,1.953879165649414062e+01,2.947184181213378906e+01,2.038908004760742188e+01,2.218224334716796875e+01,3.215811920166015625e+01,3.997005844116210938e+01,3.696725845336914062e+01,3.385502624511718750e+01,4.510695648193359375e+01,4.843501281738281250e+01,5.228779602050781250e+01,4.619484710693359375e+01,3.904732513427734375e+01,3.257684326171875000e+01,2.700381660461425781e+01,2.337463378906250000e+01,1.552616405487060547e+01,1.240284347534179688e+01,6.832300186157226562e+00,1.084921073913574219e+01,3.697261333465576172e+00,-3.356151103973388672e+00,-6.099081635475158691e-01,1.410576057434082031e+01,4.910288238525390625e+01,6.345892715454101562e+01,6.803517913818359375e+01,5.085298156738281250e+01,4.654682159423828125e+01,7.545945739746093750e+01,7.759382629394531250e+01,5.375023651123046875e+01,3.274217224121093750e+01,2.244546127319335938e+01,2.511102676391601562e+01,1.617789649963378906e+01,2.237771987915039062e+01,2.901582145690917969e+01,3.602083206176757812e+01,4.736989974975585938e+01,4.822895050048828125e+01,2.067965316772460938e+01,1.429370784759521484e+01,1.389606475830078125e+01,1.102183914184570312e+01,1.030847263336181641e+01,1.605164527893066406e+01,2.787023353576660156e+01,3.601962280273437500e+01,3.323449707031250000e+01,2.679132843017578125e+01,2.617645835876464844e+01,2.802762031555175781e+01,2.362508201599121094e+01,2.496835517883300781e+01,3.580949020385742188e+01,3.389181518554687500e+01,1.938812637329101562e+01,2.137083435058593750e+01,2.851986694335937500e+01,-2.459180831909179688e+00,-9.703070640563964844e+00,-7.789465904235839844e+00,-9.210245132446289062e+00,-1.406663513183593750e+01,-1.676666259765625000e+01,-1.013641166687011719e+01,1.938299298286437988e+00,1.029456424713134766e+01,5.023707962036132812e+01,7.071968841552734375e+01,7.385391235351562500e+01,6.945647430419921875e+01,5.415044403076171875e+01,3.574918746948242188e+01,6.110290527343750000e+01,8.821398925781250000e+01,8.789367675781250000e+01,6.532350158691406250e+01,4.382809448242187500e+01,5.056180572509765625e+01,5.327213668823242188e+01,5.906808471679687500e+01,6.294171524047851562e+01,6.989742279052734375e+01,7.810357666015625000e+01,9.023428344726562500e+01,9.033460998535156250e+01,8.156655883789062500e+01,6.960452270507812500e+01,5.878465270996093750e+01,5.123986816406250000e+01,4.747248840332031250e+01,4.323790359497070312e+01,4.719433593750000000e+01,4.811642456054687500e+01,5.262241363525390625e+01,5.503696060180664062e+01,5.125966644287109375e+01,5.597348785400390625e+01,5.777980804443359375e+01,5.913779067993164062e+01,5.879623413085937500e+01,6.275067138671875000e+01,6.238653564453125000e+01,5.604808044433593750e+01,5.790082550048828125e+01,5.494105529785156250e+01,5.678017807006835938e+01,5.210178375244140625e+01,3.642729187011718750e+01,2.870158195495605469e+01,5.017460632324218750e+01,6.277083587646484375e+01,5.057660675048828125e+01,2.841012954711914062e+01,3.195079040527343750e+01,4.008261871337890625e+01,2.393561553955078125e+01,2.041545867919921875e+01,2.203802108764648438e+01,2.272178649902343750e+01,2.267939186096191406e+01,2.388173103332519531e+01,2.613223266601562500e+01,2.693424224853515625e+01,3.261311340332031250e+01,3.259001922607421875e+01,3.675205993652343750e+01,4.682216644287109375e+01,6.117290496826171875e+01,5.795703125000000000e+01,5.289978027343750000e+01,5.049378204345703125e+01,3.881059265136718750e+01,3.341426849365234375e+01,3.031956863403320312e+01,4.061346435546875000e+01,5.032129287719726562e+01,5.996858215332031250e+01,7.785048675537109375e+01,8.242192840576171875e+01,7.766545104980468750e+01,7.040988159179687500e+01,7.891605377197265625e+01,7.328471374511718750e+01,6.080676651000976562e+01,5.711808013916015625e+01,4.774533843994140625e+01,3.761496353149414062e+01,3.868758392333984375e+01,3.922730255126953125e+01,6.049930572509765625e+01,6.782609558105468750e+01,7.702645111083984375e+01,5.775286865234375000e+01,4.348368835449218750e+01,3.654361724853515625e+01,3.344998168945312500e+01,1.769496154785156250e+01,4.419123172760009766e+00,1.393199086189270020e+00,1.019868564605712891e+01,1.264869880676269531e+01,1.757134628295898438e+01,1.548511123657226562e+01,5.274508476257324219e+00,-4.718377113342285156e+00,-1.128076934814453125e+01,-3.390809535980224609e+00,-2.035491466522216797e+00,-3.006062746047973633e+00,-3.719187736511230469e+00,4.100565910339355469e+00,9.881169319152832031e+00,2.196555328369140625e+01,2.875825500488281250e+01,1.832461166381835938e+01,3.484795379638671875e+01,4.640284347534179688e+01,5.382713317871093750e+01,5.037979125976562500e+01,4.523150634765625000e+01,5.942462158203125000e+01,6.408642578125000000e+01,5.924034881591796875e+01,4.269568634033203125e+01,3.195376205444335938e+01,2.713594055175781250e+01,2.240490722656250000e+01,1.499717712402343750e+01,7.802912712097167969e+00,4.861492633819580078e+00,2.360409975051879883e+00,1.998723602294921875e+01,4.266525268554687500e+01,5.322568130493164062e+01,6.609986877441406250e+01,6.852188110351562500e+01,5.005677795410156250e+01,5.295061492919921875e+01,7.941559600830078125e+01,9.537585449218750000e+01,9.941986083984375000e+01,9.608980560302734375e+01,9.053733825683593750e+01,8.154217529296875000e+01,6.872178649902343750e+01,5.448371124267578125e+01,4.515740966796875000e+01,5.404219055175781250e+01,6.175031280517578125e+01,5.195197677612304688e+01,4.238517761230468750e+01,4.206988143920898438e+01,4.402863311767578125e+01,4.190819549560546875e+01,4.876546096801757812e+01,5.337187576293945312e+01,5.157393646240234375e+01,5.074316787719726562e+01,5.375362014770507812e+01,5.107894134521484375e+01,4.785373306274414062e+01,4.294054412841796875e+01,3.376652145385742188e+01,3.104227638244628906e+01,3.413866043090820312e+01,5.049980163574218750e+01,6.761943817138671875e+01,7.042597961425781250e+01,6.557159423828125000e+01,4.637150955200195312e+01,2.685593795776367188e+01,2.159531974792480469e+01,2.198139190673828125e+01,2.447026062011718750e+01,3.364524078369140625e+01,6.389766311645507812e+01,8.223320007324218750e+01,8.933404541015625000e+01,9.046540832519531250e+01,8.316966247558593750e+01,6.366287231445312500e+01,4.344228363037109375e+01,3.833697509765625000e+01,4.276659393310546875e+01,6.832302856445312500e+01,5.309273910522460938e+01,2.625108718872070312e+01,7.156477928161621094e+00,-8.649911880493164062e+00,-1.902700805664062500e+01,-2.184857940673828125e+01,-2.035382461547851562e+01,-1.761326980590820312e+01,-5.348347187042236328e+00,1.660759210586547852e+00,-5.218104362487792969e+00,-1.538845658302307129e+00,3.217570495605468750e+01,4.634940719604492188e+01,4.483366394042968750e+01,3.914962768554687500e+01,3.673839569091796875e+01,3.472773742675781250e+01,2.634638977050781250e+01,3.852854919433593750e+01,4.548216247558593750e+01,3.790264892578125000e+01,3.251236724853515625e+01,3.439998626708984375e+01,3.115705490112304688e+01,2.563228607177734375e+01,2.382126998901367188e+01,2.687646102905273438e+01,2.334319114685058594e+01,3.404299163818359375e+01,3.683154678344726562e+01,3.531256103515625000e+01,3.382041931152343750e+01,3.908892059326171875e+01,4.785958862304687500e+01,4.449787902832031250e+01,3.663010025024414062e+01,7.187936401367187500e+01,8.907823181152343750e+01,9.611666870117187500e+01,9.660221862792968750e+01,7.109300231933593750e+01,3.994165802001953125e+01,1.667673301696777344e+01,7.866419792175292969e+00,5.828472137451171875e+00,7.198843479156494141e+00,1.168918609619140625e+01,1.526778030395507812e+01,1.563805484771728516e+01,1.425423908233642578e+01,9.488129615783691406e+00,1.193660354614257812e+01,2.143717956542968750e+01,2.828553581237792969e+01,2.465510559082031250e+01,2.298617172241210938e+01,2.483620834350585938e+01,2.957946014404296875e+01,3.154196548461914062e+01,1.826560592651367188e+01,9.324244499206542969e+00,2.220219612121582031e+00,-1.584928274154663086e+00,1.153671264648437500e+01,2.496586036682128906e+01,2.881595230102539062e+01,3.110988616943359375e+01,4.174869155883789062e+01,5.261386871337890625e+01,5.591123199462890625e+01,4.227999877929687500e+01,2.679077911376953125e+01,2.757723045349121094e+01,2.383883666992187500e+01,9.745316505432128906e+00,6.407908439636230469e+00,2.941217803955078125e+01,4.997202301025390625e+01,6.423630523681640625e+01,6.337813568115234375e+01,6.382966613769531250e+01,6.225510025024414062e+01,3.949632263183593750e+01,2.262160873413085938e+01,8.571299552917480469e+00,-7.081199645996093750e+00,-1.831441879272460938e+01,-1.580431842803955078e+01,-1.423571395874023438e+01,1.618258857727050781e+01,5.831792449951171875e+01,6.239756774902343750e+01,5.374187850952148438e+01,2.864684677124023438e+01,1.798526382446289062e+01,8.006660461425781250e+00,4.973725318908691406e+00,1.807880163192749023e+00,-2.811908960342407227e+00,-3.511976480484008789e+00,-3.255810737609863281e+00,-8.128216743469238281e+00,-3.899723291397094727e+00,4.707060623168945312e+01,7.626115417480468750e+01,7.440854644775390625e+01,5.117917633056640625e+01,5.179151153564453125e+01,4.182847213745117188e+01,3.702742004394531250e+01,3.781240081787109375e+01,1.035639381408691406e+01,-1.758741760253906250e+01,-2.006328582763671875e+01,-1.091031932830810547e+01,1.049212098121643066e+00,1.130201339721679688e+01,4.776729583740234375e+00,-8.522590637207031250e+00,-1.072410106658935547e+01,-1.995882797241210938e+01,-2.519297218322753906e+01,-2.470489311218261719e+01,-3.035563659667968750e+01,-2.174548721313476562e+01,-1.204492187500000000e+01,-1.387755966186523438e+01,-2.218559646606445312e+01,-1.466132164001464844e+01,-4.942860603332519531e+00,-1.672806739807128906e+00,-8.248867034912109375e+00,-7.730115890502929688e+00,-4.435915946960449219e+00,-3.130679368972778320e+00,5.586839675903320312e+00,6.188623905181884766e+00,1.733940696716308594e+01,3.105583572387695312e+01,3.433657073974609375e+01,2.998182678222656250e+01,2.165129089355468750e+01,1.156000900268554688e+01,1.127524471282958984e+01,1.875079917907714844e+01,2.896975517272949219e+01,3.900678634643554688e+01,4.343220520019531250e+01,4.313575744628906250e+01,3.880886459350585938e+01,3.833279418945312500e+01,3.614170074462890625e+01,3.492439651489257812e+01,2.980935287475585938e+01,1.927838516235351562e+01,1.922051811218261719e+01,2.072134399414062500e+01,2.108648872375488281e+01,2.119161415100097656e+01,2.042790412902832031e+01,1.827302360534667969e+01,9.870641708374023438e+00,4.628486633300781250e+00,1.073896694183349609e+01,1.041906166076660156e+01,4.352677822113037109e+00,-1.362731170654296875e+01,-1.663756942749023438e+01,-1.150152206420898438e+01,-3.577238559722900391e+00,3.055563211441040039e+00,1.383016777038574219e+01,1.026160430908203125e+01,4.022806167602539062e+00,5.386945724487304688e+00,1.094533538818359375e+01,1.757357978820800781e+01,2.978207015991210938e+01,3.266268920898437500e+01,3.442373657226562500e+01,2.690784072875976562e+01,2.375648880004882812e+01,2.338533020019531250e+01,2.862034606933593750e+01,1.878296852111816406e+01,2.314270401000976562e+01,3.153740119934082031e+01,2.617723083496093750e+01,2.040989303588867188e+01,2.618418312072753906e+01,1.136523628234863281e+01,-1.075224971771240234e+01,-2.061757469177246094e+01,-2.190284729003906250e+01,-1.888840866088867188e+01,-7.749378204345703125e+00,1.044059658050537109e+01,1.723194503784179688e+01,1.390250110626220703e+01,1.891100692749023438e+01,3.026828575134277344e+01,2.926216125488281250e+01,2.748872375488281250e+01,2.596926498413085938e+01,1.972142410278320312e+01,2.112952995300292969e+01,2.394649314880371094e+01,3.946212768554687500e+01,5.011190032958984375e+01,5.182785415649414062e+01,4.534955596923828125e+01,2.158926391601562500e+01,5.794436454772949219e+00,1.385599136352539062e+00,6.985118985176086426e-02,-8.721084594726562500e+00,-5.068890571594238281e+00,-2.511491298675537109e+00,-8.608700037002563477e-01,1.757131958007812500e+01,2.945748710632324219e+01,1.948906898498535156e+01,1.697939109802246094e+01,1.732067298889160156e+01,1.047595024108886719e+01,1.251703834533691406e+01,1.864974212646484375e+01,5.272204589843750000e+01,6.631364440917968750e+01,7.306433105468750000e+01,6.450389099121093750e+01,3.790236663818359375e+01,2.605080032348632812e+01,2.683550834655761719e+01,3.106742477416992188e+01,3.139213943481445312e+01,2.456248474121093750e+01,1.896475982666015625e+01,1.703090095520019531e+01,1.738556671142578125e+01,1.053625679016113281e+01,4.298519134521484375e+00,6.253024101257324219e+00,1.499351119995117188e+01,2.211877632141113281e+01,2.802521944046020508e+00,-1.820554733276367188e+00,1.934374809265136719e+00,4.651553153991699219e+00,7.261899948120117188e+00,1.965556716918945312e+01,2.594895172119140625e+01,1.759528541564941406e+01,1.311468982696533203e+01,2.013929367065429688e+01,3.218376541137695312e+01,3.570268249511718750e+01,3.835002899169921875e+01,4.442257690429687500e+01,4.357756805419921875e+01,3.391381835937500000e+01,3.016163444519042969e+01,2.912348556518554688e+01,1.635557556152343750e+01,2.737400054931640625e+00,-3.891672611236572266e+00,4.008739948272705078e+00,1.633400917053222656e+01,1.919525337219238281e+01,3.784087753295898438e+01,6.416114807128906250e+01,7.302516174316406250e+01,5.876868438720703125e+01,4.265413665771484375e+01,2.346783447265625000e+01,2.765350341796875000e+01,4.160807037353515625e+01,5.218318557739257812e+01,5.151145172119140625e+01,4.796649169921875000e+01,5.016011047363281250e+01,5.070701599121093750e+01,5.280552673339843750e+01,5.071157836914062500e+01,4.796621704101562500e+01,4.399013137817382812e+01,4.001512145996093750e+01,3.735512924194335938e+01,3.412751007080078125e+01,7.873384952545166016e+00,1.870848083496093750e+01,2.887663078308105469e+01,3.369540786743164062e+01,4.527808380126953125e+01,6.508169555664062500e+01,8.177830505371093750e+01,9.086212158203125000e+01,9.588892364501953125e+01,8.747911071777343750e+01,5.637410736083984375e+01,2.653460121154785156e+01,9.806167602539062500e+00,5.223049521446228027e-01,3.229312181472778320e+00,1.572324657440185547e+01,1.157928276062011719e+01,1.109994506835937500e+01,1.158493709564208984e+01,2.392356991767883301e-01,-7.482313632965087891e+00,-4.489742755889892578e+00,-5.813835144042968750e+00,-1.963708162307739258e+00,2.061550617218017578e+00,7.082181930541992188e+00,1.908290481567382812e+01,2.633813285827636719e+01,2.891677093505859375e+01,3.230928802490234375e+01,3.596369171142578125e+01,1.498446941375732422e+01,1.450475692749023438e+01,4.942528724670410156e+00,3.311168193817138672e+00,1.734402656555175781e+01,2.020101737976074219e+01,2.111887359619140625e+01,3.122014236450195312e+01,2.846447753906250000e+01,2.070701599121093750e+01,1.560355663299560547e+01,2.348876953125000000e+01,3.163873672485351562e+01,5.342590713500976562e+01,7.343383789062500000e+01,8.191349029541015625e+01,7.955123901367187500e+01,7.569715118408203125e+01,7.759559631347656250e+01,8.711120605468750000e+01,7.590959167480468750e+01,5.161853790283203125e+01,2.057470703125000000e+01,1.844102293252944946e-01,-8.019763946533203125e+00,-7.123952865600585938e+00,-8.325870513916015625e+00,3.888220071792602539e+00,1.126161861419677734e+01,1.367340469360351562e+01,1.296790504455566406e+01,1.003602445125579834e-01,-1.266347312927246094e+01,-2.499183273315429688e+01,-3.951918792724609375e+01,-4.046299743652343750e+01,-3.169305801391601562e+01,-2.040351486206054688e+01,-9.405569076538085938e+00,4.150421142578125000e+00,1.085707664489746094e+01,9.942897796630859375e+00,1.514756393432617188e+01,2.164657783508300781e+01,1.400522518157958984e+01,6.445111751556396484e+00,2.370401000976562500e+01,6.184211349487304688e+01,6.317742156982421875e+01,4.805051040649414062e+01,2.887534713745117188e+01,1.255620765686035156e+01,8.310834884643554688e+00,7.797262668609619141e-01,-5.829668521881103516e+00,-2.191886901855468750e+00,5.203257560729980469e+00,2.435964822769165039e+00,-7.222215652465820312e+00,-2.054699516296386719e+01,-2.336632919311523438e+01,-1.661960029602050781e+01,4.494365692138671875e+00,3.946865844726562500e+01,7.092372131347656250e+01,6.882802581787109375e+01,4.911260223388671875e+01,2.330670928955078125e+01,1.755397796630859375e+01,1.639244079589843750e+01,1.778217506408691406e+01,1.899897575378417969e+01,9.845958709716796875e+00,3.099834823608398438e+01,5.866434478759765625e+01,7.293444824218750000e+01,6.846817016601562500e+01,6.644711303710937500e+01,6.696710205078125000e+01,6.898771667480468750e+01,6.117640686035156250e+01,5.907964324951171875e+01,5.264798736572265625e+01,5.704324722290039062e+01,5.610484313964843750e+01,4.663743591308593750e+01,4.407460021972656250e+01,5.764511489868164062e+01,6.029138946533203125e+01,6.390544509887695312e+01,4.517601776123046875e+01,3.350066375732421875e+01,3.451710891723632812e+01,3.494639968872070312e+01,4.188515472412109375e+01,4.640066909790039062e+01,4.680913162231445312e+01,4.542254638671875000e+01,5.046340179443359375e+01,5.147238159179687500e+01,4.718920135498046875e+01,4.343728637695312500e+01,3.622047805786132812e+01,3.177013015747070312e+01,2.530282783508300781e+01,2.743948364257812500e+01,2.662261009216308594e+01,3.279088973999023438e+01,3.464183807373046875e+01,4.739141845703125000e+01,4.689261245727539062e+01,3.964987945556640625e+01,3.922340393066406250e+01,4.466420745849609375e+01,3.832299041748046875e+01,3.053105163574218750e+01,2.571206665039062500e+01,1.725712013244628906e+01,2.274428367614746094e+01,2.829611968994140625e+01,2.974256515502929688e+01,2.390603637695312500e+01,3.105015373229980469e+01,2.789358520507812500e+01,3.081328964233398438e+01,3.957630920410156250e+01,4.875444793701171875e+01,3.465451812744140625e+01,2.537530899047851562e+01,2.949936866760253906e+01,3.682849121093750000e+01,3.920322418212890625e+01,5.312337493896484375e+01,5.700810623168945312e+01,5.326002883911132812e+01,3.509553527832031250e+01,2.476782608032226562e+01,2.778273773193359375e+01,2.877427673339843750e+01,2.590184020996093750e+01,2.439015388488769531e+01,3.296943664550781250e+01,3.617299652099609375e+01,5.069924163818359375e+01,5.627481842041015625e+01,4.833558273315429688e+01,5.415329742431640625e+01,4.618936920166015625e+01,3.697110748291015625e+01,4.527740478515625000e+01,4.426714324951171875e+01,3.804776000976562500e+01,3.486250305175781250e+01,3.298609924316406250e+01,1.959522628784179688e+01,1.833273315429687500e+01,1.823908805847167969e+01,1.618465995788574219e+01,2.665332412719726562e+01,4.325540161132812500e+01,4.520486450195312500e+01,3.866974258422851562e+01,4.629821777343750000e+01,7.463801574707031250e+01,8.276625823974609375e+01,7.834782409667968750e+01,7.426644897460937500e+01,7.968446350097656250e+01,6.651057434082031250e+01,5.697859191894531250e+01,5.673747253417968750e+01,4.893944168090820312e+01,4.001087951660156250e+01,4.023799133300781250e+01,3.963461685180664062e+01,4.023860931396484375e+01,4.217548370361328125e+01,4.311430358886718750e+01,4.539612579345703125e+01,4.092274093627929688e+01,3.695813751220703125e+01,3.075665664672851562e+01,3.676996612548828125e+01,3.440618515014648438e+01,3.288556289672851562e+01,3.964259719848632812e+01,3.127615356445312500e+01,2.880596160888671875e+01,4.874890518188476562e+01,5.763413238525390625e+01,4.464514923095703125e+01,3.201108169555664062e+01,2.304255294799804688e+01,2.295622253417968750e+01,2.211491966247558594e+01,2.322751617431640625e+01,2.370093917846679688e+01,2.637293434143066406e+01,2.243679428100585938e+01,1.894310188293457031e+01,1.399791812896728516e+01,1.749018096923828125e+01,1.319941234588623047e+01,-2.839474678039550781e+00,-4.118293762207031250e+00,-7.647411823272705078e+00,2.152136802673339844e+00,9.253000259399414062e+00,7.857003688812255859e+00,2.528178691864013672e+00,-7.664842128753662109e+00,-1.240199089050292969e+01,-4.491298675537109375e+00,-7.389659404754638672e+00,-7.985637664794921875e+00,3.085482418537139893e-01,9.258098602294921875e+00,2.920144081115722656e+01,3.442970657348632812e+01,3.304742431640625000e+01,3.649655914306640625e+01,4.260820388793945312e+01,4.501776123046875000e+01,4.120956420898437500e+01,3.516786956787109375e+01,1.686797904968261719e+01,5.723049163818359375e+00,-2.188159227371215820e+00,-7.903999328613281250e+00,-1.726546287536621094e+00,1.315959262847900391e+01,2.167320823669433594e+01,2.632436180114746094e+01,2.918983840942382812e+01,3.173652648925781250e+01,3.223588943481445312e+01,3.290509414672851562e+01,3.580687713623046875e+01,3.945568084716796875e+01,4.231114959716796875e+01,3.819928359985351562e+01,3.249704742431640625e+01,2.971706008911132812e+01,2.582863807678222656e+01,2.753348731994628906e+01,2.324551773071289062e+01,2.359396934509277344e+01,2.131143569946289062e+01,1.827584457397460938e+01,2.047955322265625000e+01,1.882497787475585938e+01,2.087688446044921875e+01,2.752303886413574219e+01,3.180193519592285156e+01,3.655564117431640625e+01,4.114504241943359375e+01,3.935508728027343750e+01,4.107038879394531250e+01,4.171455383300781250e+01,3.885633850097656250e+01,3.727116394042968750e+01,3.313611602783203125e+01,3.103072547912597656e+01,2.640774536132812500e+01,2.417492103576660156e+01,2.562546348571777344e+01,2.725193405151367188e+01,2.789031219482421875e+01,4.722410583496093750e+01,3.678992080688476562e+01,2.152099418640136719e+01,1.426648139953613281e+01,7.289277553558349609e+00,2.848413586616516113e-02,-1.366100978851318359e+01,-1.481508636474609375e+01,2.033236026763916016e+00,1.118872642517089844e+01,1.531971740722656250e+01,1.796599006652832031e+01,1.723022842407226562e+01,1.608475494384765625e+01,7.319055557250976562e+00,-9.191906452178955078e-02,4.356415748596191406e+00,2.094905471801757812e+01,4.026190567016601562e+01,5.224835586547851562e+01,6.568910217285156250e+01,8.152796936035156250e+01,9.109725952148437500e+01,9.457217407226562500e+01,9.505212402343750000e+01,9.518268585205078125e+01,9.142256927490234375e+01,9.155755615234375000e+01,6.976278686523437500e+01,4.075400543212890625e+01,2.263027191162109375e+01,2.605055999755859375e+01,3.249933624267578125e+01,4.119551849365234375e+01,4.555223083496093750e+01,3.906259918212890625e+01,5.457982635498046875e+01,5.858694458007812500e+01,4.509943771362304688e+01,3.154853248596191406e+01,1.851036071777343750e+01,1.977171707153320312e+01,1.708621597290039062e+01,1.471226882934570312e+01,2.590744781494140625e+01,3.418154907226562500e+01,2.519155120849609375e+01,2.352366065979003906e+01,4.228988647460937500e+01,5.457431030273437500e+01,3.059263610839843750e+01,1.128373146057128906e+00,-1.274435901641845703e+01,-2.113564109802246094e+01,-2.757264709472656250e+01,-2.505232238769531250e+01,-1.577090454101562500e+01,2.215428352355957031e+01,5.000500488281250000e+01,5.190711212158203125e+01,5.533444976806640625e+01,7.317567443847656250e+01,6.847677612304687500e+01,5.876596832275390625e+01,5.767181015014648438e+01,5.366652679443359375e+01,4.738509368896484375e+01,4.847509765625000000e+01,5.058922576904296875e+01,4.848337936401367188e+01,3.259485626220703125e+01,2.608437728881835938e+01,2.566458892822265625e+01,5.231439208984375000e+01,7.265363311767578125e+01,8.980835723876953125e+01,9.297952270507812500e+01,8.543585205078125000e+01,8.203741455078125000e+01,7.455863189697265625e+01,5.941250610351562500e+01,4.358082580566406250e+01,3.052252960205078125e+01,3.043256378173828125e+01,2.839378738403320312e+01,3.602098083496093750e+01,4.770673751831054688e+01,4.441465759277343750e+01,3.660575866699218750e+01,3.511193084716796875e+01,4.097582244873046875e+01,4.079092025756835938e+01,3.767097473144531250e+01,4.063011932373046875e+01,3.387982559204101562e+01,3.297804641723632812e+01,3.537661361694335938e+01,4.277809143066406250e+01,4.650978088378906250e+01,4.379525756835937500e+01,4.096379089355468750e+01,3.817803955078125000e+01,3.028835487365722656e+01,2.781329917907714844e+01,6.243920326232910156e+00,1.732870101928710938e+00,8.706856727600097656e+00,1.664157104492187500e+01,2.461326026916503906e+01,3.124124526977539062e+01,2.679433822631835938e+01,3.953076934814453125e+01,5.045054626464843750e+01,4.885502243041992188e+01,4.422651672363281250e+01,2.232911491394042969e+01,-3.852210044860839844e-01,3.544428586959838867e+00,2.565768480300903320e+00,1.215759754180908203e+00,5.063507080078125000e+00,2.167236518859863281e+01,4.871141815185546875e+01,6.102864837646484375e+01,4.754016876220703125e+01,4.270512390136718750e+01,3.332985687255859375e+01,2.991030883789062500e+01,4.029775238037109375e+01,3.849351501464843750e+01,2.875099563598632812e+01,1.161131095886230469e+01,-1.338592290878295898e+00,-2.850257873535156250e+00,4.179265975952148438e+00,2.069450759887695312e+01,2.201807022094726562e+01,1.327106285095214844e+01,1.521175193786621094e+01,1.979738235473632812e+01,2.654597091674804688e+01,2.358297729492187500e+01,2.011907958984375000e+01,2.019509887695312500e+01,1.371582603454589844e+01,7.630055427551269531e+00,5.799477696418762207e-01,-1.257830619812011719e+01,-2.552281570434570312e+01,-3.140870285034179688e+01,-2.630286026000976562e+01,-7.338257789611816406e+00,2.348875427246093750e+01,4.483881759643554688e+01,5.182012557983398438e+01,4.750851058959960938e+01,2.971300697326660156e+01,2.408041763305664062e+01,2.489256286621093750e+01,2.460819625854492188e+01,2.199886322021484375e+01,2.325139999389648438e+01,2.244455718994140625e+01,3.342932891845703125e+01,3.535412597656250000e+01,1.271398448944091797e+01,2.636324882507324219e+00,1.127932071685791016e+01,3.192173004150390625e+01,4.954905700683593750e+01,4.920695114135742188e+01,5.268845367431640625e+01,6.712742614746093750e+01,6.922417449951171875e+01,7.136769104003906250e+01,7.510108184814453125e+01,7.598539733886718750e+01,6.130773925781250000e+01,4.364139556884765625e+01,4.245587158203125000e+01,4.172743225097656250e+01,4.093805694580078125e+01,4.817246246337890625e+01,5.218103027343750000e+01,4.786399078369140625e+01,4.130783081054687500e+01,3.636545562744140625e+01,3.710759735107421875e+01,3.907954406738281250e+01,3.685645675659179688e+01,3.219182205200195312e+01,3.122324180603027344e+01,3.119225883483886719e+01,3.884111022949218750e+01,4.095236968994140625e+01,3.926463699340820312e+01,3.234964752197265625e+01,3.049615478515625000e+01,3.238549041748046875e+01,3.577910614013671875e+01,3.649349212646484375e+01,2.987406539916992188e+01,2.773807525634765625e+01,2.631442832946777344e+01
-7.202387809753417969e+00,-6.016066074371337891e+00,-5.370436668395996094e+00,-9.875001907348632812e+00,-1.184740829467773438e+01,-1.170328426361083984e+01,-1.434726715087890625e+01,-3.795135498046875000e+00,-4.209275245666503906e+00,-2.234962272644042969e+01,-3.812863540649414062e+01,-3.996649932861328125e+01,-3.903399276733398438e+01,-4.191390991210937500e+01,-3.848034667968750000e+01,-3.056921768188476562e+01,-1.802057647705078125e+01,-2.556378555297851562e+01,-1.842535591125488281e+01,-1.020191383361816406e+01,-1.197791671752929688e+01,-2.942046356201171875e+01,-3.814780807495117188e+01,-4.098102188110351562e+01,-3.950169372558593750e+01,-4.275623703002929688e+01,-4.768682861328125000e+01,-5.108173370361328125e+01,-4.619594573974609375e+01,-2.718960952758789062e+01,-1.091514205932617188e+01,-6.252716064453125000e+00,-1.605615234375000000e+01,-2.872476387023925781e+01,-3.919512176513671875e+01,-3.670357894897460938e+01,-2.614138221740722656e+01,-1.709134674072265625e+01,-1.292731189727783203e+01,-1.361203956604003906e+01,-2.468703269958496094e+01,-3.799157714843750000e+01,-3.551007080078125000e+01,-3.151199722290039062e+01,-2.471997451782226562e+01,-1.466376113891601562e+01,-1.165460586547851562e+01,-1.390044021606445312e+01,-1.960781478881835938e+01,-2.736092758178710938e+01,-2.914204216003417969e+01,-2.876944351196289062e+01,-3.102545547485351562e+01,-3.283978271484375000e+01,-4.096823120117187500e+01,-4.452645111083984375e+01,-5.299197006225585938e+01,-6.316004180908203125e+01,-7.047917938232421875e+01,-6.948589324951171875e+01,-6.866468811035156250e+01,-6.940180969238281250e+01,-6.374928283691406250e+01,-6.211589050292968750e+01,-6.504158782958984375e+01,-5.927314758300781250e+01,-4.905121612548828125e+01,-5.416048812866210938e+01,-5.802827835083007812e+01,-4.135416412353515625e+01,-2.878809738159179688e+01,-2.611347198486328125e+01,-2.142947006225585938e+01,-2.057251358032226562e+01,-1.565738677978515625e+01,-1.941930007934570312e+01,-2.141228103637695312e+01,-2.102023315429687500e+01,-2.296296310424804688e+01,-1.589432811737060547e+01,-1.219779300689697266e+01,-1.536148262023925781e+01,-2.190717124938964844e+01,-2.011812400817871094e+01,-1.938965988159179688e+01,-2.001787185668945312e+01,-1.851729774475097656e+01,-2.980616188049316406e+01,-3.656088638305664062e+01,-3.063473129272460938e+01,-3.718709182739257812e+01,-4.272612762451171875e+01,-4.619560623168945312e+01,-4.381462860107421875e+01,-3.439270019531250000e+01,-2.700692367553710938e+01,-2.903376388549804688e+01,-3.193696975708007812e+01,-3.259272766113281250e+01,-3.712970352172851562e+01,-5.750733184814453125e+01,-6.347790908813476562e+01,-5.194568634033203125e+01,-3.465511322021484375e+01,-2.781599998474121094e+01,-2.351784896850585938e+01,-1.499362754821777344e+01,-1.175316810607910156e+01,-1.473424625396728516e+01,-1.722791671752929688e+01,-1.523870182037353516e+01,-1.430301475524902344e+01,-1.173178386688232422e+01,-1.082501220703125000e+01,-1.144234561920166016e+01,-5.310650348663330078e+00,-6.045807838439941406e+00,-5.942976951599121094e+00,-8.193820953369140625e+00,-1.290389633178710938e+01,-9.113040924072265625e+00,-6.784345149993896484e+00,-9.512458801269531250e+00,-5.013083934783935547e+00,-1.315100789070129395e+00,-4.731980800628662109e+00,-8.771787643432617188e+00,-6.149448394775390625e+00,-4.991111278533935547e+00,-5.395038127899169922e+00,-2.831554412841796875e+00,-2.129336166381835938e+01,-3.920526123046875000e+01,-4.209960937500000000e+01,-3.462503051757812500e+01,-1.407816314697265625e+01,3.131600379943847656e+00,1.009575843811035156e+01,-1.209714508056640625e+01,-3.056895446777343750e+01,-3.819650650024414062e+01,-4.227085113525390625e+01,-4.132004547119140625e+01,-3.002520370483398438e+01,-1.845095062255859375e+01,-2.529429626464843750e+01,-2.478519821166992188e+01,-2.552197837829589844e+01,-2.951213264465332031e+01,-3.943150711059570312e+01,-3.919282531738281250e+01,-3.004457473754882812e+01,-2.727813339233398438e+01,-2.389332199096679688e+01,-1.247229671478271484e+01,-4.716469764709472656e+00,-6.709359884262084961e-01,-8.828861713409423828e-01,-1.217948341369628906e+01,-2.813043975830078125e+01,-3.409321212768554688e+01,-2.485648536682128906e+01,-4.373370361328125000e+01,-4.477648925781250000e+01,-4.453218841552734375e+01,-4.133717346191406250e+01,-3.899063110351562500e+01,-4.147368240356445312e+01,-4.276435470581054688e+01,-4.171803665161132812e+01,-3.704808807373046875e+01,-3.454753494262695312e+01,-3.143448638916015625e+01,-3.177543640136718750e+01,-2.773304748535156250e+01,-2.697294998168945312e+01,-2.695937347412109375e+01,-1.673734664916992188e+01,-5.606929779052734375e+00,-7.360760688781738281e+00,-8.441547393798828125e+00,-6.391486167907714844e+00,-9.274417877197265625e+00,-1.082660770416259766e+01,-1.056040382385253906e+01,-1.119674873352050781e+01,-2.718105554580688477e+00,9.910872459411621094e+00,3.958054065704345703e+00,-1.473532676696777344e+01,-2.068542098999023438e+01,-1.508386325836181641e+01,-1.158867645263671875e+01,-8.736145019531250000e+00,-1.135217380523681641e+01,-2.291095352172851562e+01,-1.997171783447265625e+01,-6.143444061279296875e+00,-1.066717433929443359e+01,-1.583745956420898438e+01,-9.040525436401367188e+00,-1.062708616256713867e+00,1.423355698585510254e+00,4.727077484130859375e+00,-1.765468835830688477e+00,-2.547208070755004883e+00,-1.954293489456176758e+00,-1.165933036804199219e+01,-2.478948974609375000e+01,-2.599028587341308594e+01,-2.679556083679199219e+01,-2.644207954406738281e+01,-1.643778991699218750e+01,-7.325068473815917969e+00,-7.955095767974853516e+00,-1.902216720581054688e+01,-3.061647796630859375e+01,-3.228683471679687500e+01,-3.367385864257812500e+01,-3.557919311523437500e+01,-3.577022552490234375e+01,-3.302993011474609375e+01,-3.419747161865234375e+01,-3.508777999877929688e+01,-3.147075271606445312e+01,-3.267533493041992188e+01,-3.138838577270507812e+01,-2.725405120849609375e+01,-2.583240127563476562e+01,-2.396964263916015625e+01,-2.155973434448242188e+01,-2.055656433105468750e+01,-2.672086715698242188e+01,-5.280392456054687500e+01,-5.476759338378906250e+01,-4.426106262207031250e+01,-2.597253799438476562e+01,-1.514986610412597656e+01,-1.181027603149414062e+01,-1.991091346740722656e+01,-2.628753280639648438e+01,-2.264039230346679688e+01,-1.157600879669189453e+01,-1.174223899841308594e+01,-1.988414764404296875e+01,-4.253744506835937500e+01,-4.199961853027343750e+01,-2.999248123168945312e+01,-3.110517883300781250e+01,-3.751129913330078125e+01,-3.056915855407714844e+01,-3.038109779357910156e+00,1.814886093139648438e+01,6.476572990417480469e+00,7.668600678443908691e-01,7.628749608993530273e-01,5.056077003479003906e+00,3.032194137573242188e+00,-6.407206058502197266e+00,-5.744427680969238281e+00,-5.942806243896484375e+00,-3.561137199401855469e+00,1.141742134094238281e+01,3.412218093872070312e+00,-8.782993316650390625e+00,4.719125747680664062e+00,6.549856185913085938e+00,-4.323450565338134766e+00,-1.193991184234619141e+01,-1.546218872070312500e+01,-9.703197479248046875e+00,2.813855171203613281e+00,1.482375907897949219e+01,-6.084250926971435547e+00,-3.381556510925292969e+00,1.115773200988769531e+00,-4.764946937561035156e+00,-1.102597808837890625e+01,-1.157142353057861328e+01,-2.479974746704101562e+00,-1.019389247894287109e+01,-9.063587188720703125e+00,-9.359861373901367188e+00,-1.269235324859619141e+01,-2.029357528686523438e+01,-3.029229736328125000e+01,-3.353241729736328125e+01,-2.443044853210449219e+01,-8.526364326477050781e+00,-7.534331321716308594e+00,-2.572743225097656250e+01,-3.505507659912109375e+01,-3.198963928222656250e+01,-3.010241889953613281e+01,-3.210689544677734375e+01,-3.303169250488281250e+01,-3.151057052612304688e+01,-3.541503143310546875e+01,-3.347040557861328125e+01,-2.951525878906250000e+01,-3.064224624633789062e+01,-2.812043762207031250e+01,-2.165242004394531250e+01,-1.394921875000000000e+01,-9.185998916625976562e+00,-1.169133377075195312e+01,-1.805982208251953125e+01,-1.490120506286621094e+01,-9.584583282470703125e+00,-9.524456024169921875e+00,-8.614491462707519531e+00,-1.207971382141113281e+01,-1.657994079589843750e+01,-1.705664062500000000e+01,-1.278701972961425781e+01,-1.033996868133544922e+01,-1.178935432434082031e+01,-8.472626686096191406e+00,-2.785003662109375000e+00,1.976724982261657715e+00,-2.987548589706420898e+00,-8.160595893859863281e+00,-6.609412193298339844e+00,-1.063770866394042969e+01,-9.792387008666992188e+00,-3.309018135070800781e+00,-4.942005157470703125e+00,-5.713200569152832031e+00,-2.642071247100830078e+00,1.059919714927673340e+00,2.256968021392822266e+00,2.360260963439941406e+00,8.795950412750244141e-01,-2.567074537277221680e+00,-6.916270732879638672e+00,-3.575695037841796875e+01,-2.879742050170898438e+01,-1.935469055175781250e+01,3.903449773788452148e-01,1.247066402435302734e+01,9.859349250793457031e+00,1.066871738433837891e+01,1.106731510162353516e+01,7.297423362731933594e+00,-5.866524696350097656e+00,-1.263081932067871094e+01,-1.566350555419921875e+01,-1.458377075195312500e+01,-1.138348007202148438e+01,-1.682279205322265625e+01,-2.107048416137695312e+01,-2.184031677246093750e+01,-1.615541648864746094e+01,-7.408010482788085938e+00,-1.231585693359375000e+01,-1.500207042694091797e+01,-1.377484321594238281e+01,-2.195532226562500000e+01,-2.532065582275390625e+01,-1.859423446655273438e+01,-5.607396602630615234e+00,3.864321708679199219e-01,-1.099802017211914062e+01,-2.414527130126953125e+01,-2.252713012695312500e+01,-2.952837181091308594e+01,-3.152703857421875000e+01,-1.584116840362548828e+01,-2.630588912963867188e+01,-2.995298767089843750e+01,-2.200887680053710938e+01,-1.297649955749511719e+01,-2.075011253356933594e+01,-2.729207611083984375e+01,-3.293124008178710938e+01,-3.137237167358398438e+01,-2.674374771118164062e+01,-2.178672027587890625e+01,-1.949266052246093750e+01,-2.133361053466796875e+01,-2.772168350219726562e+01,-3.011063766479492188e+01,-2.684691238403320312e+01,-2.722700881958007812e+01,-2.813729858398437500e+01,-2.168864250183105469e+01,-1.060018348693847656e+01,-1.787652969360351562e+01,-2.215472030639648438e+01,-1.943609619140625000e+01,-3.016866874694824219e+01,-3.901954650878906250e+01,-3.618314361572265625e+01,-3.592321014404296875e+01,-4.238397216796875000e+01,-3.510816192626953125e+01,-2.726709747314453125e+01,-3.310591125488281250e+01,-2.038077163696289062e+01,-2.599955177307128906e+01,-3.118447685241699219e+01,-2.971907424926757812e+01,-2.932894706726074219e+01,-2.945731353759765625e+01,-2.839183425903320312e+01,-3.013676643371582031e+01,-2.343257522583007812e+01,-1.994427108764648438e+01,-2.380182075500488281e+01,-2.064639091491699219e+01,-2.714123535156250000e+01,-3.152266693115234375e+01,-3.329898071289062500e+01,-3.287557220458984375e+01,-3.716200637817382812e+01,-4.305165100097656250e+01,-3.294525909423828125e+01,-2.289554595947265625e+01,-2.930317687988281250e+01,-3.901081085205078125e+01,-4.187464904785156250e+01,-3.725019073486328125e+01,-2.408470916748046875e+01,-3.019675827026367188e+01,-3.716685485839843750e+01,-3.236524963378906250e+01,-2.768174934387207031e+01,-1.660792160034179688e+01,4.747476100921630859e+00,1.085632991790771484e+01,8.519072532653808594e+00,8.536277770996093750e+00,1.168616771697998047e+01,1.018039894104003906e+01,1.020335388183593750e+01,1.142712402343750000e+01,-1.715678691864013672e+00,-1.285458278656005859e+01,-1.890266036987304688e+01,-1.418273925781250000e+01,-1.127963304519653320e+00,1.217984771728515625e+01,6.435732841491699219e+00,4.551195144653320312e+00,1.973488569259643555e+00,-4.054847240447998047e+00,1.373080968856811523e+00,-1.952048063278198242e+00,-3.989495992660522461e+00,6.460534095764160156e+00,1.025161170959472656e+01,7.614428997039794922e-01,-7.920689582824707031e+00,-2.327729225158691406e+01,-2.419770812988281250e+01,-8.444392204284667969e+00,1.469549751281738281e+01,2.596989822387695312e+01,2.523584556579589844e+01,1.356610488891601562e+01,1.606897115707397461e+00,-1.430591678619384766e+01,-5.893135833740234375e+01,-7.947686767578125000e+01,-8.344674682617187500e+01,-7.086958312988281250e+01,-5.169223022460937500e+01,-3.622592544555664062e+01,-3.172306442260742188e+01,-2.857469940185546875e+01,-1.927375411987304688e+01,-1.863926696777343750e+01,-1.723945236206054688e+01,-3.702905654907226562e+01,-5.495932769775390625e+01,-5.249878311157226562e+01,-3.911853790283203125e+01,-1.959753036499023438e+01,-1.843822860717773438e+01,-1.487644577026367188e+01,-1.270843410491943359e+01,-1.941788864135742188e+01,-2.586619567871093750e+01,-3.398090744018554688e+01,-2.985762596130371094e+01,-1.640603446960449219e+01,5.708507537841796875e+00,-1.359326553344726562e+01,-2.756387710571289062e+01,-3.443795013427734375e+01,-3.203326416015625000e+01,-2.340628242492675781e+01,-2.026657295227050781e+01,-2.535795974731445312e+01,-3.071245384216308594e+01,-2.919701766967773438e+01,-1.683964538574218750e+01,-1.151570796966552734e+01,-1.764564514160156250e+01,-1.109777641296386719e+01,-6.889754295349121094e+00,-3.603808879852294922e+00,-5.800619125366210938e+00,-1.202272605895996094e+01,-1.850067138671875000e+01,-2.428697013854980469e+01,-1.445033073425292969e+01,-4.160703659057617188e+00,2.638355970382690430e+00,-3.046198654174804688e+01,-3.591950988769531250e+01,-2.811063194274902344e+01,-2.053482055664062500e+01,-2.746033668518066406e+01,-2.633234786987304688e+01,-1.494286441802978516e+01,-1.183870315551757812e+01,-9.751977920532226562e+00,-8.994741439819335938e+00,-1.772934198379516602e+00,6.999733924865722656e+00,-7.302254676818847656e+00,-1.661034011840820312e+01,-1.194582557678222656e+01,-5.086847782135009766e+00,3.309489250183105469e+00,4.219571590423583984e+00,3.674507617950439453e+00,-2.869489669799804688e+00,-1.354936027526855469e+01,-2.059980392456054688e+01,-2.707767868041992188e+01,-2.869667053222656250e+01,-2.585826873779296875e+01,-2.266708374023437500e+01,-2.122865486145019531e+01,-1.828790855407714844e+01,-6.271002769470214844e+00,3.019047021865844727e+00,2.486816644668579102e+00,1.023144483566284180e+00,-3.030302047729492188e+00,-2.235061407089233398e+00,-1.578117132186889648e+00,-2.530251026153564453e+00,-1.119058012962341309e+00,-3.141447067260742188e+00,-7.380353927612304688e+00,-1.060558509826660156e+01,-9.902282714843750000e+00,-1.503031063079833984e+01,-8.958406448364257812e+00,-4.009406089782714844e+00,-7.713907718658447266e+00,-1.167899799346923828e+01,-8.028165817260742188e+00,-5.177890777587890625e+00,-6.276152133941650391e+00,-3.231987714767456055e+00,-1.011948347091674805e+00,-5.921996384859085083e-02,1.360923767089843750e+00,1.995500755310058594e+01,2.030984878540039062e+01,1.426256084442138672e+01,-1.889865398406982422e+00,-1.413180065155029297e+01,-2.326064300537109375e+01,-1.935480499267578125e+01,-2.964326620101928711e+00,1.285837936401367188e+01,2.303974151611328125e+01,1.690824890136718750e+01,1.148847460746765137e+00,-1.082537174224853516e+01,-1.389044094085693359e+01,-1.678732681274414062e+01,-2.187602996826171875e+01,-2.402778625488281250e+01,-2.392506790161132812e+01,-2.542675781250000000e+01,-1.581856918334960938e+01,9.216320514678955078e-01,-1.745059967041015625e+01,-3.356003570556640625e+01,-3.773605346679687500e+01,-3.680503845214843750e+01,-5.254700660705566406e+00,2.457756280899047852e+00,-6.374427318572998047e+00,-1.066966056823730469e+01,-1.750437617301940918e+00,6.879441261291503906e+00,7.987189769744873047e+00,4.382387161254882812e+00,-6.517077684402465820e-01,-2.950164318084716797e+00,-1.400840759277343750e+01,-2.169030380249023438e+01,-1.869304466247558594e+01,-1.408004188537597656e+01,-1.494344234466552734e+01,-1.535561943054199219e+01,-3.766151046752929688e+01,-5.221166610717773438e+01,-5.470755004882812500e+01,-4.600266647338867188e+01,-4.263796997070312500e+01,-4.377581787109375000e+01,-4.750968933105468750e+01,-4.667295837402343750e+01,-4.364519119262695312e+01,-4.416125488281250000e+01,-3.747823333740234375e+01,-3.855738067626953125e+01,-5.349407958984375000e+01,-5.733148193359375000e+01,-5.653145980834960938e+01,-4.815695190429687500e+01,-3.998004913330078125e+01,-3.947137069702148438e+01,-3.569338226318359375e+01,-2.880567932128906250e+01,-4.114141845703125000e+01,-5.061463165283203125e+01,-4.551450347900390625e+01,-4.442317962646484375e+01,-4.665360641479492188e+01,-5.349610137939453125e+01,-5.807582092285156250e+01,-5.779439544677734375e+01,-4.520960998535156250e+01,-2.475182533264160156e+01,-1.418743705749511719e+01,-1.422356700897216797e+01,-1.803857040405273438e+01,-3.690521621704101562e+01,-4.584272003173828125e+01,-4.813729476928710938e+01,-5.382025527954101562e+01,-5.017920684814453125e+01,-4.926613616943359375e+01,-5.002680969238281250e+01,-4.129164123535156250e+01,-3.126451492309570312e+01,-3.199862480163574219e+01,-3.156490707397460938e+01,-3.631520843505859375e+01,-3.874612426757812500e+01,-3.378243255615234375e+01,-2.526963806152343750e+01,-2.241088485717773438e+01,-1.039208793640136719e+01,1.970513105392456055e+00,4.272468566894531250e+00,3.072245121002197266e+00,-5.109663009643554688e+00,-1.140403556823730469e+01,-1.669092559814453125e+01,-1.011823081970214844e+01,-2.079153060913085938e+00,-1.247862577438354492e+00,-5.606007575988769531e+00,-1.056955695152282715e+00,6.205810546875000000e+00,8.060935974121093750e+00,5.445871353149414062e+00,-4.775254249572753906e+00,-1.472514438629150391e+01,-2.268218040466308594e+01,-2.773654365539550781e+01,-2.990948677062988281e+01,-3.316204071044921875e+01,-4.483612060546875000e+01,-5.945345306396484375e+01,-6.391574859619140625e+01,-5.538252258300781250e+01,-4.217194366455078125e+01,-3.200096893310546875e+01,-2.977757263183593750e+01,-2.934598159790039062e+01,-2.899629211425781250e+01,-2.890481185913085938e+01,-2.489186096191406250e+01,-2.807731246948242188e+01,-2.918138122558593750e+01,-2.445069122314453125e+01,-2.233949851989746094e+01,-2.870600509643554688e+01,-2.641131973266601562e+01,-2.369682312011718750e+01,-2.438826751708984375e+01,-2.323501968383789062e+01,-1.961916160583496094e+01,-2.028684616088867188e+01,-2.169717025756835938e+01,-1.194911003112792969e+01,-4.497544288635253906e+00,-1.007841491699218750e+01,-8.976444244384765625e+00,-1.486023998260498047e+01,-1.706847763061523438e+01,-1.379593849182128906e+01,-9.610769271850585938e+00,-6.073730468750000000e+00,-1.219897747039794922e+00,2.927257537841796875e+00,9.013248443603515625e+00,5.150338172912597656e+00,6.299959421157836914e-01,8.099483251571655273e-01,3.976596355438232422e+00,-1.194496917724609375e+01,-3.791466522216796875e+01,-3.181283760070800781e+01,-9.765888214111328125e+00,-5.002340316772460938e+00,-8.166804313659667969e+00,-2.565975427627563477e+00,1.230222415924072266e+01,1.394785690307617188e+01,1.345579338073730469e+01,5.918651580810546875e+00,4.098122417926788330e-01,-5.871907234191894531e+00,-1.048473548889160156e+01,-1.417589378356933594e+01,-5.927605628967285156e+00,-7.527786731719970703e+00,-1.849868774414062500e+01,-2.112555313110351562e+01,-2.835120391845703125e+01,-3.243215560913085938e+01,-3.671786499023437500e+01,-4.071693420410156250e+01,-3.895521545410156250e+01,-3.328347015380859375e+01,-2.044824600219726562e+01,-9.983234405517578125e+00,-1.370873260498046875e+01,-1.020509052276611328e+01,-1.188428115844726562e+01,-4.307501316070556641e+00,-1.749495983123779297e+00,-4.306115627288818359e+00,-3.729973793029785156e+00,-4.022453308105468750e+00,-1.237669229507446289e+00,-2.012299776077270508e+00,-6.122729778289794922e+00,-3.601787686347961426e-01,2.709085464477539062e+00,-9.192366600036621094e-01,1.296595335006713867e-01,-2.368012905120849609e+00,-2.935119152069091797e+00,1.553061008453369141e-01,-4.209165573120117188e+00,-1.829980850219726562e+01,-2.870918464660644531e+01,-3.621159362792968750e+01,-3.547650909423828125e+01,-3.225306701660156250e+01,-3.088511085510253906e+01,-2.446525192260742188e+01,-1.087839984893798828e+01,-5.228182315826416016e+00,-9.990303039550781250e+00,-1.284514522552490234e+01,-1.246660232543945312e+01,-8.907070159912109375e+00,-6.949598789215087891e+00,-6.173478126525878906e+00,-6.492862701416015625e+00,2.363597869873046875e+00,1.413523483276367188e+01,1.440674209594726562e+01,1.286600017547607422e+01,6.092768669128417969e+00,6.892367601394653320e-01,-3.289785146713256836e+00,-2.961277389526367188e+01,-4.344291687011718750e+01,-2.568322563171386719e+01,8.193476676940917969e+00,2.100475692749023438e+01,5.283605575561523438e+00,-2.055479431152343750e+01,-2.930405616760253906e+01,-1.939672088623046875e+01,1.133212375640869141e+01,1.724009323120117188e+01,9.573989868164062500e+00,-1.039083480834960938e+01,-1.752569580078125000e+01,-1.421726417541503906e+01,-1.840207672119140625e+01,-2.692741203308105469e+01,-3.071004867553710938e+01,-3.313928985595703125e+01,-4.282919692993164062e+01,-4.760572814941406250e+01,-5.192041015625000000e+01,-5.114588928222656250e+01,-5.038441085815429688e+01,-4.314101409912109375e+01,-3.434183120727539062e+01,-2.950069236755371094e+01,-2.522486686706542969e+01,-2.416080474853515625e+01,-1.909449958801269531e+01,-1.690253639221191406e+01,-1.903428649902343750e+01,-3.502037811279296875e+01,-4.087854766845703125e+01,-3.421723937988281250e+01,-2.885086059570312500e+01,-3.563272476196289062e+01,-3.886478424072265625e+01,-4.199149322509765625e+01,-4.160225296020507812e+01,-4.083989715576171875e+01,-2.441906738281250000e+01,-2.609353446960449219e+01,-3.005873489379882812e+01,-2.639700508117675781e+01,-2.344838714599609375e+01,-2.267291259765625000e+01,-1.959423828125000000e+01,-1.297526168823242188e+01,-1.273495101928710938e+01,-1.310616683959960938e+01,-1.343711090087890625e+01,-2.161787223815917969e+01,-1.798950958251953125e+01,-5.680728435516357422e+00,1.333866715431213379e+00,-6.223666667938232422e+00,-2.324060440063476562e+01,-3.224946594238281250e+01,-3.260987091064453125e+01,-2.951187324523925781e+01,-3.124649238586425781e+01,-3.005945205688476562e+01,-2.603746414184570312e+01,-3.240575027465820312e+01,-4.738513946533203125e+01,-5.857837677001953125e+01,-6.041803741455078125e+01,-5.647074127197265625e+01,-5.155923843383789062e+01,-4.452539062500000000e+01,-4.089015960693359375e+01,-3.949809646606445312e+01,-4.508946228027343750e+01,-4.130882263183593750e+01,-3.367376708984375000e+01,-2.660489654541015625e+01,-2.041943740844726562e+01,-1.709790992736816406e+01,-6.717987060546875000e+00,-5.021740913391113281e+00,-2.634414100646972656e+01,-3.341551971435546875e+01,-3.015206527709960938e+01,-2.454598045349121094e+01,-1.445879554748535156e+01,-1.296863365173339844e+01,-1.618864822387695312e+01,-1.282801055908203125e+01,-1.530439472198486328e+01,-1.014319610595703125e+01,-1.272156524658203125e+01,-1.472237586975097656e+01,-1.047442436218261719e+01,-2.461658477783203125e+01,-2.583699798583984375e+01,-1.274066734313964844e+01,-7.072869539260864258e-01,-1.241807222366333008e+00,-1.136569023132324219e+01,-1.538672447204589844e+01,-3.491215515136718750e+01,-5.086531829833984375e+01,-5.229489898681640625e+01,-3.376190567016601562e+01,-1.420377635955810547e+01,-5.270074844360351562e+00,-2.637218713760375977e+00,-7.350016593933105469e+00,-9.981185913085937500e+00,-1.245620346069335938e+01,-2.579039001464843750e+01,-3.606037521362304688e+01,-3.872061157226562500e+01,-3.184436225891113281e+01,-3.197061157226562500e+01,-3.058273315429687500e+01,-1.832914543151855469e+01,-7.909741878509521484e+00,-6.659329891204833984e+00,-8.001527786254882812e+00,-8.897464752197265625e+00,-4.088365554809570312e+00,-5.067870616912841797e+00,-3.658687591552734375e+00,-3.381973981857299805e+00,-3.397635936737060547e+00,2.567398548126220703e-01,-4.563142776489257812e+00,-7.593813896179199219e+00,-1.060260391235351562e+01,-1.378204250335693359e+01,-2.038981246948242188e+01,-2.376798248291015625e+01,-2.233177757263183594e+01,-2.101881408691406250e+01,-2.256013107299804688e+01,-3.251516723632812500e+01,-3.681568908691406250e+01,-3.923741531372070312e+01,-4.146062088012695312e+01,-4.568309783935546875e+01,-5.040111541748046875e+01,-4.191957855224609375e+01,-3.041396522521972656e+01,-3.037705039978027344e+01,-3.838483428955078125e+01,-4.724788284301757812e+01,-5.651621246337890625e+01,-5.424648284912109375e+01,-4.421679687500000000e+01,-2.809886169433593750e+01,-9.049903869628906250e+00,2.757232189178466797e+00,3.325204133987426758e+00,-2.337141752243041992e+00,1.568501949310302734e+00,4.007362365722656250e+00,-4.527612686157226562e+00,-1.266853713989257812e+01,-2.011895370483398438e+01,-2.503681945800781250e+01,-2.894106864929199219e+01,-2.967099189758300781e+01,-2.530611419677734375e+01,-2.142863845825195312e+01,-2.651888275146484375e+01,-7.295349597930908203e+00,3.592712163925170898e+00,-9.586137771606445312e+00,-1.429780578613281250e+01,-1.973916244506835938e+01,-2.461730575561523438e+01,-1.844208145141601562e+01,-1.260041046142578125e+01,-8.459146499633789062e+00,-1.354651093482971191e+00,5.854846954345703125e+00,-1.043706893920898438e+01,-1.379490661621093750e+01,-1.351571273803710938e+01,-7.169356346130371094e+00,-1.490849256515502930e+00,1.156412720680236816e+00,3.422541141510009766e+00,1.177200436592102051e+00,2.866101741790771484e+00,2.734271764755249023e+00,4.005220890045166016e+00,3.204529359936714172e-02,-3.610797405242919922e+00,-2.410655617713928223e-01,1.685828089714050293e+00,-3.953429698944091797e+00,-5.806855201721191406e+00,-7.001495361328125000e+00,1.931427478790283203e+00,6.028348922729492188e+00,-4.299862384796142578e+00,-6.896480560302734375e+00,-7.458815574645996094e+00,-2.412511348724365234e+00,-6.051837921142578125e+00,-5.639801979064941406e+00,-3.016402721405029297e+00,-6.105165481567382812e+00,-5.964986801147460938e+00,-4.845499038696289062e+00,-1.382210135459899902e+00,1.280799269676208496e+00,5.604878425598144531e+00,1.975510358810424805e+00,9.639089584350585938e+00,1.240071678161621094e+01,1.026184940338134766e+01,8.864223480224609375e+00,2.125452041625976562e+01,3.262558746337890625e+01,3.092667007446289062e+01,4.075536727905273438e+00,-2.258546447753906250e+01,-3.171864891052246094e+01,-4.426760864257812500e+01,-5.034363937377929688e+01,-5.319060897827148438e+01,-5.630341339111328125e+01,-5.278955078125000000e+01,-5.041748428344726562e+01,-4.509075164794921875e+01,-4.247398376464843750e+01,-4.701523208618164062e+01,-4.208524322509765625e+01,-1.800122451782226562e+01,-1.164798450469970703e+01,-2.344050598144531250e+01,-3.626500701904296875e+01,-4.985719299316406250e+01,-5.947090148925781250e+01,-5.537774658203125000e+01,-5.052878952026367188e+01,-4.676033020019531250e+01,-3.578045654296875000e+01,-2.864875411987304688e+01,-2.357034301757812500e+01,-1.646422576904296875e+01,-2.897286653518676758e+00,-1.553898811340332031e+00,3.298663616180419922e+00,4.360026121139526367e-01,-6.162550926208496094e+00,-9.470176696777343750e+00,-5.672785758972167969e+00,-3.994418382644653320e-01,5.742919921875000000e+00,8.368868827819824219e+00,6.303116798400878906e+00,3.788148403167724609e+00,-3.034395217895507812e+00,1.132072210311889648e+00,3.513946056365966797e+00,2.346641540527343750e+00,-6.483494281768798828e+00,-1.320748329162597656e+01,-1.072471332550048828e+01,-8.577569961547851562e+00,-4.670762062072753906e+00,-1.460225462913513184e+00,-8.004343032836914062e+00,-1.015546989440917969e+01,-1.130028820037841797e+01,-1.242630958557128906e+01,-2.322312831878662109e+00,-7.070966720581054688e+00,-1.442977619171142578e+01,-1.119544506072998047e+01,-2.067506980895996094e+01,-2.666474723815917969e+01,-1.697895431518554688e+01,-6.671779632568359375e+00,-1.655907440185546875e+01,-1.654404830932617188e+01,-7.492995262145996094e+00,-3.043140888214111328e+00,1.906434416770935059e+00,5.115595817565917969e+00,-1.720346331596374512e+00,-2.859796142578125000e+01,-3.751782226562500000e+01,-2.279335784912109375e+01,-9.587447166442871094e+00,2.181730747222900391e+00,-1.141639137268066406e+01,-2.128245162963867188e+01,-2.664567375183105469e+01,-4.421009826660156250e+01,-5.173926925659179688e+01,-4.817836761474609375e+01,-4.406465911865234375e+01,-4.335670089721679688e+01,-2.861692047119140625e+01,-6.593868255615234375e+00,8.569980621337890625e+00,-7.329444885253906250e+00,-3.430059051513671875e+01,-4.615489196777343750e+01,-5.075506591796875000e+01,-4.972901153564453125e+01,-4.479335021972656250e+01,-4.690206146240234375e+01,-4.170359802246093750e+01,-3.002636718750000000e+01,-2.198952102661132812e+01,-1.942267990112304688e+01,-1.523368835449218750e+01,-1.677140045166015625e+01,-1.451204967498779297e+01,-9.472671508789062500e+00,-8.128525733947753906e+00,-1.967273950576782227e+00,7.849022150039672852e-01,-1.893528699874877930e+00,-4.302886962890625000e+00,-5.223922252655029297e+00,-3.880429029464721680e+00,-8.888389587402343750e+00,-1.106863975524902344e+01,-2.143122100830078125e+01,-2.972412490844726562e+01,-2.471143150329589844e+01,-1.191984748840332031e+01,-9.353550910949707031e+00,-3.918063163757324219e+00,-3.516528606414794922e+00,4.284740924835205078e+00,3.155508041381835938e+00,1.394133329391479492e+00,4.990670084953308105e-01,5.989118576049804688e+00,8.832465171813964844e+00,6.362185478210449219e+00,2.512186288833618164e+00,1.697956562042236328e+00,6.313280105590820312e+00,7.338975906372070312e+00,1.244342136383056641e+01,3.241881370544433594e+00,-1.464407348632812500e+01,-2.770677375793457031e+01,-4.194834518432617188e+01,-3.659354782104492188e+01,-2.927982902526855469e+01,-2.005512619018554688e+01,-8.566516876220703125e+00,-4.875038146972656250e+00,-3.776313543319702148e+00,1.917149066925048828e+00,4.438604414463043213e-01,-7.446763038635253906e+00,-1.162801361083984375e+01,-1.687763023376464844e+01,-1.373059272766113281e+01,-1.359839630126953125e+01,-4.547378158569335938e+01,-4.564937973022460938e+01,-4.374004364013671875e+01,-3.851796340942382812e+01,-3.291231536865234375e+01,-2.460081100463867188e+01,-1.237981891632080078e+01,-4.599620342254638672e+00,4.758054018020629883e-01,2.991569280624389648e+00,-1.756342649459838867e-01,-4.967658519744873047e+00,-6.468209266662597656e+00,-2.648367118835449219e+01,-2.989419174194335938e+01,-1.045894718170166016e+01,-1.093147635459899902e+00,8.674979209899902344e-02,9.617860317230224609e-01,3.045207262039184570e+00,-3.943693637847900391e+00,-9.059221267700195312e+00,-5.986243724822998047e+00,-1.023508739471435547e+01,-1.283986759185791016e+01,-1.269835472106933594e+01,-1.080330085754394531e+01,-1.041769886016845703e+01,-9.951379776000976562e+00,-1.972221374511718750e+00,-1.114078760147094727e-01,7.859537124633789062e+00,-1.304247856140136719e+00,-2.309067153930664062e+01,-3.271439743041992188e+01,-2.372905731201171875e+01,-1.141510772705078125e+01,-1.687655830383300781e+01,-2.548644447326660156e+01,-3.206641006469726562e+01,-3.352161026000976562e+01,-2.531777572631835938e+01,-2.071456146240234375e+01,-2.226945877075195312e+01,-2.278926086425781250e+01,-1.899480819702148438e+01,-1.490848350524902344e+01,-1.159507274627685547e+01,-1.438754558563232422e+00,2.914888620376586914e+00,-1.857477873563766479e-01,-3.586842060089111328e+00,-2.475014495849609375e+01,-4.184518814086914062e+01,-4.630123138427734375e+01,-3.639255905151367188e+01,-3.763849735260009766e+00,1.037632942199707031e+01,6.440054416656494141e+00,-7.206202507019042969e+00,-2.325644493103027344e+01,-3.182353210449218750e+01,-3.092370414733886719e+01,-2.817802429199218750e+01,-3.208303451538085938e+01,-3.187919998168945312e+01,-3.374268341064453125e+01,-2.664300537109375000e+01,-1.148027229309082031e+01,-1.389791297912597656e+01,-1.776341438293457031e+01,-1.188444709777832031e+01,-1.231090354919433594e+01,-1.683606719970703125e+01,5.777413368225097656e+00,9.846801757812500000e+00,-2.577490091323852539e+00,-2.253705406188964844e+01,-2.754307556152343750e+01,-3.123826789855957031e+01,-3.322994613647460938e+01,-2.781423187255859375e+01,-1.929933547973632812e+01,-4.188032150268554688e+00,2.921762466430664062e+00,-1.387836837768554688e+01,-2.591175842285156250e+01,-3.878274536132812500e+01,-3.976248931884765625e+01,-3.630532073974609375e+01,-3.449245834350585938e+01,-3.334004211425781250e+01,-2.065293502807617188e+01,-1.149317550659179688e+01,-1.140569305419921875e+01,-8.515058517456054688e+00,-8.846830129623413086e-01,3.246553421020507812e+00,6.334662437438964844e+00,1.972908377647399902e+00,4.052461147308349609e+00,-1.745138168334960938e+00,-2.801013755798339844e+01,-3.176638412475585938e+01,-2.059617233276367188e+01,4.782111167907714844e+00,6.260931491851806641e+00,1.202855467796325684e+00,9.229281544685363770e-01,4.476197719573974609e+00,9.800390243530273438e+00,9.770668029785156250e+00,-7.891009330749511719e+00,-1.613787651062011719e+01,-9.696467399597167969e+00,-1.266292095184326172e+01,-8.935738563537597656e+00,-1.249573349952697754e+00,4.379025459289550781e+00,1.553851127624511719e+01,1.721104431152343750e+01,-7.076062202453613281e+00,-1.337532806396484375e+01,-1.911313629150390625e+01,-2.129528045654296875e+01,-1.867185783386230469e+01,-1.436088085174560547e+01,-1.135247611999511719e+01,-2.678922414779663086e+00,-7.895888686180114746e-01,-4.632521629333496094e+00,-2.878332376480102539e+00,-1.519822359085083008e+00,-9.663560986518859863e-02,1.485278606414794922e+00,-3.374535143375396729e-01,2.954895496368408203e-01,3.370475053787231445e+00,3.319745063781738281e+00,3.168807983398437500e+00,3.900572299957275391e+00,4.283988952636718750e+00,-8.262454986572265625e+00,-1.803121948242187500e+01,-2.236303138732910156e+01,-1.491759681701660156e+01,-2.005920410156250000e+01,-3.141937446594238281e+01,-3.349670791625976562e+01,-2.292006683349609375e+01,-1.081242370605468750e+01,-7.208074569702148438e+00,-2.300291061401367188e+01,-3.689496612548828125e+01,-4.344486999511718750e+01,-3.495862579345703125e+01,-2.382304954528808594e+01,-2.493927001953125000e+01,-2.077024841308593750e+01,-2.189142990112304688e+01,-2.852338790893554688e+01,-3.720031356811523438e+01,-3.435314178466796875e+01,-2.698760414123535156e+01,-2.816066551208496094e+01,-2.812220764160156250e+01,-2.189199447631835938e+01,-1.023726558685302734e+01,7.216733932495117188e+00,1.988677406311035156e+01,2.463604354858398438e+01,2.920358085632324219e+01,2.763266754150390625e+01,2.713125228881835938e+01,3.028436470031738281e+01,3.040202331542968750e+01,2.804042816162109375e+01,2.215221786499023438e+01,1.918386077880859375e+01,2.004473304748535156e+01,1.891614532470703125e+01,1.547216224670410156e+01,1.726302909851074219e+01,1.929061508178710938e+01,1.096574974060058594e+01,1.436941528320312500e+01,3.059991836547851562e+01,1.940361976623535156e+01,-6.766126632690429688e+00,-2.675435638427734375e+01,-3.357985305786132812e+01,-3.737688064575195312e+01,-3.320317840576171875e+01,-2.987883949279785156e+01,-2.426944351196289062e+01,-2.940181541442871094e+01,-3.954899597167968750e+01,-4.824582672119140625e+01,-4.763923263549804688e+01,-3.343659973144531250e+01,-1.510004329681396484e+01,-1.306847190856933594e+01,-1.350508308410644531e+01,-1.714282417297363281e+01,-2.801101684570312500e+01,-3.625617218017578125e+01,-2.602566337585449219e+01,-2.488855743408203125e+01,-3.475885009765625000e+01,-3.925917816162109375e+01,-3.892333221435546875e+01,-3.144604492187500000e+01,-2.387118530273437500e+01,-1.866153717041015625e+01,-3.058568954467773438e+01,-3.807912445068359375e+01,-3.869883728027343750e+01,-3.747671508789062500e+01,-3.895724487304687500e+01,-4.097025299072265625e+01,-3.303106689453125000e+01,-3.583736038208007812e+01,-4.198523712158203125e+01,-3.194851684570312500e+01,-1.961794853210449219e+01,-1.175350761413574219e+01,-1.492078971862792969e+01,-1.978536987304687500e+01,-2.652073860168457031e+01,-2.551400566101074219e+01,-1.999749755859375000e+01,-1.942360687255859375e+01,-1.716995811462402344e+01,-1.645492553710937500e+01,-8.224118232727050781e+00,-1.197356986999511719e+01,-1.055451583862304688e+01,-6.541186809539794922e+00,-7.504225730895996094e+00,-1.026417493820190430e+00,-2.953078508377075195e+00,-2.979883432388305664e+00,-4.398885250091552734e+00,5.217317342758178711e-01,8.103727340698242188e+00,9.507295608520507812e+00,4.149776935577392578e+00,3.948995828628540039e+00,2.103016853332519531e+00,7.510430335998535156e+00,1.047808933258056641e+01,1.165460968017578125e+01,1.361413002014160156e+01,6.166797637939453125e+00,-7.176075458526611328e+00,-1.918387031555175781e+01,-2.686802101135253906e+01,-2.520006561279296875e+01,-1.985929679870605469e+01,-1.197227668762207031e+01,-6.577920436859130859e+00,-2.407294511795043945e+00,-1.353811502456665039e+00,-2.258359909057617188e+00,1.095023155212402344e+01,9.211647033691406250e+00,7.415369033813476562e+00,1.997010803222656250e+01,2.128273582458496094e+01,3.898619174957275391e+00,2.568609237670898438e+00,1.618989944458007812e+00,1.442080688476562500e+01,2.146545028686523438e+01,1.708658599853515625e+01,1.572319793701171875e+01,8.377136230468750000e+00,9.266935348510742188e+00,1.422433757781982422e+01,1.490348052978515625e+01,-1.414244651794433594e+00,-9.412176132202148438e+00,-1.018227005004882812e+01,-2.978369712829589844e+01,-4.352868270874023438e+01,-3.881600952148437500e+01,-2.556026649475097656e+01,-1.428929710388183594e+01,-1.131004905700683594e+01,-1.335476112365722656e+01,-8.049191474914550781e+00,7.803925514221191406e+00,1.568782615661621094e+01,-6.916531324386596680e-01,-6.867455005645751953e+00,-8.708049774169921875e+00,-5.859844207763671875e+00,-1.192758941650390625e+01,-2.517285156250000000e+01,-3.357698440551757812e+01,-4.011494445800781250e+01,-3.788594055175781250e+01,-2.897641754150390625e+01,-2.378027343750000000e+01,-2.002729225158691406e+01,-1.488341331481933594e+01,-1.658786201477050781e+01,-1.670741653442382812e+01,-3.312488555908203125e+01,-4.101911926269531250e+01,-3.843884277343750000e+01,-2.953167533874511719e+01,-2.070730018615722656e+01,-1.935137748718261719e+01,-1.817272567749023438e+01,-2.233610916137695312e+01,-5.986285686492919922e+00,-4.947311401367187500e+00,-9.092069625854492188e+00,-3.897692203521728516e+00,7.873698234558105469e+00,4.152071952819824219e+00,-3.737348556518554688e+00,-4.549989700317382812e+00,-4.140345096588134766e+00,-1.455657243728637695e+00,-1.257638931274414062e+01,-3.058282852172851562e+01,-3.432068634033203125e+01,-3.618682098388671875e+01,-4.163644409179687500e+01,-4.132996368408203125e+01,-3.516156768798828125e+01,-3.486792755126953125e+01,-2.301058197021484375e+01,-2.188433837890625000e+01,-1.811382675170898438e+01,-1.418495559692382812e+01,-1.005144691467285156e+01,-1.776807785034179688e+00,6.717995166778564453e+00,8.444927215576171875e+00,2.907935142517089844e+00,1.687669038772583008e+00,1.092455768585205078e+01,1.148552799224853516e+01,5.002170085906982422e+00,4.174655914306640625e+00,8.243060111999511719e+00,1.023637199401855469e+01,6.260893344879150391e+00,1.592759370803833008e+00,-2.523256301879882812e+00,7.043500900268554688e+00,1.037571334838867188e+01,1.781845664978027344e+01,2.144894027709960938e+01,-7.815358638763427734e-01,-2.169953918457031250e+01,-2.707804298400878906e+01,-2.347534561157226562e+01,-1.266098403930664062e+01,-1.255257225036621094e+01,-1.772275543212890625e+01,-1.680929565429687500e+01,-8.290426254272460938e+00,2.630853652954101562e+00,8.932100296020507812e+00,6.343288898468017578e+00,2.773848533630371094e+00,4.040123462677001953e+00,8.778448104858398438e+00,9.874937057495117188e+00,-3.163334846496582031e+00,-1.366065120697021484e+01,-2.779389572143554688e+01,-3.674337768554687500e+01,-2.631211471557617188e+01,-1.437188529968261719e+01,-1.988975715637207031e+01,-2.778866577148437500e+01,-3.824448394775390625e+01,-4.671819686889648438e+01,-4.860046386718750000e+01,-4.671937179565429688e+01,-4.597200012207031250e+01,-4.649024200439453125e+01,-4.306845474243164062e+01,-2.754402732849121094e+01,-2.081591033935546875e+01,-2.096443176269531250e+01,-2.049913978576660156e+01,-2.758344650268554688e+01,-4.605303192138671875e+01,-5.606546020507812500e+01,-5.360939025878906250e+01,-4.914073562622070312e+01,-4.019543457031250000e+01,-2.854751396179199219e+01,-2.304675483703613281e+01,-2.302455902099609375e+01,-1.375794601440429688e+01,-4.953368186950683594e+00,1.564989328384399414e+00,1.968660473823547363e+00,7.626990318298339844e+00,1.479091453552246094e+01,1.676884651184082031e+01,8.163927078247070312e+00,1.365681886672973633e+00,-2.738420963287353516e+00,-5.440707802772521973e-01,-1.392318010330200195e-01,9.967805862426757812e+00,1.731565284729003906e+01,1.358863067626953125e+01,-3.109901189804077148e+00,-1.441133880615234375e+01,-1.591221427917480469e+01,-2.009663391113281250e+01,-1.828729248046875000e+01,-2.592747116088867188e+01,-3.686091232299804688e+01,-4.151707839965820312e+01,-4.164985656738281250e+01,-3.655944824218750000e+01,-3.570226287841796875e+01,-3.097080230712890625e+01,-2.466742706298828125e+01,-2.216685104370117188e+01,-1.841771125793457031e+01,-9.926862716674804688e+00,-7.253988265991210938e+00,-2.108693504333496094e+01,-2.456389999389648438e+01,-9.640519142150878906e+00,-1.057561492919921875e+01,-2.622173309326171875e+01,-3.212144851684570312e+01,-2.410195159912109375e+01,-1.021332740783691406e+01,-1.079860568046569824e+00,-4.882765412330627441e-01,-4.125226974487304688e+00,-8.012740135192871094e+00,-4.803483009338378906e+00,1.746128439903259277e+00,6.521135807037353516e+00,-8.146244049072265625e+00,-2.402916336059570312e+01,-1.796411895751953125e+01,-1.105389499664306641e+01,-3.628672838211059570e+00,1.197150039672851562e+01,2.028934097290039062e+01,1.386555480957031250e+01,1.595245122909545898e+00,-1.008691430091857910e+00,-2.157950878143310547e+00,-1.937382888793945312e+01,-3.456080627441406250e+01,-3.337142181396484375e+01,-2.662914276123046875e+01,-6.772918701171875000e+00,-5.400037765502929688e-01,-7.851787567138671875e+00,-1.032377338409423828e+01,-3.750034093856811523e+00,1.667323493957519531e+01,1.886512184143066406e+01,3.887434005737304688e+00,-2.032406425476074219e+01,-3.119993019104003906e+01,-2.653798294067382812e+01,-2.393101882934570312e+01,-2.319054412841796875e+01,-2.363518524169921875e+01,-1.140563488006591797e+01,1.078944444656372070e+00,-1.886641502380371094e+00,-6.374632835388183594e+00,8.251186013221740723e-01,-5.746660232543945312e-01,-4.523502349853515625e+00,3.167270898818969727e+00,-4.078896522521972656e+00,-9.619298934936523438e+00,-1.314555644989013672e+01,-1.245649909973144531e+01,-1.112769126892089844e+01,-5.811649322509765625e+00,1.384945869445800781e+00,-5.635925769805908203e+00,-1.260278511047363281e+01,-6.975305557250976562e+00,6.110213279724121094e+00,1.231745624542236328e+01,2.468227005004882812e+01,2.585010910034179688e+01,2.718077659606933594e+01,1.954465103149414062e+01,1.219761085510253906e+01,1.020397853851318359e+01,8.858837127685546875e+00,-1.089245414733886719e+01,-1.743040275573730469e+01,-1.623757934570312500e+01,-1.959901046752929688e+01,-2.084805870056152344e+01,-1.940152359008789062e+01,-7.211027622222900391e+00,2.510497570037841797e+00,8.951908111572265625e+00,8.703014373779296875e+00,-1.447604298591613770e-01,-8.374506950378417969e+00,-3.247638225555419922e+00,-3.454517841339111328e+00,-4.794183731079101562e+00,-3.819206237792968750e+00,-1.087037920951843262e+00,6.085599660873413086e-01,-1.679839324951171875e+01,-3.090707015991210938e+01,-4.119255828857421875e+01,-4.527930831909179688e+01,-4.254011917114257812e+01,-4.117170715332031250e+01,-3.982673645019531250e+01,-3.954784393310546875e+01,-3.682123565673828125e+01,-2.315499114990234375e+01,-1.084310150146484375e+01,-6.517389297485351562e+00,-6.394087791442871094e+00,-9.693108558654785156e+00,-8.547039985656738281e+00,-3.810192942619323730e-01,1.898377895355224609e+00,3.414770126342773438e+00,4.208744525909423828e+00,5.807518005371093750e+00,7.631411552429199219e+00,2.173043251037597656e+00,3.241991996765136719e+00,4.589612960815429688e+00,1.087824058532714844e+01,1.133039093017578125e+01,3.563330650329589844e+00,1.878576517105102539e+00,3.049030780792236328e+00,3.799558639526367188e+00,6.298688888549804688e+00,8.230041503906250000e+00,4.729441642761230469e+00,4.102730274200439453e+00,5.741784572601318359e-01,2.107178449630737305e+00,1.255384826660156250e+01,6.885948181152343750e+00,3.633692264556884766e+00,5.664327621459960938e+00,1.756362438201904297e+00,3.697373390197753906e+00,1.254689121246337891e+01,1.271927165985107422e+01,1.332559108734130859e+00,-1.160455989837646484e+01,-1.752058792114257812e+01,-2.317704391479492188e+01,-1.838856124877929688e+01,-1.098035621643066406e+01,-8.064558982849121094e+00,-6.302721977233886719e+00,-1.325291538238525391e+01,-1.882525444030761719e+01,-2.464881134033203125e+01,-2.714608955383300781e+01,-2.383997154235839844e+01,-2.517080116271972656e+01,-2.113142967224121094e+01,-2.388064193725585938e+01,-2.251484489440917969e+01,-1.752853012084960938e+01,-2.037348175048828125e+01,-2.038146209716796875e+01,-1.533254337310791016e+01,-9.518983840942382812e+00,-1.002767181396484375e+01,-2.188379669189453125e+01,-2.306860733032226562e+01,-1.130514144897460938e+01,-1.937808036804199219e+01,-2.635452270507812500e+01,-3.054345512390136719e+01,-3.369239425659179688e+01,-3.907316589355468750e+01,-5.996849441528320312e+01,-6.129881286621093750e+01,-5.677893447875976562e+01,-5.566677093505859375e+01,-6.036321258544921875e+01,-6.522456359863281250e+01,-7.619236755371093750e+01,-8.034049987792968750e+01,-7.113742065429687500e+01,-6.658514404296875000e+01,-5.762815856933593750e+01,-3.812345886230468750e+01,-3.286502838134765625e+01,-3.308290863037109375e+01,-3.583508300781250000e+01,-3.832106018066406250e+01,-3.533705520629882812e+01,-3.836037063598632812e+01,-2.829157638549804688e+01,-1.688269805908203125e+01,-1.167614459991455078e+01,-9.729366302490234375e+00,-1.169732666015625000e+01,-1.013039302825927734e+01,2.992899894714355469e+00,1.196280288696289062e+01,-8.110364913940429688e+00,-5.607996463775634766e+00,3.110303401947021484e+00,-6.503218650817871094e+00,-2.167170333862304688e+01,-2.956499862670898438e+01,-3.329927062988281250e+01,-2.884180641174316406e+01,-1.984802818298339844e+01,-1.686768341064453125e+01,-1.677338790893554688e+01,-1.745322227478027344e+01,-2.654761123657226562e+01,-2.402685928344726562e+01,-1.713684082031250000e+01,-8.875762939453125000e+00,-1.449742078781127930e+00,-7.915796279907226562e+00,-3.161146545410156250e+01,-5.086898040771484375e+01,-5.694862365722656250e+01,-5.420403671264648438e+01,-4.767031097412109375e+01,-4.016700744628906250e+01,-4.309617614746093750e+01,-4.394967651367187500e+01,-4.456398010253906250e+01,-4.606767272949218750e+01,-4.412230682373046875e+01,-3.948202896118164062e+01,-3.142334175109863281e+01,-2.598473358154296875e+01,-2.490953826904296875e+01,-1.870289993286132812e+01,-7.648840427398681641e+00,-3.866786479949951172e+00,-7.127681732177734375e+00,-4.785371303558349609e+00,1.264521837234497070e+00,-1.834697914123535156e+01,-3.426290130615234375e+01,-4.014924621582031250e+01,-4.869049835205078125e+01,-4.501732635498046875e+01,-2.016324806213378906e+01,1.581579923629760742e+00,4.583426952362060547e+00,3.112468957901000977e+00,4.405673980712890625e+00,7.590609073638916016e+00,8.680140972137451172e-01,-1.571290493011474609e+01,-2.725375366210937500e+01,-3.217845153808593750e+01,-3.410304260253906250e+01,-2.129171752929687500e+01,-4.092081189155578613e-01,8.075237274169921875e+00,1.187750625610351562e+01,1.253363132476806641e+01,7.899564266204833984e+00,7.217933177947998047e+00,1.459572410583496094e+01,2.044678115844726562e+01,1.757645797729492188e+01,1.084241962432861328e+01,8.509692192077636719e+00,1.539807891845703125e+01,-2.884040594100952148e+00,-1.298570632934570312e+01,-8.318912506103515625e+00,-1.825080490112304688e+01,-4.198335266113281250e+01,-5.497015762329101562e+01,-5.779847717285156250e+01,-6.059338760375976562e+01,-5.899318695068359375e+01,-5.722737884521484375e+01,-5.483148193359375000e+01,-4.729319000244140625e+01,-2.536034202575683594e+01,-2.330391311645507812e+01,-1.560693073272705078e+01,-1.407380390167236328e+01,-1.416723442077636719e+01,-6.106055259704589844e+00,8.752634525299072266e-01,-9.832296371459960938e+00,-1.490467071533203125e+01,-2.546752738952636719e+01,-3.286422729492187500e+01,-3.092499160766601562e+01,-2.522407150268554688e+01,-1.683866882324218750e+01,-1.703396797180175781e+01,-1.854859352111816406e+01,-7.734496116638183594e+00,5.382658958435058594e+00,-4.480353832244873047e+00,-1.139579963684082031e+01,-6.045767784118652344e+00,4.776708126068115234e+00,5.285533070564270020e-01,-9.997148513793945312e+00,-1.876673698425292969e+01,-1.873715209960937500e+01,-1.603047370910644531e+01,-1.805371475219726562e+01,-1.624589538574218750e+01,-1.021511173248291016e+01,-1.170240211486816406e+01,-1.678017425537109375e+01,-1.627746772766113281e+01,-1.800785064697265625e+01,-1.442956066131591797e+01,-2.943353176116943359e+00,1.889466285705566406e+00,3.269023418426513672e+00,-2.807591915130615234e+00,-3.756794929504394531e+00,-2.277843952178955078e-01,3.606539726257324219e+00,6.884300231933593750e+00,3.309494256973266602e+00,5.549551844596862793e-01,-4.489027857780456543e-01,9.241623282432556152e-01,2.701698303222656250e+00,3.579099178314208984e+00,1.091482400894165039e+00,-5.019170284271240234e+00,-6.758801460266113281e+00,-5.548642158508300781e+00,-1.778761982917785645e+00,2.663797378540039062e+00,5.936180949211120605e-01,-3.096970558166503906e+00,-3.285570859909057617e+00,1.280872941017150879e+00,5.010777473449707031e+00,8.381525039672851562e+00,9.168825149536132812e+00,9.099555969238281250e+00,4.997802734375000000e+00,6.096277236938476562e+00,8.005182266235351562e+00,3.940972566604614258e+00,5.006325721740722656e+00,3.991605281829833984e+00,-1.675140976905822754e+00,-2.781812191009521484e+00,-3.233283042907714844e+00,-1.133423089981079102e+00,-4.578324258327484131e-01,-7.872540354728698730e-01,-2.149307823181152344e+01,-3.471787261962890625e+01,-3.388460159301757812e+01,-2.263995361328125000e+01,-1.388667201995849609e+01,-2.150766372680664062e+01,-3.377796173095703125e+01,-3.070973205566406250e+01,-2.026438903808593750e+01,-3.458818912506103516e+00,6.876792907714843750e+00,3.806572198867797852e+00,-1.114599466323852539e+00,-8.617813110351562500e+00,-1.521165657043457031e+01,-9.242612838745117188e+00,-3.525245189666748047e+00,-4.765493392944335938e+00,-2.935607433319091797e+00,-9.920974731445312500e+00,-1.934686660766601562e+01,-2.579821014404296875e+01,-2.546714782714843750e+01,-1.823037147521972656e+01,-8.341690063476562500e+00,-1.116323184967041016e+01,-2.245558929443359375e+01,-2.582284927368164062e+01,-3.306795501708984375e+01,-3.263714218139648438e+01,-3.061286926269531250e+01,-3.553954315185546875e+01,-3.194779014587402344e+01,-1.595527553558349609e+01,-1.866526031494140625e+01,-1.765114593505859375e+01,-1.736664581298828125e+01,-1.519517517089843750e+01,-2.054286384582519531e+01,-2.953829193115234375e+01,-3.556171417236328125e+01,-3.134249496459960938e+01,-3.166105842590332031e+01,-3.154312705993652344e+01,-4.177973937988281250e+01,-4.658126449584960938e+01,-3.918895721435546875e+01,-3.583786010742187500e+01,-3.096377944946289062e+01,-1.541040992736816406e+01,-1.134283447265625000e+01,-7.720038414001464844e+00,-1.630843043327331543e+00,3.885327100753784180e+00,-5.972010612487792969e+00,-6.343709945678710938e+00,-5.648816108703613281e+00,-5.126689434051513672e+00,1.667702496051788330e-01,-8.992465972900390625e+00,-2.568785476684570312e+01,-2.624239730834960938e+01,-7.924777030944824219e+00,-9.885811805725097656e+00,-1.379485607147216797e+01,-1.107080078125000000e+01,-1.018968391418457031e+01,-1.117526149749755859e+01,-1.591482162475585938e+01,-1.582026290893554688e+01,-1.687680053710937500e+01,-1.758561134338378906e+01,-2.028301239013671875e+01,-2.161974334716796875e+01,-2.037204360961914062e+01,-1.227062797546386719e+01,-2.743115425109863281e+00,7.980374693870544434e-01,-2.044909286499023438e+01,-3.129352569580078125e+01,-3.582817840576171875e+01,-3.876051330566406250e+01,-4.123402023315429688e+01,-3.294207763671875000e+01,-3.254802703857421875e+01,-2.864627456665039062e+01,-2.328468704223632812e+01,-2.551502990722656250e+01,-2.469770431518554688e+01,-1.347637939453125000e+01,-1.962349319458007812e+01,-2.432126045227050781e+01,-2.146922302246093750e+01,-2.017399215698242188e+01,-1.787375640869140625e+01,-2.096441459655761719e+01,-1.896184730529785156e+01,-1.174106216430664062e+01,-2.025284528732299805e+00,6.232551336288452148e-01,-7.150961875915527344e+00,-1.272238922119140625e+01,-2.860514640808105469e+00,-5.608451843261718750e+00,-9.489545822143554688e+00,-1.018917465209960938e+01,-1.617488670349121094e+01,-1.314286804199218750e+01,-1.008370494842529297e+01,-1.022677707672119141e+01,-1.574679756164550781e+01,-1.608564758300781250e+01,-1.438282966613769531e+01,-5.856738090515136719e+00,2.810034036636352539e+00,4.782392978668212891e+00,4.264167547225952148e-01,-1.026879310607910156e+01,-5.937595844268798828e+00,-1.896968841552734375e+01,-2.925805282592773438e+01,-3.172542381286621094e+01,-2.526571655273437500e+01,-2.318115997314453125e+01,-1.473276233673095703e+01,-1.520661163330078125e+01,-1.273030281066894531e+01,-7.605744361877441406e+00,-8.963556289672851562e+00,-1.113922405242919922e+01,-2.768634033203125000e+01,-3.493643188476562500e+01,-3.080900573730468750e+01,-2.367265701293945312e+01,-1.253855323791503906e+01,-7.570225238800048828e+00,-6.523756980895996094e+00,-5.149390220642089844e+00,-1.250711441040039062e+01,-1.530025482177734375e+01,-1.490852546691894531e+01,-5.505126953125000000e+00,-4.209570407867431641e+00,-6.854323387145996094e+00,-3.404436588287353516e+00,-4.038382530212402344e+00,-2.044642567634582520e-01,1.348400115966796875e-01,5.153129100799560547e+00,1.107353019714355469e+01,1.042842483520507812e+01,5.301461219787597656e+00,6.076992988586425781e+00,8.281311988830566406e+00,8.374320030212402344e+00,4.069766044616699219e+00,1.627471446990966797e+00,1.685710310935974121e+00,-1.768029212951660156e+00,-7.527703285217285156e+00,-1.150290203094482422e+01,-2.912624740600585938e+01,-3.727890014648437500e+01,-3.287522888183593750e+01,-1.388725662231445312e+01,-1.638616561889648438e+01,-1.849285888671875000e+01,-2.126425170898437500e+01,-2.432844161987304688e+01,-1.755439758300781250e+01,-7.867949485778808594e+00,1.697182655334472656e+00,-8.061848282814025879e-01,-3.643758773803710938e+00,-6.402484893798828125e+00,-2.773366928100585938e+00,-3.330651760101318359e+00,-1.759724235534667969e+01,-2.973508644104003906e+01,-1.924896621704101562e+01,6.567001342773437500e-01,1.397976398468017578e+01,9.382534027099609375e+00,5.361578464508056641e-01,-4.366195678710937500e+00,-1.995668411254882812e+00,-1.308571577072143555e+00,-1.244911670684814453e+00,6.269100904464721680e-01,6.493564605712890625e+00,8.652326583862304688e+00,8.381244659423828125e+00,-3.650363922119140625e+00,-7.347652435302734375e+00,-1.127528762817382812e+01,-1.581078433990478516e+01,-1.747192382812500000e+01,-1.493892288208007812e+01,-1.182958984375000000e+01,-1.068873405456542969e+01,-6.176947116851806641e+00,8.297232985496520996e-01,-6.662013053894042969e+00,-9.060119628906250000e+00,-1.107488989830017090e+00,-9.708460569381713867e-01,-1.593640613555908203e+01,-3.005466079711914062e+01,-2.642366027832031250e+01,-2.202296447753906250e+01,-2.417865753173828125e+01,-1.938894653320312500e+01,6.430847644805908203e-01,1.114243984222412109e+01,4.972761154174804688e+00,3.289022207260131836e+00,3.967109680175781250e+00,-6.595615148544311523e-01,-7.413975715637207031e+00,-7.544366836547851562e+00,-8.515753746032714844e+00,-8.739018440246582031e+00,-3.966890573501586914e-01,6.112026691436767578e+00,5.638468742370605469e+00,-1.849242329597473145e+00,-6.671668529510498047e+00,-7.783747673034667969e+00,-3.960419178009033203e+00,-1.451735734939575195e+00,-4.439691066741943359e+00,-1.891219854354858398e+00,-9.208390235900878906e+00,-1.624478912353515625e+01,-2.086290168762207031e+01,-2.801737213134765625e+01,-3.405984115600585938e+01,-2.743191146850585938e+01,-1.168439292907714844e+01,-7.869746685028076172e+00,-1.049395751953125000e+01,-1.019906234741210938e+01,-1.098105812072753906e+01,-1.664396286010742188e+01,-1.921647262573242188e+01,-1.354085922241210938e+01,-1.007605934143066406e+01,-8.125093460083007812e+00,-3.075550079345703125e+01,-5.063552856445312500e+01,-5.718220901489257812e+01,-5.062879943847656250e+01,-4.884343338012695312e+01,-5.047778701782226562e+01,-3.729867172241210938e+01,-2.039478302001953125e+01,-2.154206275939941406e+01,-2.924302673339843750e+01,-2.983378219604492188e+01,-2.651660919189453125e+01,-2.125299263000488281e+01,-2.450700378417968750e+01,-2.589909934997558594e+01,-2.736698913574218750e+01,-2.944087791442871094e+01,-4.321354293823242188e+01,-5.010897827148437500e+01,-5.457971191406250000e+01,-5.334669494628906250e+01,-4.498755645751953125e+01,-4.124766921997070312e+01,-3.544347000122070312e+01,-2.139353561401367188e+01,-1.270646381378173828e+01,-1.321785545349121094e+01,-1.089152908325195312e+01,-2.326344490051269531e+00,-5.471544265747070312e+00,-1.480577850341796875e+01,-1.510941219329833984e+01,-1.835473251342773438e+01,1.146089076995849609e+00,-1.015091896057128906e+01,-2.965115737915039062e+01,-4.383927536010742188e+01,-4.877721786499023438e+01,-5.145160675048828125e+01,-4.673007965087890625e+01,-4.103596496582031250e+01,-2.657951354980468750e+01,-1.593580245971679688e+01,-1.078592014312744141e+01,-6.024550437927246094e+00,-8.067993164062500000e+00,-1.003123855590820312e+01,-7.931595325469970703e+00,-6.477580070495605469e+00,-1.206867980957031250e+01,-1.437005519866943359e+01,-1.545319938659667969e+01,-1.159625720977783203e+01,-1.341612434387207031e+01,-1.585472488403320312e+01,-1.580704689025878906e+01,-2.266581916809082031e+01,-2.023770523071289062e+01,-1.399464416503906250e+01,-2.055386734008789062e+01,-1.812934494018554688e+01,-1.317686462402343750e+01,-1.191060066223144531e+01,-1.371380615234375000e+01,-1.161096000671386719e+01,-6.478069782257080078e+00,-5.828969955444335938e+00,1.668035984039306641e-03,2.074584007263183594e+00,-2.506745457649230957e-01,5.884361267089843750e+00,9.310430526733398438e+00,4.386583328247070312e+00,4.912885189056396484e+00,9.308390617370605469e+00,1.077661323547363281e+01,1.314704322814941406e+01,1.260505676269531250e+01,1.217336654663085938e+01,8.547332763671875000e+00,2.184006690979003906e+00,-1.524880027770996094e+01,-3.479236221313476562e+01,-3.888710021972656250e+01,-4.077740097045898438e+01,-3.564482879638671875e+01,-2.511213302612304688e+01,-1.504497432708740234e+01,-1.316340255737304688e+01,-1.034797477722167969e+01,-1.203476142883300781e+01,-1.917974472045898438e+01,-2.766408157348632812e+01,-2.372037124633789062e+01,-1.646909332275390625e+01,-1.045128059387207031e+01,-7.117670059204101562e+00,-4.776885032653808594e+00,2.548609018325805664e+00,1.238774681091308594e+01,2.838327789306640625e+01,2.707933425903320312e+01,1.207440280914306641e+01,2.388188838958740234e+00,-5.157025814056396484e+00,-2.386618804931640625e+01,-3.693404388427734375e+01,-4.244446563720703125e+01,-4.032143402099609375e+01,-3.135649299621582031e+01,-2.950609207153320312e+01,-3.025074005126953125e+01,-2.863610076904296875e+01,-1.426280784606933594e+01,1.844392061233520508e+00,-3.533312559127807617e+00,-2.351397705078125000e+01,-3.124391555786132812e+01,-3.191871643066406250e+01,-2.783846855163574219e+01,-2.243639373779296875e+01,-3.156475067138671875e+01,-3.854976654052734375e+01,-4.011337661743164062e+01,-3.838333511352539062e+01,-3.710307312011718750e+01,-3.146566581726074219e+01,-3.053414726257324219e+01,-2.552167129516601562e+01,-1.882956504821777344e+01,-1.278889656066894531e+01,-7.616370201110839844e+00,-8.091590881347656250e+00,-1.364506340026855469e+01,-1.356241989135742188e+01,-1.144554495811462402e+00,4.744336605072021484e+00,-1.873974919319152832e+00,-4.975747108459472656e+00,-3.226283550262451172e+00,-3.046935081481933594e+00,-2.654625654220581055e+00,6.107206821441650391e+00,-1.009992957115173340e+00,-8.662172317504882812e+00,-1.098592090606689453e+01,-1.048595619201660156e+01,-1.002016735076904297e+01,-1.105763816833496094e+01,-5.388170719146728516e+00,-3.520124673843383789e+00,-1.141509628295898438e+01,-1.492447566986083984e+01,-1.145781135559082031e+01,-5.420532226562500000e+00,-6.547860145568847656e+00,-7.978388786315917969e+00,-1.281296062469482422e+01,-1.209425163269042969e+01,-3.415351867675781250e+00,1.296237111091613770e+00,-1.264948940277099609e+01,-2.552404022216796875e+01,-2.935487747192382812e+01,-3.119409942626953125e+01,-1.244792938232421875e+01,1.249642848968505859e+01,1.623549652099609375e+01,1.526256084442138672e+01,5.224717140197753906e+00,-3.102642297744750977e-01,-1.134877204895019531e+01,-1.618700790405273438e+01,-8.628118515014648438e+00,1.462109088897705078e+00,2.278394699096679688e+00,1.253522157669067383e+00,-2.254655122756958008e+00,-1.554609537124633789e+00,9.367115020751953125e+00,8.390512466430664062e+00,-4.159772872924804688e+00,-1.003026962280273438e+01,-1.043733596801757812e+00,6.548093318939208984e+00,6.375959873199462891e+00,9.791416168212890625e+00,8.371063232421875000e+00,6.126850247383117676e-01,1.774901580810546875e+01,2.988998889923095703e+00,-5.419599533081054688e+00,-1.225197410583496094e+01,-2.343530654907226562e+01,-2.867194366455078125e+01,-2.066618347167968750e+01,-1.768549346923828125e+01,-2.225722694396972656e+01,-2.509907913208007812e+01,-2.613645553588867188e+01,-2.136216354370117188e+01,-2.413684844970703125e+01,-3.575909423828125000e+01,-3.589891052246093750e+01,-1.655300331115722656e+01,-8.168757557868957520e-01,1.075948619842529297e+01,9.398387908935546875e+00,1.496534705162048340e+00,-3.993566036224365234e+00,-1.126552963256835938e+01,-2.374107360839843750e+01,-3.476353454589843750e+01,-4.333303070068359375e+01,-5.319356536865234375e+01,-5.843788146972656250e+01,-6.541142272949218750e+01,-6.212755584716796875e+01,-6.214788055419921875e+01,-5.384561920166015625e+01,-4.625975799560546875e+01,-4.030320739746093750e+01,-4.078227233886718750e+01,-4.240011215209960938e+01,-4.214781951904296875e+01,-5.111798477172851562e+01,-5.659209060668945312e+01,-5.781423950195312500e+01,-5.614676666259765625e+01,-5.160057830810546875e+01,-4.848681640625000000e+01,-4.586738586425781250e+01,-3.696160888671875000e+01,-3.328171539306640625e+01,-3.403014755249023438e+01,-4.173322677612304688e+01,-4.045572662353515625e+01,-3.019741249084472656e+01,-1.523347091674804688e+01,-3.745580673217773438e+00,-4.806395053863525391e+00,-6.253476142883300781e+00,-1.442154979705810547e+01,-1.761971664428710938e+01,-1.800482177734375000e+01,-2.392182922363281250e+01,-2.663618469238281250e+01,-1.148413848876953125e+01,-1.204843711853027344e+01,-1.802039718627929688e+01,-2.139183235168457031e+01,-2.323686981201171875e+01,-1.659395790100097656e+01,-7.672277450561523438e+00,6.937987327575683594e+00,1.228161048889160156e+01,1.123009300231933594e+01,5.330924034118652344e+00,-5.209279060363769531e-01,-9.471558570861816406e+00,-1.698960494995117188e+01,-3.730339813232421875e+01,-4.638662719726562500e+01,-4.468914794921875000e+01,-2.855877494812011719e+01,-1.431774139404296875e+01,-8.434058427810668945e-01,2.511983633041381836e+00,2.862540006637573242e+00,-1.393196880817413330e-01,-1.003122425079345703e+01,-1.126739311218261719e+01,-1.502803421020507812e+01,-1.721382522583007812e+01,-1.576747035980224609e+01,-1.983942794799804688e+01,-2.455887222290039062e+01,-2.719770431518554688e+01,-3.600631332397460938e+01,-4.087287521362304688e+01,-4.766151809692382812e+01,-4.560831451416015625e+01,-4.745264434814453125e+01,-4.686431121826171875e+01,-4.038520812988281250e+01,-3.063216400146484375e+01,-3.401312255859375000e+01,-3.782337188720703125e+01,-3.855419540405273438e+01,-3.322931671142578125e+01,-2.250823593139648438e+01,-1.897157287597656250e+01,-1.840475463867187500e+01,-1.770398902893066406e+01,-2.846432876586914062e+01,-4.335227203369140625e+01,-4.882659149169921875e+01,-5.102367782592773438e+01,-5.421826171875000000e+01,-5.834781646728515625e+01,-5.822337722778320312e+01,-6.185594177246093750e+01,-6.105449295043945312e+01,-5.580095291137695312e+01,-4.937222290039062500e+01,-4.058638000488281250e+01,-3.176428604125976562e+01,-3.119143486022949219e+01,-3.816164398193359375e+01,-3.256728363037109375e+01,-2.369703292846679688e+01,-2.382332420349121094e+01,-2.451818084716796875e+01,-1.966705703735351562e+01,-1.763273239135742188e+01,-1.746847534179687500e+01,-1.143238067626953125e+01,-8.065649032592773438e+00,-6.710916519165039062e+00,-1.676262378692626953e+00,3.492336273193359375e+00,2.788411617279052734e+00,9.230144023895263672e-01,-9.714702606201171875e+00,-1.424137687683105469e+01,-8.784943580627441406e+00,-3.249379634857177734e+00,-2.374670791625976562e+01,-2.676562118530273438e+01,-1.442892265319824219e+01,-1.743525713682174683e-01,7.767653465270996094e-01,1.886210799217224121e+00,1.973418593406677246e+00,-5.052778720855712891e-01,-2.384563684463500977e-01,-1.916995763778686523e+00,-1.570204973220825195e+00,6.333522796630859375e-01,-7.195324420928955078e+00,-1.327063179016113281e+01,-1.646575546264648438e+01,-1.507248115539550781e+01,-7.818346023559570312e+00,3.004828691482543945e+00,6.500205516815185547e+00,1.762076854705810547e+00,-9.870808601379394531e+00,-1.167434692382812500e+01,-1.471795368194580078e+01,-9.824739456176757812e+00,8.628518104553222656e+00,2.889789390563964844e+01,4.121109008789062500e+01,3.859976959228515625e+01,2.438863754272460938e+01,1.321771621704101562e+01,8.547744750976562500e-01,-1.119583129882812500e+01,-2.753611373901367188e+01,-3.683781433105468750e+01,-3.803841400146484375e+01,-3.325558471679687500e+01,-3.438705825805664062e+01,-3.520429611206054688e+01,-3.486775970458984375e+01,-3.252175140380859375e+01,-3.004234695434570312e+01,-9.587718963623046875e+00,-3.576105117797851562e+00,-5.555379390716552734e+00,-3.959791421890258789e+00,-4.426766395568847656e+00,-4.122195243835449219e+00,-1.525714159011840820e+00,-5.025365829467773438e+00,-7.838247299194335938e+00,-2.115596008300781250e+01,-2.406110000610351562e+01,-1.447005844116210938e+01,1.683394908905029297e-01,7.542859077453613281e+00,1.838174700736999512e+00,-5.528897285461425781e+00,-5.323917388916015625e+00,4.220728874206542969e+00,1.364621162414550781e+01,7.796031475067138672e+00,-1.005941009521484375e+01,-2.014038276672363281e+01,-2.003103828430175781e+01,-1.306268119812011719e+01,-1.164698505401611328e+01,-2.120289993286132812e+01,-3.341539764404296875e+01,-4.231536865234375000e+01,-5.172014617919921875e+01,-5.533683776855468750e+01,-5.717016983032226562e+01,-5.119199371337890625e+01,-5.237185668945312500e+01,-5.112726593017578125e+01,-4.524980926513671875e+01,-4.342600250244140625e+01,-4.440769195556640625e+01,-5.090990447998046875e+01,-5.669261932373046875e+01,-5.969184112548828125e+01,-6.246816253662109375e+01,-5.965218353271484375e+01,-4.901169586181640625e+01,-3.940470886230468750e+01,-3.239464569091796875e+01,-3.146698188781738281e+01,-3.335470581054687500e+01,-2.406938934326171875e+01,-1.376354980468750000e+01,-1.319661140441894531e+01,-1.158832740783691406e+01,-1.439579963684082031e+01,-1.310387039184570312e+01,-1.097382664680480957e+00,2.283699989318847656e+00,2.210986614227294922e+00,3.157847404479980469e+00,4.453044891357421875e+00,4.836447238922119141e+00,4.944385528564453125e+00,-1.059891319274902344e+01,-1.724020576477050781e+01,-2.110855865478515625e+01,-3.067363929748535156e+01,-3.461287307739257812e+01,-3.109018135070800781e+01,-2.019114112854003906e+01,-1.043440437316894531e+01,-4.095680236816406250e+00,-4.277718544006347656e+00,-4.993373870849609375e+00,-5.871574878692626953e+00,-6.418655395507812500e+00,-5.888168811798095703e+00,-4.491795539855957031e+00,-6.826475143432617188e+00,-9.509538650512695312e+00,-1.567355346679687500e+01,-2.272422027587890625e+01,-2.037225723266601562e+01,-1.732194900512695312e+01,-1.660749435424804688e+01,-1.137130737304687500e+01,-1.578062772750854492e+00,6.332844734191894531e+00,7.123357295989990234e+00,2.817296981811523438e+00,-7.894038408994674683e-02,-1.508542656898498535e+00,-2.325015068054199219e+00,-4.473386764526367188e+00,-1.119519710540771484e+01,-3.156019401550292969e+01,-3.907981491088867188e+01,-3.235685729980468750e+01,-2.540000724792480469e+01,-2.366609001159667969e+01,-2.077061462402343750e+01,-1.664770507812500000e+01,-2.070744705200195312e+01,-2.351550674438476562e+01,-2.475334358215332031e+01,-2.447016716003417969e+01,-2.807654380798339844e+01,-3.798110198974609375e+01,-4.796688842773437500e+01,-5.082917785644531250e+01,-4.223663330078125000e+01,-2.970291137695312500e+01,-1.924788475036621094e+01,-1.895292282104492188e+01,-1.972915267944335938e+01,-1.988817596435546875e+01,-2.469902229309082031e+01,-1.812600898742675781e+01,-6.281384468078613281e+00,1.054374885559082031e+01,1.740066146850585938e+01,1.875234603881835938e+01,1.323175430297851562e+01,8.558116912841796875e+00,8.958925008773803711e-01,-1.336706352233886719e+01,-3.412027740478515625e+01,-4.452735519409179688e+01,-2.870340347290039062e+01,-4.439430236816406250e+00,-4.154000282287597656e+00,-1.567308616638183594e+01,-1.394863224029541016e+01,-3.138404464721679688e+01,-3.334019470214843750e+01,-2.555914688110351562e+01,-2.637501144409179688e+01,-3.661952209472656250e+01,-3.925922393798828125e+01,-4.434355163574218750e+01,-4.824361038208007812e+01,-4.385839843750000000e+01,-4.384496307373046875e+01,-4.544608306884765625e+01,-4.539044189453125000e+01,-5.338339996337890625e+01,-7.238806915283203125e+01,-7.701931762695312500e+01,-6.703358459472656250e+01,-6.356323242187500000e+01,-5.906790161132812500e+01,-4.463999938964843750e+01,-2.815137100219726562e+01,-2.876310729980468750e+01,-3.546250152587890625e+01,-3.509921264648437500e+01,-3.031347656250000000e+01,-3.052364349365234375e+01,-3.516010665893554688e+01,-2.951634979248046875e+01,-3.822949218750000000e+01,-4.405641937255859375e+01,-4.083644485473632812e+01,-3.059730148315429688e+01,-3.016995620727539062e+01,-3.222930145263671875e+01,-2.994210433959960938e+01,-2.278508758544921875e+01,-2.073588180541992188e+01,-2.255326080322265625e+01,-1.971636199951171875e+01,-1.919461059570312500e+01,-1.778930473327636719e+01,-1.661707115173339844e+01,-1.348518085479736328e+01,-7.672453880310058594e+00,-1.782464146614074707e+00,-4.459897994995117188e+00,-2.154949665069580078e+00,-9.400568008422851562e-01,-2.462182760238647461e+00,-3.263121128082275391e+00,-1.375499963760375977e+00,-2.611742496490478516e+00,1.657556772232055664e+00,5.412056922912597656e+00,6.202018737792968750e+00,1.033329391479492188e+01,9.486063003540039062e+00,2.231615543365478516e+00,1.074901819229125977e-01,1.696543574333190918e+00,3.721808671951293945e+00,2.812823295593261719e+00,1.208388805389404297e-01,-4.672148823738098145e-01,-2.547848892211914062e+01,-4.275989913940429688e+01,-5.047637176513671875e+01,-4.819641494750976562e+01,-4.255848693847656250e+01,-3.360272216796875000e+01,-2.314048004150390625e+01,-1.322863483428955078e+01,-1.248228359222412109e+01,-2.110528373718261719e+01,-2.167688369750976562e+01,-1.562599945068359375e+01,-9.646672248840332031e+00,-1.856454086303710938e+01,-2.895193099975585938e+01,-3.145341491699218750e+01,-3.109641647338867188e+01,-1.945072174072265625e+01,-9.154998779296875000e+00,-1.013792133331298828e+01,-1.235537624359130859e+01,-1.241786766052246094e+01,-6.362391948699951172e+00,-5.150313377380371094e+00,-2.358591079711914062e+01,-3.501335144042968750e+01,-3.545590209960937500e+01,-2.946450996398925781e+01,-2.072420501708984375e+01,-1.461319923400878906e+01,-1.563483619689941406e+01,-1.125840568542480469e+01,-9.266575813293457031e+00,-1.356170463562011719e+01,-1.140847015380859375e+01,-2.141228866577148438e+01,-3.714761734008789062e+01,-3.230470275878906250e+01,-2.384190177917480469e+01,-2.632257461547851562e+01,-2.873966217041015625e+01,-3.631678390502929688e+01,-3.607096099853515625e+01,-2.942008972167968750e+01,-2.998435783386230469e+01,-2.184280014038085938e+01,-2.166490554809570312e+01,-2.758654212951660156e+01,-2.521519088745117188e+01,-2.920897293090820312e+01,-4.058109664916992188e+01,-4.664722824096679688e+01,-5.365675354003906250e+01,-4.691988372802734375e+01,-2.355655670166015625e+01,-8.834974288940429688e+00,-1.524394702911376953e+01,-2.021857833862304688e+01,-2.024558448791503906e+01,-1.234405136108398438e+01,-2.725524187088012695e+00,9.888530731201171875e+00,1.783105468750000000e+01,1.091610336303710938e+01,5.438097000122070312e+00,-1.437678623199462891e+01,-3.254846191406250000e+01,-3.917862319946289062e+01,-3.590043640136718750e+01,-2.897160339355468750e+01,-5.257735443115234375e+01,-7.090931701660156250e+01,-7.235392761230468750e+01,-6.195803070068359375e+01,-5.160585784912109375e+01,-4.224810791015625000e+01,-3.815129089355468750e+01,-3.554039764404296875e+01,-3.186043167114257812e+01,-3.162564468383789062e+01,-3.551188659667968750e+01,-3.267404937744140625e+01,-3.070157241821289062e+01,-2.843601226806640625e+01,-1.945540237426757812e+01,-1.641301155090332031e+01,-2.114671516418457031e+01,-1.954466247558593750e+01,-1.746104240417480469e+01,-1.407770633697509766e+01,-6.034676551818847656e+00,5.863932132720947266e+00,-8.293716311454772949e-01,-1.740657043457031250e+01,-3.052090835571289062e+01,-3.684065246582031250e+01,-3.581780242919921875e+01,-3.971573638916015625e+01,-4.657276535034179688e+01,-4.798125839233398438e+01,-3.728073120117187500e+01,-1.849880981445312500e+01,-1.769546627998352051e+00,-1.470174789428710938e-01,-1.866135358810424805e+00,8.721488118171691895e-01,-1.588225173950195312e+01,-2.763683509826660156e+01,-3.256076812744140625e+01,-1.851861953735351562e+01,3.943144083023071289e-01,-6.257966160774230957e-01,-1.503024578094482422e+00,5.929148674011230469e+00,4.898406028747558594e+00,-3.407678604125976562e+00,-2.176440620422363281e+01,-3.055925750732421875e+01,-3.868567657470703125e+01,-3.606665039062500000e+01,-1.967454147338867188e+01,-2.263344573974609375e+01,-3.280309295654296875e+01,-3.955934906005859375e+01,-3.830226898193359375e+01,-4.247834777832031250e+01,-4.638698577880859375e+01,-5.934561157226562500e+01,-6.789814758300781250e+01,-6.573721313476562500e+01,-5.936631774902343750e+01,-5.149347305297851562e+01,-4.561864471435546875e+01,-3.594882202148437500e+01,-3.199071884155273438e+01,-3.604729461669921875e+01,-4.426718521118164062e+01,-4.126661682128906250e+01,-3.702877426147460938e+01,-3.729584503173828125e+01,-3.337279510498046875e+01,-3.684874725341796875e+01,-3.558479309082031250e+01,-3.073715972900390625e+01,-2.013656234741210938e+01,-1.546097373962402344e+01,-1.947806549072265625e+01,-1.407080745697021484e+01,-1.089435577392578125e+01,-9.603984832763671875e+00,-5.130342483520507812e+00,-2.078178882598876953e+00,-2.566031932830810547e+00,-4.645262718200683594e+00,-1.409465074539184570e-01,5.263085365295410156e+00,1.375214219093322754e+00,-1.918403625488281250e+00,1.575233221054077148e+00,4.981154918670654297e+00,2.658274173736572266e+00,-2.132768154144287109e+00,-1.647552490234375000e+00,9.548425674438476562e+00,1.757364273071289062e+01,1.160325717926025391e+01,-7.484812736511230469e+00,-1.394973945617675781e+01,-8.936609268188476562e+00,3.477932214736938477e+00,3.536856174468994141e+00,-8.107993125915527344e+00,-4.881820678710937500e+00,8.122516632080078125e+00,8.015195846557617188e+00,7.049382209777832031e+00,1.255991363525390625e+01,4.237833023071289062e+00,1.493245506286621094e+01,2.429732513427734375e+01,1.954120445251464844e+01,1.540615844726562500e+01,1.035271549224853516e+01,5.231360435485839844e+00,6.992592811584472656e+00,7.985342979431152344e+00,9.062747001647949219e+00,1.296275901794433594e+01,1.858634567260742188e+01,2.102426528930664062e+01,2.069902610778808594e+01,1.879356002807617188e+01,1.524526023864746094e+01,1.810183334350585938e+01,1.025494384765625000e+01,2.496397972106933594e+00,3.867256641387939453e+00,1.061208057403564453e+01,1.578367710113525391e+01,1.853208732604980469e+01,2.291146087646484375e+01,2.412436103820800781e+01,2.136808013916015625e+01,1.836928558349609375e+01,1.880318069458007812e+01,2.588441658020019531e+01,2.298414611816406250e+01,1.212375831604003906e+01,5.117328166961669922e+00,7.740818977355957031e+00,2.425094223022460938e+01,2.912353897094726562e+01,2.498032379150390625e+01,1.519513034820556641e+01,1.756808090209960938e+01,2.599440193176269531e+01,1.783198547363281250e+01,7.514585256576538086e-01,-7.556948184967041016e+00,-1.005944633483886719e+01,-1.187819766998291016e+01,-9.887763023376464844e+00,-1.072120475769042969e+01,-1.066048812866210938e+01,-6.012337207794189453e+00,-8.536119461059570312e+00,-8.749546051025390625e+00,-6.052350997924804688e+00,-4.785653114318847656e+00,-3.440747737884521484e+00,-5.995388507843017578e+00,-7.559384346008300781e+00,2.739465236663818359e-02,-1.758913421630859375e+01,-2.456425666809082031e+01,-2.751338958740234375e+01,-2.696909904479980469e+01,-1.501252460479736328e+01,-1.708682656288146973e+00,-3.892780244350433350e-01,-7.082808017730712891e-01,-9.321737289428710938e-02,1.338925838470458984e+00,-9.706829190254211426e-01,-3.037780761718750000e+00,-1.339876556396484375e+01,-2.516915130615234375e+01,-2.987593841552734375e+01,-3.094419860839843750e+01,-3.512495040893554688e+01,-3.770944213867187500e+01,-3.078219985961914062e+01,-1.872472000122070312e+01,-1.997898483276367188e+01,-2.114968872070312500e+01,-1.657305145263671875e+01,-1.199615383148193359e+01,-5.501937866210937500e+00,8.305031061172485352e-01,2.474102973937988281e+00,6.057731628417968750e+00,8.999467849731445312e+00,1.248980522155761719e+01,1.261408996582031250e+01,7.330831527709960938e+00,9.396796226501464844e+00,1.705539512634277344e+01,1.061489868164062500e+01,1.665976047515869141e+00,-2.192058563232421875e+00,-4.807178020477294922e+00,-3.936786651611328125e+00,1.341410446166992188e+01,2.693173980712890625e+01,3.096256637573242188e+01,1.062281608581542969e+01,-7.417694091796875000e+00,-1.629504776000976562e+01,-1.830394554138183594e+01,-1.472544670104980469e+01,-1.190513420104980469e+01,-1.517442703247070312e+01,-2.813162231445312500e+01,-4.151927185058593750e+01,-4.489672851562500000e+01,-4.040493774414062500e+01,-3.450675964355468750e+01,-2.163347244262695312e+01,-1.171360492706298828e+01,-2.803660392761230469e+00,-1.498694896697998047e+00,-4.141047477722167969e+00,-9.240165710449218750e+00,-7.329265117645263672e+00,-1.113407421112060547e+01,-2.599489212036132812e+01,-2.820729637145996094e+01,-2.230437088012695312e+01,-1.244293403625488281e+01,-1.238865089416503906e+01,-1.550712776184082031e+01,-8.835725784301757812e+00,-1.177701377868652344e+01,-1.449122238159179688e+01,-1.008233451843261719e+01,-8.678266525268554688e+00,-1.721279907226562500e+01,-2.425630187988281250e+01,-2.902610015869140625e+01,-1.785455703735351562e+01,-2.670003414154052734e+00,1.062184524536132812e+01,1.135202789306640625e+01,7.447229385375976562e+00,1.061459422111511230e+00,-1.123378467559814453e+01,-1.838485145568847656e+01,-2.521791458129882812e+01,-2.786510086059570312e+01,-3.103885459899902344e+01,-3.122011947631835938e+01,-2.411754608154296875e+01,-1.328348541259765625e+01,-9.406703948974609375e+00,-6.793544769287109375e+00,-3.631238937377929688e+00,-1.518590641021728516e+01,-2.036711120605468750e+01,-1.513814640045166016e+01,1.868817329406738281e+00,4.198322296142578125e+00,8.240454196929931641e-01,-1.128276443481445312e+01,-2.259145927429199219e+01,-2.895750427246093750e+01,-2.367789649963378906e+01,-1.124848461151123047e+01,-8.301976203918457031e+00,-1.209527397155761719e+01,-1.562329673767089844e+01,-2.683916854858398438e+01,-4.249691009521484375e+01,-5.468359375000000000e+01,-5.997387695312500000e+01,-6.052741241455078125e+01,-5.391846847534179688e+01,-3.703297424316406250e+01,-2.660591697692871094e+01,-3.142495727539062500e+01,-3.848908996582031250e+01,-3.571114349365234375e+01,-3.057987213134765625e+01,-2.611288070678710938e+01,-2.588061904907226562e+01,-3.313157653808593750e+01,-3.539466094970703125e+01,-2.778775405883789062e+01,-2.153532028198242188e+01,-1.906791687011718750e+01,-2.400496673583984375e+01,-1.822217178344726562e+01,-1.947864151000976562e+01,-1.773219490051269531e+01,-9.316973686218261719e+00,-7.010477066040039062e+00,-7.576043605804443359e+00,-4.747016906738281250e+00,2.254281044006347656e+00,9.678880691528320312e+00,7.792548656463623047e+00,2.489362239837646484e+00,1.027522087097167969e+00,6.411988258361816406e+00,4.903701782226562500e+00,1.921599745750427246e+00,-5.252819061279296875e-01,-9.630030393600463867e-01,4.328766345977783203e+00,6.139383792877197266e+00,8.549309730529785156e+00,9.783014297485351562e+00,1.317361164093017578e+01,1.545703125000000000e+01,1.114404869079589844e+01,1.261341667175292969e+01,1.313648033142089844e+01,1.346928977966308594e+01,1.548450279235839844e+01,9.182845115661621094e+00,2.964696645736694336e+00,6.715719223022460938e+00,1.004059219360351562e+01,9.601741790771484375e+00,8.282764434814453125e+00,7.254038810729980469e+00,1.594276142120361328e+01,1.552485656738281250e+01,1.487613582611083984e+01,2.433571243286132812e+01,1.564581871032714844e+01,6.232276916503906250e+00,-2.175883293151855469e+00,-1.132414436340332031e+01,-2.135986328125000000e+01,-3.520406723022460938e+01,-3.931652069091796875e+01,-3.639320373535156250e+01,-3.758240890502929688e+01,-3.306653976440429688e+01,-1.680691909790039062e+01,3.907842159271240234e+00,8.652474403381347656e+00,-4.742000102996826172e+00,-9.634204864501953125e+00,-9.192798614501953125e+00,-8.633152008056640625e+00,-1.585817527770996094e+01,-2.452155303955078125e+01,-1.265388774871826172e+01,-4.480139255523681641e+00,-9.572116851806640625e+00,-1.039477157592773438e+01,7.416379451751708984e-02,1.001997661590576172e+01,-1.288503408432006836e-02,-1.565740585327148438e+01,-2.338503646850585938e+01,-2.542433547973632812e+01,-2.083304214477539062e+01,-1.729909706115722656e+01,-4.471166133880615234e+00,4.379332542419433594e+00,1.219414353370666504e+00,5.769065618515014648e-01,-3.045235633850097656e+00,6.205912828445434570e-01,-1.643689036369323730e+00,-6.147523403167724609e+00,-8.288571357727050781e+00,-4.257267951965332031e+00,-1.477063894271850586e+00,2.160096168518066406e+00,1.948389530181884766e+00,7.872321009635925293e-01,3.846318721771240234e-01,2.791046619415283203e+00,2.422733068466186523e+00,5.580185413360595703e+00,3.668133735656738281e+00,3.431496620178222656e+00,-3.923237323760986328e+00,-1.641353607177734375e+01,-2.018597793579101562e+01,-2.706120681762695312e+01,-2.017528343200683594e+01,-9.818750381469726562e+00,-1.764152336120605469e+01,-1.899656677246093750e+01,-1.944740676879882812e+01,-1.562394332885742188e+01,-3.212004184722900391e+00,6.527873992919921875e+00,7.456160545349121094e+00,-7.743099212646484375e+00,-3.195975303649902344e+01,-4.577351760864257812e+01,-5.430875778198242188e+01,-5.720428466796875000e+01,-5.753640365600585938e+01,-5.081665039062500000e+01,-4.347867584228515625e+01,-3.317389678955078125e+01,-2.731528091430664062e+01,-2.903136062622070312e+01,-2.837191390991210938e+01,-3.407674407958984375e+01,-4.059944152832031250e+01,-4.347394561767578125e+01,-4.226769256591796875e+01,-4.935802841186523438e+01,-5.196240234375000000e+01,-5.079882049560546875e+01,-3.918595886230468750e+01,-2.031407928466796875e+01,-1.937963676452636719e+01,-2.602159500122070312e+01,-2.624278068542480469e+01,-2.170138168334960938e+01,-2.053439331054687500e+01,-2.336363220214843750e+01,-2.697060012817382812e+01,-2.949033355712890625e+01,-3.186961746215820312e+01,-3.414726257324218750e+01,-3.215037918090820312e+01,-1.543265247344970703e+01,-4.304524898529052734e+00,3.744022130966186523e+00,1.708934783935546875e+01,1.244478225708007812e+01,4.443768978118896484e+00,4.010815620422363281e+00,5.049478054046630859e+00,5.218097209930419922e+00,-4.592595100402832031e+00,-8.805086135864257812e+00,-1.987655258178710938e+01,-2.810171508789062500e+01,-2.818603515625000000e+01,-2.278723526000976562e+01,-1.521269035339355469e+01,-8.309751510620117188e+00,-8.274256706237792969e+00,-1.068326091766357422e+01,-6.557705402374267578e+00,1.973051309585571289e+00,1.188245677947998047e+01,1.242228698730468750e+01,1.710052108764648438e+01,1.787852478027343750e+01,1.367517662048339844e+01,8.757375717163085938e+00,9.858234405517578125e+00,1.245425605773925781e+01,6.076322555541992188e+00,-4.618735313415527344e+00,2.656047105789184570e+00,-9.110200881958007812e+00,-2.362753295898437500e+01,-2.770501327514648438e+01,-3.553163146972656250e+01,-3.073181533813476562e+01,-1.041982173919677734e+01,-1.191902732849121094e+01,-1.796049690246582031e+01,-2.919593238830566406e+01,-3.385771942138671875e+01,-2.408300781250000000e+01,-1.789305496215820312e+01,-1.459991836547851562e+01,-2.082597351074218750e+01,-3.362591552734375000e+01,-2.994141769409179688e+01,-2.233215713500976562e+01,-2.441207885742187500e+01,-2.268420410156250000e+01,-2.423623275756835938e+01,-3.268059921264648438e+01,-3.915943145751953125e+01,-4.100440216064453125e+01,-3.773458099365234375e+01,-3.264792633056640625e+01,-3.010535049438476562e+01,-3.925606536865234375e+01,-5.656827926635742188e+01,-5.960182189941406250e+01,-5.588673019409179688e+01,-5.559725952148437500e+01,-5.325231933593750000e+01,-5.048048019409179688e+01,-5.134811401367187500e+01,-5.120151519775390625e+01,-5.476645660400390625e+01,-4.977374267578125000e+01,-4.442316436767578125e+01,-4.183840942382812500e+01,-3.698010253906250000e+01,-2.783372116088867188e+01,-2.460016441345214844e+01,-1.999135589599609375e+01,-2.491228103637695312e+01,-1.760741043090820312e+01,-1.002439785003662109e+01,-9.015039443969726562e+00,-7.599936485290527344e+00,-7.438887596130371094e+00,-7.066343307495117188e+00,-9.884780883789062500e+00,-1.234172248840332031e+01,-6.954438686370849609e+00,-1.170640230178833008e+00,-6.272303104400634766e+00,-2.373963928222656250e+01,-2.681539535522460938e+01,-2.123533058166503906e+01,-2.456280517578125000e+01,-2.983765792846679688e+01,-2.710695838928222656e+01,-4.184220886230468750e+01,-5.929927444458007812e+01,-6.523385620117187500e+01,-5.294644165039062500e+01,-3.199394989013671875e+01,-1.359093666076660156e+01,2.331495285034179688e+00,1.278252792358398438e+01,1.186086463928222656e+01,1.447066783905029297e+00,1.595975303649902344e+01,8.314469337463378906e+00,-1.773705244064331055e+00,-3.530511856079101562e+00,1.419156670570373535e+00,6.191934585571289062e+00,2.495630741119384766e+00,-1.466438102722167969e+01,-2.105284500122070312e+01,-2.321470451354980469e+01,-2.672137451171875000e+01,-3.400746154785156250e+01,-3.621563720703125000e+01,-3.298389434814453125e+01,-2.776649093627929688e+01,-1.888762664794921875e+01,-2.569373703002929688e+01,-2.936859893798828125e+01,-2.326719856262207031e+01,-1.396585464477539062e+01,-1.232694244384765625e+01,-1.854605865478515625e+01,-1.660556030273437500e+01,-4.475601196289062500e+00,-4.793964385986328125e+00,-3.681425333023071289e+00,8.368571281433105469e+00,5.191315650939941406e+00,1.953991413116455078e+00,5.063832283020019531e+00,6.944584846496582031e+00,7.814559936523437500e+00,1.034529304504394531e+01,1.309849929809570312e+01,1.328814029693603516e+01,9.976181030273437500e+00,7.113665580749511719e+00,-8.779670715332031250e+00,-1.813943290710449219e+01,-1.985140609741210938e+01,-1.899990653991699219e+01,-1.204483985900878906e+01,-7.792734146118164062e+00,-8.692612648010253906e+00,-1.648533248901367188e+01,-1.873619842529296875e+01,-1.628558158874511719e+01,-1.661946487426757812e+01,-8.304139137268066406e+00,-3.060278654098510742e+00,-9.093927592039108276e-02,2.959064245223999023e-01,-2.957265090942382812e+01,-4.658038711547851562e+01,-4.270032501220703125e+01,-1.485888862609863281e+01,-1.357234573364257812e+01,-1.017116546630859375e+01,-9.413927078247070312e+00,-5.031184196472167969e+00,3.525269508361816406e+00,7.442576408386230469e+00,8.063297271728515625e+00,3.025329589843750000e+00,2.597192227840423584e-01,-9.001702070236206055e-01,-3.636008501052856445e-01,1.163260078430175781e+01,1.531004142761230469e+01,1.334454727172851562e+01,9.946895599365234375e+00,7.137340545654296875e+00,5.065499305725097656e+00,1.745104074478149414e+00,-5.486177444458007812e+00,-1.624908638000488281e+01,-1.732603836059570312e+01,-1.684055709838867188e+01,-1.723322677612304688e+01,-1.003429412841796875e+01,-3.729655265808105469e+00,3.283940315246582031e+00,-3.440313339233398438e+00,-2.543644905090332031e+00,-3.551063299179077148e+00,-8.373040199279785156e+00,-7.267724037170410156e+00,-7.183409690856933594e+00,-1.132329845428466797e+01,-1.544807434082031250e+01,-9.317128181457519531e+00,-6.554655075073242188e+00,-1.048265266418457031e+01,-1.786557388305664062e+01,-2.959382820129394531e+01,-4.965339660644531250e+01,-6.492150878906250000e+01,-7.417859649658203125e+01,-6.595710754394531250e+01,-6.024017333984375000e+01,-5.541915130615234375e+01,-4.338750457763671875e+01,-3.093458175659179688e+01,-2.641968536376953125e+01,-2.391134834289550781e+01,-2.697382354736328125e+01,-3.189763259887695312e+01,-3.098286056518554688e+01,-3.238007736206054688e+01,-2.904485321044921875e+01,-2.288651275634765625e+01,-2.293990707397460938e+01,-3.396646118164062500e+01,-4.035055923461914062e+01,-4.581605529785156250e+01,-4.602441787719726562e+01,-3.771665191650390625e+01,-2.383618927001953125e+01,-1.695831298828125000e+01,-2.233688545227050781e+01,-2.534980392456054688e+01,-2.302341651916503906e+01,-4.088177490234375000e+01,-5.043003082275390625e+01,-4.484010314941406250e+01,-3.015243721008300781e+01,-1.827898025512695312e+01,-1.189363288879394531e+01,-1.190704536437988281e+01,-1.391171073913574219e+01,-2.293571090698242188e+01,-2.008056640625000000e+01,-1.727133560180664062e+01,-1.640449714660644531e+01,-1.415645790100097656e+01,-1.406077671051025391e+01,-1.613886260986328125e+01,-2.056832504272460938e+01,-1.590216541290283203e+01,-8.371063232421875000e+00,-1.579959774017333984e+01,-2.212390136718750000e+01,-2.472843170166015625e+01,-2.624652290344238281e+01,-2.389017105102539062e+01,-1.610010385513305664e+00,1.281173801422119141e+01,8.734375953674316406e+00,-1.186877822875976562e+01,-2.810629272460937500e+01,-3.609827423095703125e+01,-4.522952270507812500e+01,-4.356060791015625000e+01,-2.992440986633300781e+01,-1.592828559875488281e+01,-8.327512741088867188e+00,-6.839913368225097656e+00,-2.155725860595703125e+01,-3.389839935302734375e+01,-3.704949951171875000e+01,-3.419096374511718750e+01,-3.894936752319335938e+01,-3.972924041748046875e+01,-3.461758422851562500e+01,-2.592863082885742188e+01,-2.227411651611328125e+01,-1.901991271972656250e+01,-2.078557205200195312e+01,1.584653735160827637e+00,6.384816169738769531e+00,6.318352818489074707e-01,-7.337770462036132812e-01,2.124625682830810547e+00,-3.869209766387939453e+00,-7.810398101806640625e+00,7.240973472595214844e+00,1.129261398315429688e+01,9.635247230529785156e+00,1.412172698974609375e+01,1.315327262878417969e+01,8.670900762081146240e-02,-4.160705089569091797e+00,-4.281119346618652344e+00,-7.280186653137207031e+00,-1.606904220581054688e+01,-2.525041198730468750e+01,-4.169197463989257812e+01,-4.033289337158203125e+01,-3.650448608398437500e+01,-2.389668273925781250e+01,-1.506628704071044922e+01,-1.074032878875732422e+01,-1.164428615570068359e+01,-4.541050910949707031e+00,3.506163597106933594e+00,8.995634078979492188e+00,7.101267814636230469e+00,-1.249084663391113281e+01,-1.787841224670410156e+01,-1.466107177734375000e+01,-1.203940200805664062e+01,-1.878650903701782227e+00,-6.060293197631835938e+00,-9.434606552124023438e+00,-1.411678886413574219e+01,-1.445812702178955078e+01,-1.098418045043945312e+01,-7.217700958251953125e+00,-1.377777576446533203e+00,3.815111637115478516e+00,1.808187484741210938e+00,-3.497286796569824219e+00,-4.703681945800781250e+00,-5.180839538574218750e+00,-2.160273790359497070e+00,8.200857639312744141e-01,4.811212062835693359e+00,3.740501880645751953e+00,7.234192848205566406e+00,3.216257333755493164e+00,-1.165343880653381348e+00,-3.459676504135131836e+00,-4.954611778259277344e+00,-1.601579666137695312e+01,-2.649662017822265625e+01,-2.486653327941894531e+01,-2.062683105468750000e+01,-2.448709869384765625e+01,-1.652334213256835938e+01,4.686081409454345703e+00,-3.994709551334381104e-01,-1.109075695276260376e-01,1.649729490280151367e+00,-3.119538784027099609e+00,-1.754479885101318359e+00,1.422587776184082031e+01,1.687475395202636719e+01,8.918977737426757812e+00,-9.846515655517578125e+00,-2.463518524169921875e+01,-3.333930969238281250e+01,-4.064738464355468750e+01,-4.234585189819335938e+01,-3.983855056762695312e+01,-4.108104705810546875e+01,-3.391580200195312500e+01,-2.048373413085937500e+01,-1.267105865478515625e+01,-1.254827880859375000e+01,-9.382263183593750000e+00,-1.450463485717773438e+01,-2.213001251220703125e+01,-2.184844589233398438e+01,-2.301418113708496094e+01,-1.774924850463867188e+01,-4.835096359252929688e+00,8.345661163330078125e+00,9.913356781005859375e+00,9.493665695190429688e+00,3.706734180450439453e+00,-6.423476219177246094e+00,-1.667411041259765625e+01,-2.484146499633789062e+01,-3.442250061035156250e+01,-4.132259750366210938e+01,-5.200880813598632812e+01,-6.306970214843750000e+01,-6.579847717285156250e+01,-6.519813537597656250e+01,-5.719261169433593750e+01,-4.258009338378906250e+01,-3.168562316894531250e+01,-3.318904113769531250e+01,-3.618837738037109375e+01,-3.462744140625000000e+01,-2.598574066162109375e+01,-9.447727203369140625e+00,5.478643417358398438e+00,4.520151615142822266e+00,-1.868880844116210938e+01,-2.333419036865234375e+01,-2.382945632934570312e+01,-2.710013008117675781e+01,-2.688957405090332031e+01,-3.288639831542968750e+01,-4.186931610107421875e+01,-5.090325927734375000e+01,-5.010488128662109375e+01,-4.403971481323242188e+01,-3.439155578613281250e+01,-2.932818603515625000e+01,-2.941110610961914062e+01,-1.960682868957519531e+01,-1.724549293518066406e+01,-2.040633201599121094e+01,-2.468649864196777344e+01,-2.588825988769531250e+01,-2.149529647827148438e+01,-1.215575408935546875e+01,-2.816400051116943359e+00,-9.766551017761230469e+00,-1.384597206115722656e+01,-2.496262741088867188e+01,-2.727287673950195312e+01,-1.160816192626953125e+01,-4.294698238372802734e+00,-1.550911712646484375e+01,-3.024890518188476562e+01,-3.527371978759765625e+01,-2.547029113769531250e+01,-1.405228042602539062e+01,-1.988720321655273438e+01,-3.753041839599609375e+01,-3.625862121582031250e+01,-2.542305374145507812e+01,-2.195542144775390625e+01,-2.236781692504882812e+01,-2.230995178222656250e+01,-5.839275360107421875e+00,-9.984861373901367188e+00,-2.546096420288085938e+01,-4.741979598999023438e+01,-4.524851608276367188e+01,-4.585623168945312500e+01,-4.586816406250000000e+01,-4.464113998413085938e+01,-4.830288314819335938e+01,-6.327012252807617188e+01,-7.190446472167968750e+01,-7.315778350830078125e+01,-7.287268066406250000e+01,-7.126205444335937500e+01,-6.905565643310546875e+01,-6.074721527099609375e+01,-5.187845611572265625e+01,-5.262346649169921875e+01,-4.676253128051757812e+01,-3.920568084716796875e+01,-3.459968566894531250e+01,-3.249242401123046875e+01,-3.406168365478515625e+01,-2.839484405517578125e+01,-2.335873031616210938e+01,-2.836364173889160156e+01,-1.163603019714355469e+01,-1.807770538330078125e+01,-2.080894660949707031e+01,-1.537602233886718750e+01,-1.926816558837890625e+01,-2.339640045166015625e+01,-2.467347717285156250e+01,-1.792947578430175781e+01,-1.334832477569580078e+01,-1.109950256347656250e+01,-1.003270816802978516e+01,-7.760994911193847656e+00,-2.971375703811645508e+00,-3.933846235275268555e+00,-8.149066925048828125e+00,-8.308259963989257812e+00,-9.240245819091796875e+00,-6.120365619659423828e+00,-4.502576828002929688e+00,-1.031140327453613281e+01,-1.317184257507324219e+01,-1.831303405761718750e+01,-2.697997856140136719e+01,-3.073059844970703125e+01,-2.465544891357421875e+01,-1.374954986572265625e+01,-2.285456466674804688e+01,-3.766467285156250000e+01,-3.197295761108398438e+01,-2.256868362426757812e+01,-3.759420776367187500e+01,-4.203157043457031250e+01,-4.865641403198242188e+01,-5.220252990722656250e+01,-5.007230377197265625e+01,-5.548225402832031250e+01,-5.990310668945312500e+01,-5.609566497802734375e+01,-4.918155288696289062e+01,-4.843428039550781250e+01,-5.219380569458007812e+01,-5.367385101318359375e+01,-5.209226989746093750e+01,-4.544401550292968750e+01,-4.137055969238281250e+01,-5.314653015136718750e+01,-6.358126831054687500e+01,-6.243244934082031250e+01,-5.842819213867187500e+01,-5.621823501586914062e+01,-4.815702819824218750e+01,-4.809145355224609375e+01,-3.922279357910156250e+01,-3.208874893188476562e+01,-3.152867126464843750e+01,-2.935834884643554688e+01,-2.940264511108398438e+01,-2.525810813903808594e+01,-2.443710327148437500e+01,-2.779133605957031250e+01,-4.902432250976562500e+01,-5.755673217773437500e+01,-5.174024581909179688e+01,-4.384710693359375000e+01,-3.482343292236328125e+01,-2.664107704162597656e+01,-3.017087554931640625e+01,-3.403433990478515625e+01,-3.646527862548828125e+01,-3.732858657836914062e+01,-3.551212310791015625e+01,-2.330214691162109375e+01,-1.834002494812011719e+01,-2.316383934020996094e+01,-2.968560028076171875e+01,-2.367359542846679688e+01,-1.554354858398437500e+01,-1.290068244934082031e+01,-1.927612686157226562e+01,-1.654367446899414062e+01,-1.141623973846435547e+01,-1.086649513244628906e+01,-1.555503082275390625e+01,-8.396333694458007812e+00,6.227735042572021484e+00,-8.954013586044311523e-01,-2.110417127609252930e+00,-2.448853015899658203e+00,4.570061683654785156e+00,7.993957519531250000e+00,2.855593204498291016e+00,-1.934492349624633789e+00,-1.402615833282470703e+01,-3.030304336547851562e+01,-3.373834228515625000e+01,-1.879786300659179688e+01,-1.228663539886474609e+01,-7.397224426269531250e+00,-1.642820549011230469e+01,-2.430959320068359375e+01,-1.012590599060058594e+01,-1.684168577194213867e+00,-8.661809921264648438e+00,-4.558975982666015625e+01,-5.005564117431640625e+01,-4.321774291992187500e+01,-4.237862014770507812e+01,-4.203479766845703125e+01,-5.086733245849609375e+01,-5.372655868530273438e+01,-4.699002838134765625e+01,-4.089373016357421875e+01,-3.979801177978515625e+01,-3.414676666259765625e+01,-2.874904632568359375e+01,-2.744673919677734375e+01,-3.206296920776367188e+01,-3.857093048095703125e+01,-4.890649032592773438e+01,-5.958301162719726562e+01,-6.398058319091796875e+01,-7.063457489013671875e+01,-5.824024581909179688e+01,-2.979854965209960938e+01,-3.981123352050781250e+01,-6.088618850708007812e+01,-6.260260772705078125e+01,-6.654855346679687500e+01,-5.326679992675781250e+01,-4.126881790161132812e+01,-4.016766357421875000e+01,-5.033443069458007812e+01,-6.108712005615234375e+01,-6.763240051269531250e+01,-6.729991149902343750e+01,-6.368294143676757812e+01,-4.831431579589843750e+01,-3.844031143188476562e+01,-3.669404602050781250e+01,-3.559834289550781250e+01,-3.369748687744140625e+01,-2.632369232177734375e+01,-1.484671401977539062e+01,-1.780872917175292969e+01,-1.896928405761718750e+01,-2.435085678100585938e+01,-3.368225860595703125e+01,-3.088601303100585938e+01,-1.510532379150390625e+01,-8.365123748779296875e+00,-7.163464546203613281e+00,-8.772214889526367188e+00,-2.426491165161132812e+01,-4.423202514648437500e+01,-5.964941406250000000e+01,-7.030316925048828125e+01,-7.759246063232421875e+01,-8.507194519042968750e+01,-9.177133941650390625e+01,-9.253427124023437500e+01,-8.625317382812500000e+01,-7.661296081542968750e+01,-5.685955047607421875e+01,-6.414542388916015625e+01,-6.671583557128906250e+01,-5.707199096679687500e+01,-4.593321990966796875e+01,-4.684711837768554688e+01,-4.687416458129882812e+01,-4.766764831542968750e+01,-4.415316009521484375e+01,-4.746170806884765625e+01,-5.377536773681640625e+01,-5.190509414672851562e+01,-4.822449493408203125e+01,-4.613216781616210938e+01,-4.785359191894531250e+01,-4.648711395263671875e+01,-3.578966522216796875e+01,-2.525888442993164062e+01,-2.715787506103515625e+01,-4.127924346923828125e+01,-5.237936401367187500e+01,-5.093807983398437500e+01,-4.871036911010742188e+01,-4.295629501342773438e+01,-3.044760131835937500e+01,-3.252197647094726562e+01,-3.554505920410156250e+01,-4.064474105834960938e+01,-4.043331146240234375e+01,-4.022512817382812500e+01,-3.747760009765625000e+01,-3.186864089965820312e+01,-3.053685760498046875e+01,-3.047105789184570312e+01,-2.604106903076171875e+01,-1.947956085205078125e+01,-3.235441589355468750e+01,-4.019178390502929688e+01,-3.735195159912109375e+01,-4.489711380004882812e+01,-4.713091278076171875e+01,-4.208147048950195312e+01,-4.375422668457031250e+01,-3.489962005615234375e+01,-2.523925018310546875e+01,-1.390462589263916016e+01,-4.199493885040283203e+00,-3.991317987442016602e+00,2.819679975509643555e+00,2.598964214324951172e+00,-9.480230331420898438e+00,-1.873535537719726562e+01,-2.422922515869140625e+01,-2.095775604248046875e+01,-2.164719772338867188e+01,-1.866799545288085938e+01,-1.691056823730468750e+01,-1.158257007598876953e+01,-6.283012390136718750e+00,-1.626790237426757812e+01,-2.580781555175781250e+01,-3.095464706420898438e+01,-3.116818237304687500e+01,-3.104900360107421875e+01,-3.316219329833984375e+01,-2.912980270385742188e+01,-1.835430526733398438e+01,-8.928380012512207031e+00,-1.600956320762634277e+00,1.156028985977172852e+00,-8.254343986511230469e+00,-1.282246875762939453e+01,-3.381078481674194336e+00,-4.506059646606445312e+00,-1.498741245269775391e+01,-2.140850067138671875e+01,-2.061581420898437500e+01,-1.714559936523437500e+01,-1.046580696105957031e+01,-1.306788825988769531e+01,-1.480583190917968750e+01,-1.277524852752685547e+01,-7.633831024169921875e+00,-8.472949981689453125e+00,-8.644078969955444336e-01,7.954656600952148438e+00,-6.109904289245605469e+00,-1.308294582366943359e+01,-1.639871025085449219e+01,-1.775311279296875000e+01,-1.794097137451171875e+01,-1.493430137634277344e+01,-3.835955142974853516e+00,1.200874805450439453e+01,1.276320648193359375e+01,3.831126213073730469e+00,-5.106563568115234375e+00,-4.752757072448730469e+00,-2.145895481109619141e+00,-1.517338156700134277e+00,1.855993628501892090e+00,4.519474029541015625e+00,-1.680847167968750000e+00,1.947125196456909180e-01,7.947893142700195312e-01,-3.735243797302246094e+00,-2.599124431610107422e+00,-3.184214401245117188e+01,-4.852106857299804688e+01,-5.808751678466796875e+01,-5.806929779052734375e+01,-6.383444213867187500e+01,-6.219497680664062500e+01,-5.679302978515625000e+01,-6.063204956054687500e+01,-5.861398696899414062e+01,-5.123405456542968750e+01,-5.573794174194335938e+01,-5.516690826416015625e+01,-5.252885437011718750e+01,-4.904543685913085938e+01,-3.595755767822265625e+01,-3.060601043701171875e+01,-3.273010635375976562e+01,-3.517996215820312500e+01,-3.364710998535156250e+01,-3.274389648437500000e+01,-2.974291801452636719e+01,-2.806291961669921875e+01,-2.913242721557617188e+01,-2.619008064270019531e+01,-2.343718910217285156e+01,-2.159429740905761719e+01,-1.515383625030517578e+01,-1.648370552062988281e+01,-1.362590980529785156e+01,-1.484498405456542969e+01,-1.695690917968750000e+01,-1.644139480590820312e+01,-2.132242584228515625e+01,-2.351424407958984375e+01,-1.854645919799804688e+01,-1.421517753601074219e+01,-1.433895492553710938e+01,-1.745656585693359375e+01,-1.317782974243164062e+01,-7.888619422912597656e+00,-1.215756225585937500e+01,-1.444256210327148438e+01,-1.662814331054687500e+01,-1.270697307586669922e+01,-9.046328544616699219e+00,-3.322892427444458008e+00,-2.131741940975189209e-01,-1.957916140556335449e+00,-4.203374862670898438e+00,-4.191936969757080078e+00,-9.797503948211669922e-01,1.340814828872680664e-01,-6.805857658386230469e+00,-1.634544372558593750e+01,-2.024487686157226562e+01,-2.292144393920898438e+01,-3.713534927368164062e+01,-4.257238769531250000e+01,-3.989730834960937500e+01,-3.665105438232421875e+01,-2.790032196044921875e+01,-1.863654708862304688e+01,-3.369359970092773438e+01,-3.563022613525390625e+01,-3.035891342163085938e+01,-2.636216163635253906e+01,-1.863128280639648438e+01,-1.444809913635253906e+01,-1.863209152221679688e+01,-1.880684661865234375e+01,-1.270937156677246094e+01,-8.561016082763671875e+00,-5.437764644622802734e+00,-7.012296676635742188e+00,-1.141157531738281250e+01,-2.380033493041992188e+01,-2.690873527526855469e+01,-2.018970108032226562e+01,-1.027013587951660156e+01,-2.013353347778320312e+01,-2.348140716552734375e+01,-2.413579368591308594e+01,-3.059287643432617188e+01,-3.361137390136718750e+01,-3.938984680175781250e+01,-3.210472869873046875e+01,-2.598552894592285156e+01,-3.407750320434570312e+01,-3.861209106445312500e+01,-3.673220062255859375e+01,-2.799523162841796875e+01,-1.859608459472656250e+01,-1.346913337707519531e+01,-5.946867465972900391e-01,4.283855438232421875e+00,5.334215641021728516e+00,-2.757972240447998047e+00,-3.366571426391601562e+00,6.186205744743347168e-01,-1.766185402870178223e+00,-2.083399295806884766e+00,7.545410990715026855e-01,7.520539760589599609e-01,4.930169105529785156e+00,1.330718874931335449e+00,-8.916491508483886719e+00,-9.382922172546386719e+00,-7.671417713165283203e+00,-8.742326736450195312e+00,-1.962568664550781250e+01,-1.378158378601074219e+01,-3.932575702667236328e+00,-1.122397232055664062e+01,-2.293383026123046875e+01,-2.618917083740234375e+01,-1.744554519653320312e+01,-6.351981163024902344e+00,-1.137110471725463867e+00,-5.988429069519042969e+00,-5.174664974212646484e+00,-4.608689308166503906e+00,-5.033933639526367188e+00,-2.426843166351318359e+00,-3.077213287353515625e+00,-4.134300351142883301e-01,1.522710800170898438e+00,-5.800687789916992188e+00,-1.195727348327636719e+01,-1.546898841857910156e+01,-1.437649822235107422e+01,-7.236657142639160156e+00,-6.239012718200683594e+00,-2.723961591720581055e+00,6.704126358032226562e+00,1.429214715957641602e+00,-1.293588042259216309e+00,-2.327807426452636719e+00,-7.428182601928710938e+00,-5.066518783569335938e+00,-2.648835372924804688e+01,-2.983699035644531250e+01,-1.601222991943359375e+01,3.547142744064331055e+00,9.769331932067871094e+00,1.180501365661621094e+01,2.622337818145751953e+00,-1.113823699951171875e+01,-1.895243072509765625e+01,-1.391906261444091797e+01,-1.358025550842285156e+01,-2.353079032897949219e+01,-2.842884063720703125e+01,-2.867563247680664062e+01,-2.603025436401367188e+01,-2.757723617553710938e+01,-2.073254013061523438e+01,-1.132601928710937500e+01,-5.511316299438476562e+00,-2.146291351318359375e+01,-3.956645202636718750e+01,-4.189295578002929688e+01,-4.341199493408203125e+01,-3.911438751220703125e+01,-4.056351852416992188e+01,-4.122927093505859375e+01,-3.066463279724121094e+01,-2.379729080200195312e+01,-1.551254749298095703e+01,-1.273650550842285156e+01,-1.268304634094238281e+01,-1.713951301574707031e+01,-1.973762512207031250e+01,-1.804680824279785156e+01,-1.101611423492431641e+01,-4.636248111724853516e+00,-7.587220668792724609e-01,-9.221397399902343750e+00,-1.672768592834472656e+01,-2.573080444335937500e+01,-4.065715026855468750e+01,-5.560245513916015625e+01,-5.153989028930664062e+01,-3.198353576660156250e+01,-9.020287513732910156e+00,-6.092982769012451172e+00,-2.676366090774536133e+00,-1.673180580139160156e+00,-3.210374832153320312e+00,6.117633581161499023e-01,1.073683452606201172e+01,1.605384445190429688e+01,6.862155914306640625e+00,-2.520583868026733398e+00,-6.031721115112304688e+00,-2.368475437164306641e+00,-1.465825676918029785e+00,2.116221189498901367e+00,-3.419947624206542969e-01,-8.389916419982910156e-01,-7.595930099487304688e-01,-3.020939826965332031e+00,3.277980089187622070e+00,1.021498489379882812e+01,2.449721908569335938e+01,2.287196350097656250e+01,1.226748657226562500e+01,6.581707954406738281e+00,4.121017932891845703e+00,9.752571105957031250e+00,1.421532440185546875e+01,1.423361968994140625e+01,1.409616088867187500e+01,1.322061729431152344e+01,1.099717140197753906e+01,1.452836513519287109e+00,-7.422660827636718750e+00,-7.811128616333007812e+00,-5.472686767578125000e+00,-1.915987014770507812e+00,-9.728116989135742188e+00,-2.374104690551757812e+01,-3.728632354736328125e+01,-4.306394958496093750e+01,-4.979985809326171875e+01,-5.086380004882812500e+01,-4.574079132080078125e+01,-4.614597320556640625e+01,-5.244203186035156250e+01,-5.870570755004882812e+01,-5.042663955688476562e+01,-3.367018890380859375e+01,-1.014016985893249512e+00,-3.808659076690673828e+00,-2.271644973754882812e+01,-1.881187438964843750e+01,-2.126317977905273438e+01,-2.438248062133789062e+01,-2.175870132446289062e+01,-1.539196777343750000e+01,-1.276069641113281250e+01,-8.252741813659667969e+00,-1.393988418579101562e+01,-1.483641815185546875e+01,-8.812904357910156250e+00,-1.565774202346801758e+00,3.469190001487731934e-01,-2.581926822662353516e+00,-7.437209606170654297e+00,-3.933122634887695312e+00,-4.653391361236572266e+00,-9.505828857421875000e+00,-1.178098869323730469e+01,-6.403374671936035156e+00,-6.876766681671142578e+00,1.417833089828491211e+00,-6.695327162742614746e-01,4.011235237121582031e+00,2.562260150909423828e+00,-1.242168235778808594e+01,-8.248371124267578125e+00,-3.463403463363647461e+00,-1.019723653793334961e+00,-1.156434631347656250e+01,-2.197682189941406250e+01,-2.851948165893554688e+01,-3.418842697143554688e+01,-3.701081085205078125e+01,-2.664777374267578125e+01,-1.485493469238281250e+01,-1.624847793579101562e+01,-1.619063186645507812e+01,-1.451107978820800781e+01,-3.780714511871337891e+00,-3.286970615386962891e+00,-3.083196163177490234e+00,-4.032754421234130859e+00,-2.752685070037841797e+00,-1.000794696807861328e+01,-2.161491775512695312e+01,-2.260471343994140625e+01,-2.380657005310058594e+01,-3.455953216552734375e+01,-3.702671432495117188e+01,-2.684016036987304688e+01,-2.835219192504882812e+01,-3.051133346557617188e+01,-3.333728027343750000e+01,-3.079508399963378906e+01,-1.993918228149414062e+01,-1.140888977050781250e+01,-1.417068386077880859e+01,-1.305534362792968750e+01,-1.851199722290039062e+01,-2.333679771423339844e+01,-3.359857559204101562e+01,-3.775191497802734375e+01,-4.019078063964843750e+01,-3.967053985595703125e+01,-3.480792236328125000e+01,-1.739095687866210938e+01,-1.007582283020019531e+01,-4.132559204101562500e+01,-5.198349761962890625e+01,-4.543427276611328125e+01,-4.886952972412109375e+01,-4.709185791015625000e+01,-4.455971145629882812e+01,-4.848919296264648438e+01,-4.499205780029296875e+01,-4.470114898681640625e+01,-3.799856567382812500e+01,-2.794615554809570312e+01,-2.867660713195800781e+01,-2.373269271850585938e+01,-2.217468643188476562e+01,-2.666404342651367188e+01,-3.639385986328125000e+01,-4.763864898681640625e+01,-4.600770568847656250e+01,-3.160166358947753906e+01,-2.159948730468750000e+01,-2.153431129455566406e+01,-2.611400985717773438e+01,-4.890863037109375000e+01,-6.152958297729492188e+01,-6.547570037841796875e+01,-6.531462860107421875e+01,-6.479365539550781250e+01,-5.988690948486328125e+01,-4.726355361938476562e+01,-4.034696960449218750e+01,-4.287118148803710938e+01,-5.369845581054687500e+01,-5.616728210449218750e+01,-5.073559570312500000e+01,-3.842269134521484375e+01,-3.004438781738281250e+01,-3.182722854614257812e+01,-3.539771270751953125e+01,-3.110326385498046875e+01,-2.323626518249511719e+01,-1.678148269653320312e+01,-1.064622116088867188e+01,-1.054545116424560547e+01,-2.279680824279785156e+01,-3.504565429687500000e+01,-4.208040237426757812e+01,-4.433559799194335938e+01,-3.820909881591796875e+01,-2.775692558288574219e+01,-2.250405502319335938e+01,-2.798154449462890625e+01,-2.881613540649414062e+01,-2.420690727233886719e+01,-2.070705986022949219e+01,-1.431268501281738281e+01,-5.165732860565185547e+00,-5.501708984375000000e+00,-4.763937473297119141e+00,-4.284783363342285156e+00,-8.886110305786132812e+00,-1.215162277221679688e+01,-5.092906951904296875e+00,1.129239320755004883e+00,5.391140937805175781e+00,6.553052902221679688e+00,-8.286844253540039062e+00,-1.654405593872070312e+01,-1.790369224548339844e+01,-1.995959854125976562e+01,-9.987763404846191406e+00,2.018952131271362305e+00,9.704012870788574219e+00,1.151777553558349609e+01,8.673580169677734375e+00,9.731531143188476562e+00,-7.021200180053710938e+00,-3.207640075683593750e+01,-4.441382598876953125e+01,-5.089075469970703125e+01,-5.468874740600585938e+01,-5.523663330078125000e+01,-5.082386016845703125e+01,-5.338338088989257812e+01,-5.684454345703125000e+01,-5.008475494384765625e+01,-4.254527282714843750e+01,-3.253540039062500000e+01,-3.106255722045898438e+01,-2.963628768920898438e+01,-3.185260391235351562e+01,-2.903551673889160156e+01,-1.450136470794677734e+01,-9.574494361877441406e+00,-6.003374099731445312e+00,-6.832312107086181641e+00,-1.052999877929687500e+01,-3.150556802749633789e+00,-1.825323867797851562e+01,-2.915750885009765625e+01,-3.060222625732421875e+01,-2.506397056579589844e+01,-8.894929885864257812e+00,2.073191642761230469e+00,6.295800209045410156e+00,-4.063085556030273438e+00,-1.630488967895507812e+01,-1.814626502990722656e+01,-1.452923393249511719e+01,-7.979473590850830078e+00,-5.589428901672363281e+00,-3.102857828140258789e+00,-1.320991158485412598e+00,3.522501468658447266e+00,1.544971108436584473e+00,-9.433665275573730469e-01,-3.232787132263183594e+00,-6.185180187225341797e+00,-3.913774490356445312e+01,-6.284196472167968750e+01,-6.657629394531250000e+01,-6.412800598144531250e+01,-6.521525573730468750e+01,-6.730586242675781250e+01,-7.953705596923828125e+01,-8.528240966796875000e+01,-6.953761291503906250e+01,-5.490637207031250000e+01,-5.336730957031250000e+01,-4.599087524414062500e+01,-4.114552307128906250e+01,-4.428900146484375000e+01,-4.502902984619140625e+01,-3.894060897827148438e+01,-3.490089035034179688e+01,-2.814287376403808594e+01,-2.917216873168945312e+01,-2.424053955078125000e+01,-2.503167724609375000e+01,-2.406425094604492188e+01,-1.886289024353027344e+01,-1.687689781188964844e+01,-1.814890289306640625e+01,-1.246114158630371094e+01,-1.141600227355957031e+01,-1.015556240081787109e+01,-1.355941200256347656e+01,-7.254545211791992188e+00,2.288865089416503906e+00,-1.046974897384643555e+00,-1.180091667175292969e+01,-1.686965942382812500e+01,-1.095653152465820312e+01,-1.008365249633789062e+01,-1.292636871337890625e+01,-1.083929634094238281e+01,-8.569883346557617188e+00,-3.445217609405517578e+00,-1.591362953186035156e+00,-3.428524732589721680e+00,-1.032069587707519531e+01,-1.238472938537597656e+01,-3.799880743026733398e+00,-1.691028404235839844e+01,-2.965363883972167969e+01,-2.650415802001953125e+01,-2.005111312866210938e+01,-2.298443984985351562e+01,-2.510997200012207031e+01,-2.284489059448242188e+01,-1.712718391418457031e+01,-1.576831054687500000e+01,-6.947854995727539062e+00,-5.998896598815917969e+00,-5.343930721282958984e+00,-3.154377698898315430e+00,-2.014650344848632812e+00,-6.081235885620117188e+00,-6.142164707183837891e+00,-3.443538188934326172e+00,-8.024249672889709473e-01,-1.437314748764038086e+00,-2.933598041534423828e+00,-8.474235534667968750e+00,-6.947404861450195312e+00,-1.862469673156738281e+00,-6.678167343139648438e+00,-7.192419052124023438e+00,-3.963307857513427734e+00,-2.680963993072509766e+00,-1.184333086013793945e+00,2.710928022861480713e-01,-5.892617702484130859e-01,-4.702660560607910156e+00,-1.373910713195800781e+01,-2.210232543945312500e+01,-2.279791069030761719e+01,-1.960056304931640625e+01,-1.548495006561279297e+01,-1.354547977447509766e+01,-8.980286598205566406e+00,-4.727534294128417969e+00,-5.347423076629638672e+00,-5.570791244506835938e+00,-5.783076286315917969e+00,-1.653773665428161621e+00,-1.860355257987976074e+00,-5.942451477050781250e+00,-1.344842147827148438e+01,-4.646009826660156250e+01,-5.943751525878906250e+01,-7.187145996093750000e+01,-7.332663726806640625e+01,-7.219040679931640625e+01,-6.736472320556640625e+01,-5.473421859741210938e+01,-5.778992462158203125e+01,-5.226639175415039062e+01,-4.183792877197265625e+01,-3.006293106079101562e+01,-3.372760009765625000e+01,-3.744110870361328125e+01,-3.162156295776367188e+01,-2.573718643188476562e+01,-3.876170349121093750e+01,-4.965377807617187500e+01,-5.918032073974609375e+01,-6.338374710083007812e+01,-6.863121032714843750e+01,-5.882006835937500000e+01,-5.322851943969726562e+01,-4.826102828979492188e+01,-3.358818435668945312e+01,-2.110673141479492188e+01,-2.104766082763671875e+01,-2.578326034545898438e+01,-2.395686721801757812e+01,-1.185294723510742188e+01,-1.952544212341308594e+00,1.139951133728027344e+01,1.807644462585449219e+01,1.362184047698974609e+01,6.022618293762207031e+00,4.129851341247558594e+00,-1.037220358848571777e+00,-6.256268501281738281e+00,-1.673459815979003906e+01,-2.782729721069335938e+01,-3.080735778808593750e+01,-3.479892349243164062e+01,-4.648860168457031250e+01,-6.181217193603515625e+01,-6.428144836425781250e+01,-6.638616943359375000e+01,-7.140100860595703125e+01,-6.310874938964843750e+01,-4.737538909912109375e+01,-2.811908340454101562e+01,-1.851511383056640625e+01,-2.415785408020019531e+01,-4.409708404541015625e+01,-5.463466644287109375e+01,-5.497254562377929688e+01,-4.989564895629882812e+01,-4.153149414062500000e+01,-4.025362777709960938e+01,-4.713832092285156250e+01,-3.992829132080078125e+01,-2.476879119873046875e+01,-2.496680259704589844e+01,-2.858171463012695312e+01,-3.197358322143554688e+01,-4.351585006713867188e+01,-4.438214874267578125e+01,-3.761801147460937500e+01,-3.424103927612304688e+01,-2.584771347045898438e+01,-1.607678604125976562e+01,-1.046682453155517578e+01,-9.950760841369628906e+00,-1.175426387786865234e+01,-7.096650123596191406e+00,4.573462486267089844e+00,3.008212566375732422e+00,-8.418877601623535156e+00,-2.497502136230468750e+01,-3.631132507324218750e+01,-4.102941131591796875e+01,-3.834501647949218750e+01,-2.119648742675781250e+01,-1.100641059875488281e+01,-6.432103157043457031e+00,-4.885997772216796875e+00,-9.946819305419921875e+00,-1.327502632141113281e+01,-1.301507186889648438e+01,-2.518111991882324219e+01,-3.359199523925781250e+01,-3.170753669738769531e+01,-3.023271179199218750e+01,-2.948126220703125000e+01,-3.526441955566406250e+01,-3.391385650634765625e+01,-2.292551994323730469e+01,-1.549287223815917969e+01,-2.528826904296875000e+01,-3.465712738037109375e+01,-4.141350555419921875e+01,-4.868232727050781250e+01,-5.212507247924804688e+01,-4.699510192871093750e+01,-4.257606506347656250e+01,-3.602074813842773438e+01,-2.943396759033203125e+01,-2.126251602172851562e+01,-1.597263336181640625e+01,-3.822287750244140625e+01,-5.544680023193359375e+01,-5.924563598632812500e+01,-5.441019058227539062e+01,-3.884629821777343750e+01,-2.235329246520996094e+01,-3.011596679687500000e+01,-4.781143951416015625e+01,-5.370101928710937500e+01,-5.472132873535156250e+01,-5.553365325927734375e+01,-4.723180389404296875e+01,-3.160821342468261719e+01,-2.426228523254394531e+01,-1.842291069030761719e+01,-1.231708908081054688e+01,-1.180350112915039062e+01,-3.398870849609375000e+01,-4.361338806152343750e+01,-4.524269866943359375e+01,-4.724184417724609375e+01,-4.789484405517578125e+01,-4.809067916870117188e+01,-5.768458557128906250e+01,-6.181111145019531250e+01,-5.258680725097656250e+01,-3.965041351318359375e+01,-2.832921791076660156e+01,-2.736909866333007812e+01,-3.376590728759765625e+01,-2.689509201049804688e+01,-2.356506347656250000e+01,-2.686331939697265625e+01,-2.148794555664062500e+01,-1.313883686065673828e+01,-3.457135915756225586e+00,-1.933695793151855469e+01,-3.770331573486328125e+01,-3.819206619262695312e+01,-3.666115570068359375e+01,-3.684501647949218750e+01,-3.903395080566406250e+01,-3.436738967895507812e+01,-7.746502876281738281e+00,-1.192020130157470703e+01,-1.866138076782226562e+01,-1.965286064147949219e+01,-1.768344688415527344e+01,-1.973042297363281250e+01,-3.044036483764648438e+01,-3.263295364379882812e+01,-2.226184082031250000e+01,-1.162286949157714844e+01,-8.812842369079589844e+00,-5.950298309326171875e+00,-1.750336647033691406e+00,-2.487075328826904297e+00,-4.132963180541992188e+00,-1.041157913208007812e+01,-1.126154136657714844e+01,-1.192924118041992188e+01,-1.481757354736328125e+01,-1.378583240509033203e+01,-9.184844970703125000e+00,-6.099028587341308594e+00,-4.858542919158935547e+00,-3.059333562850952148e+00,-4.562192916870117188e+00,-6.541605949401855469e+00,-2.744860649108886719e+00,7.890278697013854980e-01,1.097401142120361328e+01,1.454478859901428223e+00,-5.572417259216308594e+00,-1.783995628356933594e+01,-2.213784408569335938e+01,-2.408450889587402344e+01,-1.954186248779296875e+01,-1.779348564147949219e+01,-1.086249160766601562e+01,8.466622829437255859e-01,1.339800167083740234e+01,1.027620315551757812e+01,3.989209651947021484e+00,-3.757257461547851562e+00,-2.205137491226196289e+00,-4.865879058837890625e+00,-8.017312049865722656e+00,-1.752887916564941406e+01,-2.972387695312500000e+01,-3.019348907470703125e+01,-3.203981018066406250e+01,-3.842577362060546875e+01,-3.730758285522460938e+01,-3.310491943359375000e+01,-3.524732589721679688e+01,-3.642569732666015625e+01,-2.390385818481445312e+01,-8.112877845764160156e+00,5.799462795257568359e-01,3.749471902847290039e+00,4.440722942352294922e+00,1.111327743530273438e+01,1.106058883666992188e+01,2.074477958679199219e+01,2.376937866210937500e+01,8.448344230651855469e+00,7.204947948455810547e+00,1.716966152191162109e+00,-1.906351852416992188e+01,-4.222345733642578125e+01,-5.712102508544921875e+01,-6.676873016357421875e+01,-7.429051208496093750e+01,-6.892044067382812500e+01,-6.122374343872070312e+01,-5.406278610229492188e+01,-5.131901931762695312e+01,-4.809784698486328125e+01,-4.061779785156250000e+01,-4.169478607177734375e+01,-4.388112258911132812e+01,-4.215733337402343750e+01,-3.938568496704101562e+01,-3.360862731933593750e+01,-2.045416641235351562e+01,-2.683098602294921875e+01,-3.537175369262695312e+01,-3.702686309814453125e+01,-3.137662124633789062e+01,-3.190576934814453125e+01,-3.383717346191406250e+01,-3.002916336059570312e+01,-2.177071762084960938e+01,-2.825756835937500000e+01,-2.952608108520507812e+01,-3.460274505615234375e+01,-3.327991485595703125e+01,-2.915478134155273438e+01,-3.140795516967773438e+01,-2.155640411376953125e+01,-1.331822776794433594e+01,-4.322582244873046875e+00,-3.531013965606689453e+00,-2.719697475433349609e+00,-1.513750743865966797e+01,-1.355597782135009766e+01,-2.783162117004394531e+01,-4.614435577392578125e+01,-4.554818725585937500e+01,-4.284178924560546875e+01,-5.916616439819335938e+01,-7.012959289550781250e+01,-6.396808624267578125e+01,-5.755127334594726562e+01,-4.983271026611328125e+01,-5.155624008178710938e+01,-5.729572296142578125e+01,-5.192451477050781250e+01,-5.245055770874023438e+01,-6.358567810058593750e+01,-6.479562377929687500e+01,-5.742462921142578125e+01,-5.247942352294921875e+01,-5.396557617187500000e+01,-7.157333374023437500e+01,-7.653115844726562500e+01,-6.997824859619140625e+01,-6.570861053466796875e+01,-6.659541320800781250e+01,-6.761502838134765625e+01,-6.469016265869140625e+01,-6.034410095214843750e+01,-5.148103332519531250e+01,-4.235334014892578125e+01,-4.412430953979492188e+01,-3.477210998535156250e+01,-2.371913337707519531e+01,-1.966900825500488281e+01,-2.562265777587890625e+01,-2.126784133911132812e+01,-1.929036521911621094e+01,-2.222119140625000000e+01,-2.553356933593750000e+01,-2.354696083068847656e+01,-2.271945953369140625e+01,-2.271602439880371094e+01,-2.472590255737304688e+01,-2.152499771118164062e+01,-1.847440719604492188e+01,-1.448000717163085938e+01,-1.183589744567871094e+01,-1.374430274963378906e+01,-1.310085296630859375e+01,-7.921018600463867188e+00,-1.796587944030761719e+00,-4.562574386596679688e+00,-3.387173175811767578e+00,-4.593018054962158203e+00,-2.223008871078491211e+00,4.828607082366943359e+00,-1.004804611206054688e+01,-3.738510894775390625e+01,-3.143253517150878906e+01,-9.617506027221679688e+00,7.653727054595947266e+00,7.652329921722412109e+00,7.680994510650634766e+00,1.488376808166503906e+01,1.587202072143554688e+01,1.365047645568847656e+01,3.336497783660888672e+00,-3.540001869201660156e+00,-8.044221878051757812e+00,-6.361550331115722656e+00,1.101243734359741211e+00,1.574451828002929688e+01,7.512637615203857422e+00,-4.891016960144042969e+00,-1.149233341217041016e+01,-1.001451110839843750e+01,-1.001247692108154297e+01,3.881951570510864258e+00,2.076742172241210938e+01,1.997768020629882812e+01,6.756134986877441406e+00,6.516221046447753906e+00,3.889945507049560547e+00,-9.836135506629943848e-01,1.537168622016906738e-01,2.047773361206054688e+00,-4.018686711788177490e-01,3.605711460113525391e+00,2.110319519042968750e+01,1.609936141967773438e+01,3.665753364562988281e+00,-6.895040512084960938e+00,-1.927132415771484375e+01,-2.176772689819335938e+01,-1.854080200195312500e+01,-1.489936161041259766e+01,-1.311241245269775391e+01,-2.671754074096679688e+01,-3.431419372558593750e+01,-4.197198104858398438e+01,-4.344213104248046875e+01,-4.912971496582031250e+01,-4.872067260742187500e+01,-4.172890472412109375e+01,-3.321517181396484375e+01,-3.012555313110351562e+01,-2.169444084167480469e+01,-1.397648143768310547e+01,-1.826117324829101562e+01,-2.596794891357421875e+01,-2.301687049865722656e+01,-2.448005294799804688e+01,-3.066835021972656250e+01,-3.720354461669921875e+01,-3.294290161132812500e+01,-2.097919845581054688e+01,-1.055199623107910156e+01,-1.349804687500000000e+01,-1.115704822540283203e+01,-7.565588951110839844e+00,-7.017940044403076172e+00,-1.200218200683593750e+01,-1.083001232147216797e+01,-2.576896476745605469e+01,-3.851170349121093750e+01,-5.031658554077148438e+01,-4.746839904785156250e+01,-4.646314239501953125e+01,-4.687685012817382812e+01,-5.018130874633789062e+01,-5.485176086425781250e+01,-6.336711502075195312e+01,-6.421111297607421875e+01,-6.895803070068359375e+01,-7.484806060791015625e+01,-7.425537109375000000e+01,-5.581675720214843750e+01,-3.341105651855468750e+01,-1.652641296386718750e+01,-6.096279144287109375e+00,-1.132671356201171875e+01,-7.946134090423583984e+00,-6.745547294616699219e+00,-1.370701980590820312e+01,-2.156584930419921875e+01,-2.464971160888671875e+01,-2.834548568725585938e+01,-4.308656311035156250e+01,-4.995898437500000000e+01,-5.291205978393554688e+01,-5.317904663085937500e+01,-4.617607498168945312e+01,-3.919412231445312500e+01,-3.167578506469726562e+01,-2.804561805725097656e+01,-2.337385940551757812e+01,-4.879919433593750000e+01,-7.389631652832031250e+01,-8.328948974609375000e+01,-7.478309631347656250e+01,-6.435121154785156250e+01,-6.297205352783203125e+01,-6.543493652343750000e+01,-6.507558441162109375e+01,-5.353868865966796875e+01,-4.770059967041015625e+01,-5.259600830078125000e+01,-5.829752349853515625e+01,-6.448649597167968750e+01,-5.899298858642578125e+01,-4.573844909667968750e+01,-3.785781860351562500e+01,-3.631698608398437500e+01,-3.353092956542968750e+01,-1.858725357055664062e+01,-1.827236938476562500e+01,-2.156805419921875000e+01,-2.038755798339843750e+01,-1.203764533996582031e+01,-9.186935424804687500e+00,-7.226134300231933594e+00,-1.134493637084960938e+01,-1.419677162170410156e+01,-1.766459274291992188e+01,-2.307620429992675781e+01,-2.050668525695800781e+01,-2.066106033325195312e+01,-2.120095443725585938e+01,-2.062834167480468750e+01,-2.493532943725585938e+01,-2.108987426757812500e+01,-1.236701011657714844e+01,-1.234090805053710938e+01,-1.140959548950195312e+01,-4.773419857025146484e+00,-7.534438133239746094e+00,-5.460329532623291016e+00,-4.407308578491210938e+00,-6.408558845520019531e+00,-5.416626930236816406e+00,-7.447700500488281250e+00,-2.619704246520996094e+00,1.739211678504943848e+00,-8.404643058776855469e+00,-1.115587997436523438e+01,-1.498197937011718750e+01,-1.437371063232421875e+01,-1.602547836303710938e+01,-1.934823608398437500e+01,-1.622773170471191406e+01,-8.747771263122558594e+00,-5.105617046356201172e+00,-1.454628467559814453e+00,1.118446111679077148e+00,4.165015697479248047e+00,9.030005455017089844e+00,4.686613559722900391e+00,2.252844810485839844e+00,1.497412681579589844e+00,3.365834236145019531e+00,5.384630680084228516e+00,-1.074459433555603027e+00,-7.144104003906250000e+00,-1.048210144042968750e+01,-1.610051727294921875e+01,-1.915350341796875000e+01,-1.541348075866699219e+01,-1.669825363159179688e+01,-1.216539192199707031e+01,-7.424337863922119141e+00,-6.528785228729248047e+00,-9.568260192871093750e+00,-1.535504341125488281e+01,-2.149087715148925781e+01,-1.414606094360351562e+01,-1.172732162475585938e+01,-7.608038902282714844e+00,-3.069398403167724609e+00,-7.983287811279296875e+00,-1.224248981475830078e+01,-1.302779197692871094e+01,-7.951660156250000000e+00,2.681257247924804688e+00,7.314038276672363281e+00,2.458793878555297852e+00,-8.322816848754882812e+00,-8.202337265014648438e+00,-3.702319622039794922e+00,-1.445937514305114746e+00,-2.574647426605224609e+00,-8.022192955017089844e+00,-1.026294326782226562e+01,-3.396840572357177734e+00,1.028852653503417969e+01,1.499593067169189453e+01,1.442880153656005859e+01,1.391779518127441406e+01,9.414480209350585938e+00,1.251796340942382812e+01,9.306909561157226562e+00,1.660076141357421875e+00,9.429964065551757812e+00,6.241830348968505859e+00,-7.947173118591308594e+00,-2.423179626464843750e+01,-3.309446716308593750e+01,-3.743486785888671875e+01,-3.814899444580078125e+01,-4.223875427246093750e+01,-4.343663024902343750e+01,-3.549317550659179688e+01,-1.451759529113769531e+01,5.600437164306640625e+00,9.054449081420898438e+00,-2.240625143051147461e+00,-1.127967071533203125e+01,-1.425556182861328125e+01,-9.607348442077636719e+00,-2.374469757080078125e+00,-3.364631414413452148e+00,3.875440359115600586e-02,1.209665679931640625e+01,7.512684822082519531e+00,9.921654462814331055e-01,4.577013015747070312e+00,7.506499290466308594e+00,3.729900836944580078e+00,-1.144797325134277344e+01,-3.079456901550292969e+01,-3.703769683837890625e+01,-3.759980773925781250e+01,-2.797536849975585938e+01,-2.370383834838867188e+01,-2.168323516845703125e+01,-6.625172615051269531e+00,3.729269981384277344e+00,-2.406910896301269531e+00,-5.654009819030761719e+00,-1.122374534606933594e+01,-2.497970771789550781e+01,-2.735868644714355469e+01,-3.321604919433593750e+01,-3.304224395751953125e+01,-3.562270355224609375e+01,-3.901202392578125000e+01,-4.092330932617187500e+01,-4.146438598632812500e+01,-3.745702362060546875e+01,-2.757983970642089844e+01,-1.758182907104492188e+01,-4.909653186798095703e+00,-3.926583051681518555e+00,-1.091375637054443359e+01,-1.124374008178710938e+01,-1.143733215332031250e+01,-1.059236335754394531e+01,-9.391543388366699219e+00,-4.014862060546875000e+00,-1.943113207817077637e+00,1.190980672836303711e-01,8.396986961364746094e+00,7.721713066101074219e+00,4.756746768951416016e+00,5.327348709106445312e+00,3.039734840393066406e+00,2.597503423690795898e+00,6.283981323242187500e+00,6.251439094543457031e+00,4.819208145141601562e+00,5.787238121032714844e+00,4.235885620117187500e+00,3.245199203491210938e+00,5.049034118652343750e+00,4.896105766296386719e+00,1.582080125808715820e+00,2.324877977371215820e+00,1.733891963958740234e+00,5.964367866516113281e+00,4.968698501586914062e+00,3.397713184356689453e+00,5.415352821350097656e+00,-2.728933572769165039e+00,-2.334473037719726562e+01,-3.077145004272460938e+01,-3.346266937255859375e+01,-4.028379821777343750e+01,-2.656214904785156250e+01,-1.367111968994140625e+01,-1.526362037658691406e+01,-1.649983215332031250e+01,-3.467202186584472656e+00,1.405964469909667969e+01,2.165608406066894531e+00,-1.765969657897949219e+01,-2.403380203247070312e+01,-2.625546646118164062e+01,-2.300711059570312500e+01,-1.673090171813964844e+01,-9.832563400268554688e+00,-1.028001308441162109e+00,8.550762176513671875e+00,6.693290710449218750e+00,8.523477554321289062e+00,3.437779426574707031e+00,-6.872892856597900391e+00,-2.329416275024414062e+01,-4.661317062377929688e+01,-5.150294876098632812e+01,-4.786506652832031250e+01,-5.096078491210937500e+01,-5.937753677368164062e+01,-6.448834228515625000e+01,-6.263203430175781250e+01,-6.036996078491210938e+01,-5.453458023071289062e+01,-3.860623550415039062e+01,-3.093714141845703125e+01,-3.085186767578125000e+01,-2.528228759765625000e+01,-1.662130546569824219e+01,-1.806876373291015625e+01,-2.471716690063476562e+01,-3.065438079833984375e+01,-3.144534301757812500e+01,-2.525862884521484375e+01,-1.525552749633789062e+01,-6.129880905151367188e+00,-5.211609840393066406e+00,-7.475349426269531250e+00,-4.110796928405761719e+00,-3.529371976852416992e+00,-1.973140478134155273e+00,6.185210943222045898e-01,3.168949604034423828e+00,9.826599121093750000e+00,8.241958618164062500e+00,-1.382370591163635254e+00,-5.108964920043945312e+00,-4.833981990814208984e-01,-1.601369380950927734e+00,-4.274727344512939453e+00,-7.575866222381591797e+00,-6.173122406005859375e+00,4.900439977645874023e-01,3.749874591827392578e+00,-5.475493669509887695e-01,1.258848190307617188e+00,-2.325431585311889648e+00,-2.837224006652832031e+00,-1.993899726867675781e+01,-3.247044372558593750e+01,-3.391404724121093750e+01,-2.274055862426757812e+01,-6.560520172119140625e+00,1.880419254302978516e+00,-2.585955619812011719e+00,-1.450060749053955078e+01,-1.475172805786132812e+01,-4.825075149536132812e+00,-8.327213525772094727e-01,-1.353269290924072266e+01,-2.262518310546875000e+01,-3.794962692260742188e+01,-4.112377166748046875e+01,-2.945912933349609375e+01,-2.536293411254882812e+01,-3.410061645507812500e+01,-4.022121429443359375e+01,-4.292346954345703125e+01,-4.496385192871093750e+01,-3.925585556030273438e+01,-2.906507110595703125e+01,-2.453167915344238281e+01,-1.701512145996093750e+01,-1.519260978698730469e+01,-3.358106231689453125e+01,-5.717737197875976562e+01,-5.566297912597656250e+01,-4.856576156616210938e+01,-4.377590560913085938e+01,-4.256581115722656250e+01,-4.216346740722656250e+01,-4.133602905273437500e+01,-4.290243530273437500e+01,-4.881120300292968750e+01,-4.686542129516601562e+01,-3.684413909912109375e+01,-3.872774124145507812e+01,-4.962382507324218750e+01,-5.915160369873046875e+01,-6.450866699218750000e+01,-7.195259094238281250e+01,-6.535893249511718750e+01,-5.361882019042968750e+01,-3.703408813476562500e+01,-2.153825950622558594e+01,-2.344583511352539062e+01,-2.880581092834472656e+01,-3.427356719970703125e+01,-3.166766357421875000e+01,-3.230556488037109375e+01,-3.056884956359863281e+01,-3.196548843383789062e+01,-2.955631256103515625e+01,-1.902140426635742188e+01,-3.402813434600830078e+00,5.041730880737304688e+00,3.211310625076293945e+00,2.777014255523681641e+00,4.466333866119384766e+00,-4.288921833038330078e+00,-8.885168075561523438e+00,-7.385465145111083984e+00,-5.586338996887207031e+00,-1.899872660636901855e+00,1.357528448104858398e+00,-4.278148174285888672e+00,-1.500110626220703125e+01,-1.649355316162109375e+01,-1.317286396026611328e+01,-1.100648880004882812e+01,-1.234366989135742188e+01,-9.978336334228515625e+00,-1.536164569854736328e+01,-4.271353912353515625e+01,-6.210295867919921875e+01,-6.322419738769531250e+01,-5.662976074218750000e+01,-5.238183593750000000e+01,-5.387065124511718750e+01,-4.704052734375000000e+01,-3.015533447265625000e+01,-2.759370803833007812e+01,-2.928765487670898438e+01,-3.283420181274414062e+01,-2.838213539123535156e+01,-2.312028503417968750e+01,-1.737580490112304688e+01,-2.633446502685546875e+01,-3.714573669433593750e+01,-3.714388275146484375e+01,-2.222253990173339844e+01,-2.285064697265625000e+01,-3.042513465881347656e+01,-3.826885223388671875e+01,-3.885113525390625000e+01,-3.352909469604492188e+01,-2.350677490234375000e+01,-1.518536567687988281e+01,-8.758617401123046875e+00,-2.097716093063354492e+00,4.337134838104248047e+00,8.704374313354492188e+00,-5.413908958435058594e+00,-1.659631347656250000e+01,-1.254463958740234375e+01,-3.568060874938964844e+00,-1.161104965209960938e+01,-3.195302200317382812e+01,-3.915900421142578125e+01,-1.933178710937500000e+01,-8.023303985595703125e+00,-8.938261985778808594e+00,-1.109229946136474609e+01,-6.389436721801757812e+00,-5.748426914215087891e-01,-4.556457519531250000e+00,-2.499871969223022461e+00,3.513575553894042969e+00,5.160487174987792969e+00,8.165290832519531250e+00,1.298408699035644531e+01,4.658494472503662109e+00,-2.036598587036132812e+01,-3.172342300415039062e+01,-3.642882919311523438e+01,-3.844632720947265625e+01,-3.695074462890625000e+01,-3.873507690429687500e+01,-3.590515899658203125e+01,-1.943725204467773438e+01,-1.046738243103027344e+01,-4.880541801452636719e+00,2.281284570693969727e+00,-2.903492689132690430e+00,8.221732139587402344e+00,2.061345672607421875e+01,1.651184844970703125e+01,6.445198059082031250e+00,-1.345789337158203125e+01,-3.395110321044921875e+01,-4.121410751342773438e+01,-2.997843742370605469e+01,-1.933456039428710938e+01,-4.220600128173828125e-01,-7.722527503967285156e+00,-3.012667274475097656e+01,-3.833903503417968750e+01,-2.851213836669921875e+01,-7.116307258605957031e+00,1.076189637184143066e+00,-3.062422275543212891e+00,-6.173913955688476562e+00,-6.922419548034667969e+00,-4.764868736267089844e+00,-8.364613533020019531e+00,-2.776742553710937500e+01,-4.499400329589843750e+01,-4.699167633056640625e+01,-4.316059494018554688e+01,-4.256343841552734375e+01,-4.486161041259765625e+01,-4.466345977783203125e+01,-4.154755401611328125e+01,-4.186808776855468750e+01,-2.982284545898437500e+01,-8.684615135192871094e+00,6.181275367736816406e+00,6.224060058593750000e+00,-9.430947303771972656e+00,-1.081074237823486328e+01,-1.094950485229492188e+01,-1.774400329589843750e+01,-1.893109893798828125e+01,-1.919013595581054688e+01,-1.913862228393554688e+01,-1.995903778076171875e+01,-2.975095367431640625e+01,-3.909931182861328125e+01,-4.625614166259765625e+01,-4.781447601318359375e+01,-4.805695724487304688e+01,-5.791738891601562500e+01,-6.166339111328125000e+01,-6.336005401611328125e+01,-5.623985671997070312e+01,-5.560652923583984375e+01,-5.941994476318359375e+01,-5.672172927856445312e+01,-5.047567749023437500e+01,-4.130397033691406250e+01,-2.098380279541015625e+01,-1.120429992675781250e+01,-1.442540264129638672e+01,-1.433018112182617188e+01,-1.545303058624267578e+01,-2.339720916748046875e+01,-4.207616424560546875e+01,-6.189043045043945312e+01,-6.704394531250000000e+01,-6.840000152587890625e+01,-7.257769775390625000e+01,-7.421037292480468750e+01,-7.130627441406250000e+01,-6.704863739013671875e+01,-6.274488067626953125e+01,-5.950208663940429688e+01,-6.056845855712890625e+01,-5.552695465087890625e+01,-5.020283889770507812e+01,-4.269658279418945312e+01,-2.499713516235351562e+01,-1.941125869750976562e+01,-1.398928833007812500e+01,-1.380225753784179688e+01,-9.461262702941894531e+00,-7.416946887969970703e+00,-9.604710578918457031e+00,-9.926604270935058594e+00,-1.251108264923095703e+01,-1.644456481933593750e+01,-1.730778884887695312e+01,-1.623941802978515625e+01,-1.841931724548339844e+01,-1.968218421936035156e+01,-1.835757255554199219e+01,-1.713719940185546875e+01,-1.443478202819824219e+01,-1.417075729370117188e+01,-1.131514930725097656e+01,-1.372190666198730469e+01,-1.758245277404785156e+01,-1.461270523071289062e+01,-6.925490379333496094e+00,-3.015253543853759766e+00,1.994643568992614746e+00,3.415173530578613281e+00,6.212321281433105469e+00,7.653283119201660156e+00,7.700846672058105469e+00,5.572980880737304688e+00,4.967452049255371094e+00,2.825577259063720703e+00,2.145645618438720703e+00,4.617181718349456787e-01,-2.127309417724609375e+01,-3.161316108703613281e+01,-2.166312408447265625e+01,-4.953150749206542969e+00,-9.963925361633300781e+00,-2.723986053466796875e+01,-3.501319122314453125e+01,-4.522172546386718750e+01,-5.414343643188476562e+01,-4.973642730712890625e+01,-4.360700988769531250e+01,-3.742719268798828125e+01,-3.592677688598632812e+01,-3.629726028442382812e+01,-1.692008209228515625e+01,-1.759272384643554688e+01,-2.125499916076660156e+01,-2.744799423217773438e+01,-3.035420608520507812e+01,-2.648458480834960938e+01,-1.177795028686523438e+01,-6.025795936584472656e+00,-2.738364696502685547e+00,7.643759250640869141e-01,-7.767762541770935059e-01,-9.503005981445312500e+00,-1.546447849273681641e+01,-6.990496635437011719e+00,-9.369663238525390625e+00,-2.356426239013671875e+01,-4.416727447509765625e+01,-5.718562316894531250e+01,-6.173246765136718750e+01,-6.088156509399414062e+01,-5.160403442382812500e+01,-4.484575653076171875e+01,-3.683538055419921875e+01,-2.873435974121093750e+01,-2.594474411010742188e+01,-2.551958465576171875e+01,-2.714686965942382812e+01,-3.585186386108398438e+01,-4.202888488769531250e+01,-3.909574890136718750e+01,-3.182044219970703125e+01,-2.620634078979492188e+01,-2.765861511230468750e+01,-3.097177124023437500e+01,-2.775853729248046875e+01,-2.607151794433593750e+01,-2.685272216796875000e+01,-2.579809951782226562e+01,-1.778026008605957031e+01,-1.393803787231445312e+01,-1.296111965179443359e+01,-7.076808929443359375e+00,-1.294519710540771484e+01,-1.414490127563476562e+01,-1.324297714233398438e+01,-1.258904457092285156e+01,-1.873242378234863281e+01,-3.326329040527343750e+01,-4.279787826538085938e+01,-6.189194488525390625e+01,-7.165411376953125000e+01,-6.897418975830078125e+01,-6.359769439697265625e+01,-5.777804183959960938e+01,-3.656761932373046875e+01,-1.811885833740234375e+01,-2.185529708862304688e+01,-3.086717224121093750e+01,-3.855516815185546875e+01,-4.405818939208984375e+01,-4.215172195434570312e+01,-4.115699005126953125e+01,-4.047859191894531250e+01,-4.377747344970703125e+01,-4.497336196899414062e+01,-5.384143447875976562e+01,-5.383285522460937500e+01,-4.346164703369140625e+01,-3.237198638916015625e+01,-1.939050674438476562e+01,-2.810074329376220703e+00,6.287914752960205078e+00,2.373627424240112305e+00,-1.458636999130249023e+00,-6.682103872299194336e-01,3.330190896987915039e+00,-6.235481262207031250e+00,-1.106283950805664062e+01,-6.384154319763183594e+00,-3.272987365722656250e+00,-6.657198429107666016e+00,-6.925590991973876953e+00,-1.001522827148437500e+01,-2.279813957214355469e+01,-2.433372306823730469e+01,-1.759952163696289062e+01,-4.207400321960449219e+00,-6.481072902679443359e-01,-5.427382469177246094e+00,-1.975452423095703125e+01,-3.068783569335937500e+01,-4.117910003662109375e+01,-4.836885070800781250e+01,-5.468184280395507812e+01,-5.283580780029296875e+01,-5.093041992187500000e+01,-5.053900909423828125e+01,-4.617738342285156250e+01,-4.299087524414062500e+01,-4.198861694335937500e+01,-3.829916381835937500e+01,-3.109511947631835938e+01,-3.031089401245117188e+01,-1.343959617614746094e+01,-1.449766349792480469e+01,-2.970226669311523438e+01,-3.520884704589843750e+01,-3.495359039306640625e+01,-3.799204254150390625e+01,-3.061646270751953125e+01,-1.894860839843750000e+01,-1.751992797851562500e+01,-2.144306564331054688e+01,-2.587457847595214844e+01,-2.236681938171386719e+01,-2.479171371459960938e+01,-2.184862518310546875e+01,-2.058494567871093750e+01,-1.932664871215820312e+01,-1.596554565429687500e+01,-1.326568412780761719e+01,-8.187561035156250000e+00,-7.800425529479980469e+00,-1.067165184020996094e+01,-7.144170284271240234e+00,-8.575419425964355469e+00,-6.046322822570800781e+00,-1.232452630996704102e+00,-2.673504829406738281e+00,-4.957110881805419922e-01,-1.040112495422363281e+00,-4.485258102416992188e+00,-2.667578220367431641e+00,3.050947427749633789e+00,6.832642555236816406e+00,2.968965470790863037e-01,-2.197929382324218750e+01,-3.420536804199218750e+01,-4.169002532958984375e+01,-4.457239532470703125e+01,-4.043699645996093750e+01,-3.663460159301757812e+01,-3.339417266845703125e+01,-2.064001274108886719e+01,-2.042085647583007812e+01,-1.062657642364501953e+01,-8.414529800415039062e+00,-1.863254356384277344e+01,-2.500210189819335938e+01,-1.105717754364013672e+01,2.372918725013732910e-01,-3.964409112930297852e+00,-1.179771423339843750e+01,-9.769115447998046875e+00,-1.719675302505493164e+00,-2.647723674774169922e+00,-1.251177406311035156e+01,-2.133671188354492188e+01,-2.464900970458984375e+01,-2.091430282592773438e+01,-2.669736480712890625e+01,-3.295810699462890625e+01,-3.097804260253906250e+01,-2.536587524414062500e+01,-1.430151748657226562e+01,-9.726053237915039062e+00,-3.224684715270996094e+00,5.095062255859375000e+00,1.029458618164062500e+01,9.971588134765625000e+00,7.586333751678466797e+00,4.555094242095947266e+00,3.119144201278686523e+00,-1.836751222610473633e+00,4.588732719421386719e+00,3.796087801456451416e-01,-5.756484985351562500e+00,-1.745686721801757812e+01,-2.770837020874023438e+01,-2.361596488952636719e+01,-1.412000656127929688e+01,-1.409392166137695312e+01,-1.020805835723876953e+01,-1.060381507873535156e+01,-1.577970123291015625e+01,-2.078890991210937500e+01,-1.357417678833007812e+01,1.744379997253417969e+00,1.734728693962097168e+00,2.168070077896118164e+00,7.809477806091308594e+00,9.735511779785156250e+00,5.820969581604003906e+00,4.707560539245605469e+00,6.518476486206054688e+00,1.043357849121093750e+01,9.628787994384765625e+00,9.497798919677734375e+00,1.025009536743164062e+01,1.267327880859375000e+01,6.151644706726074219e+00,-8.810411691665649414e-01,-2.868448734283447266e+00,4.087465286254882812e+00,5.276939868927001953e+00,2.923369407653808594e+00,2.557931184768676758e+00,2.519390106201171875e+00,5.563328742980957031e+00,-7.104075431823730469e+00,-1.614628410339355469e+01,-1.797121429443359375e+01,-6.200789928436279297e+00,-1.014815926551818848e+00,-1.986868858337402344e+00,-1.799923062324523926e+00,-4.408306479454040527e-01,-4.330208301544189453e-01,-8.692051172256469727e-01,3.097675800323486328e+00,5.490650653839111328e+00,2.908084869384765625e+00,3.352805137634277344e+00,-5.239206790924072266e+00,-1.288833999633789062e+01,-1.790884017944335938e+01,-2.102828979492187500e+01,-1.252510643005371094e+01,-6.573712348937988281e+00,-1.591435813903808594e+01,-2.700713729858398438e+01,-2.664429092407226562e+01,-4.305698394775390625e+01,-5.264411926269531250e+01,-5.438915252685546875e+01,-4.478638458251953125e+01,-3.148970031738281250e+01,-2.109577178955078125e+01,-2.672070312500000000e+01,-3.894631195068359375e+01,-3.920318603515625000e+01,-3.154758453369140625e+01,-2.515259933471679688e+01,-1.248259544372558594e+01,-1.368095588684082031e+01,-2.088121223449707031e+01,-1.783260345458984375e+01,-1.233691406250000000e+01,-9.372648239135742188e+00,-9.421493530273437500e+00,-7.743392944335937500e+00,-5.583414077758789062e+00,4.683294296264648438e+00,6.984038352966308594e+00,-2.258736848831176758e+00,-2.784687042236328125e+01,-3.325778961181640625e+01,-3.229161071777343750e+01,-3.472777557373046875e+01,-4.101845169067382812e+01,-4.628013610839843750e+01,-5.325908660888671875e+01,-6.406186676025390625e+01,-6.492834472656250000e+01,-6.851287841796875000e+01,-6.606163024902343750e+01,-6.081151580810546875e+01,-5.179891204833984375e+01,-4.839175415039062500e+01,-5.511978149414062500e+01,-6.111364746093750000e+01,-5.373770904541015625e+01,-3.967728424072265625e+01,-2.622453308105468750e+01,-1.857537841796875000e+01,-1.995265197753906250e+01,-2.176016616821289062e+01,-1.766544914245605469e+01,-1.018007659912109375e+01,-6.458307266235351562e+00,-8.592878341674804688e+00,-1.077218437194824219e+01,-1.150656318664550781e+01,-9.768558502197265625e+00,-1.001768589019775391e+01,-1.095156478881835938e+01,-1.193365669250488281e+01,-5.541590690612792969e+00,-5.948055744171142578e+00,-2.108204078674316406e+01,-2.238996505737304688e+01,-1.439304351806640625e+01,-2.638619899749755859e+00,-7.071056365966796875e+00,-1.392298579216003418e+00,-4.095030307769775391e+00,-8.895936012268066406e+00,-2.779035568237304688e+00,-2.515262603759765625e+00,-2.682345390319824219e+00,-2.034874725341796875e+01,-4.413196182250976562e+01,-5.066635894775390625e+01,-4.322940063476562500e+01,-2.912168121337890625e+01,-2.433395004272460938e+01,-3.222326660156250000e+01,-4.580065917968750000e+01,-4.248620605468750000e+01,-3.114516067504882812e+01,-2.043066024780273438e+01,-1.420402431488037109e+01,-9.398517608642578125e+00,-4.325894832611083984e+00,1.301038861274719238e+00,3.222004652023315430e+00,-2.234828710556030273e+00,-8.897031784057617188e+00,-1.597047042846679688e+01,-1.782556343078613281e+01,-1.378187751770019531e+01,-2.305636978149414062e+01,-3.417544555664062500e+01,-3.356768798828125000e+01,-2.652709960937500000e+01,-1.627397918701171875e+01,-1.064024543762207031e+01,-1.757134056091308594e+01,-2.470783805847167969e+01,-3.303223800659179688e+01,-2.388467597961425781e+01,-1.841587829589843750e+01,-2.748683547973632812e+01,-2.696228790283203125e+01,-2.190195465087890625e+01,-2.464763832092285156e+01,-2.827930831909179688e+01,-3.229879760742187500e+01,-2.767672348022460938e+01,-1.546332740783691406e+01,-1.163192367553710938e+01,-2.442147445678710938e+01,-2.675293731689453125e+01,-2.901219558715820312e+01,-3.132552528381347656e+01,-3.936592864990234375e+01,-4.081187057495117188e+01,-4.263400268554687500e+01,-4.505922698974609375e+01,-3.548926544189453125e+01,-3.267313003540039062e+01,-2.964499282836914062e+01,-3.096621894836425781e+01,-2.430721473693847656e+01,-1.112134552001953125e+01,8.671607971191406250e+00,1.233353233337402344e+01,9.673595428466796875e+00,2.265755414962768555e+00,2.486745357513427734e+00,1.767659783363342285e-01,-6.219838142395019531e+00,-1.110397624969482422e+01,-5.573438167572021484e+00,-2.643688201904296875e+00,-3.728644847869873047e+00,-2.456648349761962891e+00,-9.865665435791015625e+00,-1.418460559844970703e+01,-8.969031333923339844e+00,-1.202779197692871094e+01,-1.572707557678222656e+01,-1.635242080688476562e+01,-1.780445861816406250e+01,-8.621759414672851562e+00,-1.279601192474365234e+01,-1.289140319824218750e+01,-6.396041870117187500e+00,-8.969421386718750000e+00,-1.320399188995361328e+01,-1.574796962738037109e+01,-2.507403182983398438e+01,-3.335300445556640625e+01,-3.360746002197265625e+01,-2.525644683837890625e+01,-2.471807289123535156e+01,-2.146554565429687500e+01,-1.406631660461425781e+01,-1.269209671020507812e+01,-3.530341625213623047e+00,1.030344200134277344e+01,1.195916938781738281e+01,2.074097824096679688e+01,3.415266418457031250e+01,3.016392135620117188e+01,2.439740753173828125e+01,2.208682632446289062e+01,1.564782905578613281e+01,1.549495601654052734e+01,-1.154664039611816406e+01,-2.514271354675292969e+01,-2.240185928344726562e+01,-9.919626712799072266e-01,-1.164369106292724609e+01,-2.915192413330078125e+01,-3.813919830322265625e+01,-4.475376892089843750e+01,-4.931815338134765625e+01,-4.933461761474609375e+01,-4.128738021850585938e+01,-2.457559394836425781e+01,-1.797382354736328125e+01,-1.536133956909179688e+01,-1.872789382934570312e+01,-9.459492683410644531e+00,-4.130178833007812500e+01,-5.609342956542968750e+01,-6.276483535766601562e+01,-6.416825103759765625e+01,-6.358732604980468750e+01,-6.039680862426757812e+01,-4.897368621826171875e+01,-4.001723861694335938e+01,-3.077060127258300781e+01,-2.945493316650390625e+01,-2.679168701171875000e+01,-1.680498504638671875e+01,-1.548598098754882812e+01,-1.631459045410156250e+01,-1.533192443847656250e+01,-1.618935585021972656e+01,-1.520308113098144531e+01,-1.431784439086914062e+01,-1.654811096191406250e+01,-2.150682067871093750e+01,-2.526865386962890625e+01,-2.069010543823242188e+01,-1.406715965270996094e+01,-1.281945991516113281e+01,-1.666992187500000000e+01,-2.135804367065429688e+01,-1.758640289306640625e+01,-1.574758338928222656e+01,-1.054891967773437500e+01,-1.337800788879394531e+01,-1.278624916076660156e+01,-1.163230895996093750e+01,-9.439325332641601562e+00,-4.705803394317626953e+00,-5.365570068359375000e+00,-4.939807415008544922e+00,-5.684869766235351562e+00,-9.068598747253417969e+00,-1.054536533355712891e+01,-9.104845046997070312e+00,-2.475311040878295898e+00,5.322431564331054688e+00,5.509890079498291016e+00,4.398246765136718750e+00,6.236726760864257812e+00,4.737312316894531250e+00,8.767999649047851562e+00,5.629301071166992188e+00,-4.299449920654296875e-01,3.270388126373291016e+00,5.353986740112304688e+00,5.060832977294921875e+00,2.883922100067138672e+00,4.027262687683105469e+00,-3.507833003997802734e+00,-1.861172103881835938e+01,-4.379707336425781250e+01,-4.761920928955078125e+01,-3.614598846435546875e+01,-2.664076614379882812e+01,-3.523838806152343750e+01,-4.249395751953125000e+01,-4.286389160156250000e+01,-4.281172180175781250e+01,-5.098102188110351562e+01,-5.772680664062500000e+01,-6.561988830566406250e+01,-6.845764160156250000e+01,-6.866829681396484375e+01,-6.222614288330078125e+01,-5.357405853271484375e+01,-3.925121688842773438e+01,-2.467257308959960938e+01,-1.396827888488769531e+01,-1.642031860351562500e+01,-2.074317169189453125e+01,-1.959177017211914062e+01,-1.955737304687500000e+01,-2.139302825927734375e+01,-1.576553249359130859e+01,-1.448658943176269531e+01,-1.810847091674804688e+01,-2.163190269470214844e+01,-1.462385749816894531e+01,-5.568789005279541016e+00,-4.610289573669433594e+00,-2.394406318664550781e+00,-6.116072654724121094e+00,-2.683125019073486328e+00,1.508375555276870728e-01,-8.180528640747070312e+00,-1.238187599182128906e+01,-1.309090232849121094e+01,-2.192002677917480469e+01,-3.666712188720703125e+01,-4.632332229614257812e+01,-4.978153610229492188e+01,-4.800627136230468750e+01,-4.883266448974609375e+01,-5.441175842285156250e+01,-5.262478256225585938e+01,-4.816664886474609375e+01,-3.705229949951171875e+01,-2.366069030761718750e+01,-1.819042968750000000e+01,-1.874475479125976562e+01,-1.803530120849609375e+01,-1.374788188934326172e+01,-9.077855110168457031e+00,-5.089227676391601562e+00,-2.669083595275878906e+00,-6.972477912902832031e+00,-1.983444595336914062e+01,-1.730013275146484375e+01,-1.699951744079589844e+01,-1.890483856201171875e+01,-1.632539176940917969e+01,-1.646967697143554688e+01,-1.901696777343750000e+01,-1.298399353027343750e+01,-6.864415645599365234e+00,-5.864719390869140625e+00,-1.652987670898437500e+01,-2.336058425903320312e+01,-2.418648147583007812e+01,-2.390999412536621094e+01,-2.065340423583984375e+01,-1.612286567687988281e+01,-1.648742675781250000e+01,-2.495768356323242188e+01,-2.513994598388671875e+01,-1.488181304931640625e+01,-1.436168098449707031e+01,-1.226970863342285156e+01,-4.275468826293945312e+00,-5.917140960693359375e+00,-5.370113372802734375e+00,6.808494567871093750e+00,7.089159965515136719e+00,-1.214694023132324219e+01,-3.054019737243652344e+01,-3.859902191162109375e+01,-3.700670623779296875e+01,-3.294490432739257812e+01,-2.693867301940917969e+01,-2.032663726806640625e+01,-1.676415443420410156e+01,-1.754901885986328125e+01,-1.534247112274169922e+01,-2.405121326446533203e+00,-6.210765838623046875e+00,-1.386217308044433594e+01,-1.791701698303222656e+01,-3.013496589660644531e+01,-3.083089065551757812e+01,-2.430237960815429688e+01,-2.100970458984375000e+01,-2.646342086791992188e+01,-2.601876831054687500e+01,-2.060441398620605469e+01,-1.529180240631103516e+01,-1.278708839416503906e+01,-1.165286159515380859e+01,-1.285052871704101562e+01,-1.316331005096435547e+01,-1.451468849182128906e+01,-9.747313499450683594e+00,-2.054211235046386719e+01,-4.130222320556640625e+01,-4.522220611572265625e+01,-4.108166503906250000e+01,-3.194383621215820312e+01,-4.671549987792968750e+01,-5.541891098022460938e+01,-5.072811126708984375e+01,-5.597777175903320312e+01,-6.629164886474609375e+01,-5.809121704101562500e+01,-4.074957275390625000e+01,-2.822457313537597656e+01,-2.992435073852539062e+01,-3.522036361694335938e+01,-4.130561065673828125e+01,-5.555086135864257812e+01,-5.535584259033203125e+01,-5.161624145507812500e+01,-5.827219390869140625e+01,-5.555828094482421875e+01,-4.333692169189453125e+01,-3.917989349365234375e+01,-4.036822509765625000e+01,-3.483750152587890625e+01,-1.874328041076660156e+01,-1.684514164924621582e+00,6.943881034851074219e+00,8.373573303222656250e+00,9.229173660278320312e+00,2.796650409698486328e+00,-7.883472442626953125e+00,-9.724823951721191406e+00,-6.251570701599121094e+00,-6.867357254028320312e+00,-5.312130928039550781e+00,-5.891261100769042969e+00,-5.308391094207763672e+00,4.702713191509246826e-01,4.153972268104553223e-01,-2.509146451950073242e+00,2.383543491363525391e+00,4.436667442321777344e+00,1.483264923095703125e+00,2.243452072143554688e+00,6.490916728973388672e+00,1.252661228179931641e+01,1.319807243347167969e+01,1.119561195373535156e+01,1.113698387145996094e+01,1.184571456909179688e+01,7.357814788818359375e+00,5.170999526977539062e+00,7.964408874511718750e+00,4.330961704254150391e+00,-2.624942016601562500e+01,-2.849170684814453125e+01,-2.573837852478027344e+01,-7.417459487915039062e+00,-4.285370409488677979e-01,7.243433594703674316e-01,-5.457621097564697266e+00,-3.898439788818359375e+01,-4.568832778930664062e+01,-2.872603034973144531e+01,-4.089928054809570312e+01,-6.173153686523437500e+01,-6.234111022949218750e+01,-6.261825561523437500e+01,-6.704611968994140625e+01,-6.626127624511718750e+01,-5.951161193847656250e+01,-5.230591201782226562e+01,-3.930520629882812500e+01,-2.951262283325195312e+01,-3.075794219970703125e+01,-4.233456039428710938e+01,-4.263455200195312500e+01,-3.990951538085937500e+01,-4.125727844238281250e+01,-3.025355148315429688e+01,-9.728895187377929688e+00,4.651256501674652100e-01,-5.441705226898193359e+00,-1.743346786499023438e+01,-2.351238250732421875e+01,-2.716319656372070312e+01,-2.808649826049804688e+01,-2.430337142944335938e+01,-2.154267501831054688e+01,-1.061274528503417969e+01,-6.583504676818847656e+00,-1.298623085021972656e+01,-3.029129409790039062e+01,-3.457691192626953125e+01,-2.995621490478515625e+01,-1.360849571228027344e+01,4.857262372970581055e-01,-3.544481515884399414e+00,-1.185981750488281250e+01,-2.137046051025390625e+01,-9.843111038208007812e+00,-8.883569717407226562e+00,-8.732133865356445312e+00,-3.231928110122680664e+00,-3.153139686584472656e+01,-4.160760498046875000e+01,-3.923363494873046875e+01,-2.811872482299804688e+01,-1.972735977172851562e+01,-9.151224136352539062e+00,-9.760815620422363281e+00,-1.095872688293457031e+01,-1.074879074096679688e+01,-7.208194732666015625e+00,-6.623163223266601562e+00,-1.610594367980957031e+01,-2.816560745239257812e+01,-3.780915832519531250e+01,-3.875990295410156250e+01,-3.035393905639648438e+01,-2.304324150085449219e+01,-2.200608634948730469e+01,-2.128297805786132812e+01,-1.565933609008789062e+01,-1.224074554443359375e+01,-9.725959777832031250e+00,-8.224452972412109375e+00,-3.612028121948242188e+00,-3.060339689254760742e+00,1.348236203193664551e-01,2.865528583526611328e+00,3.362571001052856445e+00,2.610076427459716797e+00,2.243534088134765625e+00,6.015312194824218750e+00,7.095992565155029297e+00,6.304716110229492188e+00,7.480164527893066406e+00,7.686663627624511719e+00,9.030954360961914062e+00,1.002770614624023438e+01,7.301570892333984375e+00,3.610803127288818359e+00,-2.408473730087280273e+00,-3.804563522338867188e+00,-2.305446147918701172e+00,-2.040321350097656250e+00,7.660057544708251953e-01,1.721949100494384766e+00,6.612604141235351562e+00,3.687670946121215820e+00,3.159162044525146484e+00,5.915480136871337891e+00,7.796360015869140625e+00,-1.034519004821777344e+01,-3.198032379150390625e+01,-3.840501403808593750e+01,-3.975847625732421875e+01,-3.480632400512695312e+01,-3.047055435180664062e+01,-2.243087005615234375e+01,-1.100981712341308594e+01,-9.152791976928710938e+00,-2.364100265502929688e+01,-3.258980178833007812e+01,-3.178036499023437500e+01,-2.337266159057617188e+01,-1.384318351745605469e+01,-2.473017215728759766e+00,-6.360237121582031250e+00,-4.536275863647460938e+00,1.095719146728515625e+01,2.104747390747070312e+01,1.176151847839355469e+01,-6.604656696319580078e+00,-1.507452011108398438e+01,-1.747284698486328125e+01,-2.254744529724121094e+01,-2.100227737426757812e+01,-2.987630462646484375e+01,-3.689815521240234375e+01,-4.191724395751953125e+01,-4.024171829223632812e+01,-2.722764205932617188e+01,-1.039054965972900391e+01,-7.914323806762695312e+00,-9.720781326293945312e+00,-1.097766399383544922e+00,5.506193161010742188e+00,2.706892013549804688e+00,-1.122510337829589844e+01,-2.806896400451660156e+01,-3.778185272216796875e+01,-4.177365112304687500e+01,-4.377563476562500000e+01,-5.217150878906250000e+01,-5.435415649414062500e+01,-4.404766845703125000e+01,-3.437927246093750000e+01,-2.673700714111328125e+01,-2.884390449523925781e+01,-2.377065658569335938e+01,-2.676175689697265625e+01,-1.715332031250000000e+01,-7.742688179016113281e+00,-1.339946269989013672e+01,-1.325138282775878906e+01,-1.622924995422363281e+01,-1.448682212829589844e+01,-3.390215682983398438e+01,-4.568199920654296875e+01,-5.110047149658203125e+01,-5.082719421386718750e+01,-4.826192092895507812e+01,-4.978256225585937500e+01,-5.210362243652343750e+01,-5.050271606445312500e+01,-4.426455688476562500e+01,-3.913023376464843750e+01,-3.653982543945312500e+01,-3.103409957885742188e+01,-2.552657318115234375e+01,-2.289702224731445312e+01,-1.616000366210937500e+01,-2.115577507019042969e+01,-2.994670486450195312e+01,-2.743866920471191406e+01,-2.450935363769531250e+01,-2.683674049377441406e+01,-2.628689956665039062e+01,-1.745274734497070312e+01,-1.369590950012207031e+01,-1.284652996063232422e+01,-1.200554275512695312e+01,-8.013582229614257812e+00,-9.088469505310058594e+00,-7.286055088043212891e+00,-4.245401859283447266e+00,-1.642221093177795410e+00,2.774728834629058838e-01,-1.320587158203125000e+00,5.765302777290344238e-01,4.150570869445800781e+00,2.357165575027465820e+00,6.246610641479492188e+00,4.239431381225585938e+00,3.217063665390014648e+00,3.482477426528930664e+00,2.208778858184814453e+00,3.776702880859375000e+00,5.010961532592773438e+00,9.197012901306152344e+00,3.378057956695556641e+00,-3.663636016845703125e+01,-5.432801818847656250e+01,-6.784273529052734375e+01,-7.923497772216796875e+01,-7.720949554443359375e+01,-7.083738708496093750e+01,-6.941938781738281250e+01,-7.146171569824218750e+01,-6.908569335937500000e+01,-6.515115356445312500e+01,-5.116196441650390625e+01,-3.454343795776367188e+01,-2.543423080444335938e+01,-2.457955932617187500e+01,-2.532824325561523438e+01,-2.522831726074218750e+01,-2.846653938293457031e+01,-2.378491592407226562e+01,-2.421603775024414062e+01,-2.417271614074707031e+01,-2.962262725830078125e+01,-3.162633132934570312e+01,-2.256807327270507812e+01,-1.823708343505859375e+01,-1.979433059692382812e+01,-2.010063552856445312e+01,-2.342446708679199219e+01,-2.069059371948242188e+01,-1.637921905517578125e+01,-1.074104404449462891e+01,-3.910126447677612305e+00,-2.186737298965454102e+00,-3.785133361816406250e+00,-3.186525344848632812e+00,-1.226102709770202637e+00,-1.536934852600097656e+01,-3.756559753417968750e+01,-3.647673797607421875e+01,-3.106570053100585938e+01,-2.607275390625000000e+01,-2.557901382446289062e+01,-1.954072570800781250e+01,-8.559129714965820312e+00,-1.532270431518554688e+00,-2.704548597335815430e+00,-6.331071853637695312e+00,-3.619136333465576172e+00,-5.062224864959716797e+00,-3.049346446990966797e+00,1.689505577087402344e-02,2.561113119125366211e+00,8.775846481323242188e+00,1.387503719329833984e+01,1.474029350280761719e+01,9.231061935424804688e+00,5.118753433227539062e+00,8.708461761474609375e+00,7.652678489685058594e+00,1.016697525978088379e+00,9.454185485839843750e+00,8.114401817321777344e+00,6.987078666687011719e+00,2.724488973617553711e+00,-4.302289009094238281e+00,-1.019724178314208984e+01,-3.607177495956420898e+00,8.130100250244140625e+00,1.716782379150390625e+01,1.939453506469726562e+01,5.675102710723876953e+00,3.643361806869506836e+00,9.289952278137207031e+00,2.456868362426757812e+01,2.493472290039062500e+01,1.222530078887939453e+01,-3.074556350708007812e+00,-1.425694179534912109e+01,-1.813618850708007812e+01,-1.154851913452148438e+01,-1.259490966796875000e+01,-1.201296043395996094e+01,-2.035581588745117188e+00,-5.593842506408691406e+00,-1.458829021453857422e+01,-1.351697444915771484e+01,-2.055515289306640625e+01,-1.285932636260986328e+01,-7.884621620178222656e+00,-5.495766639709472656e+00,-8.701910018920898438e+00,-1.746436119079589844e+01,-2.646823120117187500e+01,-2.772619056701660156e+01,-1.954328155517578125e+01,-9.092384338378906250e+00,-8.647282600402832031e+00,7.031828165054321289e-01,7.939420223236083984e+00,1.085456085205078125e+01,-1.552286624908447266e+00,-9.355350494384765625e+00,-1.490444660186767578e+01,-2.060488128662109375e+01,-2.684345245361328125e+01,-2.710756874084472656e+01,-2.710688781738281250e+01,-2.834247398376464844e+01,-2.553623580932617188e+01,-1.093381118774414062e+01,-3.131327629089355469e+00,-3.792655467987060547e+00,-9.806785583496093750e-01,3.219708442687988281e+00,8.346104621887207031e+00,9.220568656921386719e+00,1.560276794433593750e+01,2.571374511718750000e+01,2.367646408081054688e+01,2.423853683471679688e+01,2.004799652099609375e+01,1.340885639190673828e+01,9.876533508300781250e+00,2.085534334182739258e+00,-9.949647903442382812e+00,-1.447128963470458984e+01,-1.418440151214599609e+01,-7.292874336242675781e+00,3.416495800018310547e+00,5.135512351989746094e+00,8.354794502258300781e+00,3.791309833526611328e+00,-5.316438674926757812e+00,-1.115783119201660156e+01,-7.538856506347656250e+00,-6.230545997619628906e+00,2.145171642303466797e+00,1.201416778564453125e+01,4.775049209594726562e+00,1.109590530395507812e+00,-1.243469357490539551e+00,2.346822619438171387e-01,9.262287020683288574e-01,2.849607706069946289e+00,3.218374252319335938e+00,3.388588428497314453e-01,2.283999443054199219e+00,-6.260234355926513672e+00,-1.407598686218261719e+01,-1.582289314270019531e+01,-2.028788375854492188e+01,-2.309038543701171875e+01,-2.454360198974609375e+01,-2.398802947998046875e+01,-5.669312477111816406e+00,1.213241767883300781e+01,1.736597824096679688e+01,1.028148841857910156e+01,-2.511837005615234375e+00,-3.037462997436523438e+01,-2.417507743835449219e+01,3.928386926651000977e+00,1.849648094177246094e+01,2.355309867858886719e+01,2.266799163818359375e+01,1.376334381103515625e+01,1.099710273742675781e+01,1.210640048980712891e+01,1.942763519287109375e+01,2.750050735473632812e+01,2.886582565307617188e+01,3.161336517333984375e+01,2.626807022094726562e+01,1.242813682556152344e+01,-5.982287406921386719e+00,-1.688898849487304688e+01,-2.652409744262695312e+01,-3.331096649169921875e+01,-3.321357727050781250e+01,-2.104149246215820312e+01,-1.376565361022949219e+01,-6.549790382385253906e+00,-5.746478080749511719e+00,-9.276674985885620117e-01,1.044440388679504395e+00,-2.289168834686279297e+00,6.679769515991210938e+00,9.805676460266113281e+00,6.842722892761230469e+00,4.455307960510253906e+00,7.526129245758056641e+00,7.539918899536132812e+00,9.418820381164550781e+00,1.211468315124511719e+01,8.925366401672363281e+00,7.478581428527832031e+00,3.580441951751708984e+00,5.700116157531738281e+00,1.157391071319580078e+00,2.840147912502288818e-01,2.818492650985717773e+00,4.993821680545806885e-01,5.984287261962890625e+00,3.995844364166259766e+00,-1.338331604003906250e+01,-1.803688430786132812e+01,-2.519217109680175781e+01,-3.200038528442382812e+01,-3.220273971557617188e+01,-2.381659698486328125e+01,-1.402985858917236328e+01,-1.110360336303710938e+01,-1.090068435668945312e+01,-5.936416625976562500e+00,8.721054077148437500e+00,-5.212836742401123047e+00,-1.829433822631835938e+01,-2.501628112792968750e+01,-2.152465629577636719e+01,-7.152892112731933594e+00,-1.825332641601562500e+01,-2.878361320495605469e+01,-3.468832015991210938e+01,-3.511414337158203125e+01,-3.232855987548828125e+01,-3.335166549682617188e+01,-4.068823623657226562e+01,-4.646065139770507812e+01,-3.910396575927734375e+01,-2.860166931152343750e+01,-3.256637954711914062e+01,-3.181804656982421875e+01,-1.842787933349609375e+01,-5.827900409698486328e+00,9.387790679931640625e+00,1.823919296264648438e+01,3.121184349060058594e+00,-1.765772819519042969e+00,-7.132310867309570312e-01,-2.298461198806762695e-01,-2.232730865478515625e+01,-2.933944320678710938e+01,-2.968088531494140625e+01,-2.937864303588867188e+01,-2.931793022155761719e+01,-2.799967575073242188e+01,-1.754485702514648438e+01,-2.085775375366210938e+01,-2.158049011230468750e+01,-9.943830490112304688e+00,-1.795169472694396973e+00,-3.164906978607177734e+00,-1.274570083618164062e+01,-2.607606887817382812e+01,-3.855070114135742188e+01,-4.408355712890625000e+01,-5.327894592285156250e+01,-6.050518035888671875e+01,-6.423921203613281250e+01,-6.465927124023437500e+01,-5.018218231201171875e+01,-3.522769927978515625e+01,-3.364890289306640625e+01,-2.946410942077636719e+01,-3.926013183593750000e+01,-4.677148056030273438e+01,-4.599684906005859375e+01,-3.406440734863281250e+01,-2.231202507019042969e+01,-1.982302093505859375e+01,-2.100352478027343750e+01,-1.834346008300781250e+01,-1.803157043457031250e+01,-2.466807556152343750e+01,-3.165213584899902344e+01,-3.639520263671875000e+01,-3.225682067871093750e+01,-2.011051177978515625e+01,-7.943112373352050781e+00,-9.853734374046325684e-01,-1.002057313919067383e+00,-3.735450267791748047e+00,-9.399310111999511719e+00,-1.185417747497558594e+01,-7.561275482177734375e+00,-1.451998519897460938e+01,-8.036500930786132812e+00,-6.789267063140869141e+00,-1.784328079223632812e+01,-3.949946975708007812e+01,-4.521857452392578125e+01,-3.800933837890625000e+01,-3.816599655151367188e+01,-4.175216293334960938e+01,-3.451316452026367188e+01,-1.276291465759277344e+01,-8.640641570091247559e-01,-3.164810180664062500e+00,-2.681891632080078125e+01,-4.140960693359375000e+01,-2.768465805053710938e+01,-1.289273643493652344e+01,-7.521677494049072266e+00,4.037522315979003906e+00,8.509537696838378906e+00,5.959192514419555664e-01,-2.527836608886718750e+01,-3.386930847167968750e+01,-2.293518829345703125e+01,-8.094979286193847656e+00,-3.895004749298095703e+00,-9.129865646362304688e+00,-8.553609848022460938e+00,-6.274124145507812500e+00,-5.600172996520996094e+00,-1.798354387283325195e+00,-1.079833507537841797e-01,-1.228741168975830078e+00,-1.330230593681335449e+00,-8.627029418945312500e+00,-1.307221984863281250e+01,-3.015603542327880859e+00,6.014760017395019531e+00,5.887959480285644531e+00,-4.757368266582489014e-01,7.855181097984313965e-01,-9.412756919860839844e+00,-8.318912506103515625e+00,5.739896297454833984e+00,5.636982440948486328e+00,-3.302473545074462891e+00,-1.407798290252685547e+01,-1.953107643127441406e+01,-2.356287384033203125e+01,-2.539106750488281250e+01,-2.921585464477539062e+01,-4.113105773925781250e+01,-5.396458435058593750e+01,-5.710169982910156250e+01,-5.185546493530273438e+01,-3.859425354003906250e+01,-3.043555831909179688e+01,-2.357101440429687500e+01,-2.336760711669921875e+01,-2.300693130493164062e+01,-1.539637756347656250e+01,-3.844881057739257812e+00,3.713844776153564453e+00,-8.804403305053710938e+00,-2.001178932189941406e+01,-2.170785522460937500e+01,-2.500378608703613281e+01,-2.756962966918945312e+01,-2.584312438964843750e+01,-1.380254936218261719e+01,2.847960472106933594e+00,-4.970468521118164062e+00,-2.674775314331054688e+01,-4.322176361083984375e+01,-4.787785339355468750e+01,-4.397419357299804688e+01,-2.903158569335937500e+01,-1.693328475952148438e+01,-1.606832313537597656e+01,-1.701579666137695312e+01,-1.924216651916503906e+01,-1.947198486328125000e+01,-2.469534301757812500e+01,-2.750400543212890625e+01,-4.473021697998046875e+01,-5.489034652709960938e+01,-5.494938659667968750e+01,-6.107681274414062500e+01,-7.046937561035156250e+01,-7.814345550537109375e+01,-7.094384765625000000e+01,-6.124855804443359375e+01,-4.245763397216796875e+01,-3.180236816406250000e+01,-2.803860282897949219e+01,-3.009624862670898438e+01,-3.803414916992187500e+01,-3.984826660156250000e+01,-3.758761978149414062e+01,-3.357542419433593750e+01,-3.232352066040039062e+01,-2.768866729736328125e+01,-2.166521072387695312e+01,-1.970713806152343750e+01,-1.306753921508789062e+01,-8.417772293090820312e+00,-7.224166870117187500e+00,-6.981769561767578125e+00,-1.168414497375488281e+01,-1.923683547973632812e+01,-3.159622192382812500e+01,-4.315194702148437500e+01,-4.467094421386718750e+01,-3.662969970703125000e+01,-3.052207374572753906e+01,-4.380464553833007812e+01,-5.684782409667968750e+01,-4.625888061523437500e+01,-3.404347991943359375e+01,-2.647911643981933594e+01,-2.787206649780273438e+01,-3.138297271728515625e+01,-3.444264984130859375e+01,-4.269160461425781250e+01,-4.478613281250000000e+01,-4.388537597656250000e+01,-3.974304199218750000e+01,-4.204220962524414062e+01,-4.059401702880859375e+01,-3.971556854248046875e+01,-3.742406082153320312e+01,-3.787404632568359375e+01,-3.819236755371093750e+01,-3.419689941406250000e+01,-2.691063499450683594e+01,-2.674758911132812500e+01,-2.340027999877929688e+01,-2.446604156494140625e+01,-2.111965179443359375e+01,-2.092893218994140625e+01,-2.053174209594726562e+01,-1.714189910888671875e+01,-1.644198989868164062e+01,-1.662774467468261719e+01,-2.609174537658691406e+01,-2.849639892578125000e+01,-1.204240036010742188e+01,-5.813010215759277344e+00,-1.308168029785156250e+01,-1.248098564147949219e+01,-1.100204467773437500e+01,-5.999680042266845703e+00,-2.691133499145507812e+00,-3.949316024780273438e+00,3.731759190559387207e-01,-8.228129148483276367e-01,-8.335894346237182617e-01,-1.114146709442138672e+01,-3.882357025146484375e+01,-4.846413421630859375e+01,-4.121573638916015625e+01,-3.218360900878906250e+01,-2.714786148071289062e+01,-4.191708374023437500e+01,-5.638332366943359375e+01,-6.529850769042968750e+01,-7.008972167968750000e+01,-6.628724670410156250e+01,-5.229406738281250000e+01,-5.181190490722656250e+01,-5.054129409790039062e+01,-3.945516204833984375e+01,-3.608802032470703125e+01,-3.865292358398437500e+01,-4.466696929931640625e+01,-2.790394020080566406e+01,-2.100053405761718750e+01,-1.788074493408203125e+01,-9.565807342529296875e+00,-1.095444107055664062e+01,-1.999987983703613281e+01,-2.325815200805664062e+01,-1.900726318359375000e+01,-1.543817615509033203e+01,-2.320272064208984375e+01,-2.161811065673828125e+01,-9.101863861083984375e+00,-9.515848755836486816e-01,-1.355995941162109375e+01,-3.166423606872558594e+01,-4.116073608398437500e+01,-4.067542266845703125e+01,-3.322695159912109375e+01,-2.819720840454101562e+01,-1.710818099975585938e+01,-1.706811523437500000e+01,-2.915832901000976562e+01,-2.896706771850585938e+01,-2.152504730224609375e+01,-1.973617172241210938e+01,-3.154916381835937500e+01,-3.445713424682617188e+01,-3.617641448974609375e+01,-4.138794326782226562e+01,-4.171151351928710938e+01,-3.534148788452148438e+01,-2.951947593688964844e+01,-2.887377929687500000e+01,-1.991964721679687500e+01,-2.066132354736328125e+01,-2.542782402038574219e+01,-2.789004135131835938e+01,-2.117093849182128906e+01,-3.065834808349609375e+01,-3.308990859985351562e+01,-2.078850936889648438e+01,-1.320221710205078125e+01,-1.661531066894531250e+01,-2.884881973266601562e+01,-2.506085968017578125e+01,-1.931488990783691406e+01,-2.009713745117187500e+01,-2.704956436157226562e+01,-3.064906311035156250e+01,-1.721772003173828125e+01,-1.811545944213867188e+01,-2.772538566589355469e+01,-3.008880615234375000e+01,-2.866954040527343750e+01,-2.677036476135253906e+01,-2.397777557373046875e+01,-2.224701690673828125e+01,-1.431870651245117188e+01,-5.417654037475585938e+00,-8.900379180908203125e+00,-8.713731765747070312e+00,-8.243256568908691406e+00,-1.535756206512451172e+01,-1.545458316802978516e+01,-3.914466094970703125e+01,-5.006666564941406250e+01,-3.192765808105468750e+01,-1.397407913208007812e+01,-1.019705200195312500e+01,-1.497237968444824219e+01,-1.157968711853027344e+01,-7.134877204895019531e+00,2.080093383789062500e+00,-2.467601776123046875e+00,-6.388164520263671875e+00,-6.173256874084472656e+00,-8.365251541137695312e+00,-5.858738899230957031e+00,9.386259078979492188e+00,6.456678390502929688e+00,4.652643203735351562e+00,7.151750564575195312e+00,9.153177261352539062e+00,1.343130493164062500e+01,1.453817749023437500e+01,1.540568637847900391e+01,-8.963779211044311523e-01,-1.124080085754394531e+01,-1.708165550231933594e+01,-1.952098131179809570e+00,1.042270374298095703e+01,4.036396026611328125e+00,-9.397026062011718750e+00,-1.269275951385498047e+01,-2.581304168701171875e+01,-3.577898025512695312e+01,-3.128854370117187500e+01,-2.172063446044921875e+01,-7.151382923126220703e+00,-1.154795742034912109e+01,-2.625805091857910156e+01,-3.541632843017578125e+01,-4.283232879638671875e+01,-4.610646820068359375e+01,-4.699620819091796875e+01,-2.979325485229492188e+01,-1.043272852897644043e+00,9.038146972656250000e+00,1.116645431518554688e+01,2.505263566970825195e+00,-6.108916282653808594e+00,4.722782671451568604e-01,1.638577878475189209e-01,-7.507076263427734375e+00,-1.381311893463134766e+01,-1.298462390899658203e+01,-2.311333847045898438e+01,-3.454649353027343750e+01,-4.064086151123046875e+01,-4.335398864746093750e+01,-4.678359603881835938e+01,-4.901041412353515625e+01,-4.565119171142578125e+01,-3.471287536621093750e+01,-2.905935859680175781e+01,-3.268294525146484375e+01,-2.696294021606445312e+01,-1.700336837768554688e+01,-1.245393562316894531e+01,-1.316324806213378906e+01,-1.451776123046875000e+01,-1.035039901733398438e+01,5.614538192749023438e-01,4.156662464141845703e+00,4.551146507263183594e+00,3.184319019317626953e+00,8.007723808288574219e+00,1.134318923950195312e+01,7.664241790771484375e+00,6.184329032897949219e+00,3.956844806671142578e+00,-4.935686588287353516e-01,-7.417150139808654785e-01,2.330964565277099609e+00,5.238255023956298828e+00,4.186396121978759766e+00,-5.398201942443847656e+00,-1.585014533996582031e+01,-2.357716369628906250e+01,-2.013660812377929688e+01,-1.632290077209472656e+01,-2.094290161132812500e+01,-3.463722229003906250e+01,-4.536773681640625000e+01,-5.010995101928710938e+01,-4.883377075195312500e+01,-3.534526824951171875e+01,-2.451833724975585938e+01,-1.698422241210937500e+01,-3.585758972167968750e+01,-4.154201889038085938e+01,-2.861357307434082031e+01,-1.253962326049804688e+01,-2.098123311996459961e+00,-5.079919338226318359e+00,-7.825969219207763672e+00,-1.730000138282775879e+00,4.825642585754394531e+00,3.463965892791748047e+00,6.404636502265930176e-01,7.326415538787841797e+00,1.739090347290039062e+01,1.713488388061523438e+01,1.183127880096435547e+01,1.169998168945312500e+01,1.602292442321777344e+01,6.043192148208618164e-01,-2.261037635803222656e+01,-2.950050163269042969e+01,-2.087510681152343750e+01,-2.662806272506713867e+00,2.745827198028564453e+00,-4.668958187103271484e-01,1.884955465793609619e-01,-5.284587383270263672e+00,-1.169605731964111328e+01,-1.236444473266601562e+01,-1.068064498901367188e+01,-1.340509033203125000e+01,-1.121966743469238281e+01,-1.173384094238281250e+01,-1.957798004150390625e+01,-2.024584007263183594e+01,-1.170574951171875000e+01,-4.335812091827392578e+00,4.975843906402587891e+00,8.560250282287597656e+00,9.588649749755859375e+00,-3.141924381256103516e+00,-1.614797592163085938e+01,-2.295002365112304688e+01,-2.793797683715820312e+01,-1.797917938232421875e+01,-2.009330987930297852e+00,-3.418659210205078125e+00,-3.317129611968994141e+00,-3.362180888652801514e-01,-1.261851310729980469e+01,-2.721747207641601562e+01,-2.752355575561523438e+01,-2.308062362670898438e+01,-1.729845046997070312e+01,-1.586427116394042969e+01,-1.226680374145507812e+01,-8.110584259033203125e+00,-3.669892311096191406e+00,-1.074414825439453125e+01,-2.115521430969238281e+01,-2.357795333862304688e+01,-2.107553672790527344e+01,-1.943120956420898438e+01,-2.005464553833007812e+01,-2.432235717773437500e+01,-2.034620285034179688e+01,-1.107848739624023438e+01,4.618903100490570068e-01,1.609574127197265625e+01,2.336967086791992188e+01,1.665379142761230469e+01,8.142694473266601562e+00,4.471778869628906250e+00,3.777546405792236328e+00,-5.686333775520324707e-02,-6.304673194885253906e+00,-2.584303855895996094e+01,-4.177960968017578125e+01,-5.025382232666015625e+01,-4.622431564331054688e+01,-3.706466674804687500e+01,-2.794829177856445312e+01,-1.378370857238769531e+01,-2.589182138442993164e+00,6.298998832702636719e+00,6.785993576049804688e+00,6.461827278137207031e+00,5.358389377593994141e+00,4.491052627563476562e+00,-5.607870101928710938e+00,-1.765583419799804688e+01,-2.379941558837890625e+01,-2.378708648681640625e+01,-1.879569244384765625e+01,-1.466672134399414062e+01,-1.583427810668945312e+01,-1.864731597900390625e+01,-2.281119537353515625e+01,-1.682159233093261719e+01,-2.696528244018554688e+01,-3.970317840576171875e+01,-2.581278610229492188e+01,-5.010284423828125000e+00,-9.529703140258789062e+00,-8.882781028747558594e+00,-1.279574394226074219e+01,-1.183609390258789062e+01,-7.798308372497558594e+00,-5.551378250122070312e+00,-4.141849040985107422e+00,-1.897567033767700195e+00,-9.019971489906311035e-01,4.536205291748046875e+00,2.194999456405639648e-01,-1.392538166046142578e+01,-1.573745441436767578e+01,-1.692904663085937500e+01,-2.913677787780761719e+01,-3.265605163574218750e+01,-3.202729797363281250e+01,-3.104420089721679688e+01,-2.805965995788574219e+01,-2.695786094665527344e+01,-1.943338394165039062e+01,-1.728705406188964844e+01,-1.159313774108886719e+01,-9.889250755310058594e+00,-8.901666641235351562e+00,-6.988434791564941406e+00,-2.885357856750488281e+00,-2.354675769805908203e+00,4.155365467071533203e+00,-1.394885927438735962e-01,-1.287726020812988281e+01,-3.549716186523437500e+01,-5.507802963256835938e+01,-6.307585144042968750e+01,-6.403790283203125000e+01,-6.339966583251953125e+01,-6.287409973144531250e+01,-7.374846649169921875e+01,-8.068722534179687500e+01,-8.359159851074218750e+01,-7.711450195312500000e+01,-6.746820068359375000e+01,-6.000513458251953125e+01,-5.115865325927734375e+01,-4.800057220458984375e+01,-5.243848037719726562e+01,-5.230605316162109375e+01,-5.214455032348632812e+01,-5.353149795532226562e+01,-5.616807556152343750e+01,-4.878950500488281250e+01,-4.397994232177734375e+01,-4.344867324829101562e+01,-4.408656311035156250e+01,-4.263895416259765625e+01,-4.509175872802734375e+01,-4.827372741699218750e+01,-4.880021667480468750e+01,-4.112475204467773438e+01,-3.891442108154296875e+01,-4.049945831298828125e+01,-3.505466461181640625e+01,-3.253455352783203125e+01,-3.127376174926757812e+01,-2.733769989013671875e+01,-2.229636955261230469e+01,-1.365702438354492188e+01,-1.626013183593750000e+01,-1.795780944824218750e+01,-6.872347831726074219e+00,-8.604266166687011719e+00,-6.923716068267822266e+00,-1.464530825614929199e+00,-5.789655685424804688e+00,-3.990358829498291016e+00,-1.573990440368652344e+01,-2.777907943725585938e+01,-3.388714599609375000e+01,-3.176809120178222656e+01,-1.847570419311523438e+01,-1.204641914367675781e+01,-8.260306358337402344e+00,-2.616003417968750000e+01,-3.843934249877929688e+01,-4.256032562255859375e+01,-3.879478454589843750e+01,-2.864374160766601562e+01,-2.698968505859375000e+01,-4.258130645751953125e+01,-5.437464523315429688e+01,-6.435201263427734375e+01,-7.001303100585937500e+01,-6.959730529785156250e+01,-6.989157104492187500e+01,-6.886509704589843750e+01,-6.338116073608398438e+01,-6.395938491821289062e+01,-6.607482147216796875e+01,-5.977936553955078125e+01,-4.254508972167968750e+01,-2.991228103637695312e+01,-2.299575042724609375e+01,-2.297798156738281250e+01,-2.781224250793457031e+01,-3.660692596435546875e+01,-4.745803070068359375e+01,-6.273245239257812500e+01,-6.996087646484375000e+01,-7.863423156738281250e+01,-7.888863372802734375e+01,-7.137647247314453125e+01,-6.547425842285156250e+01,-5.967956542968750000e+01,-5.866025543212890625e+01,-5.393793106079101562e+01,-4.547735595703125000e+01,-4.235292053222656250e+01,-3.443399047851562500e+01,-2.869743347167968750e+01,-1.805910682678222656e+01,-1.089578628540039062e+01,-1.279403495788574219e+01,-1.079452705383300781e+01,-1.150419425964355469e+01,-1.418182945251464844e+01,-1.778644943237304688e+01,-2.783441543579101562e+01,-4.733285522460937500e+01,-6.639408874511718750e+01,-7.501338195800781250e+01,-7.704287719726562500e+01,-7.961168670654296875e+01,-7.948075866699218750e+01,-7.087164306640625000e+01,-6.225721359252929688e+01,-6.148258209228515625e+01,-5.870139694213867188e+01,-5.112911224365234375e+01,-2.606183624267578125e+01,-1.297389221191406250e+01,-2.892243194580078125e+01,-3.584716415405273438e+01,-4.831763839721679688e+01,-5.408926391601562500e+01,-4.874965667724609375e+01,-5.595853424072265625e+01,-6.231982421875000000e+01,-5.733530426025390625e+01,-4.859959411621093750e+01,-4.402470397949218750e+01,-3.489097213745117188e+01,-1.922211265563964844e+01,-2.534525489807128906e+01,-3.364697265625000000e+01,-3.917263031005859375e+01,-3.175315093994140625e+01,-3.046774291992187500e+01,-2.815605163574218750e+01,-2.331534767150878906e+01,-1.517747211456298828e+01,-1.100190258026123047e+01,-1.116617202758789062e+01,-1.271728897094726562e+01,-1.157720279693603516e+01,-1.609173583984375000e+01,-1.663407135009765625e+01,-1.217356109619140625e+01,-4.510851860046386719e+00,-3.123274803161621094e+00,-7.616981506347656250e+00,-1.035236549377441406e+01,-1.836132049560546875e+01,-2.204547119140625000e+01,-1.623376274108886719e+01,-1.362932395935058594e+01,-2.091216850280761719e+01,-1.663884925842285156e+01,-1.174280738830566406e+01,-6.121459960937500000e+00,-3.845922088623046875e+01,-5.794020080566406250e+01,-6.970926666259765625e+01,-7.033036041259765625e+01,-6.926639556884765625e+01,-6.594232940673828125e+01,-6.156596374511718750e+01,-5.731913375854492188e+01,-5.692741394042968750e+01,-5.540201568603515625e+01,-4.967351150512695312e+01,-5.335582733154296875e+01,-5.224459075927734375e+01,-4.264720916748046875e+01,-3.516276168823242188e+01,-3.568936920166015625e+01,-2.582665252685546875e+01,-1.674447631835937500e+01,-2.245249938964843750e+01,-2.666581726074218750e+01,-2.704209899902343750e+01,-2.583083152770996094e+01,-3.166382598876953125e+01,-3.712559509277343750e+01,-2.997870063781738281e+01,-1.962443923950195312e+01,-1.575395965576171875e+01,-1.468128395080566406e+01,-1.461814880371093750e+01,-1.238056373596191406e+01,-6.093907356262207031e+00,-5.855242729187011719e+00,-5.775950431823730469e+00,-6.310689926147460938e+00,-1.119622039794921875e+01,-1.739370346069335938e+01,-1.353410530090332031e+01,-9.273921966552734375e+00,-1.243493366241455078e+01,-3.594320678710937500e+01,-5.243659973144531250e+01,-5.726277160644531250e+01,-5.330561065673828125e+01,-4.576745986938476562e+01,-4.358824157714843750e+01,-3.954269409179687500e+01,-3.105862617492675781e+01,-2.532451248168945312e+01,-1.903856277465820312e+01,-5.321160316467285156e+00,-2.506682395935058594e+00,-5.884167671203613281e+00,-1.295558929443359375e+01,-1.967711830139160156e+01,-2.291214752197265625e+01,-1.513520622253417969e+01,-1.417048835754394531e+01,-2.031132507324218750e+01,-2.320751380920410156e+01,-2.514495849609375000e+01,-2.798807525634765625e+01,-2.929156494140625000e+01,-2.617936897277832031e+01,-2.276330947875976562e+01,-2.598686981201171875e+01,-3.466315841674804688e+01,-4.684982299804687500e+01,-5.229953765869140625e+01,-4.977315902709960938e+01,-4.198615264892578125e+01,-3.221710586547851562e+01,-2.407204437255859375e+01,-2.787540435791015625e+01,-2.957792282104492188e+01,-3.151028442382812500e+01,-3.492765045166015625e+01,-3.500619506835937500e+01,-2.577865409851074219e+01,-1.829248619079589844e+01,-2.213114166259765625e+01,-1.895448875427246094e+01,-2.040674972534179688e+01,-2.319200515747070312e+01,-2.689773750305175781e+01,-2.368315696716308594e+01,-3.617478561401367188e+01,-5.814421844482421875e+01,-6.866931152343750000e+01,-6.720497131347656250e+01,-6.289112854003906250e+01,-5.560955047607421875e+01,-3.938963317871093750e+01,-2.195816612243652344e+01,-2.583559417724609375e+01,-3.185184669494628906e+01,-4.463537597656250000e+01,-5.334656524658203125e+01,-5.581695556640625000e+01,-5.799341201782226562e+01,-5.953354263305664062e+01,-5.983857345581054688e+01,-4.601626586914062500e+01,-4.117389678955078125e+01,-2.896266365051269531e+01,-2.542975616455078125e+01,-3.154642486572265625e+01,-3.067482185363769531e+01,-2.145305824279785156e+01,-1.412992668151855469e+01,-3.985080242156982422e+00,-2.199756622314453125e+00,2.297724246978759766e+00,3.195136785507202148e-01,-5.191051483154296875e+00,-1.053336143493652344e+01,-1.662614250183105469e+01,-1.619224929809570312e+01,-2.464064025878906250e+01,-2.297397422790527344e+01,-1.005974292755126953e+01,-1.297367477416992188e+01,-7.807168006896972656e+00,-4.336760520935058594e+00,-1.262290954589843750e+00,-5.184510231018066406e+00,-3.236125946044921875e+00,-7.744484901428222656e+00,-6.880022048950195312e+00,-4.252183914184570312e+00,-2.888069152832031250e+00,-1.655044198036193848e+00,5.211886763572692871e-01,-8.101828098297119141e-01,-3.621603727340698242e+00,2.723956108093261719e-02,4.506293535232543945e-01,-3.373041629791259766e+00,3.500330746173858643e-01,1.758625030517578125e+00,-1.982487887144088745e-01,2.411482185125350952e-01,2.669461965560913086e+00,5.070108413696289062e+00,9.928083419799804688e+00,5.410154342651367188e+00,3.754886865615844727e+00,3.478417158126831055e+00,3.974681615829467773e+00,1.430931568145751953e+00,5.103234291076660156e+00,2.700785160064697266e+00,-1.143544554710388184e+00,2.461982250213623047e+00,-2.152566528320312500e+01,-5.002552795410156250e+01,-5.448291778564453125e+01,-5.960043334960937500e+01,-5.867698669433593750e+01,-4.661726379394531250e+01,-3.969457244873046875e+01,-2.646509170532226562e+01,-1.806829833984375000e+01,-2.446889114379882812e+01,-3.559133148193359375e+01,-4.288964080810546875e+01,-4.487313079833984375e+01,-4.234464645385742188e+01,-2.914543342590332031e+01,-1.405759143829345703e+01,-1.607220458984375000e+01,-5.472987365722656250e+01,-6.696637725830078125e+01,-7.185758972167968750e+01,-7.040316009521484375e+01,-6.887124633789062500e+01,-6.074713897705078125e+01,-5.341416931152343750e+01,-5.108953475952148438e+01,-4.541191864013671875e+01,-3.514153289794921875e+01,-3.493436050415039062e+01,-3.702205657958984375e+01,-3.622692108154296875e+01,-3.702223205566406250e+01,-3.735029983520507812e+01,-2.838043212890625000e+01,-2.769285583496093750e+01,-3.040344619750976562e+01,-4.356676483154296875e+01,-4.501693725585937500e+01,-3.235124969482421875e+01,-1.869306182861328125e+01,-1.986294555664062500e+01,-2.385879707336425781e+01,-2.111954879760742188e+01,-2.608800888061523438e+01,-4.376867675781250000e+01,-5.338932037353515625e+01,-5.686652374267578125e+01,-5.719565200805664062e+01,-5.593678665161132812e+01,-4.704512023925781250e+01,-4.287581634521484375e+01,-3.957071685791015625e+01,-3.596607208251953125e+01,-3.693463897705078125e+01,-4.172636795043945312e+01,-4.314889526367187500e+01,-4.154977035522460938e+01,-4.619127655029296875e+01,-4.202224349975585938e+01,-3.868663024902343750e+01,-4.240316009521484375e+01,-4.533826065063476562e+01,-4.116727066040039062e+01,-3.601633071899414062e+01,-2.037913894653320312e+01,-8.308037757873535156e+00,-6.931111335754394531e+00,-1.069573402404785156e+01,-4.715903759002685547e+00,8.883578777313232422e-01,-1.915159416198730469e+01,-3.077489471435546875e+01,-3.891687011718750000e+01,-3.365849304199218750e+01,-3.047486877441406250e+01,-2.801526260375976562e+01,-4.536880970001220703e+00,-3.777659833431243896e-01,-4.293926715850830078e+00,1.445517659187316895e+00,4.097480297088623047e+00,-3.318809032440185547e+00,-1.781618499755859375e+01,-2.149934387207031250e+01,-7.384685516357421875e+00,-8.131488800048828125e+00,-2.567430114746093750e+01,-2.793318939208984375e+01,-1.946117210388183594e+01,-4.536894798278808594e+00,4.810553550720214844e+00,-1.224858951568603516e+01,-3.115413856506347656e+01,-3.524825286865234375e+01,-2.067444229125976562e+01,-1.859915924072265625e+01,-2.141442680358886719e+01,-2.005086517333984375e+01,-1.392733383178710938e+01,-2.635738754272460938e+01,-3.648746490478515625e+01,-4.381896972656250000e+01,-5.599725341796875000e+01,-6.464083862304687500e+01,-6.382028961181640625e+01,-4.433974456787109375e+01,-3.054497718811035156e+01,-3.011252212524414062e+01,-3.163619613647460938e+01,-3.188300323486328125e+01,-2.863106536865234375e+01,-2.778883361816406250e+01,-2.441689109802246094e+01,-3.003689193725585938e+01,-2.776422691345214844e+01,-2.401433753967285156e+01,-1.964818954467773438e+01,-1.495336914062500000e+01,-6.350016117095947266e+00,-5.365968227386474609e+00,-7.690010070800781250e+00,-1.088581752777099609e+01,-5.195770263671875000e+00,-5.593991279602050781e+00,-1.342482948303222656e+01,-1.215568351745605469e+01,-1.059846210479736328e+01,-1.189587974548339844e+01,-1.481193923950195312e+01,-1.167573070526123047e+01,1.068417906761169434e+00,-1.176153898239135742e+00,-3.115997791290283203e+00,-5.136080741882324219e+00,-1.491346263885498047e+01,-1.629008674621582031e+01,-2.341485595703125000e+01,-2.450536346435546875e+01,-2.121496009826660156e+01,-2.095358085632324219e+01,-1.309210109710693359e+01,-5.639627456665039062e+00,-1.180055618286132812e+01,-1.953713417053222656e+01,-2.434535026550292969e+01,-2.670168113708496094e+01,-1.955897903442382812e+01,-9.486549377441406250e+00,-8.241481781005859375e+00,-1.204185104370117188e+01,-1.356792068481445312e+01,-1.514524650573730469e+01,-1.502401161193847656e+01,-1.489048385620117188e+01,-1.960778236389160156e+01,-2.313525772094726562e+01,-1.990678977966308594e+01,-1.168000030517578125e+01,2.571057796478271484e+00,4.096380233764648438e+00,1.957261264324188232e-01,-3.498894870281219482e-01,-5.941225290298461914e-01,-9.859492778778076172e-01,3.615607500076293945e+00,-1.387675476074218750e+01,-1.845511436462402344e+01,-2.290891265869140625e+01,-3.071728134155273438e+01,-3.281952667236328125e+01,-2.812799072265625000e+01,-3.309710693359375000e+01,-4.011454010009765625e+01,-4.089824295043945312e+01,-3.887390136718750000e+01,-3.056646347045898438e+01,-2.429463386535644531e+01,-2.588314247131347656e+01,-4.869082260131835938e+01,-5.466009902954101562e+01,-4.930583190917968750e+01,-3.847793579101562500e+01,-2.904188728332519531e+01,-3.708533477783203125e+01,-3.300879287719726562e+01,-2.229726028442382812e+01,-1.823693847656250000e+01,-1.906251525878906250e+01,-2.631245040893554688e+01,-3.153549575805664062e+01,-3.514989852905273438e+01,-3.507606506347656250e+01,-3.763762664794921875e+01,-4.354298782348632812e+01,-4.178585815429687500e+01,-4.235123062133789062e+01,-4.634387207031250000e+01,-3.575854492187500000e+01,-3.213322067260742188e+01,-2.851542472839355469e+01,-2.874297714233398438e+01,-2.384273529052734375e+01,-2.393565177917480469e+01,-2.033906555175781250e+01,-2.613465118408203125e+01,-2.839785575866699219e+01,-2.765220069885253906e+01,-2.481604766845703125e+01,-2.098003768920898438e+01,-2.207734680175781250e+01,-1.783777046203613281e+01,-2.104371833801269531e+01,-1.870069885253906250e+01,-1.552825736999511719e+01,-1.592684745788574219e+01,-1.658968734741210938e+01,-1.145919609069824219e+01,-7.589578628540039062e+00,-7.428072929382324219e+00,4.933151245117187500e+00,2.917115449905395508e+00,3.762823581695556641e+00,1.148004150390625000e+01,5.433117866516113281e+00,-1.952120590209960938e+01,-2.880277252197265625e+01,-3.335492706298828125e+01,-3.616847610473632812e+01,-4.155763244628906250e+01,-3.845286560058593750e+01,-3.309432983398437500e+01,-3.086378097534179688e+01,-4.335903549194335938e+01,-4.966417312622070312e+01,-4.315133666992187500e+01,-3.370982360839843750e+01,-2.197608566284179688e+01,-1.105488395690917969e+01,-3.443943262100219727e+00,-1.172771263122558594e+01,-2.469699859619140625e+01,-3.017272186279296875e+01,-2.594437408447265625e+01,-2.238323593139648438e+01,-2.570320510864257812e+01,-2.877982902526855469e+01,-4.152998733520507812e+01,-3.924617767333984375e+01,-3.815054702758789062e+01,-3.386493682861328125e+01,-2.559454345703125000e+01,-2.868830108642578125e+01,-2.192563438415527344e+01,-1.819112968444824219e+01,-2.254076385498046875e+01,-2.067507171630859375e+01,-2.876808929443359375e+01,-3.290267181396484375e+01,-3.593277740478515625e+01,-4.174279022216796875e+01,-4.334568786621093750e+01,-3.852316284179687500e+01,-2.589222335815429688e+01,-1.798963546752929688e+01,-1.178853893280029297e+01,-9.687021255493164062e+00,-8.335141181945800781e+00,-1.796473312377929688e+01,-2.204142761230468750e+01,-1.859672164916992188e+01,-1.351070594787597656e+01,-1.288050460815429688e+01,-6.917212009429931641e+00,-6.295512199401855469e+00,-1.324376296997070312e+01,-2.172441101074218750e+01,-1.885508537292480469e+01,-1.145471191406250000e+01,-1.711436748504638672e+00,-6.698046684265136719e+00,-1.008153152465820312e+01,-9.809494018554687500e+00,-9.803375244140625000e+00,-6.608692169189453125e+00,-6.466400146484375000e+00,-1.877064704895019531e+00,-1.041373372077941895e+00,-3.938270330429077148e+00,3.748789310455322266e+00,4.879207611083984375e+00,4.619163036346435547e+00,7.403124809265136719e+00,5.503649234771728516e+00,7.417213439941406250e+00,1.256930923461914062e+01,9.556934356689453125e+00,6.903423786163330078e+00,5.478188514709472656e+00,1.045156097412109375e+01,9.972711563110351562e+00,9.860280036926269531e+00,1.121457004547119141e+01,9.436641693115234375e+00,5.744826316833496094e+00,4.880873680114746094e+00,1.592098474502563477e+00,-2.834668755531311035e-01,-1.787163376808166504e+00,2.188429117202758789e+00,-1.837306737899780273e+00,-3.415036010742187500e+01,-3.779991912841796875e+01,-3.985682678222656250e+01,-3.173899841308593750e+01,-2.162603759765625000e+01,-1.440620422363281250e+01,-3.745645999908447266e+00,-5.959193229675292969e+00,-3.511485576629638672e+00,-4.404577255249023438e+00,-1.312194252014160156e+01,-1.665968513488769531e+01,-1.659785079956054688e+01,-2.544305038452148438e+01,-3.099688339233398438e+01,-3.426138305664062500e+01,-4.026856994628906250e+01,-4.298490142822265625e+01,-4.765338134765625000e+01,-5.682082366943359375e+01,-5.652344512939453125e+01,-4.767050170898437500e+01,-4.115248870849609375e+01,-3.284180831909179688e+01,-2.977510643005371094e+01,-2.365871620178222656e+01,-2.740565681457519531e+01,-2.797840118408203125e+01,-2.950811767578125000e+01,-3.086165809631347656e+01,-2.736280632019042969e+01,-2.319961547851562500e+01,-2.511642456054687500e+01,-1.796544265747070312e+01,-2.530122375488281250e+01,-3.658649063110351562e+01,-4.161989212036132812e+01,-4.484435272216796875e+01,-3.958212280273437500e+01,-2.716249084472656250e+01,-1.582170677185058594e+01,-1.526348304748535156e+01,-1.753252792358398438e+01,-2.918278694152832031e+01,-3.775258255004882812e+01,-3.785293579101562500e+01,-2.506827545166015625e+01,-1.219757652282714844e+01,-4.963659286499023438e+00,-9.427999496459960938e+00,-2.310597229003906250e+01,-3.405989074707031250e+01,-3.084842300415039062e+01,-2.749449348449707031e+01,-2.258231735229492188e+01,-2.122852706909179688e+01,-2.354159164428710938e+01,-1.796020698547363281e+01,-1.046687984466552734e+01,-2.338117408752441406e+01,-4.572491455078125000e+01,-5.885556030273437500e+01,-6.283200836181640625e+01,-4.925279998779296875e+01,-4.047007751464843750e+01,-3.785205459594726562e+01,-3.608691406250000000e+01,-3.196780967712402344e+01,-2.323420333862304688e+01,-1.726941299438476562e+01,-1.949047851562500000e+01,-2.890744590759277344e+01,-3.334141159057617188e+01,-2.826198196411132812e+01,-1.690761566162109375e+01,1.138025522232055664e+00,3.445390939712524414e+00,-6.373721957206726074e-01,-5.708187103271484375e+00,-6.684420585632324219e+00,-6.103737831115722656e+00,-5.362770080566406250e+00,-3.260671854019165039e+00,-1.833183670043945312e+01,-3.446973419189453125e+01,-4.361402130126953125e+01,-4.690520477294921875e+01,-4.217421722412109375e+01,-3.955955886840820312e+01,-4.613622283935546875e+01,-6.859010314941406250e+01,-8.142891693115234375e+01,-7.998179626464843750e+01,-7.616300201416015625e+01,-7.176613616943359375e+01,-5.952626037597656250e+01,-5.175389862060546875e+01,-3.964571380615234375e+01,-2.956566810607910156e+01,-3.103969573974609375e+01,-2.460105514526367188e+01,-2.613463211059570312e+01,-2.775886154174804688e+01,-2.096313476562500000e+01,-1.764361381530761719e+01,-2.181452560424804688e+01,-2.537896919250488281e+01,-2.737146759033203125e+01,-3.080648994445800781e+01,-3.637417602539062500e+01,-3.548451232910156250e+01,-3.208834838867187500e+01,-3.043528938293457031e+01,-3.327085113525390625e+01,-3.522351837158203125e+01,-3.119575309753417969e+01,-2.825806427001953125e+01,-4.910141754150390625e+01,-7.061590576171875000e+01,-7.234301757812500000e+01,-6.387001800537109375e+01,-4.936509704589843750e+01,-4.247150421142578125e+01,-3.586805725097656250e+01,-2.990054702758789062e+01,-2.971745872497558594e+01,-2.950395774841308594e+01,-2.979483795166015625e+01,-3.584257507324218750e+01,-3.116358375549316406e+01,-1.822196006774902344e+01,-6.396664142608642578e+00,-3.765606403350830078e+00,-6.456554889678955078e+00,-9.346900939941406250e+00,-1.470982360839843750e+01,-2.701741027832031250e+01,-2.782385253906250000e+01,-1.466799640655517578e+01,-1.425766563415527344e+01,-2.377275085449218750e+01,-3.003703689575195312e+01,-4.115259170532226562e+01,-4.637144851684570312e+01,-4.499293518066406250e+01,-4.387387847900390625e+01,-3.397083663940429688e+01,-2.613298225402832031e+01,-2.014388275146484375e+01,-2.245197296142578125e+01,-1.424897289276123047e+01,5.850463867187500000e+00,2.222537994384765625e+01,1.479627418518066406e+01,1.375448417663574219e+01,4.623163223266601562e+00,-1.022409915924072266e+01,-1.757559585571289062e+01,-2.071681022644042969e+01,-1.834211349487304688e+01,-1.077146339416503906e+01,-7.824896574020385742e-01,-2.468950271606445312e+00,1.151718616485595703e+00,-6.694967269897460938e+00,-1.945794105529785156e+01,-2.705776977539062500e+01,-1.929898071289062500e+01,-7.207918643951416016e+00,-5.863453865051269531e+00,-8.299259185791015625e+00,-8.037178039550781250e+00,-1.930394935607910156e+01,-2.532613945007324219e+01,-3.073482513427734375e+01,-3.037557601928710938e+01,-1.808204269409179688e+01,-8.317147254943847656e+00,-6.239821910858154297e+00,2.252243995666503906e+00,5.259744644165039062e+00,-5.599225044250488281e+00,-1.848575019836425781e+01,-2.741168594360351562e+01,-2.818125724792480469e+01,-2.682844924926757812e+01,-2.788816070556640625e+01,-3.426116561889648438e+01,-4.148002624511718750e+01,-4.323600769042968750e+01,-3.624823379516601562e+01,-2.912915039062500000e+01,-2.088019371032714844e+01,-1.397239685058593750e+01,-9.440464019775390625e+00,-1.470499515533447266e+01,-1.879391479492187500e+01,-7.420516490936279297e+00,2.550231933593750000e+00,7.444128036499023438e+00,5.988718986511230469e+00,-8.275800704956054688e+00,-1.443824958801269531e+01,-1.136279296875000000e+01,-5.942492485046386719e+00,2.608624398708343506e-01,4.904293060302734375e+00,1.509781837463378906e+00,-3.371064901351928711e+00,-2.903681755065917969e+00,3.615269184112548828e+00,5.389845848083496094e+00,6.934759140014648438e+00,8.561212539672851562e+00,8.306755065917968750e+00,8.483612060546875000e+00,9.664928436279296875e+00,6.666666030883789062e+00,2.514595985412597656e+00,2.013431549072265625e+00,3.753002166748046875e+00,9.320137023925781250e+00,-9.966301321983337402e-01,-1.093623733520507812e+01,-6.969954013824462891e+00,8.078052520751953125e+00,1.950049400329589844e+01,1.407555675506591797e+01,1.189865303039550781e+01,-8.734258651733398438e+00,-1.553149795532226562e+01,-1.329209518432617188e+01,-1.205113649368286133e+00,-1.490801811218261719e+01,-3.330690002441406250e+01,-3.867920303344726562e+01,-2.957713317871093750e+01,-2.086573410034179688e+01,-6.705544471740722656e+00,-4.795408725738525391e+00,-1.872909164428710938e+01,-2.916923141479492188e+01,-2.023969268798828125e+01,-1.107339286804199219e+01,-1.316407203674316406e+01,-1.819756698608398438e+01,-2.496092224121093750e+01,-2.032300758361816406e+01,-1.004629230499267578e+01,-2.590949773788452148e+00,1.562370181083679199e+00,-4.411934375762939453e+00,-1.358877563476562500e+01,-1.827045059204101562e+01,-2.104136276245117188e+01,-1.787422943115234375e+01,-1.747588157653808594e+01,-1.935650253295898438e+01,-1.857801437377929688e+01,-1.687614822387695312e+01,-2.846803665161132812e+00,2.426512241363525391e-01,1.728676557540893555e-01,-2.486338138580322266e+00,-5.133415222167968750e+00,1.408710956573486328e+00,-2.256783843040466309e-02,2.992570400238037109e+00,7.761069297790527344e+00,-3.244057178497314453e+00,-1.103507614135742188e+01,-1.899001502990722656e+01,-1.045538711547851562e+01,4.913066327571868896e-01,-1.700647354125976562e+00,-1.666315269470214844e+01,-2.452128982543945312e+01,-9.568878173828125000e+00,-5.083141922950744629e-01,3.696074247360229492e+00,4.853305220603942871e-01,-1.820155739784240723e+00,3.617269992828369141e+00,9.888244628906250000e+00,7.755013942718505859e+00,2.562965869903564453e+00,-4.387998580932617188e+00,-5.351825237274169922e+00,3.038418769836425781e+00,6.533403396606445312e+00,5.812320709228515625e+00,6.670041084289550781e+00,4.369123458862304688e+00,-4.753789901733398438e+00,-9.038281440734863281e+00,-8.250872611999511719e+00,-2.667118453979492188e+01,-3.251359939575195312e+01,-2.694916534423828125e+01,-1.872545242309570312e+01,-2.266283035278320312e+01,-2.318309783935546875e+01,-2.186177444458007812e+01,-2.057210159301757812e+01,-1.421367645263671875e+01,-7.717970371246337891e+00,-8.367861747741699219e+00,-7.584448337554931641e+00,1.585278153419494629e+00,-8.122945785522460938e+00,-2.008226013183593750e+01,-2.768815994262695312e+01,-3.088410186767578125e+01,-3.019674682617187500e+01,-2.483436584472656250e+01,-2.294631576538085938e+01,-2.434788703918457031e+01,-6.128236770629882812e+00,-9.872536361217498779e-02,5.486464500427246094e-02,5.500232577323913574e-01,-7.574656486511230469e+00,-1.701663017272949219e+01,-1.662985801696777344e+01,-1.603269577026367188e+01,-2.349313735961914062e+01,-2.773510551452636719e+01,-2.614499282836914062e+01,-2.382654571533203125e+01,-1.992006301879882812e+01,-1.943093109130859375e+01,-1.541971397399902344e+01,-8.905920982360839844e+00,-5.602101087570190430e-01,4.790978431701660156e+00,3.385846853256225586e+00,2.296245098114013672e+00,7.368118286132812500e+00,8.127488136291503906e+00,-4.967218875885009766e+00,-2.380851364135742188e+01,-2.988940238952636719e+01,-2.300802803039550781e+01,-2.674491310119628906e+01,-2.927574920654296875e+01,-1.981916046142578125e+01,-2.904099082946777344e+01,-3.956082916259765625e+01,-2.922446823120117188e+01,-1.354762077331542969e+01,-5.127945899963378906e+00,-1.461952924728393555e+00,4.495216369628906250e+00,3.746713399887084961e+00,2.263044595718383789e+00,9.708546638488769531e+00,1.935953903198242188e+01,4.251651763916015625e+00,-9.902685165405273438e+00,-1.998238754272460938e+01,-2.660581398010253906e+01,-3.287121963500976562e+01,-3.346862030029296875e+01,-2.928615379333496094e+01,-2.988671112060546875e+01,-3.854623413085937500e+01,-4.105505371093750000e+01,-2.974745178222656250e+01,-1.846515655517578125e+01,-8.474414825439453125e+00,-7.523740768432617188e+00,-3.826479911804199219e+00,-3.107005357742309570e-01,-1.617750549316406250e+01,-2.573559379577636719e+01,-3.069517898559570312e+01,-2.455005645751953125e+01,-9.161158561706542969e+00,-6.590773463249206543e-01,-1.362269878387451172e+01,-2.712450408935546875e+01,-2.359287643432617188e+01,-1.402900505065917969e+01,-3.325616359710693359e+00,-2.943001687526702881e-01,-4.458521366119384766e+00,-3.192242145538330078e+00,2.893209457397460938e-03,-5.368380546569824219e+00,-8.541783332824707031e+00,-4.999725341796875000e+00,-3.447263717651367188e+00,3.146833419799804688e+00,8.642042160034179688e+00,5.911293029785156250e+00,-1.295672416687011719e+01,-1.098466587066650391e+01,-4.918970584869384766e+00,-1.819056510925292969e+00,-1.669295668601989746e+00,-1.705908966064453125e+01,-3.270258331298828125e+01,-3.987877655029296875e+01,-3.815822601318359375e+01,-3.103677177429199219e+01,-1.978854751586914062e+01,-1.378244876861572266e+01,-1.524573993682861328e+01,-1.336922645568847656e+01,2.779022455215454102e+00,9.422364234924316406e+00,7.615051269531250000e+00,-8.877151489257812500e+00,-2.356118774414062500e+01,-2.838052177429199219e+01,-2.798143768310546875e+01,-2.306095504760742188e+01,-1.462665176391601562e+01,-2.628498315811157227e+00,-3.418741226196289062e-01,-1.088896751403808594e+01,-3.294550323486328125e+01,-4.111357116699218750e+01,-3.817473602294921875e+01,-3.976502990722656250e+01,-3.411652374267578125e+01,-2.746089553833007812e+01,-3.069802856445312500e+01,-2.884957504272460938e+01,-2.701954650878906250e+01,-3.176511383056640625e+01,-3.632405090332031250e+01,-3.633409881591796875e+01,-2.479691314697265625e+01,-1.178773403167724609e+01,-2.484179306030273438e+01,-3.958087158203125000e+01,-4.260578155517578125e+01,-4.152993011474609375e+01,-3.151481246948242188e+01,-2.650314712524414062e+01,-3.446175384521484375e+01,-5.713885498046875000e+01,-6.484190368652343750e+01,-7.008029937744140625e+01,-6.923638916015625000e+01,-6.067123413085937500e+01,-5.213388824462890625e+01,-4.586129760742187500e+01,-3.806427001953125000e+01,-3.154195785522460938e+01,-2.365653038024902344e+01,-1.741519165039062500e+01,-1.724415779113769531e+01,-1.652910614013671875e+01,-1.890685653686523438e+01,-1.560031700134277344e+01,-4.030896186828613281e+00,1.094930171966552734e-01,3.676524758338928223e-01,-1.971544504165649414e+00,-1.328854560852050781e+01,-2.242243957519531250e+01,-2.178832626342773438e+01,-2.186903953552246094e+01,-9.611367225646972656e+00,-5.998977661132812500e+00,-6.983025550842285156e+00,-7.816079139709472656e+00,-1.798674964904785156e+01,-2.498146629333496094e+01,-2.833929443359375000e+01,-2.218395614624023438e+01,-1.425778198242187500e+01,-1.858947753906250000e+01,-2.143266105651855469e+01,-1.843596458435058594e+01,-2.021023941040039062e+01,-1.335555839538574219e+01,-8.075401306152343750e+00,-8.496145248413085938e+00,-4.202287673950195312e+00,3.420235633850097656e+00,1.023299980163574219e+01,5.017996788024902344e+00,-1.299194455146789551e+00,3.707392454147338867e+00,4.067340850830078125e+00,7.764297485351562500e+00,3.783946037292480469e+00,4.703386306762695312e+00,-2.145021200180053711e+00,-3.236971378326416016e+00,5.968746662139892578e+00,6.422284126281738281e+00,5.323142051696777344e+00,6.955089569091796875e+00,6.010212421417236328e+00,2.834034919738769531e+00,2.347229123115539551e-01,2.677955627441406250e+00,5.788159370422363281e+00,1.056777286529541016e+01,1.094772338867187500e+01,3.611438274383544922e-01,-1.280293846130371094e+01,-2.227126693725585938e+01,-2.694033813476562500e+01,-2.106827926635742188e+01,-1.661551284790039062e+01,-1.252688503265380859e+01,-8.375939369201660156e+00,-2.219718170166015625e+01,-3.080503463745117188e+01,-3.293356323242187500e+01,-2.712307167053222656e+01,-1.479604911804199219e+01,-4.641724586486816406e+00,1.693520784378051758e+00,1.238386511802673340e+00,-6.452202796936035156e+00,-1.313156509399414062e+01,-1.569680500030517578e+01,-1.287966918945312500e+01,-1.630601501464843750e+01,-2.151526260375976562e+01,-3.049569702148437500e+01,-3.612789535522460938e+01,-3.939312744140625000e+01,-3.015293693542480469e+01,-6.806545257568359375e+00,2.045342254638671875e+01,7.444538116455078125e+00,-7.344192504882812500e+00,-1.437561035156250000e+01,-8.111056327819824219e+00,-7.647660255432128906e+00,-1.845753097534179688e+01,-8.931250572204589844e+00,4.541311264038085938e+00,7.182193756103515625e+00,3.656778097152709961e+00,-6.286673545837402344e+00,-4.388536453247070312e+00,1.917294740676879883e+00,-6.215920448303222656e-01,-1.194444656372070312e+01,-2.261439132690429688e+01,-1.792692375183105469e+01,-8.733579635620117188e+00,-1.201586532592773438e+01,-1.250629425048828125e+01,-1.211085987091064453e+01,-7.654741287231445312e+00,1.332818984985351562e+00,6.396068334579467773e-01,-7.660776376724243164e-03,2.402908563613891602e+00,1.172318458557128906e+00,2.936370372772216797e+00,4.757821083068847656e+00,-2.521795272827148438e+00,-5.012133598327636719e+00,-5.621157646179199219e+00,-2.875620126724243164e+00,3.379895687103271484e+00,7.451425552368164062e+00,6.413356781005859375e+00,-3.475509643554687500e+01,-5.039749145507812500e+01,-6.296735382080078125e+01,-6.530072021484375000e+01,-6.050885772705078125e+01,-5.374438858032226562e+01,-4.032368087768554688e+01,-2.624715423583984375e+01,-2.064865493774414062e+01,-4.038576507568359375e+01,-4.993317794799804688e+01,-4.715965270996093750e+01,-3.537973403930664062e+01,-2.880213928222656250e+01,-2.212694168090820312e+01,-2.340475654602050781e+01,-1.914939498901367188e+01,-1.721424484252929688e+01,-1.401791858673095703e+01,-1.719668960571289062e+01,-1.987535285949707031e+01,-1.961251449584960938e+01,-1.852553176879882812e+01,-2.035352325439453125e+01,-2.285381698608398438e+01,-1.930822372436523438e+01,-1.248471069335937500e+01,-1.403786563873291016e+01,-1.465242004394531250e+01,-1.071282100677490234e+01,-1.944320201873779297e+00,1.188436269760131836e+00,2.942651748657226562e+00,2.344777822494506836e+00,-4.097491502761840820e-01,1.356251716613769531e+00,3.525592684745788574e-01,-4.397431612014770508e-01,-2.830682277679443359e+00,-4.111059904098510742e-01,1.457776069641113281e+00,5.182847976684570312e+00,1.601616144180297852e-01,-2.985976934432983398e+00,-2.072661399841308594e+00,2.547030150890350342e-01,-4.426341056823730469e-01,5.326401710510253906e+00,5.017292022705078125e+00,-2.850363254547119141e-01,-1.370539426803588867e+00,4.654395103454589844e+00,-1.879698944091796875e+01,-3.302664947509765625e+01,-3.913452911376953125e+01,-3.801987457275390625e+01,-3.624452209472656250e+01,-3.016058731079101562e+01,-1.816638946533203125e+01,-1.986916351318359375e+01,-2.000236511230468750e+01,-1.556868362426757812e+01,-3.770224571228027344e+00,4.429447174072265625e+00,3.916501998901367188e+00,-4.664333820343017578e+00,-1.029262161254882812e+01,-2.120324707031250000e+01,-4.014705276489257812e+01,-4.715102386474609375e+01,-4.249088287353515625e+01,-4.068129730224609375e+01,-4.139488220214843750e+01,-3.872107696533203125e+01,-2.864759063720703125e+01,-2.482664489746093750e+01,-1.956854248046875000e+01,-9.543260574340820312e+00,-4.753469467163085938e+00,-1.872210693359375000e+01,-1.789577865600585938e+01,-1.949571228027343750e+01,-2.098383522033691406e+01,-2.207875633239746094e+01,-2.847061157226562500e+01,-3.232248687744140625e+01,-2.890941619873046875e+01,-1.757476043701171875e+01,-1.757012128829956055e+00,4.824950218200683594e+00,3.890168666839599609e-01,9.113883972167968750e+00,3.910404443740844727e-02,-1.391320228576660156e+01,-1.415638160705566406e+01,-1.911885976791381836e+00,1.154494476318359375e+01,1.529491615295410156e+01,1.242064285278320312e+01,-1.043502998352050781e+01,-3.275526046752929688e+01,-3.927002716064453125e+01,-3.067686843872070312e+01,-1.914033699035644531e+01,-1.476578330993652344e+01,-2.021638107299804688e+01,-3.433667755126953125e+01,-4.351456832885742188e+01,-5.147455596923828125e+01,-4.989482116699218750e+01,-4.226782989501953125e+01,-4.152947998046875000e+01,-2.985777664184570312e+01,-2.779059600830078125e+01,-2.779725456237792969e+01,-2.790004539489746094e+01,-2.114448928833007812e+01,-2.078590011596679688e+01,-1.756018066406250000e+01,-1.622689247131347656e+01,-9.976713180541992188e+00,-5.526863098144531250e+00,-1.031913375854492188e+01,-1.953453826904296875e+01,-2.219364166259765625e+01,-2.238706970214843750e+01,-1.687176322937011719e+01,-1.675235748291015625e+01,-2.131668090820312500e+01,-2.430913734436035156e+01,-2.393263626098632812e+01,-2.433110046386718750e+01,-2.026033401489257812e+01,2.452793121337890625e+00,6.721359729766845703e+00,-2.545713901519775391e+00,-4.764367580413818359e+00,2.112692356109619141e+00,1.319663429260253906e+01,1.748303985595703125e+01,8.680664062500000000e+00,-1.574954223632812500e+01,-2.014604187011718750e+01,-1.667588424682617188e+01,-9.445612907409667969e+00,-9.692283630371093750e+00,-1.249731349945068359e+01,-7.977422714233398438e+00,-8.706160783767700195e-01,4.732481479644775391e+00,8.902563095092773438e+00,9.952665328979492188e+00,6.845963954925537109e+00,3.904507637023925781e+00,4.005840301513671875e+00,1.500649690628051758e+00,3.826273083686828613e-01,7.191652297973632812e+00,5.141613960266113281e+00,4.964905381202697754e-01,-1.481890678405761719e+00,6.686813354492187500e+00,8.436990737915039062e+00,8.053609848022460938e+00,6.752128601074218750e+00,5.404903411865234375e+00,7.218915939331054688e+00,6.308081626892089844e+00,7.118808746337890625e+00,1.819515824317932129e+00,5.365708351135253906e+00,1.008838844299316406e+01,3.544000983238220215e-01,-1.209797286987304688e+01,-2.133824157714843750e+01,-2.653948211669921875e+01,-2.975646400451660156e+01,-3.542199707031250000e+01,-3.009333801269531250e+01,-2.672768974304199219e+01,-3.187666130065917969e+01,-3.914057922363281250e+01,-2.976101303100585938e+01,-1.692017555236816406e+01,-1.071744346618652344e+01,-1.235506248474121094e+01,1.411548376083374023e+00,1.300723075866699219e+01,7.283061027526855469e+00,-5.033546090126037598e-01,-1.760111999511718750e+01,-3.803770065307617188e+01,-4.662196350097656250e+01,-5.103511428833007812e+01,-4.626525115966796875e+01,-3.512963867187500000e+01,-2.083979797363281250e+01,-1.236432743072509766e+01,-1.733342742919921875e+01,-2.420599746704101562e+01,-4.911315536499023438e+01,-5.654837799072265625e+01,-5.461964416503906250e+01,-3.864764404296875000e+01,-1.472796821594238281e+01,-1.092514228820800781e+01,-2.404624938964843750e+01,-1.083056831359863281e+01,-9.051313400268554688e+00,-1.705499649047851562e+01,-2.292603302001953125e+01,-1.973887062072753906e+01,-1.971341323852539062e+01,-2.149638366699218750e+01,-1.389279747009277344e+01,7.571867942810058594e+00,5.129508018493652344e+00,-3.749344825744628906e+00,-1.025855064392089844e+01,-1.233121871948242188e+01,-1.042143249511718750e+01,-9.239099502563476562e+00,-6.575035095214843750e+00,6.002177238464355469e+00,9.635004043579101562e+00,-3.258637338876724243e-02,-1.741749525070190430e+00,-4.715000152587890625e+00,-5.898707389831542969e+00,-3.374080657958984375e+00,-4.805719852447509766e+00,-1.340950298309326172e+01,-2.835926055908203125e+01,-3.478972244262695312e+01,-3.860002899169921875e+01,-3.933609771728515625e+01,-3.654729461669921875e+01,-3.000149536132812500e+01,-1.543686485290527344e+01,-8.934946060180664062e+00,-8.787071228027343750e+00,1.236990737915039062e+01,2.011831283569335938e+01,-2.990915775299072266e+00,-6.977159500122070312e+00,-5.658052444458007812e+00,-1.244846820831298828e+00,-1.168412089347839355e+00,-9.051301956176757812e+00,-1.494951629638671875e+01,-1.704109191894531250e+01,-6.721665382385253906e+00,1.577975988388061523e+00,-3.953325748443603516e+00,3.040529966354370117e+00,1.204254245758056641e+01,5.915863037109375000e+00,-1.322119331359863281e+01,-2.438317680358886719e+01,-2.145735168457031250e+01,-8.025938034057617188e+00,-5.840924263000488281e+00,-6.312705993652343750e+00,-1.498850703239440918e+00,7.038844108581542969e+00,4.643127441406250000e+00,-1.092352199554443359e+01,-2.599040412902832031e+01,-3.248366546630859375e+01,-3.196986007690429688e+01,-2.690205383300781250e+01,-6.530333518981933594e+00,-4.359324455261230469e+00,-1.185857200622558594e+01,-2.910317420959472656e+01,-4.483666992187500000e+01,-4.372156906127929688e+01,-3.329281616210937500e+01,-2.994383239746093750e+01,-3.844238281250000000e+01,-4.131128692626953125e+01,-2.767544364929199219e+01,-1.016867828369140625e+01,-1.264515972137451172e+01,-3.024221420288085938e+01,-3.285178375244140625e+01,-3.007901000976562500e+01,-3.104165649414062500e+01,-3.039990043640136719e+01,-2.643894767761230469e+01,-1.225936985015869141e+01,-5.011720061302185059e-01,-8.710046768188476562e+00,-9.431037902832031250e+00,1.645296573638916016e+00,2.093060684204101562e+01,2.871207427978515625e+01,1.484922218322753906e+01,2.775850772857666016e+00,6.158804893493652344e+00,-1.122853660583496094e+01,-2.837231826782226562e+01,-3.244784164428710938e+01,-2.602229690551757812e+01,-1.344855880737304688e+01,-2.593288421630859375e+00,5.290313720703125000e+00,2.681508779525756836e+00,-8.943815231323242188e+00,-1.424753665924072266e+01,-1.254745101928710938e+01,-1.131091308593750000e+01,-1.105035591125488281e+01,-1.461061477661132812e+01,-1.920625305175781250e+01,-2.703683853149414062e+01,-3.282618713378906250e+01,-3.067216110229492188e+01,-2.791481399536132812e+01,-1.591714859008789062e+01,-1.294016838073730469e+01,-1.335173034667968750e+01,-1.790312004089355469e+01,-1.766583251953125000e+01,-2.596102523803710938e+01,-3.697406768798828125e+01,-4.387094116210937500e+01,-4.971517562866210938e+01,-4.835493087768554688e+01,-3.862229156494140625e+01,-3.051846313476562500e+01,-2.864936065673828125e+01,-2.883879280090332031e+01,-2.956410217285156250e+01,-1.936100959777832031e+01,-1.031300163269042969e+01,-5.534633636474609375e+00,-7.043312072753906250e+00,-9.094207763671875000e+00,-5.251815319061279297e+00,-8.394353389739990234e-01,3.658735990524291992e+00,2.894010782241821289e+00,3.991116285324096680e-01,-1.218813180923461914e+00,1.666416883468627930e+00,4.552351951599121094e+00,4.684683799743652344e+00,5.150935649871826172e+00,-9.498629570007324219e+00,-1.919633865356445312e+01,-1.396383666992187500e+01,1.652459740638732910e+00,1.647315597534179688e+01,8.644504547119140625e+00,-9.002717971801757812e+00,-1.373564434051513672e+01,-1.908753967285156250e+01,-2.427058601379394531e+01,-2.011454010009765625e+01,-3.822012329101562500e+01,-5.127111434936523438e+01,-4.869712829589843750e+01,-3.931805419921875000e+01,-3.138844490051269531e+01,-2.734160614013671875e+01,-2.697372817993164062e+01,-2.918912124633789062e+01,-2.964639663696289062e+01,-2.584855651855468750e+01,-2.388069534301757812e+01,-2.317037391662597656e+01,-2.968818855285644531e+01,-2.837125778198242188e+01,-1.803555107116699219e+01,-1.807377815246582031e+01,-1.526538848876953125e+01,-7.656576633453369141e+00,-1.357785987854003906e+01,-2.951021957397460938e+01,-3.712701797485351562e+01,-2.895468711853027344e+01,-1.256473255157470703e+01,5.431740283966064453e+00,1.035145759582519531e+01,6.204813957214355469e+00,-9.567306518554687500e+00,-1.930537796020507812e+01,-1.479948711395263672e+01,-2.531674385070800781e+01,-3.828549194335937500e+01,-4.094990158081054688e+01,-3.184742355346679688e+01,-1.679509925842285156e+01,-3.931561470031738281e+00,-4.507561683654785156e+00,-6.977584958076477051e-02,-2.994604587554931641e+00,-6.190023422241210938e+00,-2.207296752929687500e+01,-3.583213043212890625e+01,-3.938075256347656250e+01,-4.054021453857421875e+01,-3.928142929077148438e+01,-3.955425262451171875e+01,-3.677127838134765625e+01,-2.903830337524414062e+01,-2.043274307250976562e+01,-1.509194755554199219e+01,-8.455885887145996094e+00,2.082309246063232422e+00,8.550111770629882812e+00,4.803730964660644531e+00,-5.130658626556396484e+00,-5.120174407958984375e+00,3.529930412769317627e-01,-2.133024406433105469e+01,-3.674182510375976562e+01,-3.630403137207031250e+01,-8.629566192626953125e+00,1.834159255027770996e+00,-6.598947048187255859e-01,-4.712376117706298828e+00,-4.793083190917968750e+00,-9.722924828529357910e-01,-1.428361320495605469e+01,-2.985834503173828125e+01,-3.313317871093750000e+01,-3.177936172485351562e+01,-3.135262680053710938e+01,-2.757555007934570312e+01,-2.429705810546875000e+01,-1.744076919555664062e+01,-1.064836120605468750e+01,-2.843159675598144531e+01,-3.247156906127929688e+01,-3.205619430541992188e+01,-3.018630599975585938e+01,-2.137896537780761719e+01,-1.511209678649902344e+01,-1.474868106842041016e+01,-8.857696533203125000e+00,-2.268803024291992188e+01,-3.496094894409179688e+01,-3.316384124755859375e+01,-2.483899879455566406e+01,-2.299277877807617188e+01,-2.132638549804687500e+01,-2.342938995361328125e+01,-3.130911827087402344e+01,-3.483513259887695312e+01,-3.788694381713867188e+01,-4.350991058349609375e+01,-4.274449920654296875e+01,-3.282830810546875000e+01,-1.627361297607421875e+01,5.273783802986145020e-01,1.019485092163085938e+01,1.415162682533264160e-01,-1.196805238723754883e-01,8.501428604125976562e+00,1.380451774597167969e+01,6.886404037475585938e+00,-4.195966720581054688e+00,-6.876116752624511719e+00,-6.207884788513183594e+00,-2.755333900451660156e+00,-2.762711524963378906e+00,2.283178329467773438e+00,6.935002803802490234e+00,5.802546977996826172e+00,7.508369445800781250e+00,5.677010536193847656e+00,8.047176361083984375e+00,8.270825386047363281e+00,1.118510437011718750e+01,9.081666946411132812e+00,8.126817703247070312e+00,-5.850197315216064453e+00,-1.272984981536865234e+01,-1.574210166931152344e+01,-6.010599136352539062e+00,1.157630729675292969e+01,2.907826662063598633e+00,3.204283237457275391e+00,3.627546310424804688e+00,6.765106916427612305e-01,8.610539436340332031e-01,1.309291648864746094e+01,1.377985382080078125e+01,-3.785687923431396484e+00,-2.953289413452148438e+01,-3.426443481445312500e+01,-3.778375625610351562e+01,-6.407025909423828125e+01,-7.033283996582031250e+01,-6.823049926757812500e+01,-7.255024719238281250e+01,-6.793263244628906250e+01,-5.414926910400390625e+01,-3.412964630126953125e+01,-1.882481193542480469e+01,-1.292878150939941406e+01,-3.683637237548828125e+01,-4.535846710205078125e+01,-3.916148757934570312e+01,-4.083956146240234375e+01,-4.959841918945312500e+01,-4.760219573974609375e+01,-2.904473876953125000e+01,-3.729340744018554688e+01,-4.050133514404296875e+01,-2.946455192565917969e+01,-1.707817840576171875e+01,-7.286994934082031250e+00,9.776672124862670898e-01,4.039239406585693359e+00,1.246024894714355469e+01,1.066015434265136719e+01,1.805462956428527832e+00,9.853281974792480469e+00,1.198302555084228516e+01,1.033371162414550781e+01,1.090764236450195312e+01,-2.436216175556182861e-01,-5.164007663726806641e+00,-3.250531673431396484e+00,-5.357323288917541504e-01,2.618195533752441406e+00,8.046487808227539062e+00,1.338562220335006714e-01,-1.416128921508789062e+01,-2.179845619201660156e+01,-2.195859527587890625e+01,-1.959891319274902344e+01,-1.519002246856689453e+01,-1.153083515167236328e+01,-6.673320770263671875e+00,-9.680049896240234375e+00,-1.366224956512451172e+01,-1.711423492431640625e+01,-2.237092208862304688e+01,-2.732056045532226562e+01,-3.294400405883789062e+01,-2.786458969116210938e+01,-2.300785064697265625e+01,-2.534888839721679688e+01,-2.919859313964843750e+01,-2.440533256530761719e+01,-2.664273071289062500e+01,-2.809995269775390625e+01,-2.414497756958007812e+01,-1.275969505310058594e+01,-5.810326576232910156e+00,-1.250147151947021484e+01,-1.496776199340820312e+01,-1.953061294555664062e+01,-2.001317405700683594e+01,-1.450249290466308594e+01,-1.247392463684082031e+01,-1.269840240478515625e+01,-1.981521606445312500e+01,-2.117999267578125000e+01,-1.706746673583984375e+01,-1.095972633361816406e+01,-1.503930568695068359e+01,-4.984503936767578125e+01,-6.464508056640625000e+01,-7.132742309570312500e+01,-6.416114044189453125e+01,-4.555525207519531250e+01,-2.746353912353515625e+01,-1.757321929931640625e+01,-2.534989356994628906e+01,-3.209361267089843750e+01,-2.170667266845703125e+01,-1.671356964111328125e+01,-2.077649307250976562e+01,-1.594933795928955078e+01,-1.143813514709472656e+01,-1.314233398437500000e+01,-1.876005172729492188e+01,-3.121665573120117188e+01,-2.317399597167968750e+01,-1.410931587219238281e+00,5.658652305603027344e+00,-1.445749759674072266e+00,-4.243384361267089844e+00,-4.554210901260375977e-01,7.876354455947875977e-01,1.266184329986572266e+00,2.449676513671875000e+00,9.175228118896484375e+00,1.313130283355712891e+01,1.375223827362060547e+01,1.412580299377441406e+01,-1.005741119384765625e+01,-2.293963241577148438e+01,-1.922322463989257812e+01,-5.492546081542968750e+00,-1.369466900825500488e+00,-4.525858163833618164e-02,1.017920970916748047e+00,2.742006778717041016e+00,4.139395356178283691e-01,1.092042028903961182e-02,6.896158695220947266e+00,9.568162918090820312e+00,7.930523872375488281e+00,6.036426544189453125e+00,7.822865009307861328e+00,7.034658908843994141e+00,2.217567205429077148e+00,4.607397079467773438e+00,7.202856063842773438e+00,5.981396675109863281e+00,4.047813892364501953e+00,-6.202250480651855469e+00,-1.609106254577636719e+01,-1.919568634033203125e+01,-2.206026077270507812e+01,-3.027797317504882812e+01,-2.856269836425781250e+01,-2.999949264526367188e+01,-2.568614768981933594e+01,-2.543761634826660156e+01,-1.975509643554687500e+01,-1.363791847229003906e+01,-1.251430702209472656e+01,-1.407343482971191406e+01,-2.012596702575683594e+01,-1.635841941833496094e+01,-6.159641265869140625e+00,-3.920601606369018555e+00,-8.328875541687011719e+00,-4.892146587371826172e+00,-1.140847921371459961e+00,-9.904692173004150391e-01,3.263363838195800781e+00,1.139614701271057129e+00,-6.758522510528564453e+00,-1.940699005126953125e+01,-1.776143264770507812e+01,-4.683950424194335938e+00,5.384280204772949219e+00,4.131598472595214844e+00,6.751216411590576172e+00,8.396319150924682617e-01,-3.059860467910766602e+00,-5.391827821731567383e-01,7.569526195526123047e+00,7.257306575775146484e+00,2.748192310333251953e+00,-7.095488905906677246e-01,-5.263042926788330078e+00,-1.480794906616210938e+01,-2.358103561401367188e+01,-2.497504425048828125e+01,-2.859917640686035156e+01,-3.290900421142578125e+01,-3.038771057128906250e+01,-2.650464630126953125e+01,-2.219513320922851562e+01,-1.970331001281738281e+01,-8.980794906616210938e+00,-6.583230972290039062e+00,-3.102744102478027344e+00,-1.479242444038391113e+00,4.228373527526855469e+00,7.053077697753906250e+00,5.886772632598876953e+00,-6.263131618499755859e+00,-2.335734939575195312e+01,-3.269935226440429688e+01,-3.411479949951171875e+01,-3.212397003173828125e+01,-2.471735000610351562e+01,-1.969386291503906250e+01,-1.378450012207031250e+01,-7.058216571807861328e+00,-1.264062166213989258e+00,1.451576828956604004e+00,2.884406328201293945e+00,1.255411624908447266e+00,6.752013564109802246e-01,-1.492593050003051758e+00,5.090563297271728516e-01,3.330588102340698242e+00,1.938308954238891602e+00,-7.951208204030990601e-02,-7.405344963073730469e+00,-6.010480880737304688e+00,-1.417596340179443359e+01,-9.921882629394531250e+00,5.309575080871582031e+00,5.757317066192626953e+00,6.165437221527099609e+00,1.023133563995361328e+01,1.441950130462646484e+01,6.235581398010253906e+00,-1.127047443389892578e+01,-2.417768859863281250e+01,-2.844339752197265625e+01,-2.693096351623535156e+01,-2.563678169250488281e+01,-2.408124160766601562e+01,-2.227499961853027344e+01,-2.340441513061523438e+01,-2.124784469604492188e+01,-7.631818294525146484e+00,-3.640346050262451172e+00,-7.152747154235839844e+00,-3.067055320739746094e+01,-4.108100509643554688e+01,-3.770261001586914062e+01,-3.876368713378906250e+01,-4.185125732421875000e+01,-4.505569076538085938e+01,-3.986310577392578125e+01,-2.953139877319335938e+01,-1.553917121887207031e+01,-2.665390014648437500e+00,5.286664485931396484e+00,4.986878395080566406e+00,-4.024056434631347656e+00,-6.860248565673828125e+00,3.034340858459472656e+00,3.528368949890136719e+00,-2.889561653137207031e-01,-1.541792106628417969e+01,-3.145627212524414062e+01,-2.985159683227539062e+01,-2.584669876098632812e+01,-1.654353713989257812e+01,-1.281871509552001953e+01,-3.585773849487304688e+01,-5.554177856445312500e+01,-6.058270263671875000e+01,-7.056353759765625000e+01,-7.239622497558593750e+01,-6.666203308105468750e+01,-5.575539779663085938e+01,-4.541778182983398438e+01,-4.239833068847656250e+01,-4.539114379882812500e+01,-4.927536392211914062e+01,-4.970100021362304688e+01,-4.084302520751953125e+01,-3.720097732543945312e+01,-2.938044357299804688e+01,-1.719149780273437500e+01,-1.643273544311523438e+01,-2.012777328491210938e+01,-1.789621734619140625e+01,-1.285877037048339844e+01,-8.942421913146972656e+00,-1.168284606933593750e+01,-9.603989601135253906e+00,-6.566517829895019531e+00,-3.863805770874023438e+00,-3.035345077514648438e+00,-3.080482244491577148e+00,-3.560619831085205078e+00,-5.146261215209960938e+00,4.486472010612487793e-01,7.490878582000732422e+00,9.972557067871093750e+00,1.087579154968261719e+01,8.013051033020019531e+00,7.648060798645019531e+00,6.462563991546630859e+00,8.293719291687011719e+00,5.296269416809082031e+00,-2.277790546417236328e+00,1.650518417358398438e+00,6.040864467620849609e+00,5.927136421203613281e+00,3.945939838886260986e-01,-8.712493896484375000e+00,-1.135906410217285156e+01,-1.851347541809082031e+01,-2.765950584411621094e+01,-3.388436889648437500e+01,-4.101917266845703125e+01,-4.869021606445312500e+01,-5.970653533935546875e+01,-6.454956054687500000e+01,-5.863426971435546875e+01,-4.892534637451171875e+01,-4.806616973876953125e+01,-4.600126266479492188e+01,-3.846509170532226562e+01,-3.667678833007812500e+01,-4.239555358886718750e+01,-2.543052673339843750e+01,-1.358891010284423828e+01,-1.473087882995605469e+01,-2.418475341796875000e+01,-3.668938446044921875e+01,-3.628170776367187500e+01,-3.418211746215820312e+01,-2.889360427856445312e+01,-1.918707084655761719e+01,-1.881244277954101562e+01,-1.757583999633789062e+01,-2.372225999832153320e+00,-1.166839599609375000e+01,-1.495375156402587891e+01,-6.768259525299072266e+00,-4.701902389526367188e+00,-1.508866548538208008e+00,2.898795366287231445e+00,9.815742492675781250e+00,5.922512054443359375e+00,6.700621604919433594e+00,5.438173294067382812e+00,6.283336639404296875e+00,7.487285614013671875e+00,9.144174575805664062e+00,8.903097152709960938e+00,3.919776678085327148e+00,5.318173408508300781e+00,1.072246742248535156e+01,1.163402938842773438e+01,6.586229324340820312e+00,1.503843879699707031e+01,1.185941600799560547e+01,-5.184201717376708984e+00,-2.485135269165039062e+01,-3.748892974853515625e+01,-4.960269165039062500e+01,-5.306290817260742188e+01,-4.341506195068359375e+01,-3.022600746154785156e+01,-3.576306915283203125e+01,-6.147411727905273438e+01,-6.096901702880859375e+01,-3.850858688354492188e+01,-2.688014602661132812e+01,-2.523404693603515625e+01,-2.807889747619628906e+01,-1.970865249633789062e+01,-1.185028076171875000e+01,-2.234166526794433594e+01,-3.010633087158203125e+01,-4.043254852294921875e+01,-4.189814758300781250e+01,-2.857081604003906250e+01,-2.094382858276367188e+01,-1.736181640625000000e+01,-2.693781661987304688e+01,-2.596684646606445312e+01,-1.299076747894287109e+01,3.224761962890625000e+00,8.617077827453613281e+00,1.074724578857421875e+01,1.281244277954101562e+01,1.179101943969726562e+01,1.266089057922363281e+01,2.514472007751464844e+00,-8.006147384643554688e+00,-1.101872253417968750e+01,-6.615980148315429688e+00,3.759781837463378906e+00,3.759278774261474609e+00,6.713560104370117188e+00,6.879038810729980469e+00,1.021396064758300781e+01,2.264549636840820312e+01,1.946331596374511719e+01,1.318861389160156250e+01,1.612975311279296875e+01,1.772082519531250000e+01,1.416978454589843750e+01,1.443744087219238281e+01,1.430345153808593750e+01,1.374897956848144531e+01,1.783687973022460938e+01,1.433086681365966797e+01,8.356451034545898438e+00,9.974653244018554688e+00,-4.805260896682739258e-01,-1.446257686614990234e+01,-3.026811790466308594e+01,-2.881111526489257812e+01,-2.065512466430664062e+01,-8.255047798156738281e+00,7.789119720458984375e+00,6.543423652648925781e+00,1.977927684783935547e+00,1.294452309608459473e+00,9.552302360534667969e+00,1.863230514526367188e+01,1.086473560333251953e+01,-5.834004402160644531e+00,-8.859637260437011719e+00,-5.238500595092773438e+00,1.856498003005981445e+00,2.668571949005126953e+00,-3.047203540802001953e+00,-1.778910636901855469e+01,-3.674740219116210938e+01,-3.090233230590820312e+01,-8.670896530151367188e+00,-2.655282974243164062e+00,9.466503143310546875e+00,5.725297927856445312e+00,4.259335994720458984e-01,-7.732045173645019531e+00,-1.997502708435058594e+01,-3.103023338317871094e+01,-2.815880393981933594e+01,-1.450747108459472656e+01,-1.517285728454589844e+01,-2.108226013183593750e+01,-2.182499694824218750e+01,-1.872001838684082031e+01,-1.580279445648193359e+01,-2.196275711059570312e+01,-3.466568756103515625e+01,-4.368519973754882812e+01,-4.252144622802734375e+01,-4.404484558105468750e+01,-4.401567077636718750e+01,-3.873913192749023438e+01,-2.929997634887695312e+01,-1.660904121398925781e+01,-4.162787914276123047e+00,-9.587137103080749512e-01,1.280795478820800781e+01,1.052717304229736328e+01,1.412548661231994629e+00,-2.413774013519287109e+00,-3.756121635437011719e+00,-9.313516020774841309e-01,2.761075973510742188e+00,1.447217941284179688e+01,1.317218208312988281e+01,4.792693138122558594e+00,-3.963145971298217773e+00,-7.348628044128417969e+00,-4.472909927368164062e+00,7.220982313156127930e-01,2.438569068908691406e+00,1.268987536430358887e+00,7.027719974517822266e+00,7.016607761383056641e+00,-6.744997978210449219e+00,-3.926512718200683594e+00,-5.046818256378173828e+00,-1.299749755859375000e+01,-8.915887832641601562e+00,-5.977458000183105469e+00,-2.791186571121215820e+00,7.222401618957519531e+00,2.006561470031738281e+01,2.115575599670410156e+01,2.067036628723144531e+01,1.850361442565917969e+01,1.311338615417480469e+01,1.253204917907714844e+01,9.333180427551269531e+00,2.147326946258544922e+00,-3.379389286041259766e+00,-1.356102228164672852e+00,1.624223828315734863e+00,5.245232582092285156e-02,1.881585597991943359e+00,7.936513423919677734e-01,5.148493647575378418e-01,-1.078156352043151855e+00,-6.383441925048828125e+00,-4.366286098957061768e-01,-1.284487485885620117e+00,-2.511120319366455078e+00,-8.076233863830566406e-01,1.273233532905578613e+00,1.524980664253234863e+00,1.033195495605468750e+00,3.641217947006225586e+00,5.618763923645019531e+00
1.216761970520019531e+01,1.230535316467285156e+01,1.317333221435546875e+01,1.320024871826171875e+01,1.393105316162109375e+01,1.290894985198974609e+01,1.895569610595703125e+01,2.297562408447265625e+01,2.778534889221191406e+01,4.577031707763671875e+01,5.259079360961914062e+01,4.599195098876953125e+01,4.270110321044921875e+01,4.478464508056640625e+01,4.989667510986328125e+01,4.687259674072265625e+01,3.520353317260742188e+01,1.059090042114257812e+01,1.665314865112304688e+01,2.738047218322753906e+01,3.080408287048339844e+01,2.130656433105468750e+01,1.055363655090332031e+01,1.128653526306152344e+01,1.914802742004394531e+01,3.197420883178710938e+01,3.886060333251953125e+01,4.118798065185546875e+01,3.913719558715820312e+01,4.152970123291015625e+01,3.652348709106445312e+01,1.978118133544921875e+01,7.612022399902343750e+00,8.599714279174804688e+00,1.793615722656250000e+01,2.310505294799804688e+01,2.480254173278808594e+01,1.690142440795898438e+01,6.247445106506347656e+00,1.250104141235351562e+01,1.302926063537597656e+01,8.951891899108886719e+00,8.183700561523437500e+00,4.371860504150390625e+00,5.452653884887695312e+00,4.800272941589355469e+00,1.235781788825988770e+00,1.784262537956237793e+00,8.693025588989257812e+00,1.601433372497558594e+01,1.186511325836181641e+01,4.460268497467041016e+00,1.206179738044738770e+00,1.574671554565429688e+01,8.018653869628906250e+00,-6.106130123138427734e+00,-1.627194976806640625e+01,-1.289566612243652344e+01,-9.084442138671875000e+00,-6.904588699340820312e+00,-4.498415946960449219e+00,-5.467137336730957031e+00,-6.633306980133056641e+00,6.264543533325195312e+00,1.581867885589599609e+01,1.830337142944335938e+01,1.542950439453125000e+01,1.026284885406494141e+01,5.301978111267089844e+00,1.321429252624511719e+01,2.312732315063476562e+01,2.537341117858886719e+01,2.039667129516601562e+01,2.018705368041992188e+01,1.236061954498291016e+01,-1.173599839210510254e+00,-5.327554345130920410e-01,1.789793968200683594e+01,2.273932647705078125e+01,2.330290985107421875e+01,1.708474922180175781e+01,2.148208236694335938e+01,1.055981063842773438e+01,1.098725223541259766e+01,2.242289733886718750e+01,3.252574920654296875e+01,3.088574218750000000e+01,2.355431175231933594e+01,1.842123985290527344e+01,2.082817840576171875e+01,2.149065208435058594e+01,2.374742126464843750e+01,2.149259567260742188e+01,2.034405136108398438e+01,1.748121070861816406e+01,1.049075698852539062e+01,2.509717941284179688e+00,6.908755779266357422e+00,5.099193572998046875e+00,6.669941425323486328e+00,2.272764587402343750e+01,2.159491157531738281e+01,1.737189865112304688e+01,1.410418605804443359e+01,7.490198135375976562e+00,5.879539489746093750e+00,2.086008071899414062e+00,-3.005591034889221191e-01,2.855370283126831055e+00,1.513562798500061035e+00,-2.091144323348999023e+00,-2.567493915557861328e+00,1.525644302368164062e+00,5.657258510589599609e+00,5.257364273071289062e+00,2.182754039764404297e+00,2.164627075195312500e+00,9.532258033752441406e+00,1.570591926574707031e+01,1.290159702301025391e+01,9.583351135253906250e+00,3.769635677337646484e+00,-3.904800176620483398e+00,-2.683704137802124023e+00,6.790896415710449219e+00,1.246389579772949219e+01,7.132057189941406250e+00,6.217312216758728027e-01,-1.749438047409057617e+00,3.831152915954589844e+00,4.324887752532958984e+00,-1.712723159790039062e+01,-1.198491859436035156e+01,1.221024513244628906e+00,7.235610008239746094e+00,8.357964754104614258e-01,-5.902865409851074219e+00,-1.015113639831542969e+01,9.111606597900390625e+00,2.717604446411132812e+01,3.501022720336914062e+01,3.784558105468750000e+01,3.305502319335937500e+01,3.006479644775390625e+01,2.643553924560546875e+01,2.485294723510742188e+01,1.984567260742187500e+01,1.672132873535156250e+01,8.126173019409179688e+00,8.175041198730468750e+00,1.857351112365722656e+01,1.916949462890625000e+01,2.180329322814941406e+01,1.939839172363281250e+01,9.724440574645996094e+00,1.792057275772094727e+00,-3.578954696655273438e+00,-1.981791853904724121e-01,9.141614913940429688e+00,1.463611125946044922e+01,1.281561851501464844e+01,6.231105327606201172e+00,3.059002304077148438e+01,4.009267807006835938e+01,3.134701728820800781e+01,1.391451168060302734e+01,7.950921058654785156e+00,1.282784080505371094e+01,1.990457153320312500e+01,2.311219406127929688e+01,2.231407165527343750e+01,2.328198242187500000e+01,2.857909393310546875e+01,2.635167312622070312e+01,2.884642028808593750e+01,2.893051910400390625e+01,2.430465698242187500e+01,1.877590942382812500e+01,7.813654422760009766e+00,1.336317181587219238e+00,2.467627048492431641e+00,9.406485557556152344e+00,1.095594310760498047e+01,1.370943737030029297e+01,1.672983551025390625e+01,1.284643363952636719e+01,9.333553314208984375e+00,2.305348968505859375e+01,2.799395370483398438e+01,1.107035255432128906e+01,1.227554082870483398e+00,1.073107147216796875e+01,2.462467575073242188e+01,3.468753051757812500e+01,4.344765472412109375e+01,4.428586578369140625e+01,4.038893890380859375e+01,2.795509338378906250e+01,1.878251075744628906e+01,1.472463893890380859e+01,1.031649589538574219e+01,7.133713722229003906e+00,1.131044006347656250e+01,6.465801715850830078e+00,3.938927888870239258e+00,1.048603153228759766e+01,1.372223186492919922e+01,1.719252395629882812e+01,1.983049011230468750e+01,1.714182281494140625e+01,7.742702484130859375e+00,2.022865533828735352e+00,-2.357864856719970703e+00,-7.531641960144042969e+00,-1.165909004211425781e+01,-7.601242065429687500e+00,6.826782703399658203e+00,1.099542617797851562e+01,1.157279396057128906e+01,2.198837661743164062e+01,3.492209625244140625e+01,3.906561279296875000e+01,3.680220031738281250e+01,3.090238761901855469e+01,2.598637390136718750e+01,2.454514312744140625e+01,2.582089614868164062e+01,2.346619987487792969e+01,1.625254440307617188e+01,1.021602439880371094e+01,6.901211738586425781e+00,1.564040899276733398e+00,1.166474342346191406e+01,1.819960021972656250e+01,1.381582164764404297e+01,1.075565719604492188e+01,7.503574371337890625e+00,1.528675270080566406e+01,1.509848022460937500e+01,1.912466239929199219e+01,2.071805953979492188e+01,1.549060058593750000e+01,1.058030891418457031e+01,1.070682144165039062e+01,1.614436531066894531e+01,3.173092079162597656e+01,3.616312408447265625e+01,3.906871032714843750e+01,2.513207817077636719e+01,2.082436180114746094e+01,2.414002227783203125e+01,2.595964050292968750e+01,1.790306091308593750e+01,2.405504465103149414e+00,-6.365679740905761719e+00,-2.952115058898925781e+00,3.269336938858032227e+00,6.245382308959960938e+00,3.520792007446289062e+00,1.917313456535339355e+00,1.747395038604736328e+00,-4.252024292945861816e-01,2.905346155166625977e+00,4.424875259399414062e+00,5.996814727783203125e+00,1.028080463409423828e+01,8.126974105834960938e+00,4.317417144775390625e+00,4.425310134887695312e+00,-3.765794277191162109e+00,-1.162294673919677734e+01,-1.415161705017089844e+01,-1.290796184539794922e+01,-3.851597309112548828e+00,3.943469524383544922e-01,8.992885589599609375e+00,1.231004142761230469e+01,9.542362213134765625e+00,2.128116607666015625e+00,-1.260790228843688965e-02,1.293374443054199219e+01,2.193983840942382812e+01,2.399414825439453125e+01,3.145358276367187500e+01,3.478884506225585938e+01,3.811494445800781250e+01,3.498604965209960938e+01,2.985052108764648438e+01,2.478198242187500000e+01,2.395959663391113281e+01,9.874499320983886719e+00,5.124659538269042969e+00,8.023338317871093750e+00,1.591267395019531250e+01,1.898437118530273438e+01,1.881966018676757812e+01,2.011428451538085938e+01,1.883736419677734375e+01,1.710949134826660156e+01,2.028087615966796875e+01,2.180521202087402344e+01,2.300816345214843750e+01,1.852692222595214844e+01,1.511161422729492188e+01,8.505488395690917969e+00,4.774135589599609375e+00,5.359618663787841797e+00,9.675087928771972656e+00,1.079915142059326172e+01,1.063950061798095703e+01,9.078783035278320312e+00,-6.124776840209960938e+00,-1.019111728668212891e+01,-7.399804115295410156e+00,2.808614492416381836e+00,7.702970027923583984e+00,7.796399593353271484e+00,8.551002502441406250e+00,4.852597236633300781e+00,5.435302257537841797e+00,1.025784492492675781e+01,8.457171440124511719e+00,1.278847312927246094e+01,1.803378868103027344e+01,2.058637619018554688e+01,2.222456741333007812e+01,2.191548156738281250e+01,2.121011734008789062e+01,1.897089958190917969e+01,1.484208869934082031e+01,1.398219966888427734e+01,1.849892807006835938e+01,1.770154190063476562e+01,1.247638511657714844e+01,7.847869396209716797e-02,-1.223303699493408203e+01,1.027099609375000000e+00,1.819934082031250000e+01,1.883216476440429688e+01,3.944988489151000977e+00,-1.249090385437011719e+01,-1.613946723937988281e+01,-1.039717864990234375e+01,-8.606042861938476562e+00,-3.703017234802246094e+00,6.840948104858398438e+00,4.362579345703125000e+00,-3.128173351287841797e+00,5.809322834014892578e+00,1.318622398376464844e+01,1.413432693481445312e+01,1.780692291259765625e+01,2.101710891723632812e+01,1.428947925567626953e+01,8.309083938598632812e+00,9.958324432373046875e+00,1.023246383666992188e+01,6.029404640197753906e+00,2.091854572296142578e+00,3.747435569763183594e+00,3.960241079330444336e+00,1.145538139343261719e+01,2.211758041381835938e+01,2.626341629028320312e+01,2.206839752197265625e+01,1.979322814941406250e+01,2.249726486206054688e+01,1.194998168945312500e+01,1.402661705017089844e+01,1.648180198669433594e+01,1.541241455078125000e+01,1.917663192749023438e+01,2.796729660034179688e+01,2.839906883239746094e+01,2.391461181640625000e+01,1.861189651489257812e+01,2.507312202453613281e+01,3.182721328735351562e+01,3.135848045349121094e+01,2.537890434265136719e+01,2.382593917846679688e+01,2.580087852478027344e+01,2.348547363281250000e+01,2.071166801452636719e+01,1.638193321228027344e+01,8.373641014099121094e+00,-2.933273315429687500e+00,-5.815954208374023438e+00,6.461210727691650391e+00,1.494880199432373047e+01,2.660407638549804688e+01,3.625310134887695312e+01,4.211828994750976562e+01,4.367979431152343750e+01,3.646414947509765625e+01,3.348460769653320312e+01,2.856863975524902344e+01,2.103468894958496094e+01,1.715689086914062500e+01,8.472341537475585938e+00,7.618760108947753906e+00,1.418085289001464844e+01,1.864034080505371094e+01,1.152506446838378906e+01,9.614613533020019531e+00,1.019192218780517578e+01,1.189692306518554688e+01,2.204072189331054688e+01,2.899168205261230469e+01,2.075552177429199219e+01,2.393513870239257812e+01,2.733105468750000000e+01,3.399313735961914062e+01,4.205980682373046875e+01,4.725732421875000000e+01,4.393676376342773438e+01,3.510508728027343750e+01,2.198162841796875000e+01,1.685142517089843750e+01,2.187616348266601562e+01,1.802916717529296875e+01,9.367029190063476562e+00,3.851633310317993164e+00,-1.894791364669799805e+00,-3.788825511932373047e+00,-3.796123504638671875e+00,-5.490614414215087891e+00,-5.304106712341308594e+00,-5.585249900817871094e+00,-1.507738351821899414e+00,8.044648170471191406e-01,-1.003908872604370117e+00,-2.996804714202880859e+00,-4.867654800415039062e+00,-1.834899783134460449e+00,5.200475692749023438e+00,1.570198822021484375e+01,1.944660758972167969e+01,1.084306335449218750e+01,2.605268001556396484e+00,7.310391664505004883e-01,-5.237387657165527344e+00,-1.096645164489746094e+01,-9.267745971679687500e+00,-7.553040504455566406e+00,-8.699551582336425781e+00,-5.267911911010742188e+00,-3.659988880157470703e+00,-1.365381240844726562e+00,8.746289253234863281e+00,1.886878967285156250e+01,1.380716896057128906e+01,-5.238146305084228516e+00,1.984886407852172852e+00,1.800330352783203125e+01,2.610353088378906250e+01,1.985254669189453125e+01,4.082926750183105469e+00,5.700373649597167969e+00,2.046114158630371094e+01,3.339275360107421875e+01,3.569711303710937500e+01,1.284415435791015625e+01,1.328923225402832031e+01,2.595792007446289062e+01,2.853948974609375000e+01,2.089292144775390625e+01,8.845268249511718750e+00,2.308766365051269531e+00,9.930195808410644531e-01,-3.122958183288574219e+00,-2.903010249137878418e-01,4.213686466217041016e+00,8.839550018310546875e+00,1.712041282653808594e+01,1.955296516418457031e+01,1.180244445800781250e+01,2.068364143371582031e+00,4.946471214294433594e+00,1.283568668365478516e+01,2.471348381042480469e+01,2.074741554260253906e+01,1.675439453125000000e+01,2.795590209960937500e+01,2.615635681152343750e+01,2.191631889343261719e+01,1.240902042388916016e+01,2.705788803100585938e+01,2.947962570190429688e+01,3.105239486694335938e+01,3.587042999267578125e+01,4.083322525024414062e+01,3.929685974121093750e+01,3.904585266113281250e+01,2.737549781799316406e+01,1.691230773925781250e+01,1.302902793884277344e+01,4.870990753173828125e+00,4.418270587921142578e+00,7.052911758422851562e+00,7.134247779846191406e+00,8.249908447265625000e+00,1.448660087585449219e+01,2.752293014526367188e+01,3.516461944580078125e+01,3.271580123901367188e+01,2.543401527404785156e+01,1.214422512054443359e+01,2.268981933593750000e-02,1.000416183471679688e+01,1.320223331451416016e+01,2.471153259277343750e+00,-3.880499303340911865e-01,-4.936860084533691406e+00,-5.257349967956542969e+00,-3.968595027923583984e+00,-3.883347034454345703e+00,-6.616388320922851562e+00,-4.828148841857910156e+00,-1.195922613143920898e+00,7.052608489990234375e+00,2.467423629760742188e+01,3.381471252441406250e+01,3.250336837768554688e+01,2.209428596496582031e+01,1.095824241638183594e+01,1.039633369445800781e+01,9.253527641296386719e+00,6.289976119995117188e+00,1.861598777770996094e+01,2.249815750122070312e+01,1.682069396972656250e+01,1.310892868041992188e+01,1.999301147460937500e+01,2.135877990722656250e+01,2.445134353637695312e+01,2.213341522216796875e+01,1.149715995788574219e+01,-1.181430965662002563e-01,2.187006771564483643e-01,-3.183804512023925781e+00,-6.802407741546630859e+00,-5.114245414733886719e+00,-2.916396856307983398e+00,2.793219387531280518e-01,-2.766668796539306641e-02,-1.031636476516723633e+00,-4.814922809600830078e-03,2.070572137832641602e+00,6.245064258575439453e+00,1.890103578567504883e+00,4.667981147766113281e+00,3.015084743499755859e+00,3.956060647964477539e+00,6.627701759338378906e+00,7.359821319580078125e+00,5.484279632568359375e+00,4.754750251770019531e+00,4.426991462707519531e+00,4.850791454315185547e+00,2.589832782745361328e+00,7.672815322875976562e+00,2.779969573020935059e-01,1.184805297851562500e+01,3.186916351318359375e+01,3.784768295288085938e+01,1.699342346191406250e+01,2.371972084045410156e+01,3.880619812011718750e+01,4.463797760009765625e+01,2.453261947631835938e+01,7.765171527862548828e+00,-6.994689941406250000e+00,-2.690938949584960938e+00,3.137925624847412109e+00,6.826869010925292969e+00,6.584818363189697266e+00,5.476233482360839844e+00,5.088175296783447266e+00,9.914059638977050781e+00,1.070650863647460938e+01,1.204490375518798828e+01,1.356731891632080078e+01,2.277833557128906250e+01,3.873283386230468750e+01,4.403726196289062500e+01,2.301044082641601562e+01,2.873234558105468750e+01,3.805984878540039062e+01,3.989922332763671875e+01,3.770645523071289062e+01,2.885228538513183594e+01,1.460716533660888672e+01,5.408663272857666016e+00,3.646025657653808594e+00,4.821214199066162109e+00,4.619620323181152344e+00,1.409163093566894531e+01,2.116119194030761719e+01,1.447668933868408203e+01,8.592445373535156250e+00,8.777143478393554688e+00,5.004287719726562500e+00,-1.012879943847656250e+01,-1.988509750366210938e+01,-2.322817611694335938e+01,-1.837284469604492188e+01,-1.793413543701171875e+01,-1.832202911376953125e+01,-1.202860832214355469e+01,-5.397200584411621094e+00,5.372605323791503906e+00,1.600025939941406250e+01,2.819547080993652344e+01,3.464665222167968750e+01,3.796637344360351562e+01,4.009442138671875000e+01,3.473399734497070312e+01,3.009013366699218750e+01,2.539397430419921875e+01,1.593043613433837891e+01,1.526633644104003906e+01,1.839493751525878906e+01,6.927017211914062500e+00,-1.488879203796386719e+00,-6.525737762451171875e+00,-9.218959808349609375e+00,-1.374043083190917969e+01,-1.752094268798828125e+01,-1.500980091094970703e+01,-6.503818511962890625e+00,1.234741020202636719e+01,2.698711967468261719e+01,2.097849273681640625e+01,1.118193435668945312e+01,8.956733703613281250e+00,2.290825271606445312e+01,2.975573730468750000e+01,3.183156967163085938e+01,2.897431564331054688e+01,3.384523010253906250e+01,3.970315933227539062e+01,3.811640930175781250e+01,3.421415710449218750e+01,2.901240730285644531e+01,2.348637771606445312e+01,2.707649993896484375e+01,3.017872810363769531e+01,2.132068252563476562e+01,2.072764587402343750e+01,2.035735702514648438e+01,1.159606361389160156e+01,4.475991725921630859e+00,-1.396087765693664551e+00,-8.240375518798828125e+00,3.236189842224121094e+00,1.630091857910156250e+01,1.768104934692382812e+01,1.078412771224975586e+00,-5.823972225189208984e+00,3.035420894622802734e+00,6.806257247924804688e+00,5.266824722290039062e+00,-6.624909639358520508e-01,-1.917296886444091797e+00,-4.941975593566894531e+00,4.179045677185058594e+00,1.276997947692871094e+01,2.087517547607421875e+01,2.174364089965820312e+01,2.480133438110351562e+01,2.335716819763183594e+01,2.070081329345703125e+01,1.658673477172851562e+01,6.667991638183593750e+00,1.729918003082275391e+00,-1.551332712173461914e+00,-2.586259126663208008e+00,-6.667984008789062500e+00,-7.935270786285400391e+00,-8.154941797256469727e-01,4.594932556152343750e+00,-2.011172294616699219e+00,3.286768496036529541e-01,-5.985264778137207031e+00,-6.493171215057373047e+00,-5.710494995117187500e+00,2.937418818473815918e-01,-2.297888278961181641e+00,1.717610359191894531e+00,1.310122489929199219e+00,1.152443647384643555e+00,2.705937623977661133e-01,4.788854122161865234e-01,2.595102071762084961e+00,3.501975297927856445e+00,3.856240034103393555e+00,3.899001598358154297e+00,1.670545220375061035e+00,-1.539773941040039062e-01,-1.937462806701660156e+00,-6.451718807220458984e+00,-5.024744987487792969e+00,-5.797935962677001953e+00,-2.919312477111816406e+00,-3.346981525421142578e+00,-2.701591014862060547e+00,9.034406661987304688e+00,1.362525939941406250e+01,9.989109039306640625e+00,1.015691375732421875e+01,1.003555774688720703e+01,-1.001823043823242188e+01,-1.150485610961914062e+01,5.448812484741210938e+00,1.339365768432617188e+01,7.962602138519287109e+00,7.837742328643798828e+00,1.243290138244628906e+01,4.107805252075195312e+00,-2.785112857818603516e+00,-1.041279956698417664e-01,1.217614650726318359e+01,9.067743301391601562e+00,1.223026633262634277e+00,-9.213489294052124023e-02,1.812876701354980469e+00,3.431230068206787109e+00,1.941553497314453125e+01,2.774549102783203125e+01,2.768513870239257812e+01,2.792055511474609375e+01,3.476576995849609375e+01,3.916194534301757812e+01,3.882242202758789062e+01,3.884399414062500000e+01,3.834159088134765625e+01,3.426689910888671875e+01,2.493394851684570312e+01,2.468597793579101562e+01,2.745072364807128906e+01,2.030397415161132812e+01,2.129726600646972656e+01,2.364149475097656250e+01,2.119488525390625000e+01,1.308612060546875000e+01,2.042009353637695312e+01,2.040620040893554688e+01,1.549870300292968750e+01,1.766058349609375000e+01,1.518778419494628906e+01,1.629668807983398438e+01,1.172182273864746094e+01,1.377342033386230469e+01,1.357411766052246094e+01,1.561217975616455078e+01,1.236356449127197266e+01,9.768246650695800781e+00,3.461434936523437500e+01,4.807154083251953125e+01,4.026824951171875000e+01,3.530609130859375000e+01,3.837589263916015625e+01,4.507825469970703125e+01,4.830783081054687500e+01,4.227272796630859375e+01,2.635232734680175781e+01,1.746037673950195312e+01,6.734271526336669922e+00,4.050255775451660156e+00,2.030804395675659180e+00,8.253568649291992188e+00,1.261117553710937500e+01,9.125594139099121094e+00,1.374600648880004883e+00,-7.286711692810058594e+00,-4.213778972625732422e+00,7.370306491851806641e+00,9.032264709472656250e+00,-2.333657741546630859e-01,-5.360617637634277344e+00,-6.556520938873291016e+00,9.556041717529296875e+00,2.398709487915039062e+01,2.238997268676757812e+01,1.024933624267578125e+01,2.689120173454284668e-02,1.013928604125976562e+01,1.165303802490234375e+01,9.155036926269531250e+00,8.556976318359375000e+00,3.233627700805664062e+01,4.455454254150390625e+01,4.073584747314453125e+01,2.365864372253417969e+01,9.141983985900878906e+00,1.400803565979003906e+01,1.919340133666992188e+01,1.486404800415039062e+01,8.178632736206054688e+00,8.817871093750000000e+00,1.654923629760742188e+01,1.760988998413085938e+01,2.187466812133789062e+01,2.928353118896484375e+01,3.401358032226562500e+01,3.350996017456054688e+01,2.968379592895507812e+01,1.377747535705566406e+01,1.824470901489257812e+01,3.384833526611328125e+01,3.618494033813476562e+01,2.890695190429687500e+01,3.492042922973632812e+01,3.888352203369140625e+01,4.244307327270507812e+01,4.180268096923828125e+01,4.112488555908203125e+01,4.411391448974609375e+01,4.161267852783203125e+01,4.017073440551757812e+01,3.419166564941406250e+01,1.988426399230957031e+01,1.321566200256347656e+01,9.249883651733398438e+00,5.134524345397949219e+00,3.951968431472778320e+00,5.655287742614746094e+00,1.022359180450439453e+01,9.367898941040039062e+00,3.048623561859130859e+00,2.317204475402832031e+00,-6.341850161552429199e-01,-6.838455200195312500e+00,5.543979406356811523e-01,8.594915390014648438e+00,2.364094018936157227e+00,1.203279876708984375e+01,3.067618942260742188e+01,3.602902984619140625e+01,3.440798187255859375e+01,3.817501831054687500e+01,3.788865280151367188e+01,4.082289123535156250e+01,4.209943771362304688e+01,4.133662414550781250e+01,3.922166442871093750e+01,2.959223556518554688e+01,1.938979721069335938e+01,1.927888679504394531e+01,1.413183593750000000e+01,1.580889511108398438e+01,1.836439323425292969e+01,2.190791702270507812e+01,2.372619247436523438e+01,2.782023239135742188e+01,2.826392745971679688e+01,1.477004814147949219e+01,2.092214345932006836e+00,-9.705749511718750000e+00,-1.836379623413085938e+01,-1.907431030273437500e+01,-7.397256374359130859e+00,-6.158293724060058594e+00,-3.923620700836181641e+00,9.339141845703125000e-02,-5.657893657684326172e+00,-1.255632019042968750e+01,-1.788137817382812500e+01,-1.094125556945800781e+01,-9.008876800537109375e+00,-7.772717475891113281e+00,-4.951543807983398438e+00,-5.552345275878906250e+00,-2.219175338745117188e+00,1.845559692382812500e+01,1.693582725524902344e+01,9.793587684631347656e+00,1.644719314575195312e+01,2.235581207275390625e+01,6.573027610778808594e+00,-6.250298500061035156e+00,-7.210611343383789062e+00,5.545101165771484375e-01,1.252367019653320312e+01,2.401740264892578125e+01,2.615452384948730469e+01,1.433281517028808594e+01,-4.882777214050292969e+00,-9.264562606811523438e+00,-1.410109615325927734e+01,-1.466660261154174805e+00,2.612934875488281250e+01,4.689413452148437500e+01,4.891455841064453125e+01,5.036952972412109375e+01,5.329470825195312500e+01,5.311822128295898438e+01,3.748786926269531250e+01,2.707799148559570312e+01,2.312703323364257812e+01,1.240836906433105469e+01,4.535175323486328125e+00,6.599439620971679688e+00,7.138316154479980469e+00,5.398205757141113281e+00,1.113691210746765137e+00,-1.428360939025878906e-01,1.132971048355102539e+00,-5.922896385192871094e+00,-9.775394439697265625e+00,-5.281884193420410156e+00,-9.333412051200866699e-01,5.086102962493896484e+00,1.080983066558837891e+01,1.320300865173339844e+01,2.244842720031738281e+01,2.459319114685058594e+01,2.738250350952148438e+01,3.445153045654296875e+01,4.071358108520507812e+01,3.810056304931640625e+01,3.325005340576171875e+01,3.265803909301757812e+01,3.019058990478515625e+01,2.946730041503906250e+01,2.064620971679687500e+01,1.875287246704101562e+01,1.825494575500488281e+01,6.032547950744628906e+00,4.016644477844238281e+00,9.907928466796875000e+00,1.931914710998535156e+01,2.833406448364257812e+01,2.766105461120605469e+01,1.538921737670898438e+01,6.823143005371093750e+00,8.132336616516113281e+00,2.504910469055175781e+00,9.588133811950683594e+00,2.077328491210937500e+01,2.187930870056152344e+01,1.865510559082031250e+01,7.068676948547363281e+00,-5.100808620452880859e+00,-1.102614593505859375e+01,-1.453488159179687500e+01,-3.243799209594726562e+00,3.516351699829101562e+00,-5.169401168823242188e+00,-1.336269950866699219e+01,-1.034650421142578125e+01,-4.330734729766845703e+00,-2.767135381698608398e+00,5.582124710083007812e+00,9.426265716552734375e+00,4.209537506103515625e+00,6.036718487739562988e-01,2.243233108520507812e+01,1.217914485931396484e+01,9.397056579589843750e+00,1.394416236877441406e+01,6.090885162353515625e+00,-6.943511962890625000e+00,-6.724442481994628906e+00,-6.385009765625000000e+00,-8.333710670471191406e+00,-1.034541416168212891e+01,-5.739054679870605469e+00,-1.966687440872192383e+00,-1.468719005584716797e+00,-2.892542123794555664e+00,-2.559225082397460938e+00,7.118010520935058594e-01,-2.165758609771728516e+00,6.844654083251953125e+00,1.725424003601074219e+01,7.252645969390869141e+00,1.934910297393798828e+00,1.519841766357421875e+01,2.039162826538085938e+01,1.277956581115722656e+01,1.119149017333984375e+01,1.099846649169921875e+01,1.076036453247070312e+01,1.062728118896484375e+01,8.522747039794921875e+00,5.883193969726562500e+00,1.962268948554992676e+00,2.054966926574707031e+00,8.579456329345703125e+00,8.646160125732421875e+00,8.916696310043334961e-01,-4.401892662048339844e+00,3.835635185241699219e+00,7.964292526245117188e+00,-4.137864112854003906e+00,-1.923291778564453125e+01,-5.396228790283203125e+00,8.851253509521484375e+00,2.062291336059570312e+01,1.947617340087890625e+01,5.627859115600585938e+00,-5.520606517791748047e+00,-6.868961811065673828e+00,-6.743313789367675781e+00,-1.058193778991699219e+01,-1.701470375061035156e+01,-1.864589500427246094e+01,-1.841786575317382812e+01,-2.226036834716796875e+01,-1.024822711944580078e+01,2.928946495056152344e+00,9.077273368835449219e+00,-2.620028555393218994e-01,-7.004095554351806641e+00,8.039379119873046875e+00,1.465831089019775391e+01,1.374314212799072266e+01,9.994927406311035156e+00,8.389608383178710938e+00,1.459271907806396484e+00,8.487043976783752441e-01,-2.838451385498046875e+00,1.677863597869873047e-01,6.597235202789306641e+00,1.142395591735839844e+01,1.034570503234863281e+01,1.406714820861816406e+01,1.822282791137695312e+01,2.549978256225585938e+01,3.417830276489257812e+01,4.020684051513671875e+01,3.933089447021484375e+01,3.354222106933593750e+01,2.371273994445800781e+01,1.249688529968261719e+01,8.864852905273437500e+00,9.269981384277343750e+00,5.409463882446289062e+00,1.205089759826660156e+01,1.262153339385986328e+01,9.455236434936523438e+00,1.528460407257080078e+01,1.930894470214843750e+01,1.880345535278320312e+01,1.494902801513671875e+01,7.619353771209716797e+00,5.243789672851562500e+00,3.379903316497802734e+00,2.002658843994140625e+00,4.797722816467285156e+00,3.459841251373291016e+00,6.059177398681640625e+00,9.689710617065429688e+00,6.255978107452392578e+00,2.326074123382568359e+00,5.303570747375488281e+00,3.796579122543334961e+00,8.261709213256835938e-01,7.001499533653259277e-01,-7.217881202697753906e+00,-7.100628852844238281e+00,-3.718780517578125000e+00,-5.038721084594726562e+00,-7.952766418457031250e+00,-3.176564693450927734e+00,1.776580238342285156e+01,1.993553543090820312e+01,1.018635654449462891e+01,9.219256401062011719e+00,1.221012115478515625e+01,1.628217887878417969e+01,1.524680900573730469e+01,1.551329231262207031e+01,-2.037884235382080078e+00,-1.200267410278320312e+01,-1.252417182922363281e+01,-7.087222099304199219e+00,-2.417752146720886230e-02,1.294620895385742188e+01,1.051287651062011719e+01,-2.014960765838623047e+00,-5.440538525581359863e-01,1.643488883972167969e+01,1.831415939331054688e+01,1.947679328918457031e+01,2.358333587646484375e+01,2.192389869689941406e+01,2.009346961975097656e+01,2.415182876586914062e+01,2.461952209472656250e+01,1.375444221496582031e+01,3.807267904281616211e+00,2.175100088119506836e+00,5.562887191772460938e-01,-1.514352798461914062e+00,-1.304121732711791992e+00,2.427965641021728516e+00,-8.256733894348144531e+00,-2.814324378967285156e+00,6.383798122406005859e+00,9.257331848144531250e+00,5.255714893341064453e+00,4.882262349128723145e-01,-1.404495716094970703e+00,1.131815338134765625e+01,2.820705413818359375e+01,1.892300796508789062e+01,1.020291519165039062e+01,1.354289817810058594e+01,1.023010635375976562e+01,1.080557250976562500e+01,3.900383710861206055e+00,5.615654945373535156e+00,3.653906822204589844e+00,3.005524635314941406e+00,1.707419633865356445e+00,7.146345138549804688e+00,9.952952384948730469e+00,1.188028717041015625e+01,1.328013515472412109e+01,1.183523082733154297e+01,1.320797348022460938e+01,1.059821224212646484e+01,1.177780532836914062e+01,-5.869070529937744141e+00,-7.828749656677246094e+00,-1.004423904418945312e+01,-1.636242866516113281e+01,-9.627458572387695312e+00,1.673708200454711914e+00,1.381747817993164062e+01,1.539279270172119141e+01,-5.322714805603027344e+00,-8.244802474975585938e+00,-4.773784637451171875e+00,-2.318572759628295898e+00,3.698741436004638672e+00,8.082869529724121094e+00,1.274674701690673828e+01,1.521774578094482422e+01,1.738863945007324219e+01,1.171556282043457031e+01,1.609321594238281250e+01,1.815108489990234375e+01,2.579360198974609375e+01,2.948871994018554688e+01,3.213230895996093750e+01,3.235342025756835938e+01,1.709746360778808594e+01,-2.451055288314819336e+00,-1.296424674987792969e+01,-5.022767066955566406e+00,-4.981139183044433594e+00,-4.460916519165039062e+00,1.088822841644287109e+01,1.364885902404785156e+01,8.211470603942871094e+00,6.520910263061523438e-01,-2.084192276000976562e+00,-8.903438568115234375e+00,-1.410500717163085938e+01,-1.376848983764648438e+01,-1.210777664184570312e+01,-8.236033439636230469e+00,-1.313766860961914062e+01,-1.216298580169677734e+01,-6.502219200134277344e+00,-3.630742073059082031e+00,-2.512857913970947266e-01,2.834633350372314453e+00,8.595385551452636719e+00,1.173223876953125000e+01,1.448102378845214844e+01,3.180579376220703125e+01,3.608500671386718750e+01,4.103482437133789062e+01,4.386459732055664062e+01,2.863884353637695312e+01,1.933318710327148438e+01,2.180540657043457031e+01,1.983880043029785156e+01,1.045396995544433594e+01,4.599258899688720703e+00,5.109658241271972656e+00,3.071014881134033203e+00,3.628520071506500244e-01,-1.896725893020629883e+00,-8.976010322570800781e+00,-1.763692855834960938e+01,-1.904180908203125000e+01,-1.429436874389648438e+01,-1.613811302185058594e+01,-1.463612556457519531e+01,-5.490802764892578125e+00,2.750985145568847656e+00,3.672290802001953125e+00,-2.813981473445892334e-01,7.067353725433349609e+00,1.054069328308105469e+01,1.470102596282958984e+01,1.752603340148925781e+01,1.782696151733398438e+01,1.801742172241210938e+01,3.005018234252929688e+01,3.758045196533203125e+01,3.519713592529296875e+01,3.923892211914062500e+01,3.823772048950195312e+01,3.461779022216796875e+01,3.237153625488281250e+01,2.440084838867187500e+01,2.172010803222656250e+01,2.128548812866210938e+01,1.975374794006347656e+01,1.954647827148437500e+01,1.084831237792968750e+01,9.229312896728515625e+00,-3.492953300476074219e+00,-1.357874202728271484e+01,-9.076126098632812500e+00,1.469160318374633789e+00,4.263216972351074219e+00,1.705026388168334961e+00,-4.971587181091308594e+00,3.125283479690551758e+00,9.725654602050781250e+00,2.780844306945800781e+01,4.158911895751953125e+01,4.227417755126953125e+01,4.468563842773437500e+01,4.457723999023437500e+01,4.603987884521484375e+01,4.406951522827148438e+01,3.437738418579101562e+01,1.802837371826171875e+01,4.670827865600585938e+00,1.028484702110290527e+00,-5.280572891235351562e+00,-6.684593677520751953e+00,1.481959104537963867e+00,7.845805644989013672e+00,8.502340316772460938e+00,1.194989013671875000e+01,2.536964035034179688e+01,2.599662399291992188e+01,1.190758895874023438e+01,2.124581909179687500e+01,2.824187088012695312e+01,2.394349670410156250e+01,2.742140197753906250e+01,3.372186279296875000e+01,2.087016296386718750e+01,7.096819400787353516e+00,2.293995857238769531e+00,2.328393459320068359e+00,1.692234039306640625e+00,-7.046416997909545898e-01,-3.762090206146240234e+00,-5.870122432708740234e+00,-5.318286418914794922e-01,4.222231864929199219e+00,3.797331333160400391e+00,1.469556427001953125e+01,2.436538314819335938e+01,1.597591686248779297e+01,1.346840476989746094e+01,1.550219154357910156e+01,1.705982589721679688e+01,1.566953086853027344e+01,1.304255867004394531e+01,1.139527988433837891e+01,1.461982917785644531e+01,7.888205528259277344e+00,5.779384613037109375e+00,5.090355396270751953e+00,9.722770690917968750e+00,1.150395393371582031e+01,1.262492084503173828e+01,1.560704612731933594e+01,1.075189495086669922e+01,8.794050216674804688e+00,8.023124694824218750e+00,-1.028499031066894531e+01,-1.159658336639404297e+01,-2.983475923538208008e+00,5.296631813049316406e+00,9.256194114685058594e+00,1.670003509521484375e+01,1.817506408691406250e+01,1.287219047546386719e+01,3.949006319046020508e+00,1.677077651023864746e+00,-6.777878284454345703e+00,1.226495552062988281e+01,2.266937255859375000e+01,2.548685646057128906e+01,1.753284645080566406e+01,5.353695869445800781e+00,5.266476631164550781e+00,1.840065598487854004e+00,-2.264039516448974609e+00,2.132743358612060547e+00,5.621608734130859375e+00,8.842435836791992188e+00,1.398619842529296875e+01,1.295079040527343750e+01,1.216827201843261719e+01,9.277734756469726562e+00,-8.255593776702880859e-01,6.470029354095458984e-01,-1.255410313606262207e+00,4.148429393768310547e+00,1.890670776367187500e+01,2.465522003173828125e+01,2.537981033325195312e+01,2.285747718811035156e+01,1.528965854644775391e+01,1.243383693695068359e+01,1.082348442077636719e+01,5.111876010894775391e+00,-4.876690864562988281e+00,-3.183167219161987305e+00,6.869096755981445312e+00,9.260089874267578125e+00,1.212697792053222656e+01,1.072862243652343750e+01,1.091396141052246094e+01,2.807754278182983398e-01,2.604160547256469727e+00,7.999623298645019531e+00,1.540193367004394531e+01,1.357961845397949219e+01,1.816793680191040039e-01,-4.650864601135253906e+00,-7.745291709899902344e+00,-1.070556640625000000e+01,-1.204984855651855469e+01,-8.594738006591796875e+00,3.327291011810302734e+00,1.595007705688476562e+01,2.224635314941406250e+01,1.781696701049804688e+01,-4.782120227813720703e+00,-1.051305198669433594e+01,-1.668916130065917969e+01,-1.323299217224121094e+01,4.052446842193603516e+00,1.696002006530761719e+01,9.228348731994628906e+00,-1.781895637512207031e+00,-3.450550079345703125e+00,-8.152047157287597656e+00,-1.205022811889648438e+01,-6.505627632141113281e+00,6.826710224151611328e+00,1.752137565612792969e+01,1.394296455383300781e+01,1.182530784606933594e+01,2.067927169799804688e+01,2.306604766845703125e+01,3.183733367919921875e+01,2.901004409790039062e+01,2.276272964477539062e+01,2.049205017089843750e+01,1.730504417419433594e+01,1.316212463378906250e+01,-3.180857747793197632e-02,-6.175404548645019531e+00,-1.052679061889648438e+01,-4.322894573211669922e+00,-3.695550680160522461e+00,2.125387907028198242e+00,1.745420932769775391e+00,-1.837437272071838379e+00,-3.998512744903564453e+00,-4.525053024291992188e+00,-4.424512863159179688e+00,-4.714510440826416016e+00,2.144387722015380859e+00,1.411668300628662109e+01,8.197062492370605469e+00,-5.491698265075683594e+00,-4.015552043914794922e+00,-3.363601684570312500e+00,4.042357444763183594e+00,1.225861835479736328e+01,3.099448204040527344e+00,-7.444830417633056641e+00,-4.166489601135253906e+00,-3.686883211135864258e+00,-5.425410270690917969e+00,2.375653237104415894e-01,8.808021545410156250e+00,2.280623054504394531e+01,3.446224594116210938e+01,3.540257263183593750e+01,2.151343917846679688e+01,4.294296741485595703e+00,-1.029479026794433594e+01,-1.039821434020996094e+01,-3.613045215606689453e+00,-1.728364109992980957e+00,-1.201271772384643555e+00,-3.603840827941894531e+00,-2.076128244400024414e+00,-3.553060054779052734e+00,-4.338503837585449219e+00,-1.009877324104309082e+00,2.821275472640991211e+00,6.242312431335449219e+00,3.469404220581054688e+00,-3.282298564910888672e+00,-7.194962501525878906e+00,-7.319911003112792969e+00,-5.774422645568847656e+00,8.795437812805175781e+00,2.991251373291015625e+01,3.358161926269531250e+01,1.586440181732177734e+01,1.954703807830810547e+00,7.856195449829101562e+00,7.709009170532226562e+00,4.519005775451660156e+00,-1.250799536705017090e+00,1.272766971588134766e+01,2.517096138000488281e+01,2.427896118164062500e+01,1.667386817932128906e+01,2.099212455749511719e+01,3.118443298339843750e+01,3.218916702270507812e+01,3.691758728027343750e+01,3.144753265380859375e+01,7.777206420898437500e+00,-9.733055114746093750e+00,-6.444028854370117188e+00,-3.440971851348876953e+00,6.672730445861816406e+00,2.249216842651367188e+01,3.075963211059570312e+01,3.208739471435546875e+01,3.059114265441894531e+01,3.165222167968750000e+01,3.014800643920898438e+01,2.543787002563476562e+01,2.000807571411132812e+01,1.009566116333007812e+01,8.628319501876831055e-01,-1.185596585273742676e-01,1.701296997070312500e+01,3.184939956665039062e+01,3.537061309814453125e+01,3.405549621582031250e+01,2.532858085632324219e+01,1.816963577270507812e+01,2.068732833862304688e+01,2.255197906494140625e+01,1.458806896209716797e+01,1.075368309020996094e+01,1.039395141601562500e+01,1.157524490356445312e+01,2.030946731567382812e+01,1.990620422363281250e+01,1.916430282592773438e+01,1.557656097412109375e+01,1.597983837127685547e+01,1.971611785888671875e+01,2.967896652221679688e+01,3.989426422119140625e+01,4.236742019653320312e+01,4.462108230590820312e+01,4.346465682983398438e+01,4.710108947753906250e+01,5.130090713500976562e+01,4.269193267822265625e+01,3.227690887451171875e+01,2.180809974670410156e+01,2.035179138183593750e+01,1.959019470214843750e+01,1.496006584167480469e+01,1.335296726226806641e+01,1.409822082519531250e+01,1.363054656982421875e+01,5.273673534393310547e+00,1.312023043632507324e+00,7.302248954772949219e+00,7.951603889465332031e+00,5.497043132781982422e+00,8.738257288932800293e-01,-1.627389192581176758e+00,-1.048649668693542480e+00,2.897798061370849609e+00,4.475367069244384766e+00,3.881185531616210938e+00,5.480185508728027344e+00,-5.948734283447265625e+00,3.635117769241333008e+00,2.645674896240234375e+01,3.884117126464843750e+01,1.931855392456054688e+01,1.461031055450439453e+01,2.281798553466796875e+01,2.574034881591796875e+01,2.596663665771484375e+01,2.014416313171386719e+01,1.624872207641601562e+01,1.664863967895507812e+01,1.363104820251464844e+01,4.460733413696289062e+00,1.382420182228088379e+00,-5.498046875000000000e-01,1.996046304702758789e-01,-9.647188186645507812e-01,6.909666061401367188e+00,1.666619491577148438e+01,1.710640525817871094e+01,8.635521888732910156e+00,-4.594796180725097656e+00,-1.403086376190185547e+01,-1.921638679504394531e+01,-2.087364387512207031e+01,-1.981747817993164062e+01,-1.491323280334472656e+01,-6.702317714691162109e+00,-3.586552619934082031e+00,-2.711832761764526367e+00,-2.197304666042327881e-01,-3.650372982025146484e+00,-6.915851593017578125e+00,-8.504215240478515625e+00,-1.260211181640625000e+01,-8.496556282043457031e+00,-6.574321269989013672e+00,-1.100915336608886719e+01,-4.374697685241699219e+00,4.460011482238769531e+00,1.025597667694091797e+01,1.508298301696777344e+01,2.166599273681640625e+01,2.602056503295898438e+01,2.252440643310546875e+01,1.313794517517089844e+01,5.972941875457763672e+00,-5.427854537963867188e+00,-1.471499061584472656e+01,-1.086787128448486328e+01,-7.343917369842529297e+00,-2.910704016685485840e-01,1.023100376129150391e+01,5.055974006652832031e+00,6.208836555480957031e+00,6.073321342468261719e+00,-4.098484516143798828e-01,-7.651000022888183594e-01,8.440178871154785156e+00,2.378866195678710938e+01,3.110156631469726562e+01,3.748711013793945312e+01,3.218161773681640625e+01,3.018186569213867188e+01,3.254098510742187500e+01,3.757548522949218750e+01,3.838447570800781250e+01,3.547475433349609375e+01,2.544635009765625000e+01,1.428754425048828125e+01,4.349901199340820312e+00,-7.814091682434082031e+00,-1.126804542541503906e+01,-6.515824317932128906e+00,-5.417280197143554688e+00,-1.344723343849182129e+00,-2.967659950256347656e+00,-9.417549133300781250e+00,3.293601751327514648e+00,1.403157615661621094e+01,9.668548583984375000e+00,1.945820808410644531e+01,2.215715789794921875e+01,2.383888053894042969e+01,2.237868690490722656e+01,1.426785659790039062e+01,-1.015816330909729004e+00,-1.549349975585937500e+01,-1.306103324890136719e+01,-1.006149864196777344e+01,-3.610006570816040039e+00,-4.282872676849365234e+00,-4.719105720520019531e+00,1.035553932189941406e+01,2.484197044372558594e+01,2.379987716674804688e+01,2.581751632690429688e+01,4.084976959228515625e+01,4.072099304199218750e+01,2.037002944946289062e+01,6.530043601989746094e+00,2.603479862213134766e+00,7.356280803680419922e+00,1.780154800415039062e+01,3.299013900756835938e+01,4.314372634887695312e+01,4.308996200561523438e+01,4.291926956176757812e+01,2.513716125488281250e+01,1.139546775817871094e+01,9.687681198120117188e+00,4.511099338531494141e+00,4.683347642421722412e-01,8.255843162536621094e+00,2.019892692565917969e+01,2.382713699340820312e+01,1.417569923400878906e+01,1.793265342712402344e+00,-1.757654249668121338e-01,-1.252944231033325195e+00,-3.715978264808654785e-01,-2.972756385803222656e+00,-5.507583141326904297e+00,-1.213878393173217773e+00,9.388811111450195312e+00,4.815633773803710938e+00,-3.450536727905273438e+00,-5.250702857971191406e+00,-1.954373359680175781e+00,3.108182430267333984e+00,1.608772635459899902e+00,-4.391496658325195312e+00,4.691481590270996094e+00,1.688739013671875000e+01,1.811526679992675781e+01,1.106092929840087891e+01,9.976568222045898438e+00,8.154939651489257812e+00,7.359457969665527344e+00,5.051039457321166992e-01,-7.365805625915527344e+00,-1.066590499877929688e+01,-4.803081512451171875e+00,7.154197692871093750e+00,1.024693298339843750e+01,8.379370689392089844e+00,1.034633731842041016e+01,1.793786644935607910e+00,-8.080375790596008301e-01,2.113323974609375000e+01,2.790561294555664062e+01,2.339855575561523438e+01,3.095071983337402344e+01,3.817971420288085938e+01,3.456436920166015625e+01,2.563336181640625000e+01,1.595082855224609375e+01,6.299538612365722656e-01,-4.292039871215820312e+00,-7.368911743164062500e+00,-1.098091506958007812e+01,-5.167931556701660156e+00,-2.715952873229980469e+00,-2.083085477352142334e-02,4.824059009552001953e+00,8.819476127624511719e+00,1.058273887634277344e+01,1.940087127685546875e+01,2.308415222167968750e+01,2.475988769531250000e+01,2.655173110961914062e+01,3.167733001708984375e+01,2.861230278015136719e+01,3.457066345214843750e+01,3.298344421386718750e+01,2.927945709228515625e+01,2.332910346984863281e+01,1.291513061523437500e+01,8.340795516967773438e+00,7.171025276184082031e+00,5.098495483398437500e+00,1.715027689933776855e+00,1.424023389816284180e+00,2.919380187988281250e+00,5.501873493194580078e+00,6.744374275207519531e+00,9.272207260131835938e+00,8.388726234436035156e+00,-1.944225549697875977e+00,-2.683167934417724609e+00,-1.724633574485778809e-01,2.851189136505126953e+00,7.930353164672851562e+00,6.698843479156494141e+00,4.130454063415527344e+00,1.678299307823181152e-01,5.015123486518859863e-01,3.120889186859130859e+00,5.227554321289062500e+00,7.799031257629394531e+00,9.205858230590820312e+00,1.090929603576660156e+01,1.186316013336181641e+01,2.436563253402709961e+00,4.347555160522460938e+00,9.417630195617675781e+00,9.545520782470703125e+00,7.809929847717285156e+00,1.677810668945312500e+00,9.727792739868164062e-01,1.377616596221923828e+01,2.199569129943847656e+01,2.066715621948242188e+01,1.979812049865722656e+01,1.607431411743164062e+01,1.268577861785888672e+01,5.607274532318115234e+00,3.037692785263061523e+00,1.898585796356201172e+00,-6.149933815002441406e+00,1.750687360763549805e-01,1.212625789642333984e+01,1.801464271545410156e+01,2.793133544921875000e+01,4.044564819335937500e+01,4.626843261718750000e+01,3.892079544067382812e+01,3.255818939208984375e+01,2.930081939697265625e+01,1.913235473632812500e+01,1.075446128845214844e+01,4.553419113159179688e+00,-3.845276117324829102e+00,-4.275594711303710938e+00,-1.081075954437255859e+01,-1.159341144561767578e+01,5.917239189147949219e-01,1.487079620361328125e+01,2.907640266418457031e+01,2.327518463134765625e+01,1.695845031738281250e+01,2.315927505493164062e+00,-7.879901409149169922e+00,-1.329929351806640625e+01,-2.026293563842773438e+01,-2.261956405639648438e+01,-1.956749153137207031e+01,-1.556591987609863281e+01,-1.746520614624023438e+01,-1.615056991577148438e+01,-1.100947189331054688e+01,-4.558902740478515625e+00,-8.486965179443359375e+00,-3.099094629287719727e+00,-1.756045579910278320e+00,-2.636058807373046875e+00,-1.011193561553955078e+01,-1.579655838012695312e+01,-2.128938484191894531e+01,-2.600914382934570312e+01,-2.709534072875976562e+01,-1.584924697875976562e+01,-7.345315456390380859e+00,4.758416652679443359e+00,1.075381851196289062e+01,1.410002517700195312e+01,1.350658226013183594e+01,7.562687873840332031e+00,1.671332740783691406e+01,2.051110076904296875e+01,1.274440574645996094e+01,1.600025177001953125e+01,1.802890419960021973e+00,6.108752250671386719e+00,1.233747768402099609e+01,6.038770675659179688e+00,-3.109084844589233398e+00,-4.921731472015380859e+00,-6.036058425903320312e+00,6.417760848999023438e-01,7.596851348876953125e+00,1.881867218017578125e+01,2.352724075317382812e+01,2.772623300552368164e+00,4.118282318115234375e+00,-7.253530502319335938e+00,-1.619056320190429688e+01,-1.129128074645996094e+01,-6.949660301208496094e+00,-2.475047349929809570e+00,6.946556270122528076e-02,7.357520103454589844e+00,9.084048271179199219e+00,1.187876129150390625e+01,1.312306690216064453e+01,1.214403533935546875e+01,1.724399185180664062e+01,2.073543357849121094e+01,2.186817741394042969e+01,2.308272933959960938e+01,2.515185356140136719e+01,2.220588684082031250e+01,1.205702781677246094e+01,5.756855010986328125e+00,2.391820669174194336e+00,-1.519057989120483398e+00,-1.342542767524719238e+00,1.492218780517578125e+01,2.536601829528808594e+01,2.740269279479980469e+01,2.964453887939453125e+01,2.947242546081542969e+01,3.319351196289062500e+01,2.625961685180664062e+01,2.049136352539062500e+01,2.291544342041015625e+01,1.955533218383789062e+01,2.451252365112304688e+01,2.778533935546875000e+01,3.232692718505859375e+01,3.109243011474609375e+01,2.507801437377929688e+01,1.488628578186035156e+01,8.716144561767578125e+00,-5.411585807800292969e+00,-3.434125185012817383e+00,7.099154949188232422e+00,1.776779937744140625e+01,2.560551452636718750e+01,2.953380775451660156e+01,2.661102104187011719e+01,2.016922187805175781e+01,2.050532531738281250e+01,1.905125045776367188e+01,1.857002639770507812e+01,3.171562576293945312e+01,2.523685264587402344e+01,1.121022891998291016e+01,6.453010082244873047e+00,-3.646798133850097656e+00,-1.594490242004394531e+01,-1.209727096557617188e+01,-4.851900935173034668e-01,4.011439323425292969e+00,3.724762201309204102e+00,8.955400466918945312e+00,1.241761589050292969e+01,6.479969978332519531e+00,-6.659224510192871094e+00,-8.299264907836914062e+00,-2.215430259704589844e+00,1.196684265136718750e+01,1.475327682495117188e+01,9.515270233154296875e+00,2.816430091857910156e+00,1.408302497863769531e+01,2.788141059875488281e+01,3.316058349609375000e+01,3.752469635009765625e+01,4.318859863281250000e+01,3.776664733886718750e+01,2.889580154418945312e+01,1.995504379272460938e+01,1.551435947418212891e+01,6.959590435028076172e+00,3.609056472778320312e+00,4.629490852355957031e+00,1.166507363319396973e+00,1.892017602920532227e+00,8.732324600219726562e+00,1.079160976409912109e+01,1.644920158386230469e+01,2.852379226684570312e+01,3.735013198852539062e+01,3.206519317626953125e+01,1.630064582824707031e+01,6.543085098266601562e+00,6.517317771911621094e+00,3.914928913116455078e+00,5.691401481628417969e+00,2.717322349548339844e+00,-7.804367542266845703e+00,-1.032164382934570312e+01,1.628933548927307129e+00,1.206649208068847656e+01,9.464973449707031250e+00,4.659159183502197266e+00,5.289210319519042969e+00,7.788880825042724609e+00,1.138012123107910156e+01,1.092258834838867188e+01,4.905295372009277344e+00,-1.989577263593673706e-01,1.924274444580078125e+00,6.654735565185546875e+00,4.686419963836669922e+00,5.704644203186035156e+00,7.082593441009521484e+00,1.573471307754516602e+00,6.835215091705322266e+00,7.436106681823730469e+00,2.829238653182983398e+00,1.921803474426269531e+00,2.343336820602416992e+00,2.405628204345703125e+00,1.389781594276428223e+00,-7.257795333862304688e-02,6.001479148864746094e+00,6.471031188964843750e+00,2.641993999481201172e+00,3.853105753660202026e-02,-2.730111598968505859e+00,-1.618350744247436523e-01,3.292922735214233398e+00,3.419447898864746094e+00,5.551562786102294922e+00,8.929233551025390625e+00,6.384767055511474609e+00,5.168840885162353516e+00,9.745965600013732910e-01,-2.631911277770996094e+00,-8.005525469779968262e-01,1.163920402526855469e+01,2.606055450439453125e+01,2.726666069030761719e+01,2.341986465454101562e+01,1.786891555786132812e+01,4.850590705871582031e+00,1.816627883911132812e+01,1.626284408569335938e+01,9.146409034729003906e+00,2.759952068328857422e+00,-4.612874984741210938e-02,7.221472263336181641e+00,1.398866939544677734e+01,2.101628875732421875e+01,1.612205505371093750e+01,1.040839004516601562e+01,1.786527633666992188e+01,1.945114898681640625e+01,1.601333045959472656e+01,2.016662216186523438e+01,1.363290023803710938e+01,2.375888109207153320e+00,-2.725710868835449219e+00,-1.953736066818237305e+00,-7.505521774291992188e+00,-7.109941482543945312e+00,2.927441787719726562e+01,3.683433151245117188e+01,3.667965698242187500e+01,3.869101715087890625e+01,4.106517791748046875e+01,4.490906906127929688e+01,4.291501617431640625e+01,4.069295120239257812e+01,2.804937171936035156e+01,1.896203041076660156e+01,1.988933181762695312e+01,1.977499580383300781e+01,2.035856246948242188e+01,1.745399475097656250e+01,9.663574218750000000e+00,-5.951777696609497070e-01,2.910664796829223633e+00,1.709468078613281250e+01,2.467696762084960938e+01,3.043377685546875000e+01,3.075502014160156250e+01,3.537138366699218750e+01,3.853912353515625000e+01,3.628951644897460938e+01,2.228618621826171875e+01,1.395605754852294922e+01,8.685564041137695312e+00,9.546703338623046875e+00,7.659231662750244141e+00,9.146566390991210938e+00,1.634806060791015625e+01,1.748801994323730469e+01,1.818546676635742188e+01,2.755362319946289062e+01,3.445580673217773438e+01,3.259920501708984375e+01,3.407750320434570312e+01,3.774308013916015625e+01,2.653433609008789062e+01,1.920912933349609375e+01,1.731445693969726562e+01,1.702141189575195312e+01,1.896895790100097656e+01,1.498440170288085938e+01,1.362055301666259766e+01,1.094437694549560547e+01,8.575216293334960938e+00,3.133271694183349609e+00,-4.999768257141113281e+00,-9.458193778991699219e+00,-1.308998966217041016e+01,-8.776769638061523438e+00,-8.127855300903320312e+00,9.731941223144531250e+00,2.372878837585449219e+01,3.713972473144531250e+01,4.092335510253906250e+01,4.005611419677734375e+01,4.876802444458007812e+01,4.740412139892578125e+01,4.202164459228515625e+01,3.509941482543945312e+01,2.716225433349609375e+01,2.265305709838867188e+01,1.194550609588623047e+01,3.994396209716796875e+00,1.101778507232666016e+00,-2.403272628784179688e+00,-5.069259643554687500e+00,-6.668838977813720703e+00,-1.096406459808349609e+01,-6.634831428527832031e+00,7.405402660369873047e+00,1.501931762695312500e+01,2.166323661804199219e+00,-1.801195716857910156e+01,-2.350529098510742188e+01,-1.529384136199951172e+01,1.805475473403930664e+00,2.517964363098144531e+00,-4.819919586181640625e+00,-1.392388153076171875e+01,-1.381200408935546875e+01,-1.365202236175537109e+01,-1.285909271240234375e+01,-1.512537956237792969e+01,-1.336554527282714844e+01,1.220464229583740234e+01,3.379805374145507812e+01,3.557277679443359375e+01,2.607387542724609375e+01,1.661357116699218750e+01,8.723050117492675781e+00,1.612512016296386719e+01,1.872396087646484375e+01,2.355216598510742188e+01,2.121260452270507812e+01,9.487931251525878906e+00,6.471074104309082031e+00,4.630130767822265625e+00,-1.044436097145080566e+00,2.697083473205566406e+00,8.599887847900390625e+00,1.205412673950195312e+01,1.187685394287109375e+01,1.919782876968383789e+00,8.422748565673828125e+00,2.214848327636718750e+01,2.754830551147460938e+01,2.354065132141113281e+01,1.506757354736328125e+01,9.509292602539062500e+00,8.557493209838867188e+00,1.637330174446105957e+00,-5.123913764953613281e+00,-9.777783393859863281e+00,-4.770512580871582031e+00,1.167235136032104492e+00,-1.294565439224243164e+00,-3.666828155517578125e+00,-4.495596885681152344e+00,-5.298562526702880859e+00,-4.298100948333740234e+00,3.303952217102050781e-01,1.121252059936523438e+01,1.158347129821777344e+01,4.890026569366455078e+00,8.010863304138183594e+00,6.256355285644531250e+00,1.016477775573730469e+01,1.224568080902099609e+01,1.391990852355957031e+01,1.114501380920410156e+01,1.077159404754638672e+01,2.548596763610839844e+01,1.977110290527343750e+01,-3.614637374877929688e+00,-6.873733401298522949e-01,1.457357406616210938e+01,2.739462661743164062e+01,2.834560585021972656e+01,2.002054214477539062e+01,1.239171028137207031e+01,2.607763290405273438e+00,8.819681406021118164e-01,-1.465780138969421387e+00,-9.105044364929199219e+00,-6.888793945312500000e+00,-6.922582626342773438e+00,-3.068635463714599609e+00,2.491121292114257812e+01,3.447914886474609375e+01,2.624116516113281250e+01,2.448881149291992188e+01,2.531907463073730469e+01,1.497196388244628906e+01,2.317915439605712891e+00,7.287159562110900879e-01,-6.996459960937500000e-01,-5.355071067810058594e+00,-9.164077758789062500e+00,-9.376489639282226562e+00,-3.907806634902954102e+00,-1.223696231842041016e+00,4.001780509948730469e+00,1.188393592834472656e+01,6.613766193389892578e+00,-9.433770775794982910e-01,-2.509548962116241455e-01,-7.684508562088012695e-01,-9.410038590431213379e-01,3.276201725006103516e+00,7.562447071075439453e+00,9.429149627685546875e+00,5.796178817749023438e+00,-1.588153541088104248e-01,-8.352478027343750000e+00,-1.634319496154785156e+01,-9.124780654907226562e+00,-3.673824787139892578e+00,1.152705955505371094e+01,3.519909667968750000e+01,4.631956863403320312e+01,4.182495880126953125e+01,3.791027069091796875e+01,3.889164733886718750e+01,3.822666931152343750e+01,2.786234664916992188e+01,1.481597900390625000e+01,1.197153282165527344e+01,1.416968345642089844e+01,1.411224174499511719e+01,1.507805824279785156e+01,1.772940444946289062e+01,1.608145523071289062e+01,1.246591377258300781e+01,1.117438507080078125e+01,4.182055473327636719e+00,3.658567428588867188e+00,1.162257194519042969e+01,2.342034149169921875e+01,2.993017005920410156e+01,3.035699462890625000e+01,2.472247314453125000e+01,1.766867446899414062e+01,9.073885917663574219e+00,7.200307369232177734e+00,2.509857654571533203e+00,6.901761054992675781e+00,1.757378005981445312e+01,2.661718177795410156e+01,3.701008605957031250e+01,4.529150390625000000e+01,3.309448242187500000e+01,2.077598953247070312e+01,1.723818778991699219e+01,2.348324012756347656e+01,2.456502723693847656e+01,2.104471969604492188e+01,1.869541168212890625e+01,1.327123832702636719e+01,-1.608297705650329590e+00,-4.365978240966796875e+00,6.577344894409179688e+00,1.889932250976562500e+01,2.834149932861328125e+01,3.855287933349609375e+01,4.029117584228515625e+01,4.121212768554687500e+01,4.038906097412109375e+01,3.560994338989257812e+01,3.449727630615234375e+01,3.219715118408203125e+01,2.520014572143554688e+01,1.845727539062500000e+01,1.714828109741210938e+01,1.257440567016601562e+01,1.000760078430175781e+01,1.317552185058593750e+01,1.531255054473876953e+01,-7.040512561798095703e-01,-3.918204784393310547e+00,-8.956357002258300781e+00,-1.456168556213378906e+01,-2.337996292114257812e+01,-2.384592628479003906e+01,-2.206385803222656250e+01,-2.241204452514648438e+01,-1.197800254821777344e+01,2.239064276218414307e-01,1.273586463928222656e+01,1.680149078369140625e+01,9.784276962280273438e+00,-8.190719604492187500e+00,-1.188371658325195312e+01,-1.298963928222656250e+01,-7.484333992004394531e+00,-1.457982444763183594e+01,-1.275570678710937500e+01,-5.453066825866699219e+00,7.147634506225585938e+00,1.827199935913085938e+01,1.655390739440917969e+01,1.780479049682617188e+01,2.609918403625488281e+01,2.543790435791015625e+01,1.505850315093994141e+01,1.124923610687255859e+01,9.613649368286132812e+00,7.798474311828613281e+00,6.244141578674316406e+00,4.553927898406982422e+00,2.197524070739746094e+00,-3.750341176986694336e+00,-1.103183555603027344e+01,-9.372850418090820312e+00,4.929322242736816406e+00,4.957799434661865234e+00,2.173541307449340820e+00,9.958879351615905762e-01,5.513114929199218750e-01,2.823124408721923828e+00,-3.079267501831054688e+00,9.443744421005249023e-01,5.459486484527587891e+00,3.338561534881591797e+00,4.975897789001464844e+00,6.062124252319335938e+00,8.541028022766113281e+00,1.009212875366210938e+01,9.190746307373046875e+00,5.072804450988769531e+00,1.847728252410888672e+00,6.748217582702636719e+00,5.878744125366210938e+00,1.157351613044738770e+00,1.883455872535705566e+00,2.659831047058105469e+00,5.302344322204589844e+00,1.266817092895507812e+01,1.832403182983398438e+01,2.303075790405273438e+01,1.999370002746582031e+01,1.725147056579589844e+01,2.100088119506835938e+01,3.008809280395507812e+01,3.248409652709960938e+01,2.567514419555664062e+01,1.154694557189941406e+01,3.152448534965515137e-01,-1.155964279174804688e+01,-2.130682754516601562e+01,-1.222355556488037109e+01,-2.586575031280517578e+00,-1.521962165832519531e+00,-4.924655914306640625e+00,-3.386600494384765625e+00,-4.920461654663085938e+00,-1.100882339477539062e+01,-9.185051918029785156e+00,-6.274167060852050781e+00,-5.433429718017578125e+00,-4.151140213012695312e+00,1.569460034370422363e-01,6.359387397766113281e+00,1.678241539001464844e+01,1.909763717651367188e+01,9.486314773559570312e+00,2.587888717651367188e+00,1.147759675979614258e+00,-7.628841400146484375e+00,-1.773926925659179688e+01,-1.500636196136474609e+01,-1.103184700012207031e+01,-1.168719291687011719e+01,-3.830249547958374023e+00,7.228670120239257812e+00,1.337608051300048828e+01,2.744666290283203125e+01,4.061449432373046875e+01,3.714097595214843750e+01,3.626017761230468750e+01,3.917191314697265625e+01,3.363887023925781250e+01,2.604788398742675781e+01,1.348502445220947266e+01,5.606852531433105469e+00,6.182867288589477539e-01,1.784565329551696777e+00,-9.690343737602233887e-01,1.329475522041320801e+00,6.580192565917968750e+00,1.479499149322509766e+01,1.582131958007812500e+01,1.109137916564941406e+01,3.234704971313476562e+00,-2.369875669479370117e+00,-7.695086002349853516e-01,-3.197544574737548828e+00,-1.794455289840698242e+00,-4.888923645019531250e+00,-2.423714101314544678e-01,3.848221302032470703e+00,8.773207664489746094e+00,8.596727371215820312e+00,9.594520568847656250e+00,2.113488006591796875e+01,2.206451797485351562e+01,1.591585922241210938e+01,5.109481334686279297e+00,3.889006614685058594e+00,9.759041786193847656e+00,1.379906082153320312e+01,1.092446327209472656e+01,5.974284172058105469e+00,5.254988193511962891e+00,7.992515563964843750e+00,7.610822200775146484e+00,4.583660602569580078e+00,2.896203041076660156e+00,-2.530004739761352539e+00,-3.802126884460449219e+00,-2.447772026062011719e+00,1.006105995178222656e+01,1.882478332519531250e+01,2.697162628173828125e+01,3.899689483642578125e+01,4.268288421630859375e+01,4.026908111572265625e+01,3.384390640258789062e+01,2.968801116943359375e+01,2.466684722900390625e+01,2.500454711914062500e+01,2.271652984619140625e+01,1.812846755981445312e+01,1.495797729492187500e+01,1.149832725524902344e+01,1.288237285614013672e+01,1.106152343750000000e+01,1.072351837158203125e+01,9.004341125488281250e+00,1.100230598449707031e+01,1.573401832580566406e+01,3.201596832275390625e+01,2.936568450927734375e+01,2.973684501647949219e+01,3.395669174194335938e+01,2.224270057678222656e+01,5.782770633697509766e+00,5.023640632629394531e+00,4.433187007904052734e+00,8.906352996826171875e+00,1.397503280639648438e+01,1.727447700500488281e+01,1.361822128295898438e+01,9.731665611267089844e+00,-1.719895720481872559e+00,-8.293718338012695312e+00,-1.097807312011718750e+01,-1.785330581665039062e+01,-1.992895126342773438e+01,-1.901055145263671875e+01,-1.598134517669677734e+01,-1.133195495605468750e+01,-6.194278240203857422e+00,-1.511958360671997070e+00,-5.009376049041748047e+00,-6.081835746765136719e+00,-8.629020690917968750e+00,3.471649169921875000e+00,8.720385551452636719e+00,7.577245235443115234e+00,-3.393553972244262695e+00,-1.545957088470458984e+01,-1.555059623718261719e+01,-7.780765533447265625e+00,-5.465931892395019531e+00,-1.287528991699218750e+01,-1.774982833862304688e+01,-1.971360206604003906e+01,-1.264133739471435547e+01,-5.133090972900390625e+00,-5.954791069030761719e+00,-1.389773750305175781e+01,-1.712603378295898438e+01,-1.080331039428710938e+01,-7.099064826965332031e+00,-1.018084239959716797e+01,-3.522571086883544922e+00,1.075913071632385254e+00,2.650234460830688477e+00,-9.894192218780517578e-02,1.791776180267333984e+00,6.736482143402099609e+00,1.237234687805175781e+01,1.603141975402832031e+01,1.085873794555664062e+01,1.510219097137451172e+00,-2.994918107986450195e+00,-4.364283084869384766e+00,-1.300920486450195312e+01,8.039601445198059082e-01,1.048438930511474609e+01,2.184416961669921875e+01,2.126746749877929688e+01,1.349382209777832031e+01,1.277699661254882812e+01,1.821142196655273438e+01,1.584326171875000000e+01,2.307037162780761719e+01,2.544934844970703125e+01,2.175894546508789062e+01,6.227592468261718750e+00,-4.473490715026855469e+00,-5.885184288024902344e+00,-4.310906410217285156e+00,-5.992679595947265625e+00,-3.104902982711791992e+00,5.785336017608642578e+00,1.922871017456054688e+01,2.546467208862304688e+01,2.197403526306152344e+01,2.480554580688476562e+01,1.962409210205078125e+01,1.166256046295166016e+01,1.943979644775390625e+01,2.694575500488281250e+01,3.099324035644531250e+01,2.853924942016601562e+01,2.790460968017578125e+01,2.146148300170898438e+01,1.568501853942871094e+01,1.137609100341796875e+01,1.264153194427490234e+01,2.060917663574218750e+01,3.032149696350097656e+01,2.902701568603515625e+01,3.109257125854492188e+01,3.767121887207031250e+01,4.221690750122070312e+01,4.011712265014648438e+01,2.849795341491699219e+01,1.415155220031738281e+01,4.439686298370361328e+00,1.876612067222595215e+00,3.983661174774169922e+00,9.749382019042968750e+00,1.316129589080810547e+01,1.171421813964843750e+01,1.488130760192871094e+01,2.095336151123046875e+01,1.713420104980468750e+01,1.476185798645019531e+01,8.476812362670898438e+00,2.953921318054199219e+00,2.574653863906860352e+00,2.613047122955322266e+00,-1.408224821090698242e+00,-2.193395614624023438e+00,-1.271360158920288086e+00,-4.710784912109375000e+00,-5.740996360778808594e+00,-5.489861488342285156e+00,-6.045826435089111328e+00,-2.372290372848510742e+00,3.584170818328857422e+00,5.743450641632080078e+00,1.206172561645507812e+01,1.362226390838623047e+01,1.121769809722900391e+01,5.798091888427734375e+00,-4.271300315856933594e+00,-4.803247451782226562e+00,-5.717014312744140625e+00,-1.002129554748535156e+01,-1.165885543823242188e+01,-1.271159362792968750e+01,-1.612396621704101562e+01,-1.794838333129882812e+01,-1.400672721862792969e+01,-9.353057861328125000e+00,-9.717075347900390625e+00,-4.115363121032714844e+00,6.048717498779296875e-01,1.181113719940185547e+00,6.971170425415039062e+00,3.834463596343994141e+00,-3.091578006744384766e+00,8.652373552322387695e-01,2.585464477539062500e+00,-1.372746276855468750e+01,-8.564992904663085938e+00,7.929095745086669922e+00,1.414805793762207031e+01,1.829113006591796875e+01,3.045625114440917969e+01,3.128178787231445312e+01,1.865819168090820312e+01,2.620779037475585938e+01,1.934358215332031250e+01,9.512464523315429688e+00,3.691008090972900391e+00,-2.009109973907470703e+00,-1.401966452598571777e+00,9.261016845703125000e+00,1.009831333160400391e+01,6.096796989440917969e+00,1.594928860664367676e+00,-2.797862291336059570e+00,-1.078048348426818848e-01,-1.490233838558197021e-01,-1.548621654510498047e-01,1.479331851005554199e+00,8.753604888916015625e+00,1.385694885253906250e+01,1.073421478271484375e+01,-2.665179967880249023e+00,-1.074495124816894531e+01,-8.576307296752929688e+00,-5.693674564361572266e+00,4.602801322937011719e+00,1.867832946777343750e+01,2.872269058227539062e+01,3.791056823730468750e+01,4.312580108642578125e+01,4.718264770507812500e+01,4.592543792724609375e+01,4.599472427368164062e+01,4.261656188964843750e+01,3.524282073974609375e+01,2.748635101318359375e+01,2.356446838378906250e+01,2.235137557983398438e+01,1.738476943969726562e+01,1.245848464965820312e+01,5.243491649627685547e+00,2.762998104095458984e+00,2.547014474868774414e+00,1.814928889274597168e+00,2.970314025878906250e-01,-9.572052001953125000e+00,-1.583992195129394531e+01,-1.228478813171386719e+01,-5.529266357421875000e+00,-7.306742668151855469e-01,-3.861169338226318359e+00,5.954030036926269531e+00,1.594625854492187500e+01,2.403129577636718750e+01,3.121231079101562500e+01,3.683496093750000000e+01,3.623823547363281250e+01,3.604135513305664062e+01,3.884960174560546875e+01,3.628864288330078125e+01,2.999365997314453125e+01,2.562905883789062500e+01,1.231101417541503906e+01,2.399569034576416016e+00,-1.440545558929443359e+00,-4.925574302673339844e+00,-1.291281127929687500e+01,-1.697167205810546875e+01,-1.929230880737304688e+01,-1.790337371826171875e+01,-1.769620513916015625e+01,-2.170178604125976562e+01,-1.619095802307128906e+01,-6.211412906646728516e+00,2.433198928833007812e+00,4.905664443969726562e+00,5.128927230834960938e+00,1.330520808696746826e-01,-1.181713461875915527e+00,-5.040462493896484375e+00,-5.148579597473144531e+00,-5.316109657287597656e+00,-9.248819351196289062e+00,-1.292153930664062500e+01,-8.888112902641296387e-01,9.232406616210937500e+00,2.171033287048339844e+01,2.803457641601562500e+01,2.797173690795898438e+01,8.717205047607421875e+00,2.970999479293823242e-02,7.306028842926025391e+00,2.665939712524414062e+01,2.626398277282714844e+01,1.668414688110351562e+01,-8.796014785766601562e-01,6.586948394775390625e+00,1.937497901916503906e+01,2.628464889526367188e+01,3.713804626464843750e+01,4.206602859497070312e+01,4.854909896850585938e+01,4.709103393554687500e+01,4.532237243652343750e+01,3.927210235595703125e+01,3.266672897338867188e+01,3.393356704711914062e+01,3.297527313232421875e+01,3.356314468383789062e+01,3.597702407836914062e+01,3.555179595947265625e+01,3.932286453247070312e+01,4.743983459472656250e+01,4.840891647338867188e+01,3.872438049316406250e+01,3.584348678588867188e+01,3.431881713867187500e+01,2.786092376708984375e+01,1.568667984008789062e+01,7.467467784881591797e+00,5.104864597320556641e+00,4.297739028930664062e+00,-4.383379459381103516e+00,-2.166950702667236328e+00,-2.331696987152099609e+00,-8.594928383827209473e-01,5.368998050689697266e-01,2.800920486450195312e+00,5.066337108612060547e+00,1.026675319671630859e+01,1.085525703430175781e+01,2.271599531173706055e+00,-1.732583045959472656e+00,1.844627618789672852e+00,1.498025321960449219e+01,1.178955650329589844e+01,1.320090103149414062e+01,1.699183654785156250e+01,1.342498588562011719e+01,-7.428088188171386719e-01,-1.050460433959960938e+01,-7.151870250701904297e+00,5.953312873840332031e+00,2.063133239746093750e+01,2.117699813842773438e+01,1.899014282226562500e+01,1.680061721801757812e+01,2.257055282592773438e+01,2.639388275146484375e+01,2.512763595581054688e+01,1.722773742675781250e+01,1.788728713989257812e+01,7.773682594299316406e+00,3.030339717864990234e+00,-1.250505924224853516e+00,-8.314998626708984375e+00,-8.035508155822753906e+00,-7.030869126319885254e-01,2.409694790840148926e-01,1.010598182678222656e+01,1.181926727294921875e+01,1.697204017639160156e+01,2.455338287353515625e+01,3.039200782775878906e+01,1.233565902709960938e+01,5.404448509216308594e+00,1.894172668457031250e+01,3.040385055541992188e+01,2.824656295776367188e+01,1.706560134887695312e+01,1.406471347808837891e+01,-4.317146301269531250e+00,-8.034898757934570312e+00,-1.047245621681213379e+00,-1.806156188249588013e-01,-7.258506298065185547e+00,-1.035005187988281250e+01,-1.046528816223144531e+01,-8.304245948791503906e+00,-1.009920215606689453e+01,-1.178572177886962891e+01,-7.482703685760498047e+00,-1.580563545227050781e+00,9.675705909729003906e+00,2.369950771331787109e+00,-1.490825748443603516e+01,-1.206322479248046875e+01,-9.214992523193359375e+00,-1.578587150573730469e+01,-1.863395881652832031e+01,-2.351122665405273438e+01,-2.554899787902832031e+01,-1.544871330261230469e+01,8.333701491355895996e-01,2.901401758193969727e+00,-3.927551746368408203e+00,-1.529289150238037109e+01,-1.670336151123046875e+01,-1.516859245300292969e+01,-1.289372062683105469e+01,-5.821885108947753906e+00,-1.221922874450683594e+00,-5.136181831359863281e+00,-6.118780136108398438e+00,-7.330854415893554688e+00,-6.812355041503906250e+00,-1.044514465332031250e+01,-7.634252071380615234e+00,-1.923763513565063477e+00,3.153316676616668701e-01,-8.716090321540832520e-01,2.979389667510986328e+00,8.247259140014648438e+00,8.822183609008789062e+00,7.789464473724365234e+00,5.511911392211914062e+00,3.579775810241699219e+00,3.562876224517822266e+00,5.743102073669433594e+00,7.128349781036376953e+00,8.152566909790039062e+00,8.552930831909179688e+00,1.072293949127197266e+01,1.099777030944824219e+01,8.099045753479003906e-01,3.321223258972167969e-01,8.575279235839843750e+00,1.233518218994140625e+01,5.757260322570800781e+00,-1.494095039367675781e+01,-1.529284000396728516e+01,-9.791412353515625000e+00,3.783390522003173828e+00,1.372253227233886719e+01,2.545209312438964844e+01,2.376832580566406250e+01,1.059821128845214844e+01,2.361752033233642578e+00,-5.814151763916015625e-01,1.893174052238464355e-01,2.625381469726562500e+00,1.444026565551757812e+01,2.353347396850585938e+01,2.557815170288085938e+01,2.762269973754882812e+01,2.124816513061523438e+01,1.871595573425292969e+01,1.012134742736816406e+01,-4.945616245269775391e+00,-1.530836868286132812e+01,-1.781984138488769531e+01,-1.034124183654785156e+01,-9.760074615478515625e+00,6.013838291168212891e+00,1.620299339294433594e+01,1.423085975646972656e+01,1.449917411804199219e+01,1.234557342529296875e+01,1.107765769958496094e+01,1.047289085388183594e+01,1.915998077392578125e+01,3.621633148193359375e+01,3.843724441528320312e+01,3.374350738525390625e+01,2.955536460876464844e+01,2.543533325195312500e+01,3.043913269042968750e+01,2.622289657592773438e+01,1.884040451049804688e+01,2.164315795898437500e+01,1.755969810485839844e+01,1.345028305053710938e+01,9.285385131835937500e+00,-1.547794938087463379e+00,-3.646540641784667969e+00,-6.319234848022460938e+00,-6.578858375549316406e+00,7.596682310104370117e-01,8.906944274902343750e+00,2.553615188598632812e+01,3.259999847412109375e+01,2.387177658081054688e+01,8.856213569641113281e+00,4.826846599578857422e+00,2.169389343261718750e+01,4.858093261718750000e+01,4.799651336669921875e+01,5.190819549560546875e+01,5.439945602416992188e+01,4.272780609130859375e+01,2.453397560119628906e+01,1.378935527801513672e+01,9.543479919433593750e+00,1.102474784851074219e+01,1.656852722167968750e+01,2.035179138183593750e+01,1.021416282653808594e+01,8.787965774536132812e+00,2.011569595336914062e+01,2.059495925903320312e+01,3.196015357971191406e+01,4.124510955810546875e+01,4.234088134765625000e+01,3.791482162475585938e+01,3.381192016601562500e+01,3.255884933471679688e+01,3.111939239501953125e+01,2.519535064697265625e+01,1.551895332336425781e+01,1.281461238861083984e+01,1.112076759338378906e+01,9.698863983154296875e+00,1.054851055145263672e+01,1.250969505310058594e+01,1.140925598144531250e+01,9.698513031005859375e+00,9.263468742370605469e+00,5.353199481964111328e+00,-7.121514678001403809e-01,-2.875107049942016602e+00,-8.802540898323059082e-01,1.271117782592773438e+01,2.587566184997558594e+01,2.725000762939453125e+01,1.946099281311035156e+01,1.084614181518554688e+01,5.805295944213867188e+00,1.272148013114929199e+00,4.920486450195312500e+00,1.623688888549804688e+01,3.147543525695800781e+01,3.113603973388671875e+01,2.365163421630859375e+01,1.747221755981445312e+01,1.940447807312011719e+01,2.224448776245117188e+01,2.271763610839843750e+01,1.544311714172363281e+01,1.955237579345703125e+01,2.380616950988769531e+01,2.683666801452636719e+01,2.800289154052734375e+01,2.004233169555664062e+01,8.333682060241699219e+00,1.246414756774902344e+01,2.371900177001953125e+01,2.681875610351562500e+01,1.681303977966308594e+01,-1.844365835189819336e+00,-1.077620506286621094e+01,-9.117252349853515625e+00,-8.072474479675292969e+00,-4.194553375244140625e+00,2.277883768081665039e+00,4.342652320861816406e+00,1.841358184814453125e+00,-3.211770534515380859e+00,-5.285316467285156250e+00,-3.252860069274902344e+00,-5.178594589233398438e+00,-1.148236513137817383e+00,3.602335453033447266e-01,-4.437493324279785156e+00,-5.060682773590087891e+00,-7.605447769165039062e+00,-1.406437778472900391e+01,-1.027130889892578125e+01,-6.431922912597656250e+00,-1.134406757354736328e+01,-2.047221374511718750e+01,-6.076277732849121094e+00,-2.290414094924926758e+00,-8.204874038696289062e+00,-1.504002094268798828e+01,-1.541062355041503906e+01,-1.492212867736816406e+01,-1.281789207458496094e+01,-6.874171257019042969e+00,-3.807785034179687500e+00,-1.286509871482849121e+00,-3.702610969543457031e+00,-4.069084167480468750e+00,-2.575127124786376953e+00,-5.754141807556152344e-01,1.774823784828186035e+00,6.914060711860656738e-01,-9.686627388000488281e-01,-2.761485815048217773e+00,1.447200030088424683e-01,2.098213672637939453e+00,2.494534492492675781e+00,8.662834763526916504e-01,1.145839214324951172e+00,1.300861549377441406e+01,1.477046012878417969e+01,4.495059967041015625e+00,2.436593294143676758e+00,2.312957000732421875e+01,3.568316650390625000e+01,4.199912643432617188e+01,4.972408294677734375e+01,4.639554595947265625e+01,4.047978973388671875e+01,3.257649230957031250e+01,3.226026916503906250e+01,3.154843139648437500e+01,2.017477226257324219e+01,9.575616836547851562e+00,1.778598785400390625e+01,2.395390701293945312e+01,2.810285949707031250e+01,2.923303031921386719e+01,3.041456985473632812e+01,3.585307312011718750e+01,3.943075561523437500e+01,3.417993164062500000e+01,2.796617889404296875e+01,1.273430442810058594e+01,-4.886396825313568115e-01,-8.350612640380859375e+00,-4.878533363342285156e+00,3.322608470916748047e+00,7.883466720581054688e+00,1.645488739013671875e+01,2.300502014160156250e+01,2.838927459716796875e+01,3.409767150878906250e+01,3.604270935058593750e+01,3.944277191162109375e+01,4.454761123657226562e+01,3.329102325439453125e+01,2.222982978820800781e+01,1.556674289703369141e+01,1.833699798583984375e+01,2.807520484924316406e+01,3.907557678222656250e+01,4.420887756347656250e+01,4.793259429931640625e+01,4.908849334716796875e+01,4.264369964599609375e+01,2.754784774780273438e+01,6.191315174102783203e+00,1.472185850143432617e+00,6.508811950683593750e+00,1.608399200439453125e+01,2.365950012207031250e+01,2.155636215209960938e+01,9.181489944458007812e+00,2.141176700592041016e+00,1.935607314109802246e+00,-3.839921951293945312e-01,-1.389172792434692383e+00,-1.258466243743896484e+00,-6.009931564331054688e-01,-1.065340876579284668e+00,-6.691052436828613281e+00,-3.314552783966064453e+00,2.559950351715087891e+00,1.004377365112304688e+01,1.783644104003906250e+01,1.760916328430175781e+01,3.451991558074951172e+00,-1.859431266784667969e+01,-9.400877952575683594e+00,-1.197411060333251953e+00,1.248492050170898438e+01,2.030946731567382812e+01,2.151466751098632812e+01,1.671178054809570312e+01,8.707244873046875000e+00,3.487466812133789062e+00,5.353568077087402344e+00,6.979979515075683594e+00,1.921045684814453125e+01,1.876128387451171875e+01,2.013065338134765625e+01,3.185156250000000000e+01,3.819021224975585938e+01,3.668249511718750000e+01,3.243241119384765625e+01,3.244023132324218750e+01,2.905310058593750000e+01,2.137226104736328125e+01,1.824951553344726562e+01,1.392979049682617188e+01,1.475240135192871094e+01,1.934285545349121094e+01,1.673779487609863281e+01,8.147632598876953125e+00,1.030911350250244141e+01,9.014563560485839844e+00,7.131483078002929688e+00,5.195439338684082031e+00,1.162343263626098633e+00,-4.290258288383483887e-01,4.245634078979492188e+00,9.306383132934570312e+00,1.162957000732421875e+01,6.347110748291015625e+00,2.928609848022460938e+00,5.396941184997558594e+00,2.090688133239746094e+01,2.757982826232910156e+01,4.127970123291015625e+01,4.817721939086914062e+01,4.694002532958984375e+01,4.841984176635742188e+01,4.571800231933593750e+01,4.070697021484375000e+01,2.809624862670898438e+01,1.422377490997314453e+01,3.859338283538818359e+00,2.236781835556030273e+00,5.120817184448242188e+00,1.366239070892333984e+00,3.419820547103881836e+00,1.240938949584960938e+01,1.443304061889648438e+01,7.636709213256835938e+00,1.236971139907836914e+00,-3.227507472038269043e-01,2.556407928466796875e+00,6.468128204345703125e+00,1.073963046073913574e+00,7.949352264404296875e+00,1.759022903442382812e+01,2.190283584594726562e+01,2.623318481445312500e+01,1.430088615417480469e+01,7.112205505371093750e+00,6.484000205993652344e+00,7.897160530090332031e+00,2.290540695190429688e+01,2.738351058959960938e+01,2.774581909179687500e+01,1.326000404357910156e+01,2.132609367370605469e+00,1.508622741699218750e+01,3.058473777770996094e+01,3.219829177856445312e+01,1.740940666198730469e+01,5.650296211242675781e+00,-1.488903880119323730e+00,7.572269439697265625e-02,-2.455264091491699219e+00,1.414829492568969727e-01,9.684202075004577637e-01,2.305038928985595703e+00,1.271453380584716797e+00,7.666162252426147461e-01,7.142106056213378906e+00,7.594638824462890625e+00,5.167364120483398438e+00,8.479326963424682617e-01,-7.680615425109863281e+00,-2.801773071289062500e+00,-1.308741927146911621e+00,3.632757067680358887e-02,-3.751027107238769531e+00,-9.304398298263549805e-01,2.507263898849487305e+00,6.353958129882812500e+00,1.054706573486328125e+01,7.835501670837402344e+00,4.661854803562164307e-01,-8.931573033332824707e-01,7.174348831176757812e-01,-3.987983465194702148e+00,-4.390326976776123047e+00,-1.030948448181152344e+01,-1.104335784912109375e+01,-4.746742725372314453e+00,4.072015285491943359e+00,9.470051765441894531e+00,1.511056137084960938e+01,1.484800148010253906e+01,8.100627899169921875e+00,1.758026719093322754e+00,-5.148200511932373047e+00,-4.739644050598144531e+00,1.883122205734252930e+00,-2.426124811172485352e-01,-1.206479072570800781e+01,-1.665037155151367188e+01,-1.251450157165527344e+01,-3.872735738754272461e+00,1.979290604591369629e+00,-1.154376268386840820e-01,-7.792691230773925781e+00,-1.057739448547363281e+01,-1.272214698791503906e+01,-1.417216014862060547e+01,-1.080691528320312500e+01,-1.016755294799804688e+01,-4.413156509399414062e+00,1.664943933486938477e+00,3.796243906021118164e+00,7.845364570617675781e+00,7.348728179931640625e+00,5.622459411621093750e+00,5.834918022155761719e+00,6.880106925964355469e+00,5.484089851379394531e+00,4.214281082153320312e+00,7.668645858764648438e+00,6.647365093231201172e+00,4.418381214141845703e+00,3.093795299530029297e+00,6.054084897041320801e-01,-2.542025566101074219e+00,-1.285685062408447266e+00,-1.937453031539916992e+00,-5.001466751098632812e+00,-5.096535682678222656e+00,-8.979405760765075684e-01,3.528102874755859375e+00,3.752765178680419922e+00,7.443196773529052734e+00,1.410761451721191406e+01,1.861812400817871094e+01,1.734532165527343750e+01,7.003042697906494141e+00,5.747747421264648438e+00,1.352616214752197266e+01,1.681777381896972656e+01,6.499175071716308594e+00,7.233022212982177734e+00,3.491223812103271484e+00,5.848486900329589844e+00,1.004837226867675781e+01,9.005956649780273438e+00,9.197340011596679688e+00,2.671617746353149414e+00,5.399309992790222168e-01,-6.559610366821289062e-03,3.317720890045166016e+00,3.470549583435058594e+00,2.732312679290771484e-01,-3.519856929779052734e+00,-5.159950733184814453e+00,1.528370738029479980e+00,6.870147228240966797e+00,9.269636154174804688e+00,1.045056533813476562e+01,2.286522674560546875e+01,3.048012924194335938e+01,3.846702575683593750e+01,3.394934844970703125e+01,2.179250335693359375e+01,1.455473804473876953e+01,3.968011856079101562e+00,-2.572876453399658203e+00,-7.311004638671875000e+00,8.952177047729492188e+00,1.335034656524658203e+01,1.935132408142089844e+01,2.198726272583007812e+01,3.624868774414062500e+01,4.132150268554687500e+01,2.858551216125488281e+01,1.451783561706542969e+01,9.231418609619140625e+00,3.910118103027343750e+00,-2.153536081314086914e+00,-1.034532785415649414e+00,2.588938474655151367e+00,4.681626796722412109e+00,4.490107059478759766e+00,-4.503540992736816406e+00,-6.918548583984375000e+00,-1.037108993530273438e+01,-1.091094970703125000e+01,-2.310198307037353516e+00,-9.431739807128906250e+00,-3.729664802551269531e+00,-2.479564189910888672e+00,4.328586578369140625e+00,1.625407409667968750e+01,2.802813529968261719e+01,3.575971221923828125e+01,3.591516876220703125e+01,3.622369384765625000e+01,3.354446411132812500e+01,2.433146095275878906e+01,1.478924942016601562e+01,7.407059669494628906e+00,1.633162307739257812e+01,1.828877258300781250e+01,1.270285797119140625e+01,8.265812873840332031e+00,9.685409545898437500e+00,1.077219581604003906e+01,1.361670112609863281e+01,1.383610725402832031e+01,3.515851974487304688e+00,-5.868227958679199219e+00,-1.048095512390136719e+01,-8.032082557678222656e+00,-7.349514007568359375e+00,-1.357536888122558594e+01,-1.351807785034179688e+01,-1.756628036499023438e+01,-1.658408355712890625e+01,-1.569938087463378906e+01,-3.415881991386413574e-01,8.014856338500976562e+00,1.063004875183105469e+01,9.475830078125000000e+00,1.293684577941894531e+01,1.386287879943847656e+01,1.604515266418457031e+01,2.022302246093750000e+01,1.324242782592773438e+01,-5.939336776733398438e+00,8.357082366943359375e+00,2.078470611572265625e+01,2.672948455810546875e+01,2.484981536865234375e+01,9.676927566528320312e+00,3.116381645202636719e+00,3.397442817687988281e+00,9.468009948730468750e+00,1.424523735046386719e+01,8.655094146728515625e+00,-1.858999490737915039e+00,1.228647470474243164e+00,1.099078559875488281e+01,2.612883949279785156e+01,3.868564605712890625e+01,4.099214935302734375e+01,3.849864959716796875e+01,3.454615020751953125e+01,3.013966751098632812e+01,2.802325057983398438e+01,2.371384620666503906e+01,1.341556549072265625e+01,8.058454513549804688e+00,7.237956047058105469e+00,1.121064281463623047e+01,1.105773544311523438e+01,9.719202041625976562e+00,8.409842491149902344e+00,4.576152801513671875e+00,8.606636047363281250e+00,2.345348739624023438e+01,2.276274681091308594e+01,1.225399589538574219e+01,6.718817710876464844e+00,4.226374626159667969e+00,1.606509566307067871e+00,2.289188206195831299e-01,2.400233745574951172e+00,9.171064376831054688e+00,1.098043823242187500e+01,1.039198112487792969e+01,1.539134979248046875e+01,3.434623336791992188e+01,4.011614990234375000e+01,4.339582824707031250e+01,3.409327697753906250e+01,3.772679901123046875e+01,3.808749389648437500e+01,3.118394851684570312e+01,2.884209251403808594e+01,3.282458877563476562e+01,2.661634063720703125e+01,2.688992309570312500e+01,3.030058670043945312e+01,3.167028808593750000e+01,4.001118469238281250e+01,3.111024856567382812e+01,2.946091079711914062e+01,2.442606735229492188e+01,1.774372482299804688e+01,1.138685798645019531e+01,1.215166091918945312e+01,1.925819587707519531e+01,2.847987365722656250e+01,3.170605468750000000e+01,3.007004165649414062e+01,8.345138549804687500e+00,8.140867352485656738e-01,-1.883929729461669922e+00,-8.249015808105468750e+00,-1.066805744171142578e+01,-7.931593894958496094e+00,-7.526773929595947266e+00,-9.666656494140625000e+00,-3.712368011474609375e+00,3.859989941120147705e-01,1.918587684631347656e-01,-4.389961242675781250e+00,-4.630265712738037109e+00,-9.391875267028808594e-01,6.411213874816894531e+00,1.144780921936035156e+01,1.350245094299316406e+01,1.405665016174316406e+01,1.914523315429687500e+01,2.915282440185546875e+01,2.466459465026855469e+01,4.764142990112304688e+00,-9.350296974182128906e+00,-3.248846769332885742e+00,-1.273432493209838867e+00,-3.923412322998046875e+00,-5.250645637512207031e+00,-3.414909124374389648e+00,1.181640815734863281e+01,2.669287681579589844e+01,3.498575210571289062e+01,2.881312561035156250e+01,2.851590347290039062e+01,2.485884475708007812e+01,1.233099842071533203e+01,9.423746109008789062e+00,1.569669723510742188e+01,6.508195877075195312e+00,4.360262870788574219e+00,4.594477653503417969e+00,3.896522045135498047e+00,8.530441284179687500e+00,8.909254074096679688e+00,-6.509585857391357422e+00,-1.881541061401367188e+01,-2.090277671813964844e+01,-1.726191711425781250e+01,-1.409835338592529297e+01,-3.756042003631591797e+00,6.293117523193359375e+00,5.240563392639160156e+00,-8.221914768218994141e-01,-7.944662094116210938e+00,-5.653830528259277344e+00,5.991265296936035156e+00,1.956361389160156250e+01,3.341238784790039062e+01,3.860305023193359375e+01,4.304051208496093750e+01,4.763874816894531250e+01,4.639237213134765625e+01,3.930094146728515625e+01,2.899824142456054688e+01,2.698864364624023438e+01,2.441571044921875000e+01,2.499177169799804688e+01,1.590780067443847656e+01,8.810488700866699219e+00,-3.983278036117553711e+00,-1.112701225280761719e+01,-1.150153541564941406e+01,-9.125955581665039062e+00,-6.560761451721191406e+00,-4.373472690582275391e+00,-9.513698577880859375e+00,-1.157385444641113281e+01,-6.971463680267333984e+00,-6.843472003936767578e+00,-9.461601257324218750e+00,-5.038386344909667969e+00,-1.686683773994445801e+00,-6.542461395263671875e+00,-3.629761219024658203e+00,2.939050197601318359e+00,2.674633264541625977e-02,7.417652130126953125e+00,1.297496604919433594e+01,1.137489318847656250e+01,9.084810256958007812e+00,4.972343444824218750e+00,4.651066780090332031e+00,9.074460983276367188e+00,1.403220558166503906e+01,1.994534683227539062e+01,1.946622085571289062e+01,1.429002952575683594e+01,9.732099533081054688e+00,6.920415878295898438e+00,7.282351493835449219e+00,1.804978942871093750e+01,2.121088027954101562e+01,1.885561561584472656e+01,4.943614959716796875e+00,5.773575305938720703e+00,7.976665496826171875e+00,9.527954101562500000e+00,9.607139587402343750e+00,1.555261611938476562e+01,1.943380737304687500e+01,1.654122924804687500e+01,8.029057502746582031e+00,9.342323303222656250e+00,1.140956497192382812e+01,6.509014129638671875e+00,4.539447784423828125e+00,2.304441928863525391e+00,4.158045768737792969e+00,9.252153396606445312e+00,7.846742153167724609e+00,5.663665771484375000e+00,8.574522972106933594e+00,1.759864807128906250e+01,1.455548858642578125e+01,1.048500728607177734e+01,1.021525382995605469e+00,3.009937763214111328e+00,3.732450902462005615e-01,-1.081249523162841797e+01,-1.803910017013549805e+00,4.142508506774902344e+00,7.204643726348876953e+00,1.125027751922607422e+01,6.504980087280273438e+00,5.910061597824096680e-01,3.713151931762695312e+00,3.047419309616088867e+00,-2.317839145660400391e+00,-6.116921424865722656e+00,-6.705044746398925781e+00,-8.842366337776184082e-01,6.530280113220214844e+00,2.055674552917480469e+01,2.018723487854003906e+01,1.948897743225097656e+01,1.742152023315429688e+01,1.936045837402343750e+01,1.824011802673339844e+01,1.640626525878906250e+01,1.246110820770263672e+01,3.344474554061889648e+00,7.038157463073730469e+00,2.772321224212646484e+00,-7.664774417877197266e+00,-8.148460388183593750e+00,-1.134430027008056641e+01,-9.058120727539062500e+00,1.590317487716674805e+00,8.069656372070312500e+00,9.447113037109375000e+00,1.714851188659667969e+01,2.332938003540039062e+01,2.208864402770996094e+01,1.656424140930175781e+01,1.005793762207031250e+01,1.168229818344116211e+00,9.879005432128906250e+00,9.035972595214843750e+00,5.734979629516601562e+00,-1.508793592453002930e+00,-1.232530593872070312e+01,-1.927571654319763184e+00,1.844077682495117188e+01,2.918577003479003906e+01,2.896479797363281250e+01,1.722130584716796875e+01,9.867307662963867188e+00,8.632741928100585938e+00,1.136488151550292969e+01,1.660588073730468750e+01,4.962463378906250000e+00,-4.758045196533203125e+00,-3.929596662521362305e+00,1.995127105712890625e+01,3.446285629272460938e+01,3.515793609619140625e+01,3.614052581787109375e+01,3.196019172668457031e+01,1.476567935943603516e+01,1.360809516906738281e+01,4.913832664489746094e+00,1.664354705810546875e+01,1.150100326538085938e+01,1.520862770080566406e+01,2.712359237670898438e+01,3.399651336669921875e+01,2.908972167968750000e+01,1.485338401794433594e+01,6.891051292419433594e+00,-4.866969585418701172e-01,4.347351551055908203e+00,1.640228652954101562e+01,1.956614494323730469e+01,1.313543510437011719e+01,1.043482017517089844e+01,2.392218399047851562e+01,3.347209167480468750e+01,2.526293182373046875e+01,1.712860870361328125e+01,1.987340736389160156e+01,2.572119522094726562e+01,1.908588409423828125e+01,8.715204238891601562e+00,1.218270969390869141e+01,1.778525543212890625e+01,1.323334312438964844e+01,-8.265626907348632812e+00,-4.451944351196289062e+00,-1.516260147094726562e+00,-1.823176503181457520e+00,1.114578604698181152e+00,-3.833327770233154297e+00,-9.665989875793457031e+00,-1.633888816833496094e+01,-1.853970527648925781e+01,-1.611952209472656250e+01,-1.095863819122314453e+01,-8.283531188964843750e+00,-5.209246635437011719e+00,-1.429608535766601562e+01,-1.848220252990722656e+01,-2.227001190185546875e+01,-1.875375366210937500e+01,-1.733760261535644531e+01,-2.959686088562011719e+01,-2.398699569702148438e+01,-3.530807495117187500e+00,1.069804954528808594e+01,1.110354900360107422e+01,5.283932685852050781e+00,-3.342905998229980469e+00,-1.031248664855957031e+01,-1.285903930664062500e+01,-1.369809627532958984e+01,-1.053242492675781250e+01,-1.181377887725830078e+01,-1.352960014343261719e+01,-1.118495464324951172e+01,-3.746480941772460938e+00,-8.266741752624511719e+00,-1.109011745452880859e+01,-1.611421203613281250e+01,-2.648985671997070312e+01,-1.894353675842285156e+01,-1.559560775756835938e+01,-1.130210494995117188e+01,-1.088194084167480469e+01,-1.243255233764648438e+01,-1.157631111145019531e+01,-7.868522644042968750e+00,-7.741769790649414062e+00,-7.701909542083740234e+00,-1.446039199829101562e+01,-1.432416534423828125e+01,-1.157281112670898438e+01,-8.972080230712890625e+00,-4.367570877075195312e+00,-7.278452873229980469e+00,-1.324920749664306641e+01,-5.280559539794921875e+00,5.519315004348754883e-01,3.874440670013427734e+00,6.866756439208984375e+00,1.775624275207519531e+00,-5.495607376098632812e+00,-3.705477237701416016e+00,2.063467025756835938e+00,2.971096992492675781e+00,5.667765617370605469e+00,4.673604965209960938e+00,-5.519237518310546875e-01,-6.599594116210937500e+00,3.970730781555175781e+00,-7.955773830413818359e+00,-4.112569808959960938e+00,-5.322395324707031250e+00,-9.084793090820312500e+00,-7.084995269775390625e+00,-4.626905441284179688e+00,-4.562540054321289062e+00,-8.462494611740112305e-01,-2.116620540618896484e-01,-6.260829925537109375e+00,-7.264032363891601562e+00,1.625083446502685547e+00,8.482299804687500000e+00,6.627588272094726562e+00,3.608823299407958984e+00,1.206992530822753906e+01,2.728697586059570312e+01,3.710232543945312500e+01,3.204853820800781250e+01,2.799444389343261719e+01,1.849244499206542969e+01,1.477035331726074219e+01,1.431704139709472656e+01,1.229973602294921875e+01,1.465512847900390625e+01,1.933682250976562500e+01,1.533725166320800781e+01,1.445100688934326172e+01,1.273941993713378906e+01,1.125615501403808594e+01,1.200745582580566406e+01,1.280268001556396484e+01,1.462625312805175781e+01,1.388247299194335938e+01,1.074476242065429688e+01,-1.381927728652954102e+00,-1.148110103607177734e+01,-6.821083068847656250e+00,-7.051009654998779297e+00,-8.933071136474609375e+00,-1.866604566574096680e+00,4.536193847656250000e+00,1.023063850402832031e+01,1.007330513000488281e+01,-3.782906532287597656e+00,-4.598217487335205078e+00,-1.092711448669433594e+00,-1.780886054039001465e+00,-6.873414993286132812e+00,-9.831524848937988281e+00,-1.450945854187011719e+01,-6.761699676513671875e+00,7.045739173889160156e+00,1.790855407714843750e+01,2.050671005249023438e+01,1.315522861480712891e+01,1.582703113555908203e+00,-4.630082249641418457e-01,-1.005286216735839844e+01,-1.403192520141601562e+01,-8.063986778259277344e+00,-8.543146133422851562e+00,-6.448943138122558594e+00,-6.540150642395019531e+00,-1.071403026580810547e+01,-8.279410362243652344e+00,-4.777038097381591797e+00,6.728289127349853516e+00,4.391304969787597656e+00,7.903733730316162109e+00,9.822706222534179688e+00,1.927069854736328125e+01,2.349453735351562500e+01,2.281004333496093750e+01,1.780709457397460938e+01,5.622197151184082031e+00,1.311740040779113770e+00,2.987178802490234375e+00,6.756666183471679688e+00,7.699927091598510742e-01,-8.239848136901855469e+00,-4.523248672485351562e+00,5.394119739532470703e+00,7.041655540466308594e+00,5.209020614624023438e+00,1.308992862701416016e+00,-3.949324190616607666e-01,-1.358415842056274414e+00,1.063146114349365234e+00,1.355289578437805176e+00,-2.535580396652221680e+00,-4.753449916839599609e+00,-1.496786117553710938e+01,-2.474460983276367188e+01,-2.779880523681640625e+01,-2.372459411621093750e+01,-2.175761985778808594e+01,-1.952009010314941406e+01,-1.237234497070312500e+01,-7.706542015075683594e+00,-8.898046493530273438e+00,-9.820678710937500000e+00,-1.275829315185546875e+01,-1.821894454956054688e+01,-2.337067794799804688e+01,-1.925097656250000000e+01,-1.685779571533203125e+01,-1.444193458557128906e+01,-1.916440582275390625e+01,-2.290357589721679688e+01,-1.141610336303710938e+01,-8.971636772155761719e+00,-1.048047637939453125e+01,-8.135259628295898438e+00,-9.442871093750000000e+00,-5.001573562622070312e+00,-1.473125934600830078e+00,-2.691150188446044922e+00,-1.188954591751098633e+00,4.440438747406005859e+00,8.265786170959472656e+00,1.293218421936035156e+01,1.676307487487792969e+01,1.764983558654785156e+01,1.772899436950683594e+01,1.625515174865722656e+01,9.712829589843750000e+00,9.746077537536621094e+00,1.226928138732910156e+01,1.877178192138671875e+01,1.535324668884277344e+01,7.686053276062011719e+00,6.783372879028320312e+00,5.478981018066406250e+00,1.903950691223144531e+01,2.372616195678710938e+01,1.412997531890869141e+01,-1.330862045288085938e+00,4.427124500274658203e+00,-3.315503120422363281e+00,-8.597967147827148438e+00,-1.599407768249511719e+01,-2.090018844604492188e+01,-1.981394958496093750e+01,-2.164313888549804688e+01,-2.525381088256835938e+01,-2.629650115966796875e+01,-2.488737869262695312e+01,-2.048060989379882812e+01,-1.728023147583007812e+01,-1.376941490173339844e+01,-1.298145866394042969e+01,-3.146940946578979492e+00,1.357388687133789062e+01,2.419274902343750000e+01,3.235691070556640625e+01,2.331456756591796875e+01,1.563406181335449219e+01,4.748684406280517578e+00,-5.596745014190673828e-02,-6.289366722106933594e+00,-8.659141540527343750e+00,-4.800267696380615234e+00,-5.160092353820800781e+00,-5.967396736145019531e+00,-2.205577135086059570e+00,4.191086292266845703e+00,6.624048709869384766e+00,8.618658065795898438e+00,3.011259317398071289e+00,-7.134275436401367188e+00,-1.292940807342529297e+01,-4.662068367004394531e+00,-1.652477979660034180e+00,-5.152148246765136719e+00,-1.277922821044921875e+01,-5.026493072509765625e+00,8.904142379760742188e+00,8.844841003417968750e+00,-2.752732992172241211e+00,-3.414987087249755859e+00,-4.507228851318359375e+00,-6.777678012847900391e+00,-8.656887054443359375e+00,-7.963353157043457031e+00,-9.682848930358886719e+00,-4.121222496032714844e+00,-1.308438658714294434e+00,-2.454490661621093750e-01,-3.699786961078643799e-02,7.213300466537475586e-01,5.966328382492065430e-01,6.430586814880371094e+00,1.583091926574707031e+01,1.800511169433593750e+01,2.089885520935058594e+01,2.071797180175781250e+01,1.424026298522949219e+01,-2.760719656944274902e-01,8.443534374237060547e-02,-6.024206876754760742e-01,1.000311660766601562e+01,1.490156173706054688e+01,1.072582244873046875e+01,3.038375854492187500e+00,5.383969306945800781e+00,1.551123428344726562e+01,2.270632553100585938e+01,1.056135463714599609e+01,2.988260984420776367e+00,2.482897043228149414e-02,5.139844417572021484e+00,-6.487224578857421875e+00,1.279420137405395508e+00,-5.635762214660644531e-02,-8.202895164489746094e+00,-1.228565025329589844e+01,-2.271476507186889648e+00,8.047298431396484375e+00,9.036236763000488281e+00,2.156228542327880859e+00,-2.052162885665893555e+00,1.592114090919494629e+00,2.382713079452514648e+00,3.259972810745239258e+00,3.808488845825195312e+00,6.779020786285400391e+00,1.268009853363037109e+01,1.494872474670410156e+01,1.288314628601074219e+01,2.915943384170532227e+00,-1.291228103637695312e+01,-1.756722068786621094e+01,-2.241363525390625000e+01,-1.806513595581054688e+01,-1.662071990966796875e+01,-2.187914085388183594e+01,-2.527859497070312500e+01,-2.275844573974609375e+01,-2.417013740539550781e+01,-2.344050025939941406e+01,-2.581367492675781250e+01,-2.578193092346191406e+01,-2.098164367675781250e+01,-1.497923660278320312e+01,-1.375946044921875000e+01,-7.882266044616699219e+00,-4.748464107513427734e+00,-1.601829051971435547e+00,-3.993782520294189453e+00,-2.335830688476562500e+00,8.932573318481445312e+00,1.197291374206542969e+01,2.387800216674804688e+01,3.035636520385742188e+01,2.559112739562988281e+01,2.190163993835449219e+01,1.632515525817871094e+01,1.920700907707214355e+00,1.003952789306640625e+01,1.699830055236816406e+01,2.149684143066406250e+01,1.989258956909179688e+01,5.665153980255126953e+00,-8.310007095336914062e+00,-1.205329322814941406e+01,-5.493814468383789062e+00,-2.148334980010986328e+00,-4.823198795318603516e+00,-8.919767379760742188e+00,-1.497257709503173828e+01,-1.938327980041503906e+01,-7.490735054016113281e+00,2.489544153213500977e+00,1.394973373413085938e+01,2.351836967468261719e+01,2.478759384155273438e+01,1.409879302978515625e+01,1.694480133056640625e+01,2.596196556091308594e+01,2.608469772338867188e+01,3.191896820068359375e+01,3.358065032958984375e+01,2.238144302368164062e+01,1.552213191986083984e+01,1.148600292205810547e+01,3.622342586517333984e+00,4.821101427078247070e-01,7.465951919555664062e+00,1.460525226593017578e+01,2.008968734741210938e+01,3.082255935668945312e+01,3.681408691406250000e+01,3.618859100341796875e+01,2.750791931152343750e+01,1.612755966186523438e+01,6.422675132751464844e+00,4.196518898010253906e+00,3.787395715713500977e+00,1.541631102561950684e+00,-1.357579350471496582e+00,-1.644756913185119629e+00,6.033617019653320312e+00,1.306373977661132812e+01,1.426304435729980469e+01,1.905517959594726562e+01,2.025906372070312500e+01,2.611472511291503906e+01,3.538421630859375000e+01,4.110277938842773438e+01,3.980746078491210938e+01,4.358948516845703125e+01,4.162057113647460938e+01,2.899374771118164062e+01,1.281814765930175781e+01,1.215179443359375000e+01,1.879579925537109375e+01,2.005043792724609375e+01,1.802733612060546875e+01,1.524602508544921875e+01,1.172987651824951172e+01,1.541736221313476562e+01,1.953481292724609375e+01,2.763714981079101562e+01,2.850197601318359375e+01,2.885106277465820312e+01,3.501673889160156250e+01,3.781020736694335938e+01,2.766231918334960938e+01,1.664730072021484375e+01,9.167505264282226562e+00,6.999126434326171875e+00,8.280033111572265625e+00,8.423288345336914062e+00,8.903833389282226562e+00,8.387763977050781250e+00,7.070394515991210938e+00,1.040510177612304688e+00,-3.421689271926879883e-01,-7.973151206970214844e-01,1.123395919799804688e+00,-6.963227272033691406e+00,-4.621672630310058594e+00,8.407179832458496094e+00,1.008956527709960938e+01,6.125388145446777344e+00,2.685104751586914062e+01,4.211594390869140625e+01,4.196166992187500000e+01,2.656757926940917969e+01,2.225234222412109375e+01,2.698231124877929688e+01,1.985475730895996094e+01,1.264141845703125000e+01,1.443636703491210938e+01,1.161039447784423828e+01,6.527810096740722656e+00,1.341364097595214844e+01,1.699036026000976562e+01,1.211778450012207031e+01,1.388719367980957031e+01,1.489046287536621094e+01,9.860069274902343750e+00,1.024429893493652344e+01,2.059064674377441406e+01,3.777021789550781250e+01,3.943852233886718750e+01,2.925954437255859375e+01,3.013416099548339844e+01,3.073521995544433594e+01,2.726379966735839844e+01,2.207811737060546875e+01,1.190025329589843750e+01,8.044539690017700195e-01,-5.982278347015380859e+00,5.002849102020263672e+00,1.027951121330261230e+00,2.146228075027465820e+00,6.472815036773681641e+00,1.725139999389648438e+01,2.096740722656250000e+01,2.339204788208007812e+01,2.349557113647460938e+01,2.389116668701171875e+01,2.085137939453125000e+01,2.184048080444335938e+01,1.940359878540039062e+01,1.438364601135253906e+01,1.319790458679199219e+01,1.665077972412109375e+01,2.106539154052734375e+01,2.121240234375000000e+01,1.804119682312011719e+01,1.114136695861816406e+01,2.384816646575927734e+00,1.840102672576904297e-02,-4.350138902664184570e-01,-4.447724342346191406e+00,-4.634093761444091797e+00,-8.809007406234741211e-01,-1.613172888755798340e-01,1.181048750877380371e+00,-7.927534580230712891e-01,-1.629462122917175293e+00,4.122096002101898193e-01,1.864745140075683594e+00,-1.572549462318420410e+00,6.540250778198242188e-01,6.893876075744628906e+00,6.949654102325439453e+00,3.885854721069335938e+00,2.968384265899658203e+00,7.282526969909667969e+00,3.758638143539428711e+00,-5.454722642898559570e-01,-5.914351940155029297e-01,2.400423288345336914e+00,2.629420042037963867e+00,-2.621322631835937500e+00,-6.171539783477783203e+00,-3.837248802185058594e+00,1.670423269271850586e+00,-1.100895762443542480e+00,9.951227903366088867e-01,2.903154134750366211e+00,-2.296259164810180664e+00,-2.232873916625976562e+00,3.046565771102905273e+00,-1.735635638236999512e+00,-1.535604357719421387e+00,9.244699478149414062e+00,1.571793174743652344e+01,1.728709793090820312e+01,2.358271026611328125e+01,3.481634902954101562e+01,3.959822845458984375e+01,4.004553985595703125e+01,3.774607849121093750e+01,3.078787040710449219e+01,2.085100936889648438e+01,7.675026893615722656e+00,4.513775825500488281e+00,6.714110374450683594e+00,7.025154113769531250e+00,1.458087539672851562e+01,1.981078338623046875e+01,1.507705116271972656e+01,1.188551330566406250e+01,1.301167869567871094e+01,1.075584411621093750e+01,8.351619720458984375e+00,6.668948173522949219e+00,6.829339504241943359e+00,-6.627594232559204102e-01,4.375133037567138672e+00,1.161257743835449219e+00,4.737056732177734375e+00,1.549039268493652344e+01,2.081303787231445312e+01,2.963425064086914062e+01,2.800214767456054688e+01,2.402756690979003906e+01,3.297793960571289062e+01,4.484845733642578125e+01,4.806233215332031250e+01,4.359298706054687500e+01,4.096685791015625000e+01,4.592273712158203125e+01,4.461486816406250000e+01,2.995763015747070312e+01,1.859401321411132812e+01,1.462514305114746094e+01,2.486697769165039062e+01,2.775191116333007812e+01,1.972914886474609375e+01,1.637302207946777344e+01,1.746084785461425781e+01,1.636845779418945312e+01,1.422343254089355469e+01,1.612664031982421875e+01,1.214936351776123047e+01,1.791358566284179688e+01,2.239787864685058594e+01,1.904409408569335938e+01,1.826957702636718750e+01,2.015146255493164062e+01,2.095127868652343750e+01,3.323773574829101562e+01,3.680288696289062500e+01,3.083179092407226562e+01,2.103912353515625000e+01,1.386512565612792969e+01,1.624734306335449219e+01,1.238155078887939453e+01,3.105199337005615234e-02,-4.445678591728210449e-01,4.306574821472167969e+00,4.918826580047607422e+00,6.063566684722900391e+00,4.876729965209960938e+00,2.497873067855834961e+00,-2.338312625885009766e+00,-5.434400081634521484e+00,-2.816321849822998047e+00,-7.094217777252197266e+00,-1.730538845062255859e+00,7.960977077484130859e+00,1.170030975341796875e+01,1.940908813476562500e+01,1.743899154663085938e+01,1.038757133483886719e+01,6.326348304748535156e+00,3.895151376724243164e+00,5.729107856750488281e+00,1.358428955078125000e+00,3.641468524932861328e+00,7.679484367370605469e+00,-2.094354867935180664e+00,1.116559219360351562e+01,2.425608062744140625e+01,1.800997161865234375e+01,-3.094042539596557617e-01,-5.952845573425292969e+00,5.899675369262695312e+00,1.555291366577148438e+01,1.274499511718750000e+01,-1.886917114257812500e+00,-7.659728050231933594e+00,-3.702265977859497070e+00,-2.554626464843750000e+00,-5.925161361694335938e+00,-1.552504301071166992e+00,2.639395713806152344e+00,-1.898059695959091187e-01,-9.840839385986328125e+00,-1.099466896057128906e+01,1.411921024322509766e+01,2.578302574157714844e+01,3.303348541259765625e+01,4.110233306884765625e+01,4.545427703857421875e+01,3.789707183837890625e+01,3.185224914550781250e+01,2.462741661071777344e+01,2.561009979248046875e+01,1.894492912292480469e+01,8.572256088256835938e+00,5.928290367126464844e+00,6.228420257568359375e+00,4.874081611633300781e+00,1.126314401626586914e+00,-9.958142280578613281e+00,-9.274580001831054688e+00,2.276838302612304688e+01,3.191504096984863281e+01,4.140227127075195312e+01,4.208585739135742188e+01,2.888538360595703125e+01,1.308496475219726562e+01,4.688331604003906250e+00,1.700081229209899902e-01,-6.469022274017333984e+00,-2.142570972442626953e+00,2.988225460052490234e+00,2.330174207687377930e+00,1.044203758239746094e+01,7.485136985778808594e+00,-2.084169387817382812e+00,6.749920547008514404e-02,4.808260917663574219e+00,1.169389533996582031e+01,1.441301727294921875e+01,9.854610443115234375e+00,-6.467319726943969727e-01,5.202641010284423828e+00,3.640057563781738281e+00,9.357452392578125000e-01,1.118370532989501953e+00,-8.120633363723754883e-01,3.819376468658447266e+00,9.696683883666992188e+00,1.490645885467529297e+01,2.276373672485351562e+01,3.363304901123046875e+01,3.544801330566406250e+01,3.337400817871093750e+01,2.146557044982910156e+01,7.106542587280273438e+00,-7.356585025787353516e+00,-6.990349769592285156e+00,-1.021911978721618652e+00,-2.102284431457519531e-01,1.229884910583496094e+01,1.118138790130615234e+01,1.044720554351806641e+01,1.475851058959960938e+01,2.338491439819335938e+01,3.214891433715820312e+01,2.110400390625000000e+01,1.341194915771484375e+01,1.068378353118896484e+01,8.647900581359863281e+00,5.932388305664062500e+00,1.120230317115783691e+00,-3.246372699737548828e+00,-1.012181401252746582e+00,3.228214263916015625e+00,8.735980987548828125e+00,8.636736869812011719e+00,4.280988216400146484e+00,5.028629302978515625e+00,1.882623100280761719e+01,3.248478698730468750e+01,3.774458312988281250e+01,3.572005462646484375e+01,3.363942337036132812e+01,2.497207260131835938e+01,8.565530776977539062e+00,6.287454128265380859e+00,8.692800521850585938e+00,3.622337341308593750e+00,3.935427427291870117e+00,3.727675199508666992e+00,4.427928924560546875e-01,-3.403307437896728516e+00,-3.512864828109741211e+00,-3.341056585311889648e+00,-2.043596744537353516e+00,5.688605308532714844e+00,6.436125755310058594e+00,7.212162494659423828e+00,4.315767765045166016e+00,6.224402427673339844e+00,4.117622852325439453e+00,4.253431320190429688e+00,-4.445664286613464355e-01,-1.127790808677673340e+00,4.938472270965576172e+00,8.751031875610351562e+00,8.116842269897460938e+00,2.073980712890625000e+01,1.899189758300781250e+01,2.531595420837402344e+01,4.701319122314453125e+01,5.105770111083984375e+01,4.132415771484375000e+01,3.012533950805664062e+01,3.051542282104492188e+01,3.111255645751953125e+01,2.447699737548828125e+01,2.713364219665527344e+01,2.726044082641601562e+01,1.822552108764648438e+01,1.096117973327636719e+01,1.125265312194824219e+01,1.837048721313476562e+01,2.254314041137695312e+01,3.227243041992187500e+01,2.957872390747070312e+01,2.504710960388183594e+01,3.020012474060058594e+01,2.411939048767089844e+01,1.242103576660156250e+01,1.473575210571289062e+01,1.211115646362304688e+01,-2.974291801452636719e+00,-7.860321998596191406e+00,-8.031288146972656250e+00,-8.496465682983398438e+00,-1.183433341979980469e+01,-1.373585510253906250e+01,-8.012154579162597656e+00,5.235283374786376953e+00,1.586135005950927734e+01,2.095321273803710938e+01,2.149079322814941406e+01,1.496691513061523438e+01,6.932806015014648438e+00,7.778588294982910156e+00,2.414072799682617188e+01,2.715453147888183594e+01,2.990669631958007812e+01,3.091695404052734375e+01,3.517387390136718750e+01,4.106190490722656250e+01,3.902914810180664062e+01,3.567652511596679688e+01,3.127461814880371094e+01,1.586149311065673828e+01,-1.690775036811828613e+00,5.207845211029052734e+00,1.507993888854980469e+01,1.949048995971679688e+01,2.730624580383300781e+01,2.323696136474609375e+01,9.153608322143554688e+00,6.353486537933349609e+00,7.380522727966308594e+00,5.238752841949462891e+00,2.956694364547729492e+00,-4.463932991027832031e+00,4.112667560577392578e+00,1.175279617309570312e+01,2.329246520996093750e+01,3.091024398803710938e+01,2.755712699890136719e+01,2.161866760253906250e+01,1.505232906341552734e+01,1.239406394958496094e+01,2.295484161376953125e+01,3.588359832763671875e+01,3.909756088256835938e+01,3.398012542724609375e+01,2.684494018554687500e+01,2.104438400268554688e+01,2.345168685913085938e+01,2.158842849731445312e+01,1.207822895050048828e+01,1.260196399688720703e+01,7.936932563781738281e+00,4.106922626495361328e+00,3.716757297515869141e-01,7.166922688484191895e-01,8.748659133911132812e+00,1.873073959350585938e+01,2.787541961669921875e+01,3.119845962524414062e+01,3.189002227783203125e+01,3.284539794921875000e+01,3.163451194763183594e+01,3.638680267333984375e+01,4.604435348510742188e+01,4.738903808593750000e+01,3.636014556884765625e+01,2.574481582641601562e+01,2.665016174316406250e+01,3.867447662353515625e+01,4.328462982177734375e+01,3.969553375244140625e+01,3.356557464599609375e+01,2.337996292114257812e+01,8.646966934204101562e+00,6.712504863739013672e+00,6.960475444793701172e+00,3.727253913879394531e+00,1.442538452148437500e+01,1.671802520751953125e+01,1.102659130096435547e+01,8.426635742187500000e+00,7.617436408996582031e+00,6.685106754302978516e+00,1.061989307403564453e+00,-3.323037147521972656e+00,-2.664324760437011719e+00,-1.645635223388671875e+01,-2.398198318481445312e+01,-1.431292343139648438e+01,-3.856125354766845703e+00,-1.104056000709533691e+00,4.103962421417236328e+00,1.630839920043945312e+01,2.187955093383789062e+01,2.030222129821777344e+01,1.721781921386718750e+01,1.388134288787841797e+01,8.012845516204833984e-01,1.566958999633789062e+01,1.846147537231445312e+01,2.028096199035644531e+01,2.030893135070800781e+01,1.355904579162597656e+01,7.286482810974121094e+00,2.588261365890502930e+00,4.308662414550781250e+00,1.830020546913146973e+00,4.977890968322753906e+00,1.029965972900390625e+01,6.832503795623779297e+00,-2.527315378189086914e+00,-6.939505577087402344e+00,-6.432878494262695312e+00,6.856480598449707031e+00,2.563142013549804688e+01,2.526515960693359375e+01,9.107753753662109375e+00,7.012547254562377930e-01,-4.242331981658935547e+00,-4.307710647583007812e+00,-4.945288896560668945e-01,3.609318017959594727e+00,-1.251237392425537109e+00,1.386916995048522949e+00,5.313146114349365234e+00,1.795089840888977051e+00,1.192536354064941406e+00,5.646473407745361328e+00,-1.727890610694885254e+00,-1.550227999687194824e+00,4.913449764251708984e+00,1.486912727355957031e+01,1.630165481567382812e+01,1.421362686157226562e+01,4.903618812561035156e+00,-3.439226627349853516e+00,-1.050868797302246094e+01,-1.652558708190917969e+01,-1.734198188781738281e+01,-1.288925361633300781e+01,-1.041241836547851562e+01,-6.534577369689941406e+00,-8.811158180236816406e+00,-9.746313095092773438e+00,-1.175329399108886719e+01,-6.622982501983642578e+00,-9.617765426635742188e+00,-1.312286949157714844e+01,-1.037636756896972656e+01,-4.055873870849609375e+00,-2.575408935546875000e+00,-5.819482803344726562e+00,-4.816076278686523438e+00,2.780947685241699219e+00,1.030072116851806641e+01,6.862185478210449219e+00,1.222203969955444336e+00,-4.835167407989501953e+00,-8.204641342163085938e+00,-1.545720577239990234e+00,6.653489112854003906e+00,3.364562988281250000e+00,5.869793415069580078e+00,9.224072456359863281e+00,6.618822574615478516e+00,9.105561256408691406e+00,1.583242797851562500e+01,2.047132110595703125e+01,2.026705169677734375e+01,9.240101814270019531e+00,6.104253768920898438e+00,9.357776641845703125e+00,9.511513710021972656e+00,9.809799194335937500e+00,1.032370758056640625e+01,1.332839393615722656e+01,1.518155288696289062e+01,1.386123371124267578e+01,1.844682502746582031e+01,1.319438171386718750e+01,7.258639812469482422e+00,3.517854213714599609e+00,3.031996726989746094e+00,2.209692955017089844e+00,-4.471419155597686768e-01,4.088727951049804688e+00,2.290389537811279297e+00,2.231287479400634766e+00,5.936212062835693359e+00,7.173029422760009766e+00,5.463131904602050781e+00,-3.802879333496093750e+00,-8.339669227600097656e+00,-5.919161319732666016e+00,-2.182384967803955078e+00,-4.931943893432617188e+00,-5.141920089721679688e+00,-5.381759643554687500e+00,-3.767187118530273438e+00,2.669790506362915039e+00,2.690794944763183594e+00,2.447873353958129883e-01,-6.522471904754638672e-01,-6.194248676300048828e+00,2.258879661560058594e+00,3.021402359008789062e+00,-9.139700531959533691e-01,-1.407138109207153320e-01,2.304764747619628906e+00,4.682302474975585938e+00,2.753563880920410156e+00,-5.524949073791503906e+00,-5.478188514709472656e+00,-9.729000091552734375e+00,-8.190126419067382812e+00,-3.615084648132324219e+00,2.655806064605712891e+00,2.808053255081176758e+00,1.863897562026977539e+00,-1.239816474914550781e+01,-1.971926498413085938e+01,-2.735696029663085938e+01,-1.949825286865234375e+01,-1.168692207336425781e+01,-8.246635437011718750e+00,-9.239912033081054688e+00,-6.291172981262207031e+00,2.321841955184936523e+00,5.991500854492187500e+00,4.458911895751953125e+00,2.210946559906005859e+00,-6.131901741027832031e-01,4.189463615417480469e+00,4.133413314819335938e+00,-3.633261442184448242e+00,-1.848326873779296875e+01,-2.520281600952148438e+01,-1.915928649902343750e+01,-1.504992485046386719e+01,-5.796129226684570312e+00,7.400546669960021973e-01,4.867087364196777344e+00,1.053095340728759766e+00,-4.238977432250976562e+00,-9.311101913452148438e+00,-1.151630401611328125e+01,-1.218280601501464844e+01,-1.786317443847656250e+01,-2.292120933532714844e+01,-3.721525192260742188e+01,-3.595824050903320312e+01,-2.151437377929687500e+01,-4.502986431121826172e+00,1.027043724060058594e+01,1.734862136840820312e+01,2.348488807678222656e+01,2.152538681030273438e+01,1.622840690612792969e+01,1.097778892517089844e+01,3.490048885345458984e+00,-4.712867736816406250e+00,-3.507343232631683350e-01,6.243427276611328125e+00,1.320701026916503906e+01,1.144562339782714844e+01,8.736237525939941406e+00,9.207200050354003906e+00,2.183648347854614258e-01,-3.684205532073974609e+00,9.511112213134765625e+00,1.519364738464355469e+01,1.530258178710937500e+01,1.746191596984863281e+01,1.731410598754882812e+01,1.102134609222412109e+01,1.487267875671386719e+01,1.137188529968261719e+01,2.002604484558105469e+00,-7.173238754272460938e+00,-1.406693077087402344e+01,-1.045984268188476562e+01,-2.157853126525878906e+00,-4.800492286682128906e+00,-3.102153301239013672e+00,-3.968495845794677734e+00,-5.394124984741210938e+00,-2.070501089096069336e+00,-9.332637786865234375e+00,-1.336828994750976562e+01,-6.596784591674804688e+00,-6.353215217590332031e+00,-5.450232028961181641e+00,-1.208324909210205078e+00,1.050769805908203125e+00,-8.812367439270019531e+00,-1.926020812988281250e+01,-2.016167068481445312e+01,-1.769544982910156250e+01,-1.129739570617675781e+01,-4.171348571777343750e+00,-5.500802993774414062e+00,-7.250962257385253906e+00,-5.067006111145019531e+00,1.312129878997802734e+01,2.233448791503906250e+01,2.664786529541015625e+01,3.268191146850585938e+01,3.744095993041992188e+01,3.460106658935546875e+01,3.439612579345703125e+01,3.681671524047851562e+01,4.052593994140625000e+01,4.686561584472656250e+01,4.257492828369140625e+01,5.954644203186035156e+00,-1.536598300933837891e+01,4.433637857437133789e-01,9.898317337036132812e+00,1.879254722595214844e+01,1.662932777404785156e+01,1.794831848144531250e+01,1.351332187652587891e+01,1.059708213806152344e+01,4.714070320129394531e+00,5.815554618835449219e+00,4.669704437255859375e+00,1.446708488464355469e+01,2.200434875488281250e+01,3.707058715820312500e+01,4.229379653930664062e+01,2.536961174011230469e+01,-5.195731520652770996e-01,-6.573044776916503906e+00,-1.153292274475097656e+01,-1.539926147460937500e+01,-1.187203788757324219e+01,-8.432899475097656250e+00,-8.428044319152832031e+00,-5.569672584533691406e+00,-4.051717758178710938e+00,-1.416806221008300781e+00,1.884528994560241699e-02,-3.838356435298919678e-01,4.400522232055664062e+00,8.439122200012207031e+00,1.465418815612792969e+01,2.095623970031738281e+01,2.558836746215820312e+01,3.121833038330078125e+01,2.390370559692382812e+01,1.488502883911132812e+01,1.511060333251953125e+01,1.341039371490478516e+01,3.665246963500976562e+00,-8.063167929649353027e-01,-9.612072944641113281e+00,-1.615017890930175781e+00,1.289657354354858398e+00,-3.278215169906616211e+00,-8.643513679504394531e+00,-9.453157424926757812e+00,-2.595012426376342773e+00,1.694340324401855469e+01,2.540858078002929688e+01,3.646041870117187500e+01,4.010849761962890625e+01,3.956848144531250000e+01,3.832019042968750000e+01,3.582077789306640625e+01,2.607786560058593750e+01,1.612245368957519531e+01,3.088177204132080078e+00,8.706965446472167969e-01,4.442620277404785156e-02,1.824459195137023926e+00,7.417852878570556641e+00,7.443657875061035156e+00,3.216233730316162109e+00,-3.354255199432373047e+00,-8.663719177246093750e+00,-9.387122154235839844e+00,-2.018360137939453125e+00,6.777013540267944336e-01,-7.546012878417968750e+00,-1.110475158691406250e+01,-1.214026641845703125e+01,-9.883243560791015625e+00,-8.216210365295410156e+00,-5.827724933624267578e+00,-1.886947453022003174e-01,4.388904571533203125e+00,5.273330688476562500e+00,2.433988571166992188e+00,-1.014364957809448242e+00,-5.727076530456542969e-01,-1.439769387245178223e+00,-1.934120178222656250e+00,-1.750738263130187988e+00,8.508330583572387695e-01,-5.963207244873046875e+00,-1.379710960388183594e+01,-7.893499374389648438e+00,-7.981564998626708984e+00,-7.292378425598144531e+00,-8.304016113281250000e+00,-1.002639579772949219e+01,-1.051612091064453125e+01,-1.232041549682617188e+01,-1.258900451660156250e+01,-5.947469234466552734e+00,-5.146761894226074219e+00,-7.441460609436035156e+00,-4.358144283294677734e+00,5.859503746032714844e-01,1.413647556304931641e+01,1.542858886718750000e+01,7.200014114379882812e+00,1.672150039672851562e+01,1.947029495239257812e+01,1.753959655761718750e+01,1.966301155090332031e+01,1.813052368164062500e+01,1.579776477813720703e+01,8.193828582763671875e+00,5.137459754943847656e+00,7.411650180816650391e+00,-1.331641960144042969e+01,-1.781371307373046875e+01,-1.176581859588623047e+01,-8.605402946472167969e+00,-7.638153076171875000e+00,-9.812509536743164062e+00,-1.461300182342529297e+01,-4.144123077392578125e+00,7.561339378356933594e+00,1.706930732727050781e+01,8.747741699218750000e+00,-2.976271152496337891e+00,-9.199898719787597656e+00,-1.990542984008789062e+01,-2.036494064331054688e+01,-1.685355758666992188e+01,-1.601452255249023438e+01,-1.841290283203125000e+01,-2.522660064697265625e+01,-1.703739547729492188e+01,-4.600788116455078125e+00,3.030060768127441406e+00,4.102614521980285645e-02,-2.664187669754028320e+00,-6.531209945678710938e+00,2.806678295135498047e+00,6.618330478668212891e+00,8.612380981445312500e+00,8.282015800476074219e+00,1.706902861595153809e+00,1.788327336311340332e+00,6.944651603698730469e-01,-4.005858898162841797e-01,-1.183351516723632812e+01,-8.154859542846679688e+00,-6.757433414459228516e+00,-1.153376770019531250e+01,-1.725902557373046875e+01,-1.391888904571533203e+01,-1.190791797637939453e+01,-1.065157508850097656e+01,-8.305605888366699219e+00,-1.527468395233154297e+01,-1.817254257202148438e+01,-1.006711959838867188e+01,4.185444831848144531e+00,7.307058334350585938e+00,-1.679988288879394531e+01,-3.048948669433593750e+01,-2.963101577758789062e+01,-2.592529296875000000e+01,-2.548982238769531250e+01,-2.669330024719238281e+01,-2.099451065063476562e+01,-7.826394081115722656e+00,1.423007202148437500e+01,2.626454544067382812e+01,3.013614654541015625e+01,3.001124382019042969e+01,3.514561843872070312e+01,2.253580093383789062e+01,1.960459709167480469e+00,1.393259620666503906e+01,1.965785217285156250e+01,7.206455230712890625e+00,-1.235803508758544922e+01,-2.007396697998046875e+01,-1.682191848754882812e+01,-1.100964164733886719e+01,-1.223841476440429688e+01,-1.325780105590820312e+01,-1.321602249145507812e+01,-1.048125457763671875e+01,-2.893060684204101562e+00,2.946507930755615234e+00,1.158132743835449219e+01,1.719558334350585938e+01,1.202406024932861328e+01,6.068093299865722656e+00,6.054036140441894531e+00,7.704012870788574219e+00,1.972933769226074219e+00,-3.127750635147094727e+00,-3.183216333389282227e+00,-1.245069503784179688e+01,-1.409010505676269531e+01,-1.511991405487060547e+01,-1.556282901763916016e+01,-8.301303863525390625e+00,-4.879115581512451172e+00,-4.375977993011474609e+00,-2.269879341125488281e+00,-2.405375957489013672e+00,-6.630500793457031250e+00,3.010347783565521240e-01,1.824365019798278809e+00,3.143581628799438477e+00,4.308256149291992188e+00,4.932251572608947754e-01,4.651442527770996094e+00,8.166287422180175781e+00,-9.731492042541503906e+00,-1.871575927734375000e+01,-5.820095539093017578e+00,1.353795623779296875e+01,2.095153808593750000e+01,7.743322372436523438e+00,2.952873945236206055e+00,9.618005752563476562e+00,1.392677021026611328e+01,7.981380462646484375e+00,1.393933010101318359e+01,1.291359806060791016e+01,2.836887598037719727e+00,-3.209966182708740234e+00,-2.421644210815429688e+00,1.652119445800781250e+01,2.942288398742675781e+01,2.156171417236328125e+01,7.197859287261962891e-01,-4.034006595611572266e+00,9.039997100830078125e+00,2.075971984863281250e+01,1.979088783264160156e+01,1.070253181457519531e+01,-3.593189001083374023e+00,6.721490621566772461e-01,1.714895725250244141e+00,-3.623270988464355469e+00,-1.424918413162231445e+00,3.103846073150634766e+00,-3.285600662231445312e+00,-1.457446098327636719e+01,-1.019108200073242188e+01,1.058090209960937500e+01,1.743397903442382812e+01,1.062483787536621094e+01,1.449029541015625000e+01,2.626755523681640625e+01,3.582955932617187500e+01,3.566909027099609375e+01,3.360776519775390625e+01,1.980578994750976562e+01,9.996883392333984375e+00,5.510478973388671875e+00,4.889090538024902344e+00,2.631417810916900635e-01,-7.689023017883300781e+00,-1.034691238403320312e+01,-1.122023200988769531e+01,-9.719075202941894531e+00,-3.528559684753417969e+00,6.569867134094238281e+00,2.782122802734375000e+01,2.944071578979492188e+01,3.394965744018554688e+01,3.336223602294921875e+01,2.924070739746093750e+01,2.402859115600585938e+01,1.561900424957275391e+01,7.138831138610839844e+00,-3.191022634506225586e+00,-4.002621173858642578e-01,-1.101794004440307617e+00,-8.717857599258422852e-01,-2.552399039268493652e-01,-6.008516788482666016e+00,1.773913025856018066e+00,1.903548240661621094e-01,-4.509138107299804688e+00,-1.032618904113769531e+01,-7.070702552795410156e+00,-9.185312271118164062e+00,-8.782493591308593750e+00,-1.086936950683593750e+01,-1.046149253845214844e+01,-1.514242649078369141e+01,-1.888084793090820312e+01,-2.320417022705078125e+01,-2.285717010498046875e+01,-1.043227005004882812e+01,1.737253952026367188e+01,3.906574630737304688e+01,4.157849884033203125e+01,2.685607719421386719e+01,4.496645450592041016e+00,-3.701156854629516602e+00,-2.541251897811889648e+00,1.916932106018066406e+00,2.436728239059448242e+00,3.426560878753662109e+00,2.317332744598388672e+00,-6.002829074859619141e+00,-2.894901275634765625e+00,-2.226297140121459961e+00,-3.858915090560913086e+00,-1.338970756530761719e+01,-1.348293876647949219e+01,-1.239200210571289062e+01,-1.273982715606689453e+01,-8.704663276672363281e+00,-2.245127487182617188e+01,-2.642622756958007812e+01,-2.790348434448242188e+01,-2.646029281616210938e+01,-1.906195449829101562e+01,-1.469985389709472656e+01,-1.656393051147460938e+01,-1.632454490661621094e+01,-1.887604522705078125e+01,-2.462017250061035156e+01,-2.794251632690429688e+01,-1.717193222045898438e+01,-5.788392066955566406e+00,1.402246952056884766e-01,4.944487214088439941e-01,-9.383768081665039062e+00,-1.187667655944824219e+01,-8.136469841003417969e+00,1.801110076904296875e+01,2.510367774963378906e+01,2.433195877075195312e+01,1.537779998779296875e+01,-1.240281343460083008e+00,6.785772323608398438e+00,7.725143432617187500e+00,4.534328460693359375e+00,7.908523678779602051e-01,-1.224555253982543945e+00,-3.266166210174560547e+00,-3.014409303665161133e+00,-8.464784622192382812e+00,-9.601094245910644531e+00,-9.091756820678710938e+00,-7.981295585632324219e+00,-3.036182403564453125e+00,-3.505030155181884766e+00,-6.194772124290466309e-01,-1.024912238121032715e+00,2.188357353210449219e+00,2.756417989730834961e+00,5.320537567138671875e+00,3.188480377197265625e+00,6.600794792175292969e+00,6.040609359741210938e+00,7.475740909576416016e-01,4.913451671600341797e+00,7.711920261383056641e+00,8.756986856460571289e-01,3.672935962677001953e+00,4.629648208618164062e+00,6.411862373352050781e+00,5.782872200012207031e+00,1.817501902580261230e+00,-5.002122879028320312e+00,-6.641592979431152344e+00,-3.099326133728027344e+00,-3.941396713256835938e+00,-4.105905532836914062e+00,-6.118455410003662109e+00,-8.786196708679199219e-01,1.781055212020874023e+00,6.173640489578247070e-01,5.314464569091796875e+00,1.080701637268066406e+01,1.418715953826904297e+01,1.371013069152832031e+01,1.863893508911132812e+01,1.916320991516113281e+01,1.596534442901611328e+01,6.079148292541503906e+00,-4.686079025268554688e+00,7.370159626007080078e+00,1.458576583862304688e+01,1.073014354705810547e+01,2.839638710021972656e+00,-7.501164913177490234e+00,-8.954323768615722656e+00,-4.730991363525390625e+00,-5.071230888366699219e+00,-8.838869094848632812e+00,-1.772529411315917969e+01,-1.725280380249023438e+01,-2.201618957519531250e+01,-2.087819290161132812e+01,-1.346678733825683594e+01,-1.187280845642089844e+01,-1.524443626403808594e+01,-2.045503234863281250e+01,-2.700621795654296875e+01,-1.480955314636230469e+01,-7.703080177307128906e+00,-9.019489288330078125e+00,-1.256711959838867188e+01,-1.218548202514648438e+01,-1.160750770568847656e+01,-1.069573211669921875e+01,-1.092666625976562500e+01,-1.205871772766113281e+01,-6.377242565155029297e+00,-2.256849765777587891e+00,-1.484431624412536621e+00,-4.563210010528564453e+00,-8.398612976074218750e+00,-3.423453330993652344e+00,-6.856126785278320312e+00,2.040071725845336914e+00,2.594908523559570312e+01,3.085652923583984375e+01,1.126923465728759766e+01,-6.030584335327148438e+00,-1.774577140808105469e+01,-1.871257209777832031e+01,-1.069491958618164062e+01,8.076553344726562500e-01,1.506518936157226562e+01,1.268871688842773438e+01,9.279262542724609375e+00,6.666024684906005859e+00,1.816126060485839844e+01,3.322637557983398438e+01,3.369535827636718750e+01,2.757134819030761719e+01,2.058265113830566406e+01,1.135503959655761719e+01,6.780208587646484375e+00,8.104640007019042969e+00,6.908710956573486328e+00,9.809169769287109375e+00,1.448610496520996094e+01,1.809910011291503906e+01,1.331975173950195312e+01,-2.480161905288696289e+00,-1.524346733093261719e+01,-1.187953948974609375e+01,-3.522424697875976562e+00,9.407012939453125000e+00,1.827436637878417969e+01,2.329079818725585938e+01,2.135809326171875000e+01,1.315967941284179688e+01,8.234247207641601562e+00,1.234854507446289062e+01,1.434393310546875000e+01,3.147861099243164062e+01,4.010413360595703125e+01,3.313061523437500000e+01,3.455556869506835938e+01,3.839079284667968750e+01,3.724182128906250000e+01,4.167403411865234375e+01,3.914572143554687500e+01,3.475098419189453125e+01,3.853830337524414062e+01,2.601140785217285156e+01,9.596632957458496094e+00,7.970898151397705078e+00,1.892177391052246094e+01,2.490252876281738281e+01,2.266832351684570312e+01,1.933248901367187500e+01,1.987311553955078125e+01,1.894442367553710938e+01,1.558253192901611328e+01,1.281805229187011719e+01,1.402410888671875000e+01,1.783050918579101562e+01,1.709158325195312500e+01,1.793882369995117188e+01,1.614353179931640625e+01,1.538880348205566406e+01,1.428357887268066406e+01,1.275603389739990234e+01,1.113566684722900391e+01,1.394640731811523438e+01,1.520788574218750000e+01,1.311881732940673828e+01,1.216905784606933594e+01,1.500676345825195312e+01,1.347418498992919922e+01,1.213585376739501953e+01,7.898988723754882812e+00,8.505459785461425781e+00,1.450005531311035156e+01,-1.615517377853393555e+00,-4.296325683593750000e+00,3.099914312362670898e+00,4.314636230468750000e+00,5.931308269500732422e+00,2.863478183746337891e+00,-4.048375606536865234e+00,-2.827268123626708984e+00,2.190059423446655273e-02,-8.536561965942382812e+00,9.625282287597656250e-01,4.412953376770019531e+00,4.914640426635742188e+00,-1.033146286010742188e+01,-2.676173400878906250e+01,-2.832224273681640625e+01,-2.353233337402343750e+01,-2.297738265991210938e+01,-1.786692047119140625e+01,-1.501507759094238281e+01,-8.059686660766601562e+00,-5.713788032531738281e+00,4.876238107681274414e-01,2.905556678771972656e+00,9.494117736816406250e+00,1.434987545013427734e+01,2.219136238098144531e+00,-1.547765350341796875e+01,-1.737309646606445312e+01,-2.010606384277343750e+01,-2.290460205078125000e+01,-2.198159027099609375e+01,-1.580267906188964844e+01,-8.306978225708007812e+00,-6.495993733406066895e-01,-4.442077159881591797e+00,-7.074041366577148438e+00,1.396365880966186523e+00,1.491623020172119141e+01,1.733094787597656250e+01,1.728101158142089844e+01,7.568965911865234375e+00,-6.166620731353759766e+00,-1.310445117950439453e+01,-2.051499748229980469e+01,-1.990310096740722656e+01,-1.655912208557128906e+01,-7.134594440460205078e+00,-6.762291193008422852e-01,-1.772363424301147461e+00,-4.824308395385742188e+00,-7.389715671539306641e+00,-3.550547122955322266e+00,-2.110042572021484375e+00,9.989657402038574219e-01,6.783004760742187500e+00,4.572090625762939453e+00,-7.424882888793945312e+00,-1.007793807983398438e+01,1.883341789245605469e+00,-7.808015346527099609e-01,-4.067437171936035156e+00,-3.298584938049316406e+00,1.067965626716613770e+00,8.245686531066894531e+00,7.496348381042480469e+00,5.562074661254882812e+00,7.298317432403564453e+00,4.092223644256591797e+00,4.912154197692871094e+00,1.031845092773437500e+01,1.440393638610839844e+01,1.697172546386718750e+01,1.465052413940429688e+01,3.961344718933105469e+00,5.104103565216064453e+00,5.893262863159179688e+00,1.444891571998596191e+00,6.722437858581542969e+00,1.614941406250000000e+01,2.531094741821289062e+01,2.077416610717773438e+01,1.712522888183593750e+01,2.045141220092773438e+01,3.164436149597167969e+01,3.517076110839843750e+01,2.814913558959960938e+01,1.614884185791015625e+01,9.718070030212402344e+00,1.062174129486083984e+01,5.761345386505126953e+00,-9.335004806518554688e+00,-1.378953742980957031e+01,4.126440048217773438e+00,1.009739303588867188e+01,5.746556282043457031e+00,1.490745162963867188e+01,2.068229484558105469e+01,2.820161819458007812e+01,2.487060546875000000e+01,1.683330726623535156e+01,2.289683914184570312e+01,2.186939620971679688e+01,1.782096862792968750e+01,8.795358657836914062e+00,4.700651168823242188e+00,8.712158203125000000e+00,6.077495574951171875e+00,-2.813104152679443359e+00,-9.890787124633789062e+00,-1.365012073516845703e+01,-1.230865097045898438e+01,-1.491697311401367188e+01,-1.246474742889404297e+01,-1.409189796447753906e+01,-1.052873611450195312e+01,-4.428295135498046875e+00,7.335264682769775391e-01,3.075813770294189453e+00,7.108936309814453125e+00,1.160139846801757812e+01,9.391410827636718750e+00,1.304350566864013672e+01,1.590432167053222656e+01,1.658897972106933594e+01,5.503448963165283203e+00,-4.849771559238433838e-01,-2.391523361206054688e+00,-2.520549774169921875e+00,2.436453104019165039e+00,5.358648300170898438e+00,4.516052246093750000e+00,1.388554930686950684e+00,-1.961965322494506836e+00,9.790426254272460938e+00,1.798777389526367188e+01,9.267978668212890625e+00,-3.197763204574584961e+00,-9.458226710557937622e-02,2.047847986221313477e+00,5.588747978210449219e+00,9.777153015136718750e+00,1.310373878479003906e+01,8.824529647827148438e+00,-2.277784347534179688e-01,-6.520420074462890625e+00,-9.750686645507812500e+00,-1.532640647888183594e+01,-2.441416740417480469e+01,-3.105828475952148438e+01,-3.170716667175292969e+01,-3.267763900756835938e+01,-3.117892837524414062e+01,-2.675362968444824219e+01,-2.779843521118164062e+01,-3.159619331359863281e+01,-2.935447692871093750e+01,-1.881127929687500000e+01,-1.425686740875244141e+01,-9.067625999450683594e-01,8.582260131835937500e+00,1.492830038070678711e+00,5.609309196472167969e+00,1.192703247070312500e+01,1.446351432800292969e+01,1.701543998718261719e+01,1.696265220642089844e+01,1.815426635742187500e+01,2.049140548706054688e+01,1.013871383666992188e+01,-5.140899181365966797e+00,-2.127267646789550781e+01,-2.426017761230468750e+01,-1.556069087982177734e+01,-4.342266082763671875e+00,1.824724197387695312e+00,-5.869754791259765625e+00,-7.419490337371826172e+00,-1.011998748779296875e+01,-1.218582439422607422e+01,-2.889212846755981445e+00,1.068508720397949219e+01,1.296416473388671875e+01,6.401371002197265625e+00,-3.119995117187500000e+00,-1.106210136413574219e+01,-1.441406250000000000e+01,-1.712616157531738281e+01,-2.441201210021972656e+01,-2.592354774475097656e+01,-2.443049240112304688e+01,-2.144196128845214844e+01,-1.144560527801513672e+01,-5.347782135009765625e+00,1.353799438476562500e+01,3.084002494812011719e+01,3.757772064208984375e+01,3.796940612792968750e+01,3.930831909179687500e+01,3.034315490722656250e+01,2.158066749572753906e+01,1.301664066314697266e+01,1.046854019165039062e+01,1.267715644836425781e+01,1.308399009704589844e+01,1.285012817382812500e+01,1.302598857879638672e+01,1.407695388793945312e+01,1.053533458709716797e+01,1.489506912231445312e+01,1.695390701293945312e+01,1.625260162353515625e+01,1.914075469970703125e+01,2.812320137023925781e+01,2.090224456787109375e+01,1.441234493255615234e+01,1.353172874450683594e+01,2.212840461730957031e+01,2.526467132568359375e+01,1.057938957214355469e+01,-5.475993156433105469e+00,6.860445976257324219e+00,1.147798156738281250e+01,1.027796649932861328e+01,1.862910270690917969e+00,-5.116995334625244141e+00,-1.384865570068359375e+01,-1.512487602233886719e+01,-1.499235725402832031e+01,-1.468559265136718750e+01,-1.423204803466796875e+01,-1.649830055236816406e+01,-1.474663543701171875e+01,-6.432469367980957031e+00,1.184902572631835938e+01,2.554187011718750000e+01,2.905630493164062500e+01,2.061112594604492188e+01,1.348015213012695312e+01,9.007666587829589844e+00,1.148218870162963867e+00,3.517938852310180664e+00,1.875949096679687500e+01,2.406753921508789062e+01,1.511058616638183594e+01,6.372131347656250000e+00,9.859229326248168945e-01,-1.086861324310302734e+01,-1.654029846191406250e+01,-8.955913543701171875e+00,-3.387732267379760742e+00,-4.844846725463867188e+00,-9.051771163940429688e+00,-1.514977264404296875e+01,-1.864634513854980469e+01,-1.451718330383300781e+01,-1.922247695922851562e+01,-2.537945938110351562e+01,-1.919606018066406250e+01,-1.311055278778076172e+01,-1.393943500518798828e+01,-1.556280517578125000e+01,-1.490321731567382812e+01,-1.311436271667480469e+01,-7.852638244628906250e+00,2.356909513473510742e-01,2.688162326812744141e+00,3.515187263488769531e+00,1.763625383377075195e+00,5.587557792663574219e+00,5.486739635467529297e+00,-5.379479527473449707e-01,5.551838874816894531e+00,1.029684066772460938e+01,8.635217666625976562e+00,1.023587608337402344e+01,1.259006500244140625e+01,1.434738349914550781e+01,1.365886211395263672e+01,1.322520256042480469e+01,1.721467590332031250e+01,2.018220520019531250e+01,1.334435462951660156e+01,5.107375621795654297e+00,-7.001893997192382812e+00,-2.278063774108886719e+01,-2.451239204406738281e+01,-1.133786773681640625e+01,-1.855703711509704590e+00,1.366292953491210938e+00,-8.272771835327148438e+00,-8.522354125976562500e+00,-1.184316635131835938e+00,-3.051186084747314453e+00,-1.648622035980224609e+00,-1.930193901062011719e+00,2.512664794921875000e+00,5.921471595764160156e+00,5.512007713317871094e+00,3.622509479522705078e+00,2.173610925674438477e+00,-5.879727602005004883e-01,-5.825732707977294922e+00,-7.605408191680908203e+00,-8.167986869812011719e+00,-7.885514259338378906e+00,-6.356568813323974609e+00,-5.158186912536621094e+00,-5.033303737640380859e+00,-2.302758932113647461e+00,5.523171901702880859e+00,6.531177043914794922e+00,7.232734680175781250e+00,9.082017898559570312e+00,9.238951683044433594e+00,1.227903938293457031e+01,6.345861434936523438e+00,1.555421257019042969e+01,1.611273956298828125e+01,9.135882377624511719e+00,6.272436618804931641e+00,-4.257845401763916016e+00,-5.805207252502441406e+00,6.795259475708007812e+00,1.297516632080078125e+01,2.288183403015136719e+01,2.718416023254394531e+01,1.809336471557617188e+01,1.223844909667968750e+01,1.381182003021240234e+01,8.531025886535644531e+00,1.289620018005371094e+01,9.845416069030761719e+00,8.644417762756347656e+00,1.465014266967773438e+01,1.962209320068359375e+01,1.160161685943603516e+01,2.795447826385498047e+00,2.358208179473876953e+00,1.984095692634582520e+00,2.931447505950927734e+00,-1.826390922069549561e-01,-4.005506992340087891e+00,5.919276475906372070e-01,1.123360824584960938e+01,9.320346832275390625e+00,3.019504070281982422e+00,-4.982615470886230469e+00,-1.301989841461181641e+01,-1.819336700439453125e+01,-1.890768051147460938e+01,-2.007052612304687500e+01,-1.916780471801757812e+01,-9.564926147460937500e+00,-5.310711860656738281e+00,-3.425732135772705078e+00,-1.302718520164489746e-01,2.200663089752197266e+00,1.268676757812500000e+01,3.363528442382812500e+01,3.872561645507812500e+01,2.537502098083496094e+01,1.409491729736328125e+01,1.429211044311523438e+01,1.734906387329101562e+01,1.698146057128906250e+01,1.058705329895019531e+01,6.037974834442138672e+00,-1.712372541427612305e+00,-6.000396251678466797e+00,2.826227664947509766e+00,2.680125236511230469e+00,-3.113560974597930908e-01,-1.542436838150024414e+00,-5.045310020446777344e+00,8.642164230346679688e+00,1.340702247619628906e+01,7.103155136108398438e+00,-4.045474052429199219e+00,-1.235497283935546875e+01,-1.854211997985839844e+01,-1.519651889801025391e+01,2.174901962280273438e+00,1.299813652038574219e+01,1.789269256591796875e+01,9.982866287231445312e+00,-2.358508110046386719e+00,8.873278617858886719e+00,2.470265769958496094e+01,2.826644134521484375e+01,3.261797332763671875e+01,3.611130523681640625e+01,3.620967864990234375e+01,3.449402618408203125e+01,2.601374816894531250e+01,2.205148124694824219e+01,1.480942630767822266e+01,1.143392372131347656e+01,2.945122241973876953e+00,-1.049039649963378906e+01,-1.891233825683593750e+01,-2.384525871276855469e+01,-1.999969291687011719e+01,-4.082489967346191406e+00,1.985079288482666016e+00,-3.701265335083007812e+00,-1.487214660644531250e+01,-1.284092521667480469e+01,-7.287256240844726562e+00,-7.539937019348144531e+00,5.456357479095458984e+00,1.837447738647460938e+01,1.775375938415527344e+01,1.601787185668945312e+01,1.970597076416015625e+01,1.603158760070800781e+01,5.230115890502929688e+00,1.654787778854370117e+00,5.926382541656494141e-01,4.788258075714111328e-01,1.749947667121887207e-03,5.933917045593261719e+00,1.363629722595214844e+01,1.270135307312011719e+01,1.285283660888671875e+01,9.696823120117187500e+00,7.034115791320800781e+00,5.159533977508544922e+00,8.157660484313964844e+00,1.380902099609375000e+01,1.498684024810791016e+01,1.223161315917968750e+01,6.375739097595214844e+00,4.625905156135559082e-01,4.075920104980468750e+00,1.211366653442382812e+01,1.923785972595214844e+01,1.615324592590332031e+01,1.560481071472167969e+01,1.897349166870117188e+01,9.110713958740234375e+00,-1.044133186340332031e+00,3.491367101669311523e-01,-1.015632820129394531e+01,-1.844584465026855469e+01,-1.540320491790771484e+01,-1.353759574890136719e+01,-1.408646965026855469e+01,-1.503864860534667969e+01,-1.297256946563720703e+01,-1.247139072418212891e+01,-5.119955062866210938e+00,-2.164785623550415039e+00,-6.288200378417968750e+00,-9.564985275268554688e+00,-8.531288146972656250e+00,-5.427662849426269531e+00,-2.805192470550537109e+00,8.860127925872802734e-01,6.204178929328918457e-02,-2.472725152969360352e+00,-6.789784431457519531e-01,5.546421051025390625e+00,8.661437988281250000e+00,8.800916671752929688e+00,2.996659755706787109e+00,5.001166820526123047e+00,3.613059520721435547e+00,7.837192058563232422e+00,1.838311386108398438e+01,1.772467422485351562e+01,1.356469535827636719e+01,9.181683540344238281e+00,1.216669082641601562e+01,5.390345573425292969e+00,4.021934509277343750e+00,2.004717636108398438e+01,2.793615722656250000e+01,2.644548225402832031e+01,1.689448165893554688e+01,1.794890594482421875e+01,2.710787963867187500e+01,2.771083068847656250e+01,1.903394317626953125e+01,9.571069717407226562e+00,4.404087066650390625e+00,-1.020763015747070312e+01,-1.193841838836669922e+01,-7.640071868896484375e+00,-8.269582748413085938e+00,-1.532705402374267578e+01,-2.030658340454101562e+01,-2.862329673767089844e+01,-2.904195022583007812e+01,-1.589595031738281250e+01,-3.314079046249389648e+00,8.150447845458984375e+00,1.113188457489013672e+01,7.448075294494628906e+00,4.264399528503417969e+00,-3.061234951019287109e+00,-7.024981498718261719e+00,-5.441454887390136719e+00,-1.031439661979675293e+00,5.616005420684814453e+00,8.148506164550781250e+00,-2.901875376701354980e-01,-8.543791770935058594e+00,-6.906884193420410156e+00,-5.490865707397460938e+00,-5.500554084777832031e+00,-9.005305290222167969e+00,-2.084590435028076172e+00,3.879692554473876953e+00,1.319956302642822266e+01,1.486353778839111328e+01,1.589063072204589844e+01,1.659540939331054688e+01,5.232352256774902344e+00,-4.424068450927734375e+00,-5.662029266357421875e+00,2.119096279144287109e+00,9.655155181884765625e+00,9.128743171691894531e+00,4.415365219116210938e+00,1.172649025917053223e+00,-1.413869738578796387e+00,-4.644805431365966797e+00,3.397709727287292480e-01,-4.773184359073638916e-01,-3.093685150146484375e+00,-3.028115034103393555e+00,-3.557151079177856445e+00,-1.565681648254394531e+01,-1.793134689331054688e+01,-7.383689403533935547e+00,5.028725147247314453e+00,1.129556655883789062e+01,4.425966262817382812e+00,3.206356763839721680e+00,4.699454784393310547e+00,3.723351240158081055e+00,-3.947921752929687500e+00,-7.921048164367675781e+00,-1.083520317077636719e+01,-1.255468750000000000e+01,-1.069848537445068359e+01,-1.302279663085937500e+01,-1.161418342590332031e+01,-3.635087013244628906e+00,1.899977684020996094e+00,9.747986793518066406e+00,1.329917907714843750e+01,-4.434912681579589844e+00,-6.495041847229003906e+00,-3.119764804840087891e+00,3.705293655395507812e+00,4.449345588684082031e+00,5.414062500000000000e+00,9.474528312683105469e+00,7.287326812744140625e+00,-6.848909854888916016e-01,-1.011383056640625000e+01,-8.700885772705078125e+00,-6.108212471008300781e+00,4.910529136657714844e+00,1.502430534362792969e+01,2.073570823669433594e+01,2.642690086364746094e+01,2.445288848876953125e+01,2.282178497314453125e+01,1.916310882568359375e+01,6.326583862304687500e+00,-4.512402057647705078e+00,-7.684433460235595703e+00,-4.073279857635498047e+00,7.138242721557617188e+00,6.316856861114501953e+00,9.993473052978515625e+00,1.199460506439208984e+01,1.287599372863769531e+01,1.302553272247314453e+01,1.469125896692276001e-01,-2.015051841735839844e+00,8.317684173583984375e+00,2.104598426818847656e+01,2.751884078979492188e+01,2.027934265136718750e+01,1.194878959655761719e+01,1.530243873596191406e+01,1.027797794342041016e+01,1.468127489089965820e+00,5.191764235496520996e-01,9.273944854736328125e+00,1.250807762145996094e+01,1.051954936981201172e+01,4.630065917968750000e+00,1.042383480072021484e+01,1.151067256927490234e+01,5.343137741088867188e+00,8.696384429931640625e+00,1.427593231201171875e+01,1.745339202880859375e+01,1.193240165710449219e+01,-2.910720348358154297e+00,-1.398289489746093750e+01,-1.505777454376220703e+01,-9.028385162353515625e+00,1.860133767127990723e+00,2.698648214340209961e+00,3.536305427551269531e+00,2.339716672897338867e+00,-4.232316017150878906e+00,-5.101866722106933594e+00,2.791079521179199219e+00,2.238965749740600586e+00,1.664319276809692383e+00,7.091684341430664062e+00,1.922344207763671875e+01,1.520645523071289062e+01,1.263845825195312500e+01,-1.673875808715820312e+00,-7.740954399108886719e+00,-9.909328460693359375e+00,-2.809958934783935547e+00,-4.254599571228027344e+00,-7.673748016357421875e+00,-4.480760574340820312e+00,-3.152758121490478516e+00,9.030830860137939453e-02,-1.254166889190673828e+01,-1.171511268615722656e+01,-2.774234771728515625e+00,1.207916450500488281e+01,2.321699333190917969e+01,3.113455200195312500e+01,4.273868179321289062e+01,3.570055770874023438e+01,2.558978652954101562e+01,1.072692108154296875e+01,8.728510856628417969e+00,3.834276437759399414e+00,-4.026094079017639160e-01,-4.160208702087402344e-01,-1.589651107788085938e+00,-3.491104841232299805e+00,6.500741958618164062e+00,2.514318847656250000e+01,3.146563720703125000e+01,3.278202056884765625e+01,2.550791931152343750e+01,1.515056324005126953e+01,1.685278129577636719e+01,2.858238410949707031e+01,3.242898559570312500e+01,2.806251335144042969e+01,1.480627441406250000e+01,5.828384876251220703e+00,1.630518722534179688e+01,2.567045783996582031e+01,1.763732528686523438e+01,7.747559547424316406e+00,-1.956317663192749023e+00,-1.019979095458984375e+01,-5.363645553588867188e+00,2.756368637084960938e+00,1.738871002197265625e+01,2.072069168090820312e+01,2.081207275390625000e+01,1.704411697387695312e+01,1.785252380371093750e+01,2.169238281250000000e+01,2.657083892822265625e+01,2.807744216918945312e+01,2.819914627075195312e+01,2.252618789672851562e+01,3.375009155273437500e+01,3.030214691162109375e+01,2.163641357421875000e+01,1.642766380310058594e+01,1.691505813598632812e+01,1.518619441986083984e+01,6.701025009155273438e+00,-6.461116790771484375e+00,-1.973575210571289062e+01,-2.566184806823730469e+01,-2.055475997924804688e+01,-1.384809875488281250e+01,-5.290343761444091797e+00,-7.574250221252441406e+00,3.620488643646240234e+00,1.008286118507385254e+00,-8.187736511230468750e+00,-1.486910247802734375e+01,-8.033390045166015625e+00,-6.551488399505615234e+00,-7.949510574340820312e+00,-1.332039260864257812e+01,-1.404120826721191406e+01,-8.919774055480957031e+00,-1.104619598388671875e+01,-2.272663497924804688e+01,-2.345408248901367188e+01,-1.600572204589843750e+01,-5.571990966796875000e+00,4.061122417449951172e+00,5.836061477661132812e+00,4.650991916656494141e+00,1.292917251586914062e+01,1.631468582153320312e+01,1.936596107482910156e+01,2.273904037475585938e+01,2.222452926635742188e+01,2.549940490722656250e+01,3.274703216552734375e+01,2.894645500183105469e+01,2.203510665893554688e+01,9.712099075317382812e+00,1.666319274902343750e+01,2.740824699401855469e+01,2.088876342773437500e+01,1.714290618896484375e+01,1.441435050964355469e+01,1.616395378112792969e+01,1.344725990295410156e+01,1.407472038269042969e+01,1.662277221679687500e+01,1.280824661254882812e+01,8.947603225708007812e+00,-7.642588615417480469e-01,6.636858463287353516e+00,3.184361934661865234e+00,1.870582342147827148e+00,5.096375942230224609e+00,1.376667690277099609e+01,2.343731880187988281e+01,2.670822143554687500e+01,2.550736999511718750e+01,2.483628845214843750e+01,1.865394592285156250e+01,1.665442085266113281e+01,1.667258453369140625e+01,1.682760238647460938e+01,6.963712692260742188e+00,1.042163276672363281e+01,6.200377941131591797e+00,3.556559085845947266e+00,7.910738945007324219e+00,6.558166503906250000e+00,5.237667083740234375e+00,1.747169876098632812e+01,2.807238960266113281e+01,2.070233535766601562e+01,8.392946243286132812e+00,1.674233436584472656e+00,-5.779935836791992188e+00,-1.512048339843750000e+01,-1.684307098388671875e+01,-1.447774791717529297e+01,-1.462329483032226562e+01,-1.497572135925292969e+01,-1.024837303161621094e+01,-7.113597869873046875e+00,-3.993752002716064453e+00,-8.871871948242187500e+00,-1.308037948608398438e+01,-1.415096282958984375e+01,-7.084095954895019531e+00,-1.960716485977172852e+00,1.187454819679260254e+00,-1.389429569244384766e+00,-1.781036734580993652e+00,3.628977298736572266e+00,7.639407634735107422e+00,4.226643085479736328e+00,4.820212364196777344e+00,5.869746208190917969e+00,8.734212875366210938e+00,1.353324985504150391e+01,1.266443061828613281e+01,7.788533210754394531e+00,2.660134792327880859e+00,-6.401468515396118164e-01,6.155724525451660156e-01,7.364846467971801758e-01,3.266252577304840088e-01,4.970248699188232422e+00,-2.702336311340332031e-01,-6.252823829650878906e+00,-1.940042614936828613e+00,2.133990049362182617e+00,-1.659089565277099609e+00,5.191206932067871094e-01,2.542153596878051758e+00,7.409635543823242188e+00,1.100887107849121094e+01,1.100890159606933594e+01,1.256013870239257812e+01,1.250925540924072266e+01,1.339176559448242188e+01,6.525503635406494141e+00,2.687383890151977539e+00,4.421280622482299805e-01,-8.259043693542480469e+00,-1.262621879577636719e+01,-1.263069152832031250e+01,-1.281210327148437500e+01,-1.152996826171875000e+01,-1.213398551940917969e+01,-5.180614471435546875e+00,2.363983392715454102e-01,-3.748715400695800781e+00,-2.863088607788085938e+00,-5.362817049026489258e-01,4.008042812347412109e+00,1.500117206573486328e+01,1.900913810729980469e+01,8.482873916625976562e+00,1.847712397575378418e+00,2.784872055053710938e+00,-3.697316646575927734e+00,-1.146332383155822754e+00,-7.124388217926025391e-01,-1.751102256774902344e+01,-2.344547653198242188e+01,-1.957778739929199219e+01,-1.602818298339843750e+01,-1.577695846557617188e+01,-1.552888011932373047e+01,-2.226808166503906250e+01,-2.264545440673828125e+01,-2.582785797119140625e+01,-2.974134445190429688e+01,-2.427454757690429688e+01,-1.885945892333984375e+01,-1.913406372070312500e+01,-1.784646224975585938e+01,-7.718847751617431641e+00,4.108822047710418701e-01,5.633522987365722656e+00,1.467380523681640625e+01,9.535902023315429688e+00,2.319798946380615234e+00,2.423945426940917969e+00,9.241313934326171875e+00,1.634543609619140625e+01,1.645750427246093750e+01,1.453013801574707031e+01,1.221885108947753906e+01,2.802479743957519531e+00,-9.653268814086914062e+00,-9.123234748840332031e+00,-1.736888408660888672e+00,-2.728047847747802734e+00,-4.200987815856933594e+00,1.711507081985473633e+00,7.737019538879394531e+00,1.676704597473144531e+01,1.850222015380859375e+01,2.368936538696289062e+01,3.060759735107421875e+01,3.101976203918457031e+01,2.341867065429687500e+01,1.807170104980468750e+01,2.112386703491210938e+01,2.163526153564453125e+01,2.117681884765625000e+01,2.522282600402832031e+01,2.576513290405273438e+01,1.871900177001953125e+01,1.219506835937500000e+01,6.354576110839843750e+00,5.920521020889282227e-01,5.996516704559326172e+00,3.431744337081909180e+00,5.189905643463134766e+00,6.172407150268554688e+00,1.476991176605224609e+00,5.060329437255859375e+00,1.347117424011230469e+01,7.034955978393554688e+00,-3.344904661178588867e+00,-4.932678222656250000e+00,1.173999404907226562e+01,2.017163467407226562e+01,1.917608261108398438e+01,1.379979133605957031e+01,8.183691501617431641e-01,1.497088789939880371e+00,-3.346538066864013672e+00,-1.275496864318847656e+01,-5.998283386230468750e+00,5.532259941101074219e+00,1.073382186889648438e+01,5.086786270141601562e+00,3.864022254943847656e+00,1.635906219482421875e+01,3.499946212768554688e+01,4.464561462402343750e+01,4.718694305419921875e+01,3.607679367065429688e+01,2.797513961791992188e+01,1.914771652221679688e+01,1.266069889068603516e+01,7.663765907287597656e+00,1.814461231231689453e+00,2.120256423950195312e+00,5.789780616760253906e+00,-5.421825408935546875e+00,-7.078836441040039062e+00,-4.087395191192626953e+00,2.872887229919433594e+01,3.570524978637695312e+01,2.100745391845703125e+01,8.948089599609375000e+00,-4.239756584167480469e+00,-1.496990966796875000e+01,-2.235625457763671875e+01,-2.079147911071777344e+01,-1.687236404418945312e+01,-1.612922859191894531e+01,-1.320728588104248047e+01,-2.313921689987182617e+00,1.077181148529052734e+01,3.044922256469726562e+01,3.037672424316406250e+01,1.453385734558105469e+01,8.813378334045410156e+00,4.880231618881225586e-01,1.248357391357421875e+01,2.059232330322265625e+01,1.943558883666992188e+01,2.345065307617187500e+01,2.507751464843750000e+01,1.778743171691894531e+01,1.835557556152343750e+01,2.189935684204101562e+01,2.724648284912109375e+01,1.312461185455322266e+01,-4.618171691894531250e+00,-8.632339477539062500e+00,-3.399140357971191406e+00,3.086285591125488281e+00,2.724646925926208496e-01,6.937600970268249512e-01,2.092354774475097656e+00,1.529554486274719238e+00,2.549368858337402344e+00,5.611635208129882812e+00,1.066187095642089844e+01,1.454556941986083984e+01,9.474264144897460938e+00,3.888886928558349609e+00,2.901779413223266602e-01,-4.739870071411132812e+00,-3.480727434158325195e+00,-2.161952257156372070e+00,-3.885501623153686523e+00,2.583304882049560547e+00,6.664378643035888672e+00,7.639865875244140625e+00,1.026647567749023438e+01,1.146263504028320312e+01,1.040406227111816406e+01,9.535974502563476562e+00,1.423802185058593750e+01,1.445749855041503906e+01,7.422675132751464844e+00,4.943112373352050781e+00,-3.794918656349182129e-01,9.251497983932495117e-01,1.459925532341003418e+00,5.287909984588623047e+00,7.622047424316406250e+00,1.000184249877929688e+01,7.134243011474609375e+00,7.413345336914062500e+00,-9.394697189331054688e+00,-1.454519939422607422e+01,-1.214201164245605469e+01,-1.141142845153808594e+01,-1.186999511718750000e+01,-1.478647613525390625e+01,-3.747289657592773438e+00,6.959952354431152344e+00,1.113656520843505859e+01,1.428932571411132812e+01,1.543058586120605469e+01,1.398899650573730469e+01,1.172735786437988281e+01,3.158818244934082031e+00,6.549636721611022949e-01,6.366822719573974609e-01,-7.175520896911621094e+00,6.716186523437500000e+00,1.994668960571289062e+01,1.951481246948242188e+01,1.313683509826660156e+01,1.269146156311035156e+01,9.730501174926757812e+00,1.011243581771850586e+00,-1.163064479827880859e+00,7.909692287445068359e+00,6.568738937377929688e+00,5.630394935607910156e+00,1.994993782043457031e+01,2.291203880310058594e+01,1.900831985473632812e+01,1.248186302185058594e+01,3.623836040496826172e+00,-1.262302994728088379e+00,-7.630554676055908203e+00,-1.207634544372558594e+01,-4.943341732025146484e+00,-4.541244983673095703e+00,-2.019183397293090820e+00,-2.834584414958953857e-01,1.782265424728393555e+00,1.592098236083984375e+01,9.819000244140625000e+00,2.078148841857910156e+00,5.362537503242492676e-01,7.319959163665771484e+00,1.178067398071289062e+01,1.149042892456054688e+01,9.210884094238281250e+00,6.415620803833007812e+00,1.155510616302490234e+01,1.166590213775634766e+01,5.350061416625976562e+00,-2.787146806716918945e+00,-9.847069740295410156e+00,-1.083651065826416016e+01,-1.204968833923339844e+01,-1.506990528106689453e+01,-1.512535476684570312e+01,-1.161647701263427734e+01,-6.274974346160888672e+00,-7.069497108459472656e+00,-6.130719184875488281e+00,-1.506958246231079102e+00,-1.502047181129455566e-01,2.702932834625244141e+00,8.141061782836914062e+00,5.562426090240478516e+00,5.480495452880859375e+00,7.707044124603271484e+00,9.629416465759277344e+00,1.308687305450439453e+01,1.523691749572753906e+01,1.500161552429199219e+01,1.289788150787353516e+01,1.528653526306152344e+01,1.661694335937500000e+01,1.343395900726318359e+01,1.441940879821777344e+01,1.213948249816894531e+01,7.669887542724609375e+00,8.192760467529296875e+00,9.832243919372558594e+00,9.524556159973144531e+00,8.309682846069335938e+00,1.156202316284179688e+01,9.674304962158203125e+00,1.102339553833007812e+01,9.544505119323730469e+00,9.380950927734375000e+00,1.959247970581054688e+01,2.362603569030761719e+01,2.852180862426757812e+01,2.175809478759765625e+01,4.796374320983886719e+00,-6.897883415222167969e+00,-3.219705200195312500e+01,-3.398842620849609375e+01,-9.535827636718750000e+00,1.164848566055297852e+00,-2.467276453971862793e-01,-8.346370697021484375e+00,-8.739999771118164062e+00,-5.787899494171142578e+00,-5.365026473999023438e+00,-7.885988712310791016e+00,-5.654022693634033203e+00,-1.153153896331787109e+00,-1.043058037757873535e+00,9.828224182128906250e+00,2.550361633300781250e+01,3.000699043273925781e+01,2.282267761230468750e+01,1.110433483123779297e+01,1.220211315155029297e+01,2.131045341491699219e+01,2.419781112670898438e+01,2.313660812377929688e+01,2.808490943908691406e+01,3.637958526611328125e+01,3.146842575073242188e+01,2.248894882202148438e+01,1.776780319213867188e+01,1.104594326019287109e+01,1.181633567810058594e+01,1.065863800048828125e+01,6.423394203186035156e+00,4.646761894226074219e+00,2.268804073333740234e+00,8.486248254776000977e-01,1.571552515029907227e+00,1.118456459045410156e+01,2.023570251464843750e+01,2.797817802429199219e+01,2.009124183654785156e+01,5.402225494384765625e+00,3.390799164772033691e-01,2.153587722778320312e+01,3.218420028686523438e+01,3.045793533325195312e+01,2.412111854553222656e+01,1.325077629089355469e+01,1.501854133605957031e+01,1.790903854370117188e+01,1.374884223937988281e+01,1.138777256011962891e+00,5.794190883636474609e+00,-1.588118672370910645e+00,-1.104245567321777344e+01,-8.735769271850585938e+00,-9.025117874145507812e+00,-2.950369834899902344e+00,-4.614204883575439453e+00,-6.343364715576171875e+00,-4.161938667297363281e+00,-3.428236961364746094e+00,-3.707241535186767578e+00,3.491922616958618164e+00,6.861965179443359375e+00,2.474657058715820312e+00,3.654347419738769531e+00,1.500503730773925781e+01,1.379879283905029297e+01,5.102710723876953125e+00,-1.010899353027343750e+01,-1.951556587219238281e+01,-1.402501487731933594e+01,-4.393961906433105469e+00,-2.467056274414062500e+00,-1.569333434104919434e+00,1.162572503089904785e-01,-1.239043951034545898e+00,-1.192614912986755371e+00,1.779753923416137695e+00,4.618389606475830078e+00,4.898287773132324219e+00,5.180501461029052734e+00,2.940613985061645508e+00,1.314215540885925293e+00,4.176553726196289062e+00,9.462910652160644531e+00,1.035686016082763672e+01,1.191299247741699219e+01,1.540494441986083984e+01,1.599279785156250000e+01,8.806444168090820312e+00,6.537137031555175781e+00,1.632586860656738281e+01,5.057478904724121094e+00,-3.030443763732910156e+01,-3.516932678222656250e+01,-3.279372406005859375e+01,-3.171665191650390625e+01,-2.410473251342773438e+01,-1.265916061401367188e+01,1.252082157135009766e+01,1.322735786437988281e+01,-4.050030112266540527e-01,3.793059825897216797e+00,1.086844062805175781e+01,1.626030158996582031e+01,1.009015846252441406e+01,1.481328487396240234e+00,2.840386390686035156e+00,5.623333454132080078e+00,8.939910888671875000e+00,5.627790451049804688e+00,-4.670000076293945312e+00,-6.336628913879394531e+00,-6.412947654724121094e+00,-8.347431182861328125e+00,-6.882402896881103516e+00,2.098266124725341797e+00,4.734698295593261719e+00,7.840475082397460938e+00,1.018103790283203125e+01,7.466228008270263672e+00,-3.824216127395629883e-02,-1.111150550842285156e+01,-1.931832122802734375e+01,-2.356682968139648438e+01,-1.202242851257324219e+01,-9.453641891479492188e+00,-7.001299858093261719e+00,-9.289045333862304688e+00,1.753328919410705566e+00,-3.074814677238464355e-01,-7.158535003662109375e+00,-6.790033817291259766e+00,-4.618032932281494141e+00,-5.379059910774230957e-01,-9.322894811630249023e-01,6.096751213073730469e+00,1.345774078369140625e+01,9.849044799804687500e+00,1.120807075500488281e+01,1.287876510620117188e+01,1.416307640075683594e+01,1.685088729858398438e+01,1.473565959930419922e+01,1.101926136016845703e+01,7.776877880096435547e+00,-1.173677802085876465e+00,2.541044354438781738e-01,6.154416501522064209e-02,2.413980722427368164e+00,3.204792499542236328e+00,1.652945518493652344e+00,6.091301918029785156e+00,5.892178535461425781e+00,4.122421741485595703e+00,5.220228195190429688e+00,7.509818077087402344e+00,6.460652351379394531e+00,-1.414312869310379028e-01,-2.263517618179321289e+00,5.283722400665283203e+00,2.192861938476562500e+01,2.813047409057617188e+01,2.076643753051757812e+01,8.682955741882324219e+00,1.652233302593231201e-01,7.150287628173828125e+00,7.941971778869628906e+00,1.555963897705078125e+01,1.845872306823730469e+01,1.354497528076171875e+01,2.101275444030761719e+00,2.578167915344238281e+00,1.072281265258789062e+01,1.494886016845703125e+01,4.203142166137695312e+00,-3.192894935607910156e+00,3.482045173645019531e+00,2.275866270065307617e+00,4.233802795410156250e+00,5.747252464294433594e+00,7.401592254638671875e+00,1.259602546691894531e+01,2.975271701812744141e+00,-1.568008232116699219e+01,-2.081894683837890625e+01,-1.369511795043945312e+01,-2.005703353881835938e+01,-2.296878433227539062e+01,-9.560436248779296875e+00,7.888864278793334961e-01,5.997385978698730469e+00,1.244294357299804688e+01,1.619631767272949219e+01,1.993747329711914062e+01,2.079837036132812500e+01,2.555688858032226562e+01,3.455050277709960938e+01,4.028517532348632812e+01,3.941266632080078125e+01,3.286087799072265625e+01,3.578356933593750000e+01,2.682662582397460938e+01,1.568060684204101562e+01,6.594323158264160156e+00,2.972514867782592773e+00,7.206480503082275391e-01,-3.859837293624877930e+00,-7.140479087829589844e+00,4.727640151977539062e+00,4.216307163238525391e+00,-8.715692758560180664e-01,-7.201106548309326172e+00,-9.946483612060546875e+00,-1.360045671463012695e+00,4.067604064941406250e+00,5.019685268402099609e+00,2.302791118621826172e+00,-8.094264984130859375e+00,-1.412194061279296875e+01,-1.057668495178222656e+01,-7.200065255165100098e-01,1.328358650207519531e+01,1.972688674926757812e+01,2.150695419311523438e+01,1.860616302490234375e+01,1.426002311706542969e+01,1.634863376617431641e+00,-9.284562110900878906e+00,-1.423796558380126953e+01,-1.151329231262207031e+01,-1.549597358703613281e+01,-1.870964050292968750e+01,-1.947608184814453125e+01,-1.582284736633300781e+01,-8.655021667480468750e+00,-8.191912651062011719e+00,-1.015086364746093750e+01,-8.044862747192382812e+00,-9.116050720214843750e+00,-1.245127868652343750e+01,-1.434403038024902344e+01,-1.196700191497802734e+01,-1.020249080657958984e+01,-1.248859643936157227e+00,1.108214664459228516e+01,2.345433616638183594e+01,2.384217834472656250e+01,1.952835464477539062e+01,1.078453254699707031e+01,-7.341176271438598633e-01,1.084763717651367188e+01,1.868424797058105469e+01,7.309921264648437500e+00,6.456051349639892578e+00,1.882900047302246094e+01,2.487448310852050781e+01,2.781048202514648438e+01,2.966552925109863281e+01,2.709543800354003906e+01,1.309276771545410156e+01,-4.606560707092285156e+00,-9.849617004394531250e+00,4.786620140075683594e+00,2.318827056884765625e+01,3.757103347778320312e+01,4.082153320312500000e+01,3.093592071533203125e+01,1.499645328521728516e+01,8.902919769287109375e+00,4.600495815277099609e+00,5.849419832229614258e-01,2.243029832839965820e+00,1.085868597030639648e+00,-3.129439651966094971e-01,5.593482017517089844e+00,8.665121078491210938e+00,6.040611267089843750e+00,-5.806813240051269531e+00,-7.660983085632324219e+00,5.561615943908691406e+00,9.965288162231445312e+00,8.009284019470214844e+00,1.059979057312011719e+01,1.101169395446777344e+01,7.944357872009277344e+00,7.171570777893066406e+00,8.032756805419921875e+00,1.092636108398437500e+01,1.453683376312255859e+01,7.659887790679931641e+00,9.050232887268066406e+00,8.521450042724609375e+00,1.180527496337890625e+01,1.523357009887695312e+01,2.690147018432617188e+01,3.362445831298828125e+01,2.881081390380859375e+01,2.735739517211914062e+01,2.234825325012207031e+01,1.839505004882812500e+01,1.258446121215820312e+01,2.314264535903930664e+00,-2.949237346649169922e+00,-9.411796927452087402e-01,-5.189318180084228516e+00,-1.047221374511718750e+01,-4.679975509643554688e+00,7.628395080566406250e+00,7.821655273437500000e+00,3.564339399337768555e+00,1.897895038127899170e-01,4.577339172363281250e+00,1.399012756347656250e+01,2.116345596313476562e+01,3.161115074157714844e+01,3.803086471557617188e+01,3.711713790893554688e+01,3.188570213317871094e+01,2.505016708374023438e+01,2.372774124145507812e+01,1.358751869201660156e+01,9.622333526611328125e+00,1.635441970825195312e+01,2.533665847778320312e+01,2.084113311767578125e+01,1.684314727783203125e+01,1.378847789764404297e+01,1.156041336059570312e+01,6.745997428894042969e+00,6.422776222229003906e+00,4.619921684265136719e+00,1.030807304382324219e+01,1.582682991027832031e+01,2.537960052490234375e+01,3.493253326416015625e+01,3.571657943725585938e+01,2.863995552062988281e+01,2.204908370971679688e+01,1.535342121124267578e+01,1.032192420959472656e+01,1.404879570007324219e+01,1.797325897216796875e+01,1.335391998291015625e+01,1.013513374328613281e+01,6.252878189086914062e+00,4.476091563701629639e-01,-2.849421977996826172e+00,-5.013516902923583984e+00,-1.814562797546386719e+00,1.298197555541992188e+01,2.604787445068359375e+01,2.519329833984375000e+01,1.097299385070800781e+01,3.145984411239624023e+00,1.031409358978271484e+01,2.435965347290039062e+01,2.706866455078125000e+01,2.547746658325195312e+01,2.274179077148437500e+01,2.418671607971191406e+01,2.194508361816406250e+01,1.650145339965820312e+01,6.643590450286865234e+00,-2.557013750076293945e+00,2.310777187347412109e+00,1.457699203491210938e+01,1.939455413818359375e+01,1.757569885253906250e+01,1.519575977325439453e+01,1.272389698028564453e+01,8.249477386474609375e+00,8.851313591003417969e+00,3.174710273742675781e-02,6.100733757019042969e+00,7.714643478393554688e+00,4.188512802124023438e+00,-6.528159141540527344e+00,-1.381578326225280762e+00,1.620699310302734375e+01,2.775682640075683594e+01,2.005669403076171875e+01,-2.091274261474609375e+00,-5.588969230651855469e+00,-2.752620697021484375e+00,-3.898902654647827148e+00,9.405960083007812500e+00,1.548629760742187500e+01,1.488676643371582031e+01,7.283897399902343750e+00,1.057526683807373047e+01,1.284965133666992188e+01,1.317000579833984375e+01,5.891260147094726562e+00,2.472626686096191406e+00,3.479110300540924072e-01,3.018990755081176758e-01,1.718112826347351074e+00,8.054288864135742188e+00,7.659333705902099609e+00,1.586197257041931152e+00,1.588688969612121582e+00,3.368523120880126953e+00,4.438854455947875977e-01,-7.205766439437866211e-01,2.686136484146118164e+00,2.793562412261962891e+00,1.544704437255859375e-01,1.431381106376647949e+00,-8.752554655075073242e-02,-7.706987857818603516e-02,3.587751865386962891e+00,-8.184532523155212402e-01,3.013971447944641113e-01,1.151355266571044922e+01,1.712438201904296875e+01,1.088538742065429688e+01,8.394643783569335938e+00,6.904819488525390625e+00,9.718581199645996094e+00,2.673935317993164062e+01,3.195597839355468750e+01,2.990420722961425781e+01,2.527234268188476562e+01,2.743495368957519531e+01,2.685004806518554688e+01,2.582069778442382812e+01,2.045822334289550781e+01,4.702957153320312500e+00,-3.756453514099121094e+00,-6.106599569320678711e-01,4.004282951354980469e+00,9.538640975952148438e+00,1.735013580322265625e+01,1.401076602935791016e+01,6.000990390777587891e+00,-1.991286873817443848e-01,6.915922164916992188e+00,1.694759607315063477e+00,4.553221702575683594e+00,8.836844444274902344e+00,5.318703174591064453e+00,-2.013677597045898438e+00,-1.229665565490722656e+01,-2.092117309570312500e+01,-2.687936782836914062e+01,-2.666977882385253906e+01,-1.601250839233398438e+01,3.018752813339233398e+00,1.549313068389892578e+01,2.254719924926757812e+01,1.893270111083984375e+01,1.519234275817871094e+01,1.625506210327148438e+01,1.409546470642089844e+01,-4.151029109954833984e+00,-2.992386341094970703e+00,-1.181318521499633789e+00,6.644766807556152344e+00,8.571635246276855469e+00,6.582081794738769531e+00,-7.306944370269775391e+00,-1.021116828918457031e+01,-7.436791896820068359e+00,-8.012891769409179688e+00,2.697302818298339844e+00,1.127616763114929199e+00,-8.582297325134277344e+00,-1.411067581176757812e+01,-1.093292808532714844e+01,-6.815096855163574219e+00,-6.902411937713623047e+00,6.708113193511962891e+00,1.401832771301269531e+01,1.740874481201171875e+01,1.890912628173828125e+01,1.990832901000976562e+01,2.347033691406250000e+01,2.457787513732910156e+01,2.692746353149414062e+01,2.542330932617187500e+01,1.960723114013671875e+01,1.296421337127685547e+01,7.565343856811523438e+00,1.483782768249511719e+00,3.614956736564636230e-01,1.136684417724609375e+00,4.873485088348388672e+00,-3.055219173431396484e+00,-1.563264656066894531e+01,-1.368247222900390625e+01,-3.417786836624145508e+00,4.910269737243652344e+00,4.778660774230957031e+00,1.406962156295776367e+00,-1.905570387840270996e+00,-4.772870540618896484e+00,-1.077835845947265625e+01,-8.278935432434082031e+00,-1.351015853881835938e+01,-9.731486320495605469e+00,-4.523710250854492188e+00,-3.516010046005249023e+00,-2.867225646972656250e+00,-2.163337707519531250e+00,1.387952566146850586e+00,1.276709198951721191e+00,-1.539257526397705078e+00,-3.636324405670166016e+00,-6.008485794067382812e+00,-1.004585933685302734e+01,-3.589655160903930664e+00,1.226024150848388672e+00,1.658682465553283691e+00,-1.107712745666503906e+00,1.939245581626892090e+00,6.629099845886230469e+00,8.461727142333984375e+00,8.875519752502441406e+00,5.943636417388916016e+00,7.141552448272705078e+00,1.620979607105255127e-01,1.310088932514190674e-01,5.091992378234863281e+00,5.666759490966796875e+00,4.880273818969726562e+00,5.966254711151123047e+00,1.301019763946533203e+01,1.282536697387695312e+01,1.710388374328613281e+01,2.116589355468750000e+01,1.885814285278320312e+01,1.525906372070312500e+01,1.327826023101806641e+01,-1.008806419372558594e+01,-1.868992996215820312e+01,-1.524403858184814453e+01,1.408586025238037109e+00,1.467944908142089844e+01,2.019399642944335938e+01,1.003370475769042969e+01,-9.268960356712341309e-01,-8.922773361206054688e+00,-1.091086959838867188e+01,-6.404720306396484375e+00,1.680604815483093262e+00,7.452861785888671875e+00,6.038317680358886719e+00,1.148026084899902344e+01,6.441020965576171875e+00,1.637569236755371094e+01,2.118976593017578125e+01,2.330725097656250000e+01,1.868955993652343750e+01,1.611754226684570312e+01,1.921160125732421875e+01,1.783349990844726562e+01,1.555203628540039062e+01,1.260696601867675781e+01,3.255052089691162109e+00,2.192245721817016602e+00,-7.931870222091674805e-02,-6.600230932235717773e-02,-2.331746578216552734e+00,6.674066543579101562e+00,1.408200836181640625e+01,1.169639778137207031e+01,1.541901469230651855e+00,-7.132004737854003906e+00,-7.711059570312500000e+00,-1.143205261230468750e+01,-7.669936180114746094e+00,1.391742038726806641e+01,2.101078033447265625e+01,1.194335174560546875e+01,1.204675579071044922e+01,1.956137084960937500e+01,2.203584671020507812e+01,2.863016700744628906e+01,2.800380325317382812e+01,2.024957275390625000e+01,1.505472469329833984e+01,1.355117797851562500e+01,1.096855354309082031e+01,4.558080196380615234e+00,3.272779464721679688e+00,3.714436054229736328e+00,2.700895547866821289e+00,2.279582023620605469e+00,5.711226463317871094e+00,5.863118171691894531e+00,1.448622703552246094e+01,2.561252784729003906e+01,1.223844337463378906e+01,-7.476874351501464844e+00,-8.421914100646972656e+00,-4.910969257354736328e+00,-3.282164096832275391e+00,-2.560282230377197266e+00,-8.022805452346801758e-01,-4.674813270568847656e+00,-8.579044342041015625e+00,-2.012880086898803711e+00,-2.821882963180541992e-01,-2.979520082473754883e+00,-9.986214637756347656e+00,-1.268550300598144531e+01,-6.689914226531982422e+00,-9.994506835937500000e+00,-1.669075012207031250e+01,-1.712826728820800781e+01,-1.351695251464843750e+01,-1.047877120971679688e+01,-1.419149971008300781e+01,-1.750530624389648438e+01,-1.757084465026855469e+01,-2.796196365356445312e+01,-1.216077899932861328e+01,1.126463508605957031e+01,1.543745613098144531e+01,7.197642326354980469e+00,-7.889862060546875000e+00,-1.192219734191894531e+01,-1.312581825256347656e+01,-1.104086303710937500e+01,-1.620601654052734375e+01,-1.204710769653320312e+01,-8.033424377441406250e+00,-3.566647529602050781e+00,-3.283192157745361328e+00,1.604255437850952148e-01,-1.221460700035095215e+00,-8.113497734069824219e+00,-8.435871124267578125e+00,7.807061195373535156e+00,2.510440826416015625e+01,2.568857192993164062e+01,1.769798278808593750e+01,4.950674057006835938e+00,7.074129581451416016e+00,4.088312149047851562e+00,3.842969238758087158e-01,-2.104979753494262695e+00,1.232578516006469727e+00,4.612145423889160156e+00,9.141311645507812500e+00,1.477874183654785156e+01,1.124051284790039062e+01,8.268695831298828125e+00,7.467611312866210938e+00,1.871910667419433594e+01,2.773583221435546875e+01,1.800382995605468750e+01,2.367119789123535156e+00,-5.865659713745117188e+00,-7.511750221252441406e+00,4.246376037597656250e+00,2.076064300537109375e+01,2.705702400207519531e+01,8.773761749267578125e+00,-1.028936195373535156e+01,-2.855328798294067383e+00,-6.157413959503173828e+00,-1.266895389556884766e+01,-2.985373258590698242e+00,1.145498657226562500e+01,1.325000190734863281e+01,1.276141548156738281e+01,1.551499938964843750e+01,2.657122802734375000e+01,3.106963729858398438e+01,3.005746078491210938e+01,3.104331207275390625e+01,2.405335998535156250e+01,1.938376235961914062e+01,1.611427307128906250e+01,2.040911293029785156e+01,2.445530700683593750e+01,1.692191314697265625e+01,1.401374244689941406e+01,1.231004810333251953e+01,6.708453178405761719e+00,2.408043861389160156e+00,1.633484363555908203e+00,4.249874114990234375e+00,4.601655006408691406e+00,3.292466402053833008e+00,1.594628810882568359e+00,5.759090423583984375e+00,6.435550689697265625e+00,6.774323940277099609e+00,1.009105491638183594e+01,7.902951240539550781e+00,8.955884933471679688e+00,7.733108997344970703e+00,7.566576004028320312e+00,4.715941429138183594e+00,-3.391905784606933594e+00,-6.112970113754272461e-01,2.191252708435058594e+00,-4.403598785400390625e+00,-1.695340728759765625e+01,-2.526123428344726562e+01,-2.263255310058593750e+01,-1.483115482330322266e+01,-1.420356178283691406e+01,-1.933900451660156250e+01,-2.413893127441406250e+01,-2.296060180664062500e+01,-2.068861007690429688e+01,-1.640006065368652344e+01,-1.102288818359375000e+01,1.412653923034667969e+00,9.898077249526977539e-01,-4.047315597534179688e+00,4.157804965972900391e+00,1.546107482910156250e+01,1.616622543334960938e+01,1.121086215972900391e+01,8.016554832458496094e+00,1.406570816040039062e+01,1.258437919616699219e+01,6.125901699066162109e+00,-5.530313491821289062e+00,-8.911003112792968750e+00,-6.954147815704345703e+00,-2.740844249725341797e+00,2.874633789062500000e+00,-9.609037637710571289e-01,7.056531906127929688e+00,8.366455078125000000e+00,6.515587806701660156e+00,1.758424186706542969e+01,2.076213455200195312e+01,5.896871685981750488e-01,1.084481430053710938e+01,2.041690063476562500e+01,1.650764274597167969e+01,1.287339210510253906e+01,1.369795417785644531e+01,1.245183658599853516e+01,1.196531867980957031e+01,1.075293827056884766e+01,1.960859298706054688e+01,2.303166580200195312e+01,1.542066383361816406e+01,1.196101474761962891e+01,1.401879787445068359e+01,2.074563598632812500e+01,2.269112586975097656e+01,2.906980514526367188e+01,3.075970077514648438e+01,3.110403060913085938e+01,2.493875122070312500e+01,2.205126953125000000e+01,2.003103256225585938e+01,1.821912765502929688e+01,1.150448608398437500e+01,8.823803901672363281e+00,9.271959304809570312e+00,-3.862236022949218750e+00,-2.279667854309082031e+00,1.854701876640319824e+00,9.518648147583007812e+00,7.481527805328369141e+00,1.227548122406005859e-01,-1.964727640151977539e+00,-1.595870375633239746e+00,-7.742857933044433594e+00,-3.816632747650146484e+00,9.475744247436523438e+00,1.236482048034667969e+01,1.612839698791503906e+01,1.680549621582031250e+01,1.335451698303222656e+01,1.069788169860839844e+01,5.646427154541015625e+00,-5.508425235748291016e+00,-6.282467842102050781e+00,-3.425871849060058594e+00,-5.193012714385986328e+00,-1.747221827507019043e+00,8.911539077758789062e+00,1.127990436553955078e+01,1.296420383453369141e+01,1.102907371520996094e+01,1.079781723022460938e+01,1.393526554107666016e+01,1.942088890075683594e+01,2.160987091064453125e+01,1.332478523254394531e+01,2.973709583282470703e+00,-7.394577503204345703e+00,-1.889312362670898438e+01,-2.318287849426269531e+01,-1.649420928955078125e+01,-1.094983291625976562e+01,-6.169564247131347656e+00,-8.563484191894531250e+00,4.285198211669921875e+00,1.140390682220458984e+01,1.330241394042968750e+01,1.782606506347656250e+01,1.980086517333984375e+01,2.047945785522460938e+01,1.038928318023681641e+01,8.520211219787597656e+00,5.950467109680175781e+00,1.951987743377685547e+00,-6.203774452209472656e+00,-4.681577205657958984e+00,-3.497893810272216797e+00,5.088111877441406250e+00,9.013612747192382812e+00,2.168725967407226562e+00,-7.902578353881835938e+00,-1.013292884826660156e+01,-1.813820266723632812e+01,-2.184194564819335938e+01,-2.251015853881835938e+01,-1.508726406097412109e+01,-1.287922096252441406e+01,-6.962462902069091797e+00,-2.831950187683105469e+00,1.608965873718261719e+00,5.334254741668701172e+00,1.470902061462402344e+01,2.075711441040039062e+01,2.639109420776367188e+01,2.682484817504882812e+01,1.870158004760742188e+01,1.472902107238769531e+01,1.362811851501464844e+01,1.226304435729980469e+01,1.674328994750976562e+01,1.464834403991699219e+01,1.015839481353759766e+01,1.143076896667480469e+01,1.420788383483886719e+01,9.370105743408203125e+00,1.089865493774414062e+01,1.509911155700683594e+01,5.853063106536865234e+00,2.686774730682373047e+00,-4.215203762054443359e+00,-2.253220319747924805e+00,-6.848975419998168945e-01,-2.392986774444580078e+00,-1.512382268905639648e+00,1.103371858596801758e+00,-2.134529829025268555e+00,-7.182184219360351562e+00,-1.682535171508789062e+01,-1.635231399536132812e+01,-3.239370822906494141e+00,5.612148284912109375e+00,4.053411483764648438e+00,-3.069265365600585938e+00,-1.393641376495361328e+01,-1.555286407470703125e+01,-2.485429382324218750e+01,-2.978574752807617188e+01,-2.220701980590820312e+01,-2.335525131225585938e+01,-2.385718154907226562e+01,-2.393065452575683594e+01,-2.493680572509765625e+01,-1.829090309143066406e+01,-1.084330177307128906e+01,-6.537882804870605469e+00,-5.049474716186523438e+00,-5.007873058319091797e+00,-6.571773052215576172e+00,-9.203201293945312500e+00,-8.300492286682128906e+00,-2.388991117477416992e-01,-1.869148015975952148e+00,-1.711131691932678223e+00,3.019468784332275391e+00,5.102062225341796875e+00,-1.763036727905273438e+00,-5.599417209625244141e+00,-2.379849910736083984e+00,-1.673395745456218719e-02,-2.779294252395629883e-01,-3.283880949020385742e-01,3.792534351348876953e+00,9.131428718566894531e+00,4.831772327423095703e+00,1.109288406372070312e+01,1.065584278106689453e+01,3.884077072143554688e+00,-2.591240704059600830e-01,-3.172387361526489258e+00,3.552786350250244141e+00,7.470696926116943359e+00,1.026664352416992188e+01,4.318195819854736328e+00,-8.381160736083984375e+00,-1.419609928131103516e+01,-9.727706909179687500e+00,-1.912965774536132812e+01,-1.480895996093750000e+01,-1.116208457946777344e+01,-1.247771453857421875e+01,-1.278252601623535156e+01,-1.495484352111816406e+01,-2.071523857116699219e+01,-1.896084213256835938e+01,-1.668493652343750000e+01,-1.307372093200683594e+01,-1.133690261840820312e+01,-4.489853382110595703e+00,-2.290327310562133789e+00,-4.776754379272460938e+00,-8.162242889404296875e+00,-6.870779514312744141e+00,-2.059381008148193359e+00,-1.026643085479736328e+01,-1.500740814208984375e+01,-1.453570175170898438e+01,-1.072933864593505859e+01,-2.524636745452880859e+00,5.940235614776611328e+00,8.010893821716308594e+00,1.235736560821533203e+01,1.074428939819335938e+01,1.378905868530273438e+01,1.095544433593750000e+01,1.341844177246093750e+01,5.043676376342773438e+00,-1.523932695388793945e+00,-4.532187461853027344e+00,-1.013749408721923828e+01,-7.717094421386718750e+00,-3.641604661941528320e+00,-1.354110240936279297e+00,-2.593523025512695312e+00,-4.639806270599365234e+00,-1.206585502624511719e+01,-1.743391609191894531e+01,-1.080821704864501953e+01,-5.865500450134277344e+00,-6.015989303588867188e+00,-5.135806083679199219e+00,-7.256835460662841797e+00,-9.437602043151855469e+00,-9.390727996826171875e+00,6.559146642684936523e-01,7.237983226776123047e+00,5.571263313293457031e+00,2.190850257873535156e+00,-6.194288730621337891e-01,-7.486996650695800781e-01,-1.867509126663208008e+00,-2.400513648986816406e+00,-5.180749297142028809e-01,-1.707342028617858887e+00,-1.183380126953125000e+01,-1.127546215057373047e+01,-9.316252708435058594e+00,-1.277903747558593750e+01,-9.131841659545898438e+00,5.313684344291687012e-01,-3.732492923736572266e+00,-5.207292556762695312e+00,-7.123462677001953125e+00,-6.574087142944335938e+00,-3.639218807220458984e+00,3.180146962404251099e-02,4.031710624694824219e+00,-3.829472064971923828e+00,-5.605465888977050781e+00,-5.072942733764648438e+00,-5.156527519226074219e+00,-3.009925842285156250e+00,-1.154442429542541504e+00,-6.494204521179199219e+00,5.669217586517333984e+00,6.549830436706542969e+00,8.998718261718750000e+00,9.288995742797851562e+00,-2.815130949020385742e+00,-4.306723594665527344e+00,-1.072937488555908203e+00,5.678277969360351562e+00,1.227734565734863281e+01,9.767951011657714844e+00,4.993918418884277344e+00,4.076606750488281250e+00,-9.635153412818908691e-01,-3.554764747619628906e+00,-2.104339981079101562e+01,-2.912678909301757812e+01,-3.271949005126953125e+01,-3.164821243286132812e+01,-3.461957168579101562e+01,-3.306062316894531250e+01,-2.560350418090820312e+01,-1.910949897766113281e+01,-1.404985523223876953e+01,-1.668398284912109375e+01,-1.523497009277343750e+01,-1.639103317260742188e+01,-1.421738243103027344e+01,-2.964099168777465820e+00,7.176423072814941406e+00,1.114510917663574219e+01,7.509748458862304688e+00,1.838315129280090332e-01,-9.115599989891052246e-01,-7.093938827514648438e+00,-7.035119533538818359e+00,4.212001562118530273e-01,7.308835029602050781e+00,9.178201675415039062e+00,1.033356094360351562e+01,7.136950492858886719e+00,-7.038121223449707031e+00,-9.542488098144531250e+00,-1.056462478637695312e+01,-1.150029563903808594e+01,-4.973233222961425781e+00,-2.418956905603408813e-02,2.981744766235351562e+00,6.333956718444824219e+00,6.255297660827636719e+00,1.591742277145385742e+00,7.081077694892883301e-01,7.865930080413818359e+00,2.161707282066345215e-01,-2.157440567016601562e+01,-2.524123382568359375e+01,-1.844506835937500000e+01,-1.267744064331054688e+01,-1.458849143981933594e+01,-1.615805244445800781e+01,-1.870529556274414062e+01,-1.137109375000000000e+01,-3.019040584564208984e+00,1.394722461700439453e+00,-3.279722690582275391e+00,-1.688217759132385254e+00,-6.180188655853271484e-01,2.675367593765258789e+00,2.196035385131835938e+00,4.181168079376220703e-01,-9.766075134277343750e+00,-8.422555923461914062e+00,-8.093498945236206055e-01,9.216246604919433594e-01,-3.020017862319946289e+00,-4.495967864990234375e+00,-5.267267227172851562e+00,-5.892874717712402344e+00,-1.278552627563476562e+01,-1.465097427368164062e+01,-1.005385589599609375e+01,-1.356446456909179688e+01,-1.376036357879638672e+01,-5.315677642822265625e+00,1.643981170654296875e+01,2.146628189086914062e+01,1.318873214721679688e+01,1.009306526184082031e+01,9.600896835327148438e+00,1.039467048645019531e+01,8.917493820190429688e+00,1.521569728851318359e+00,-7.591674327850341797e+00,-9.097505569458007812e+00,1.699122190475463867e-01,1.578442454338073730e+00,3.490131378173828125e+00,1.439714789390563965e+00,1.923918724060058594e+00,-4.639861583709716797e+00,-2.342549514770507812e+01,-2.308584976196289062e+01,-7.182265281677246094e+00,7.723773002624511719e+00,1.875959777832031250e+01,2.841761398315429688e+01,2.468811035156250000e+01,9.174636840820312500e+00,-2.479334354400634766e+00,-5.396209716796875000e+00,-8.800724983215332031e+00,-3.581946372985839844e+00,1.462763309478759766e+00,5.760731697082519531e+00,1.069477844238281250e+01,1.738371849060058594e+01,1.005035209655761719e+01,4.944434165954589844e-01,-1.111779928207397461e+00,4.646473884582519531e+00,1.606624245643615723e+00,1.066864252090454102e+00,7.480500221252441406e+00,8.022184371948242188e+00,4.603672981262207031e+00,-4.281976699829101562e+00,-4.956794083118438721e-01,1.060944199562072754e+00,-2.299187898635864258e+00,-5.264719486236572266e+00,-1.062282657623291016e+01,-4.074046611785888672e+00,-6.294053792953491211e-01,-5.183958053588867188e+00,-8.462772965431213379e-01,3.013748168945312500e+00,9.350045204162597656e+00,1.131734848022460938e+01,8.607963562011718750e+00,4.965140342712402344e+00,2.847274303436279297e+00,2.701323747634887695e+00,9.293090820312500000e+00,6.775753021240234375e+00,6.462705135345458984e+00,8.353406906127929688e+00,1.060922050476074219e+01,7.238842487335205078e+00,2.895751714706420898e+00,4.299178719520568848e-01,-3.842562675476074219e+00,-6.519003868103027344e+00,-3.434595346450805664e+00,-4.487975120544433594e+00,-3.637630224227905273e+00,-5.003827095031738281e+00,-6.436783790588378906e+00,-1.335976123809814453e+00,2.879765033721923828e+00,7.085858345031738281e+00,5.695955753326416016e+00,5.163538932800292969e+00,1.433606338500976562e+01,1.278993606567382812e+01,1.499745559692382812e+01,1.835127639770507812e+01,1.457978343963623047e+01,1.234702110290527344e+01,1.210001564025878906e+01,7.273205757141113281e+00,1.213187217712402344e+01,1.175090408325195312e+01,4.963875770568847656e+00,4.305616319179534912e-01,3.608258068561553955e-02,3.707767009735107422e+00,-1.030582046508789062e+01,-1.297961807250976562e+01,-8.430777549743652344e+00,-1.283178138732910156e+01,-2.029085922241210938e+01,-2.290504837036132812e+01,-1.526948451995849609e+01,-1.124884414672851562e+01,-8.670592308044433594e+00,5.959702134132385254e-01,-9.996294975280761719e-01,-5.363122940063476562e+00,-9.864582061767578125e+00,-1.279421997070312500e+01,-1.177051544189453125e+01,-8.493899345397949219e+00,-4.671752452850341797e+00,-2.805672645568847656e+00,5.086970806121826172e+00,6.414895057678222656e-01,-4.936978340148925781e+00,-5.844738006591796875e+00,-3.734487056732177734e+00,-4.530412197113037109e+00,-3.707900047302246094e+00,-6.122031211853027344e+00,-1.733060455322265625e+01,-1.126727104187011719e+01,-4.625436782836914062e+00,4.172769546508789062e+00,8.425469398498535156e+00,3.038198947906494141e+00,-6.682682037353515625e+00,-1.031399726867675781e+01,-1.487263774871826172e+01,-9.685762405395507812e+00,-5.148132324218750000e+00,-2.406603813171386719e+00,1.172933936119079590e+00,1.153736114501953125e+00,5.177584648132324219e+00,1.228909492492675781e+01,1.072590827941894531e+01,8.891557693481445312e+00,6.562005043029785156e+00,5.778259754180908203e+00,8.280224800109863281e+00,1.404652118682861328e+01,1.027905178070068359e+01,8.284184455871582031e+00,4.433168411254882812e+00,-5.231967926025390625e+00,-1.802086830139160156e+01,-1.789801025390625000e+01,-1.044762229919433594e+01,5.298982143402099609e+00,6.793775081634521484e+00,-8.801149368286132812e+00,-1.930626678466796875e+01,-1.703854179382324219e+01,-1.341415214538574219e+01,9.293861389160156250e+00,2.083138656616210938e+01,2.339618682861328125e+01,2.776166534423828125e+01,2.935791397094726562e+01,2.243936157226562500e+01,1.578918647766113281e+01,5.997718334197998047e+00,1.010569334030151367e+00,5.234858036041259766e+00,7.002274990081787109e+00,1.341664886474609375e+01,1.957018971443176270e-01,2.222734212875366211e+00,9.752737045288085938e+00,1.934815216064453125e+01,8.639949798583984375e+00,1.908053636550903320e+00,-2.589598655700683594e+00,-4.926366806030273438e+00,7.720730781555175781e+00,6.078345775604248047e+00,1.261877822875976562e+01,1.721012306213378906e+01,2.388466453552246094e+01,3.006829071044921875e+01,3.082628250122070312e+01,2.439912033081054688e+01,1.722653579711914062e+01,1.578736686706542969e+01,2.014643096923828125e+01,2.181239700317382812e+01,1.468055534362792969e+01,1.087082195281982422e+01,8.042870521545410156e+00,5.375627994537353516e+00,5.726536750793457031e+00,2.773518800735473633e+00,4.275794029235839844e-01,-3.729832649230957031e+00,1.323155760765075684e+00,2.685732126235961914e+00,4.403907775878906250e+00,-5.644254088401794434e-01,-4.495187282562255859e+00,-7.700917243957519531e+00,-9.182537078857421875e+00,-1.124575901031494141e+01,-8.196858406066894531e+00,-6.049181461334228516e+00,-7.969155311584472656e+00,-1.002958774566650391e+01,-3.278962850570678711e+00,2.509068489074707031e+00,7.006560564041137695e-01,5.249227523803710938e+00,-2.078752756118774414e+00,-2.640459537506103516e+00,4.961615562438964844e+00,1.058706665039062500e+01,1.340343284606933594e+01,3.815132141113281250e+00,8.537465333938598633e-02,-6.878642082214355469e+00,-3.752799510955810547e+00,1.482730805873870850e-01,-2.257853507995605469e+00,-1.144862937927246094e+01,-1.935778427124023438e+01,-2.294958877563476562e+01,-2.241851043701171875e+01,-1.507146930694580078e+01,-2.036951065063476562e+01,-2.822923660278320312e+01,-2.820850372314453125e+01,-2.581656265258789062e+01,-2.163650894165039062e+01,-1.645539474487304688e+01,-2.510342979431152344e+01,-2.333153152465820312e+01,-2.322838592529296875e+01,-2.462054061889648438e+01,-2.335058593750000000e+01,-1.783275222778320312e+01,-1.081667137145996094e+01,-6.996795654296875000e+00,-6.643625259399414062e+00,-1.275562477111816406e+01,-8.204042434692382812e+00,-1.118505096435546875e+01,-1.393662834167480469e+01,-9.271219253540039062e+00,-9.844074249267578125e+00,-5.642282485961914062e+00,7.603971958160400391e+00,1.001832485198974609e+00,6.220613956451416016e+00,5.094801902770996094e+00,6.269917964935302734e+00,5.299082756042480469e+00,2.820171356201171875e+00,3.401152133941650391e+00,2.950323343276977539e+00,4.707224845886230469e+00,9.165666580200195312e+00,1.088359069824218750e+01,3.318015575408935547e+00,-8.279704093933105469e+00,-5.097536087036132812e+00,9.727924346923828125e+00,1.971400642395019531e+01,2.064565658569335938e+01,2.031937789916992188e+01,1.535514831542968750e+01,8.402437210083007812e+00,7.487440109252929688e+00,9.030894279479980469e+00,1.165229701995849609e+01,1.168172240257263184e+00,-6.830475807189941406e+00,-7.461085796356201172e+00,-6.522531986236572266e+00,-1.001251220703125000e+00,-2.413770675659179688e+00,-8.057133674621582031e+00,-8.679636001586914062e+00,-2.079674148559570312e+01,-2.472116088867187500e+01,-1.909207916259765625e+01,-1.627181625366210938e+01,-1.228223991394042969e+01,-8.238863945007324219e+00,-9.392875671386718750e+00,-2.774785614013671875e+01,-2.066513061523437500e+01,-1.295881271362304688e+01,-5.340717792510986328e+00,-1.001426124572753906e+01,-1.149255657196044922e+01,-7.981189727783203125e+00,-6.504873275756835938e+00,-8.625148773193359375e+00,-5.046046257019042969e+00,-2.421280622482299805e+00,-5.302513599395751953e+00,-4.686492919921875000e+00,-7.258106231689453125e+00,-5.814397811889648438e+00,-3.551135540008544922e+00,-1.853373718261718750e+01,-2.613408660888671875e+01,-2.374990653991699219e+01,-1.883183670043945312e+01,2.925071239471435547e+00,1.872065734863281250e+01,2.752854156494140625e+01,3.357437896728515625e+01,3.808061218261718750e+01,3.397417831420898438e+01,2.591547966003417969e+01,1.242331695556640625e+01,7.701671600341796875e+00,9.314859390258789062e+00,7.244249343872070312e+00,1.879029989242553711e+00,-4.898417949676513672e+00,-5.459547519683837891e+00,2.168686628341674805e+00,1.242425322532653809e+00,2.647488832473754883e+00,8.378907203674316406e+00,8.913126945495605469e+00,1.460862636566162109e+00,-6.871546745300292969e+00,-1.304040241241455078e+01,5.319602489471435547e+00,2.554355621337890625e+01,2.989734268188476562e+01,3.080788421630859375e+01,2.488763046264648438e+01,1.746962738037109375e+01,7.574181556701660156e+00,8.711135864257812500e+00,1.443801689147949219e+01,2.086335754394531250e+01,3.068712234497070312e+01,3.093990516662597656e+01,3.583473587036132812e+01,4.001656341552734375e+01,3.500499725341796875e+01,2.205900955200195312e+01,1.525498962402343750e+01,2.626693534851074219e+01,1.363277626037597656e+01,-4.625299453735351562e+00,-9.882678985595703125e+00,-6.299580335617065430e-01,4.233377933502197266e+00,-1.212732553482055664e+00,-8.994739532470703125e+00,-5.752183914184570312e+00,-1.567434668540954590e+00,1.457208693027496338e-01,-6.099007606506347656e+00,-1.524162769317626953e+01,-1.523343086242675781e+01,-9.224113464355468750e+00,-1.457064056396484375e+01,-1.997309112548828125e+01,-2.152922821044921875e+01,-1.828429031372070312e+01,-1.614458656311035156e+01,-1.965089416503906250e+01,-1.862497329711914062e+01,-1.885103797912597656e+01,-1.656957244873046875e+01,-1.789877319335937500e+01,-1.570214462280273438e+01,-1.322633361816406250e+01,-8.375253677368164062e+00,-4.375675678253173828e+00,4.995357990264892578e-01,-1.238451004028320312e-01,-1.053693532943725586e+00,-4.905648231506347656e+00,-8.243360519409179688e+00,-5.541696071624755859e+00,-4.611186981201171875e+00,-5.441779494285583496e-01,-1.018685340881347656e+00,-2.516894102096557617e+00,-6.217350482940673828e+00,-6.125597476959228516e+00,-2.486765831708908081e-01,4.067966461181640625e+00,3.857092380523681641e+00,1.326282978057861328e+00,4.774907112121582031e+00,9.751247406005859375e+00,9.205402374267578125e+00,1.486826324462890625e+01,1.291686725616455078e+01,4.957750320434570312e+00,-7.926826477050781250e+00,-2.331668853759765625e+01,-1.795217323303222656e+01,-1.673892974853515625e+01,-3.113296318054199219e+01,-2.218243980407714844e+01,-1.465964031219482422e+01,-1.028718280792236328e+01,-1.073785972595214844e+01,-2.693233013153076172e+00,9.489474296569824219e+00,1.456365966796875000e+01,1.903573036193847656e+01,2.193893623352050781e+01,2.108129882812500000e+01,1.558461570739746094e+01,1.512308120727539062e+01,1.475924205780029297e+01,1.631580734252929688e+01,1.554543304443359375e+01,1.525448799133300781e+01,1.536238098144531250e+01,8.406156539916992188e+00,-9.424047470092773438e-01,-9.316492080688476562e+00,-1.486878776550292969e+01,-2.024377250671386719e+01,-1.896529388427734375e+01,-3.753131628036499023e+00,-3.277877569198608398e+00,-2.252349853515625000e+00,1.912724971771240234e-02,1.550937175750732422e+00,1.201590633392333984e+01,1.785907936096191406e+01,1.747714233398437500e+01,1.599941635131835938e+01,1.566320419311523438e+01,1.232718944549560547e+01,7.730237007141113281e+00,-1.200532436370849609e+01,-8.970299720764160156e+00,-5.686311721801757812e+00,-6.662886738777160645e-01,-4.682762145996093750e+00,-5.628127098083496094e+00,-2.101688385009765625e+00,3.208892345428466797e+00,1.461598014831542969e+01,2.522988128662109375e+01,1.824226760864257812e+01,4.634105682373046875e+00,-3.161851406097412109e+00,-3.857458114624023438e+00,-2.999963760375976562e+00,-3.900363445281982422e-01,6.609373092651367188e-01,-2.995289564132690430e+00,-1.148079204559326172e+01,-2.053578186035156250e+01,-2.603311538696289062e+01,-2.696697998046875000e+01,-2.272543334960937500e+01,-2.234642028808593750e+01,-2.489820861816406250e+01,-2.326560401916503906e+01,-2.061096000671386719e+01,-1.750769042968750000e+01,-1.667900466918945312e+01,-9.237385749816894531e+00,1.038422942161560059e+00,3.091841936111450195e-01,-4.136764526367187500e+00,-6.391909599304199219e+00,-1.281842613220214844e+01,-1.135652160644531250e+01,-2.450757026672363281e+00,1.177384471893310547e+01,1.875742721557617188e+01,1.460537815093994141e+01,8.735853195190429688e+00,1.148329544067382812e+01,9.779014587402343750e+00,-9.054321050643920898e-01,-1.260106945037841797e+01,-1.643349075317382812e+01,-2.319157409667968750e+01,-2.329629516601562500e+01,-1.571207618713378906e+01,-1.032144927978515625e+01,-1.285737514495849609e+01,-1.473581981658935547e+01,-1.318051528930664062e+01,-5.463070869445800781e+00,1.139265894889831543e+00,3.913514852523803711e+00,-3.160652637481689453e+00,-1.246242237091064453e+01,-2.847541809082031250e+00,-5.144091606140136719e+00,-8.286535263061523438e+00,-2.791444778442382812e+00,-1.955742835998535156e+00,-3.004375100135803223e-01,-7.998479604721069336e-01,1.259338665008544922e+01,2.313891029357910156e+01,2.463168716430664062e+01,1.525255775451660156e+01,1.507647752761840820e+00,-6.804560661315917969e+00,-1.456951713562011719e+01,-1.161190700531005859e+01,-1.352927017211914062e+01,-2.318956375122070312e+01,-2.086099052429199219e+01,-9.965283393859863281e+00,2.135920286178588867e+00,1.076520538330078125e+01,2.187940979003906250e+01,1.487683105468750000e+01,1.608347702026367188e+01,2.435523986816406250e+01,2.628620910644531250e+01,2.719171524047851562e+01,2.210463333129882812e+01,1.577164840698242188e+01,6.907362937927246094e+00,4.673163414001464844e+00,3.226705074310302734e+00,-4.621474266052246094e+00,-6.763686180114746094e+00,-1.494502258300781250e+01,-1.708401679992675781e+00,-5.107917785644531250e+00,-8.167081832885742188e+00,-3.789430856704711914e-01,3.191970348358154297e+00,1.591678810119628906e+01,2.633740234375000000e+01,2.398694610595703125e+01,2.347846031188964844e+01,2.204648208618164062e+01,2.363652420043945312e+01,2.512322235107421875e+01,2.057572364807128906e+01,1.405186414718627930e+00,5.452684402465820312e+00,5.330114364624023438e+00,4.699444293975830078e+00,9.549205780029296875e+00,2.010206699371337891e+00,8.516572952270507812e+00,1.049141883850097656e+01,2.451277494430541992e+00,-6.299979209899902344e+00,-1.151845932006835938e+01,-1.440534019470214844e+01,-8.687822341918945312e+00,-1.905662918090820312e+01,-1.700409507751464844e+01,-4.231423377990722656e+00,3.858315944671630859e+00,1.161326980590820312e+01,6.654778480529785156e+00,4.137723445892333984e+00,2.362862110137939453e+00,4.213045120239257812e+00,6.200147628784179688e+00,7.104095458984375000e+00,1.253476142883300781e+01,2.244554328918457031e+01,2.440803909301757812e+01,1.560026264190673828e+01,1.857339978218078613e+00,-8.256414413452148438e+00,-7.413636207580566406e+00,6.688271522521972656e+00,6.036828994750976562e+00,1.381787300109863281e+01,2.313862991333007812e+01,2.389575958251953125e+01,2.149475479125976562e+01,2.016119003295898438e+01,2.168262481689453125e+01,2.001498413085937500e+01,2.130990791320800781e+01,2.405152893066406250e+01,2.466428375244140625e+01,2.033844375610351562e+01,8.257295608520507812e+00,2.652819871902465820e+00,-5.447516918182373047e+00,-9.129444122314453125e+00,-1.414551019668579102e+00,1.062898826599121094e+01,1.383850669860839844e+01,1.272630882263183594e+01,-4.946949005126953125e+00,-1.200507354736328125e+01,-1.115644931793212891e+00,4.667150974273681641e+00,9.222044944763183594e+00,1.102414226531982422e+01,1.042018127441406250e+01,3.433046340942382812e-01,-4.238507270812988281e+00,-5.949393272399902344e+00,-7.279872417449951172e+00,-6.809412002563476562e+00,-5.428769111633300781e+00,-4.971544265747070312e+00,-5.760242462158203125e+00,-1.012979698181152344e+01,-2.105417251586914062e+00,7.063827514648437500e+00,1.033806991577148438e+01,1.242539787292480469e+01,1.460240173339843750e+01,-3.045804500579833984e+00,1.141241550445556641e+00,2.357314586639404297e+00,-9.357355117797851562e+00,-1.470020103454589844e+01,3.007294654846191406e+00,2.746087551116943359e+00,-6.379772186279296875e+00,-1.322776794433593750e+00,1.039901614189147949e+00,1.389098358154296875e+01,2.528062438964843750e+01,2.578978729248046875e+01,2.083938598632812500e+01,2.304335403442382812e+01,1.932198715209960938e+01,1.583672809600830078e+01,2.443147182464599609e+00,-1.411817169189453125e+01,-1.435368728637695312e+01,-1.244754028320312500e+01,-7.752552032470703125e+00,1.088583707809448242e+00,9.411680698394775391e-02,-3.849205493927001953e+00,-5.540931701660156250e+00,-8.197218894958496094e+00,-5.956023693084716797e+00,-1.408879661560058594e+01,-1.255740547180175781e+01,-1.751120686531066895e-01,8.957813262939453125e+00,6.094977378845214844e+00,-1.186019778251647949e-01,-6.894919395446777344e+00,-1.966484832763671875e+01,-1.689644050598144531e+01,-8.425153732299804688e+00,-2.097380399703979492e+00,-2.801390886306762695e+00,3.508441925048828125e+00,7.229494094848632812e+00,2.242389321327209473e-01,-4.910517692565917969e+00,9.037560224533081055e-02,2.940597534179687500e+00,1.194761562347412109e+01,6.785030364990234375e+00,-3.173850774765014648e+00,5.754953384399414062e+00,1.751320075988769531e+01,2.122844314575195312e+01,2.514033889770507812e+01,2.618397521972656250e+01,2.899461364746093750e+01,3.139463615417480469e+01,2.182214355468750000e+01,2.033409118652343750e+01,2.032928085327148438e+01,2.273129653930664062e+01,7.117583274841308594e+00,-4.289512634277343750e+00,-5.028896331787109375e+00,-6.904903411865234375e+00,-1.082299709320068359e+01,-1.252324867248535156e+01,-1.668184280395507812e+01,-1.081003856658935547e+01,-8.600666046142578125e+00,1.960566329956054688e+01,3.199379348754882812e+01,3.438069152832031250e+01,2.747917175292968750e+01,1.914983558654785156e+01,8.503615379333496094e+00,2.244118118286132812e+01,2.339904975891113281e+01,1.549945354461669922e+01,5.080426692962646484e+00,-1.008026480674743652e+00,-3.542438983917236328e+00,-2.382831573486328125e+00,-6.704370498657226562e+00,-1.189554977416992188e+01,-1.495734596252441406e+01,-1.568903350830078125e+01,-1.692642593383789062e+01,-2.426586723327636719e+01,-2.082487487792968750e+01,-2.258591842651367188e+01,-2.051994705200195312e+01,-1.337947463989257812e+01,-1.450648880004882812e+01,-1.990207862854003906e+01,-2.551652145385742188e+01,-1.267298126220703125e+01,-6.546059608459472656e+00,-8.631891250610351562e+00,-9.138473510742187500e+00,-7.769921302795410156e+00,-2.051459884643554688e+01,-2.759460067749023438e+01,-2.844110298156738281e+01,-1.686789512634277344e+01,-8.128348350524902344e+00,-2.490095376968383789e+00,-1.753636598587036133e+00,-2.650522232055664062e+00,-2.113039493560791016e+00,-2.583004951477050781e+00,-4.048637390136718750e+00,-6.341302394866943359e+00,-7.538056373596191406e+00,-6.906678199768066406e+00,-1.314772605895996094e+01,-1.026405334472656250e+01,-5.415068626403808594e+00,-1.867660522460937500e+01,-1.897762680053710938e+01,-1.541762161254882812e+01,-1.248330879211425781e+01,-1.502543544769287109e+01,-2.034576988220214844e+01,-2.365351104736328125e+01,-2.213318252563476562e+01,-1.735743713378906250e+01,-1.436251831054687500e+01,-1.076399898529052734e+01,-2.560351610183715820e+00,-2.566476821899414062e+00,-4.986378550529479980e-02,-1.421159267425537109e+00,2.221024990081787109e+00,4.579377651214599609e+00,-4.066452980041503906e+00,-1.919672369956970215e+00,-3.632085084915161133e+00,-7.502522468566894531e+00,-1.028249549865722656e+01,-1.560328769683837891e+01,-2.249432945251464844e+01,-2.312999916076660156e+01,-1.881470870971679688e+01,-1.414307975769042969e+01,-1.808042907714843750e+01,-2.288466453552246094e+01,-2.295725822448730469e+01,-9.214608192443847656e+00,-6.306194305419921875e+00,-7.202008247375488281e+00,-1.502606201171875000e+01,-4.230606555938720703e+00,1.113114547729492188e+01,2.056726455688476562e+01,1.275022697448730469e+01,1.156960391998291016e+01,2.231871795654296875e+01,3.347436904907226562e+01,3.445667648315429688e+01,2.969876480102539062e+01,1.894570159912109375e+01,6.078296184539794922e+00,-2.047186136245727539e+00,-9.856621742248535156e+00,-1.224413299560546875e+01,-9.880945205688476562e+00,-5.240033149719238281e+00,-2.379536151885986328e+00,-1.351109504699707031e+00,-7.085233688354492188e+00,-5.289132118225097656e+00,1.220748424530029297e+00,4.936685562133789062e+00,-1.080564689636230469e+01,-4.997642040252685547e+00,5.054116725921630859e+00,7.599372863769531250e+00,1.302766990661621094e+01,2.382574844360351562e+01,2.951453781127929688e+01,4.015540313720703125e+01,3.725041198730468750e+01,2.815648269653320312e+01,2.452956199645996094e+01,1.287796401977539062e+01,6.202859878540039062e+00,-2.151129245758056641e+00,-7.002722024917602539e-01,1.330987548828125000e+01,2.237474632263183594e+01,9.168139457702636719e+00,-2.073557853698730469e+00,-3.973294973373413086e+00,-2.804721832275390625e+00,-1.690546989440917969e+00,5.215779781341552734e+00,6.606552124023437500e+00,6.025913238525390625e+00,7.083436965942382812e+00,9.385543823242187500e+00,1.658671188354492188e+01,2.364047622680664062e+01,2.076550292968750000e+01,2.150468444824218750e+01,2.310868835449218750e+01,1.912213516235351562e+01,2.150062179565429688e+01,2.754209136962890625e+01,3.087457656860351562e+01,2.628490447998046875e+01,1.874282073974609375e+01,1.576748085021972656e+01,2.441188049316406250e+01,2.258051681518554688e+01,1.986757278442382812e+01,2.555677795410156250e+01,2.717747688293457031e+01,1.091621208190917969e+01,6.930536270141601562e+00,-2.181930303573608398e+00,-1.524286937713623047e+01,-1.890864562988281250e+01,-2.846814346313476562e+01,-3.354164505004882812e+01,-3.121016502380371094e+01,-2.854735183715820312e+01,-2.409301376342773438e+01,-2.682478713989257812e+01,-3.145217132568359375e+01,-2.925651931762695312e+01,-2.497013854980468750e+01,-2.073199844360351562e+01,-2.177438163757324219e+01,-2.165948486328125000e+01,-1.569464778900146484e+01,4.341661930084228516e-01,7.072784423828125000e+00,1.074464607238769531e+01,1.846016693115234375e+01,2.200802230834960938e+01,2.479545783996582031e+01,1.762594985961914062e+01,9.399359703063964844e+00,1.134543514251708984e+01,1.061525535583496094e+01,1.912658309936523438e+01,2.168836402893066406e+01,1.701381683349609375e+01,2.291502761840820312e+01,2.404039764404296875e+01,2.648804092407226562e+01,2.377333831787109375e+01,1.873298072814941406e+01,1.733695793151855469e+01,1.268546962738037109e+01,1.454048252105712891e+01,1.423974895477294922e+01,1.612212753295898438e+01,2.192903137207031250e+01,1.626908111572265625e+01,1.375052833557128906e+01,1.346095752716064453e+01,1.435102748870849609e+01,1.439145374298095703e+01,1.531705474853515625e+01,1.359091186523437500e+01,1.316054821014404297e+01,1.400124073028564453e+01,1.152391242980957031e+01,5.876839637756347656e+00,4.853795051574707031e+00,6.427758216857910156e+00,5.384369373321533203e+00,-1.071940183639526367e+00,-1.105799436569213867e+00,5.751631736755371094e+00,9.386408805847167969e+00,1.211377525329589844e+01,1.089479446411132812e+01,8.211731910705566406e+00,9.734156608581542969e+00,2.321415901184082031e+00,-1.695576477050781250e+01,-2.943709564208984375e+01,-3.233682250976562500e+01,-3.227390670776367188e+01,-2.657857131958007812e+01,-2.608694458007812500e+01,-2.277818107604980469e+01,-1.768440055847167969e+01,-2.043709993362426758e+00,-1.281835079193115234e+00,-2.519840717315673828e+00,-4.045069694519042969e+00,-2.355902862548828125e+01,-2.590123367309570312e+01,-2.142144775390625000e+01,-9.584440231323242188e+00,-8.003587722778320312e+00,-2.016764450073242188e+01,-2.596679306030273438e+01,-2.433517646789550781e+01,-1.866613006591796875e+01,-1.206964397430419922e+01,-8.460570335388183594e+00,-1.054656410217285156e+01,-8.628904223442077637e-01,1.456639289855957031e+01,2.037671470642089844e+01,5.301692008972167969e+00,-1.908349227905273438e+01,-1.919769859313964844e+01,-1.521961021423339844e+01,-7.474691390991210938e+00,-8.038371086120605469e+00,-1.966365623474121094e+01,-2.029179000854492188e+01,-7.324786186218261719e+00,2.864577054977416992e+00,4.698765754699707031e+00,-6.871254920959472656e+00,4.159134387969970703e+00,1.446514987945556641e+01,2.428153228759765625e+01,3.794805145263671875e+01,3.846770477294921875e+01,3.087545013427734375e+01,2.244585227966308594e+01,2.021190261840820312e+01,1.604641723632812500e+01,1.738347434997558594e+01,1.874673461914062500e+01,2.338524627685546875e+01,1.914029312133789062e+01,1.163245105743408203e+01,1.280630302429199219e+01,1.198520755767822266e+01,8.817236900329589844e+00,7.416290283203125000e+00,2.973897457122802734e+00,-1.759551763534545898e+00,-1.061023354530334473e+00,-2.204656124114990234e+00,2.430501937866210938e+00,6.577691078186035156e+00,8.289119720458984375e+00,-1.265476799011230469e+01,-1.940348052978515625e+01,-1.465619182586669922e+01,-3.283520221710205078e+00,4.673122406005859375e+00,9.359972953796386719e+00,9.296970367431640625e+00,9.743362426757812500e+00,5.628315925598144531e+00,-5.764328956604003906e+00,-5.936164855957031250e+00,-8.921785950660705566e-01,-1.977730154991149902e+00,-4.697212219238281250e+00,5.183272361755371094e+00,-1.024252891540527344e+01,-1.178967094421386719e+01,-1.242651081085205078e+01,-1.925103187561035156e+01,-1.331488609313964844e+01,-1.073507595062255859e+01,-1.315466403961181641e+01,-1.263702964782714844e+01,-1.350181388854980469e+01,-1.625718307495117188e+01,-1.805164718627929688e+01,-1.362444400787353516e+01,-1.181295013427734375e+01,-3.159735679626464844e+00,-4.018715858459472656e+00,-1.155740165710449219e+01,-8.631618499755859375e+00,-7.670443534851074219e+00,-5.581356525421142578e+00,-8.516534805297851562e+00,-1.043443679809570312e+01,-1.183569335937500000e+01,-1.252494812011718750e+01,-9.502750396728515625e+00,-8.318557739257812500e+00,-6.533452033996582031e+00,-4.711310863494873047e+00,-5.801285743713378906e+00,-9.929269790649414062e+00,-7.879160881042480469e+00,-6.224330902099609375e+00,-1.031556510925292969e+01,-7.600776195526123047e+00,-1.076397514343261719e+01,-9.647531509399414062e+00,-5.102881193161010742e-01,1.053113079071044922e+01,2.150013732910156250e+01,2.741282844543457031e+01,3.592239379882812500e+01,4.043960189819335938e+01,4.277917480468750000e+01,3.252938079833984375e+01,1.694195938110351562e+01,7.075447082519531250e+00,8.169781684875488281e+00,5.799762725830078125e+00,4.564062118530273438e+00,1.032780838012695312e+01,1.250128364562988281e+01,4.695822238922119141e+00,-1.476439952850341797e+00,-8.173974990844726562e+00,-2.019756698608398438e+01,-2.342004013061523438e+01,-2.029421234130859375e+01,-1.735858917236328125e+01,-1.375467014312744141e+01,-1.363400363922119141e+01,-6.431742668151855469e+00,4.674853324890136719e+00,-4.445324540138244629e-01,-7.761373519897460938e+00,-1.373063087463378906e+01,-2.333828353881835938e+01,-2.245552825927734375e+01,-1.916453933715820312e+01,-2.763498687744140625e+01,-2.794828796386718750e+01,-2.787562561035156250e+01,-3.068781661987304688e+01,-2.824474906921386719e+01,-2.376954078674316406e+01,-1.974831008911132812e+01,-1.020776462554931641e+01,-9.872501373291015625e+00,4.336443901062011719e+00,2.014313459396362305e+00,6.307545661926269531e+00,6.437995910644531250e+00,1.190687751770019531e+01,9.328231811523437500e+00,9.343841552734375000e+00,7.728858947753906250e+00,-3.376802682876586914e+00,-5.438163757324218750e+00,-2.973500013351440430e+00,-1.498488068580627441e+00,8.997520804405212402e-01,-1.420409083366394043e+00,-1.406189322471618652e+00,-1.007063674926757812e+01,-1.330810546875000000e+01,-1.917825698852539062e+01,-2.333690261840820312e+01,-2.184413146972656250e+01,-1.957894706726074219e+01,-1.409003829956054688e+01,-1.260266113281250000e+01,5.960057735443115234e+00,1.525970554351806641e+01,1.956423377990722656e+01,7.233575344085693359e+00,7.103157997131347656e+00,6.810273170471191406e+00,4.740627288818359375e+00,-3.781925439834594727e-01,6.050282716751098633e-02,-1.407969284057617188e+01,-2.242171096801757812e+01,-2.170554733276367188e+01,-1.497332382202148438e+01,-8.279522895812988281e+00,-8.075448036193847656e+00,-7.457753181457519531e+00,-6.242415904998779297e-01,1.310180187225341797e+01,1.511397361755371094e+01,7.789685726165771484e+00,-2.587262868881225586e+00,-1.743122673034667969e+01,-2.491562271118164062e+01,-3.115459060668945312e+01,-2.826053619384765625e+01,-1.223116683959960938e+01,-1.507525062561035156e+01,-1.484616279602050781e+01,-1.171793746948242188e+01,-1.562913990020751953e+01,-1.618471145629882812e+01,-1.579312896728515625e+01,-1.543073177337646484e+01,-1.595141220092773438e+01,-1.196010589599609375e+01,-6.547679901123046875e+00,-1.485442352294921875e+01,-2.192516708374023438e+01,-1.367862319946289062e+01,-7.459871292114257812e+00,-8.657176971435546875e+00,-1.704369354248046875e+01,-1.329569911956787109e+01,-9.101318359375000000e+00,-9.216799736022949219e+00,-9.671010971069335938e+00,-1.338427543640136719e+01,-9.535081863403320312e+00,-5.711627960205078125e+00,-9.003648757934570312e+00,-9.208786010742187500e+00,-1.549564123153686523e+00,3.807952404022216797e+00,5.565423965454101562e-01,-1.907682800292968750e+01,-1.971704101562500000e+01,-1.543167304992675781e+01,-1.266541957855224609e+01,6.272204399108886719e+00,2.462641906738281250e+01,3.170042419433593750e+01,3.612309265136718750e+01,3.777336120605468750e+01,3.054950141906738281e+01,1.580037498474121094e+01,-5.563785076141357422e+00,-1.496054840087890625e+01,-1.763110160827636719e+01,-1.462410163879394531e+01,-4.825069427490234375e+00,-2.115541100502014160e-01,-2.461447715759277344e+00,1.185469508171081543e+00,-8.965785980224609375e+00,-1.991762351989746094e+01,-1.439068603515625000e+01,-4.592155814170837402e-01,1.317373275756835938e+01,1.106152725219726562e+01,5.771440982818603516e+00,5.249532699584960938e+00,8.161094188690185547e-01,-1.030006885528564453e+01,-1.485602569580078125e+01,-2.893764972686767578e+00,-8.161509513854980469e+00,-5.183108329772949219e+00,4.882393360137939453e+00,1.172156333923339844e+01,5.540244579315185547e+00,7.635204315185546875e+00,1.001526641845703125e+01,1.221900749206542969e+01,9.500705718994140625e+00,6.746581077575683594e+00,6.669401168823242188e+00,4.206359386444091797e+00,6.557986259460449219e+00,7.170650482177734375e+00,8.605516433715820312e+00,1.312416458129882812e+01,9.416342735290527344e+00,1.207365274429321289e+00,-4.630473613739013672e+00,7.744371891021728516e+00,1.347544670104980469e+01,1.143199157714843750e+01,8.869901657104492188e+00,7.763042926788330078e+00,8.517313003540039062e+00,1.018375205993652344e+01,4.164318561553955078e+00,6.278524398803710938e+00,2.157335877418518066e-01,-6.280978202819824219e+00,1.921647340059280396e-01,9.572273254394531250e+00,9.578061103820800781e+00,4.801593780517578125e+00,-2.109412908554077148e+00,-7.989179611206054688e+00,-1.388431262969970703e+01,-2.084384536743164062e+01,-3.257805633544921875e+01,-2.919799041748046875e+01,-1.825191116333007812e+01,-3.809108257293701172e+00,-9.514946937561035156e+00,-9.382598876953125000e+00,-1.129060363769531250e+01,-5.036875724792480469e+00,6.557879447937011719e+00,1.218223929405212402e+00,-1.474025964736938477e+00,5.688583374023437500e+00,4.869595527648925781e+00,-1.153667688369750977e+00,-1.040007972717285156e+01,-1.210294437408447266e+01,-1.053539276123046875e+01,-5.353494644165039062e+00,-2.857439517974853516e+00,-2.786056756973266602e+00,-1.003102684020996094e+01,-1.731230545043945312e+01,-1.017088508605957031e+01,-6.544810533523559570e-01,-2.272444248199462891e+00,5.267678499221801758e-01,1.531121063232421875e+01,2.218159484863281250e+01,2.345024108886718750e+01,3.383135986328125000e+01,4.190084838867187500e+01,3.690948104858398438e+01,3.253514099121093750e+01,2.057574844360351562e+01,1.024236488342285156e+01,-3.112665176391601562e+00,1.013273745775222778e-01,1.711340713500976562e+01,2.568854713439941406e+01,2.273557662963867188e+01,1.986997222900390625e+01,8.301042556762695312e+00,2.091575145721435547e+00,-5.575003027915954590e-01,-9.200188517570495605e-01,-1.693053007125854492e+00,-1.246269226074218750e+00,-5.799659729003906250e+00,-7.372602462768554688e+00,-1.117263412475585938e+01,-1.087010765075683594e+01,-7.284137725830078125e+00,-1.187609195709228516e+00,2.565522193908691406e+00,-4.667499661445617676e-01,-2.057704734802246094e+01,-2.199010467529296875e+01,-1.883367919921875000e+01,-1.494330215454101562e+01,-1.500231361389160156e+01,-1.313761138916015625e+01,-6.292657852172851562e+00,-2.490346908569335938e+00,-1.002894520759582520e+00,2.076979637145996094e+00,7.995535850524902344e+00,1.522117042541503906e+01,1.428252983093261719e+01,9.699706077575683594e+00,1.516969013214111328e+01,2.788066291809082031e+01,2.312971115112304688e+01,2.365842056274414062e+01,3.145080375671386719e+01,2.774803924560546875e+01,1.864657211303710938e+01,1.483942985534667969e+01,1.578481864929199219e+01,1.473099708557128906e+01,6.630437850952148438e+00,7.812291145324707031e+00,1.278589820861816406e+01,1.127007961273193359e+01,6.940971374511718750e+00,5.300754547119140625e+00,3.619141340255737305e+00,2.602095127105712891e+00,9.569709777832031250e+00,1.952270126342773438e+01,2.528173065185546875e+01,2.267658996582031250e+01,2.625581359863281250e+01,3.005337905883789062e+01,2.286608123779296875e+01,2.574603271484375000e+01,2.240840339660644531e+01,1.201691627502441406e+01,4.592687606811523438e+00,-3.106911897659301758e+00,-3.703638553619384766e+00,-2.249337911605834961e+00,-6.859110355377197266e+00,-4.362027168273925781e+00,9.303777217864990234e-01,4.166198253631591797e+00,3.176323771476745605e-01,6.143592834472656250e+00,1.363201332092285156e+01,1.129483795166015625e+01,1.152632331848144531e+01,8.575144767761230469e+00,1.329182243347167969e+01,-3.484573841094970703e+00,-4.985028266906738281e+00,-8.261798620223999023e-01,-3.258434295654296875e+00,-7.288434982299804688e+00,-1.156770515441894531e+01,-1.528382492065429688e+01,-1.725354766845703125e+01,-1.331354236602783203e+01,-1.080553913116455078e+01,5.754791498184204102e-01,8.557491898536682129e-01,4.129225254058837891e+00,5.318635940551757812e+00,7.276451587677001953e+00,5.599317550659179688e+00,2.414161920547485352e+00,-3.283217668533325195e+00,-4.890430927276611328e+00,-7.425007820129394531e+00,-4.910337448120117188e+00,2.255240678787231445e+00,4.992199420928955078e+00,8.580532073974609375e+00,6.199119567871093750e+00,2.767300605773925781e-02,-6.505914688110351562e+00,-4.086694717407226562e+00,-4.176198482513427734e+00,-1.073083686828613281e+01,-1.598504638671875000e+01,-1.035848903656005859e+01,-1.229872703552246094e+00,3.793794393539428711e+00,4.004995346069335938e+00,-3.657839298248291016e+00,-9.945447921752929688e+00,3.549737453460693359e+00,1.486186885833740234e+01,2.288958358764648438e+01,3.495569610595703125e+01,3.307714080810546875e+01,2.775813484191894531e+01,2.265528869628906250e+01,1.839197921752929688e+01,1.668918800354003906e+01,1.618706893920898438e+01,1.913215637207031250e+00,-3.582109928131103516e+00,2.732883095741271973e-01,5.786695003509521484e+00,2.244862556457519531e+01,2.890793991088867188e+01,2.712222671508789062e+01,2.813085556030273438e+01,2.846608161926269531e+01,2.517426872253417969e+01,2.303124427795410156e+01,1.994108200073242188e+01,-1.946104764938354492e+00,-7.671659469604492188e+00,2.527105212211608887e-01,-6.538498401641845703e-01,-1.109886169433593750e-02,6.038806438446044922e+00,7.543877601623535156e+00,8.674673080444335938e+00,3.935803413391113281e+00,9.961717605590820312e+00,9.130734443664550781e+00,5.076001644134521484e+00,5.672638893127441406e+00,8.437153816223144531e+00,7.273270606994628906e+00,-7.806943655014038086e-01,-1.172816848754882812e+01,-1.305372428894042969e+01,-4.751030921936035156e+00,1.576863050460815430e+00,4.612653732299804688e+00,2.179808139801025391e+00,-2.123135805130004883e+00,-5.745523452758789062e+00,-2.156793594360351562e+00,2.683209419250488281e+00,-9.726718902587890625e+00,-1.517498970031738281e+01,-1.667804527282714844e+01,-1.505606842041015625e+01,-7.320127487182617188e+00,-1.027795982360839844e+01,-9.993097305297851562e+00,2.217145919799804688e+00,-7.988937854766845703e+00,-1.896986389160156250e+01,-2.551178932189941406e+01,-2.440678787231445312e+01,-2.158480453491210938e+01,-2.278263854980468750e+01,-2.166645431518554688e+01,-2.025894165039062500e+01,-1.974433898925781250e+01,-2.645483970642089844e+01,-2.363655090332031250e+01,-1.528730010986328125e+01,-1.307266712188720703e+00,9.236116409301757812e+00,8.822764396667480469e+00,3.004100084304809570e+00,-1.483001041412353516e+01,-2.584549713134765625e+01,-2.246286010742187500e+01,-1.624856948852539062e+01,-1.413211917877197266e+01,-3.182108402252197266e+00,-9.971542358398437500e+00,-1.806528091430664062e+01,-2.701864624023437500e+01,-2.766731643676757812e+01,-1.833390235900878906e+01,-1.423012924194335938e+01,-1.529064559936523438e+01,-1.498342132568359375e+01,-1.169128990173339844e+01,-1.064204216003417969e+01,-9.613398551940917969e+00,3.062747716903686523e-01,6.840013027191162109e+00,5.868954181671142578e+00,-3.817972183227539062e+00,-1.075333309173583984e+01,-1.926810455322265625e+01,-3.095504760742187500e+01,-3.411208343505859375e+01,-2.596901512145996094e+01,-2.195125198364257812e+01,-2.102562522888183594e+01,-2.431548690795898438e+01,-2.217140197753906250e+01,-8.490015029907226562e+00,1.471154785156250000e+01,2.479358291625976562e+01,1.439877510070800781e+01,7.424100875854492188e+00,-6.106895446777343750e+00,-2.089497184753417969e+01,-1.790081024169921875e+01,-2.029642295837402344e+01,-2.202547073364257812e+01,-1.376588821411132812e+01,-3.796479701995849609e-01,9.104011535644531250e+00,5.388742446899414062e+00,2.196620225906372070e+00,1.046926689147949219e+01,2.059911727905273438e+01,2.726880645751953125e+01,2.518039894104003906e+01,1.574714851379394531e+01,1.597363758087158203e+01,2.306392860412597656e+01,2.223451232910156250e+01,1.697951889038085938e+01,5.795211791992187500e+00,-2.698907613754272461e+00,-1.109181022644042969e+01,-1.562753295898437500e+01,-1.700651550292968750e+01,-1.624570655822753906e+01,-1.118206405639648438e+01,-4.250648498535156250e+00,-3.573866844177246094e+00,-4.617637634277343750e+00,-9.917116165161132812e+00,-1.405460739135742188e+01,-2.385465431213378906e+01,-2.041937255859375000e+01,-1.327110576629638672e+01,-1.327735424041748047e+01,-2.061141014099121094e+01,-2.865601348876953125e+01,-1.996913528442382812e+01,-2.112495183944702148e+00,5.391049385070800781e+00,7.249900817871093750e+00,2.716333866119384766e+00,-3.948616981506347656e+00,-1.125010490417480469e+01,-1.084379959106445312e+01,-4.343758106231689453e+00,-1.665911674499511719e-01,4.141259193420410156e-02,3.711003780364990234e+00,1.106455802917480469e+01,2.645485687255859375e+01,3.048329544067382812e+01,2.759644317626953125e+01,1.567456626892089844e+01,1.214542579650878906e+01,1.443291187286376953e+01,1.442569541931152344e+01,1.158393478393554688e+01,7.556986331939697266e+00,-8.203576207160949707e-01,-9.745797157287597656e+00,-5.667427062988281250e+00,-1.419454193115234375e+01,-2.057669067382812500e+01,-1.591527938842773438e+01,-1.055668640136718750e+01,-1.260751152038574219e+01,-5.036828994750976562e+00,-4.403409957885742188e+00,-4.238986492156982422e+00,-2.903631925582885742e-01,8.136782050132751465e-01,-4.672097206115722656e+00,-9.431738853454589844e+00,-7.735490322113037109e+00,-2.393022060394287109e+00,3.372542619705200195e+00,8.994565963745117188e+00,-3.880236387252807617e+00,-1.608914756774902344e+01,-2.174950408935546875e+01,-2.359379959106445312e+01,-2.055394744873046875e+01,-1.184238815307617188e+01,-1.282023811340332031e+01,-9.640718460083007812e+00,-9.758281707763671875e+00,-1.425990867614746094e+01,-1.367901420593261719e+01,-1.030597305297851562e+01,2.990515232086181641e+00,-9.683917760848999023e-01,-1.514126586914062500e+01,-2.033750152587890625e+01,-2.252382278442382812e+01,-1.543894386291503906e+01,-5.835560321807861328e+00,-6.940129399299621582e-01,-3.320832729339599609e+00,-5.557912826538085938e+00,-6.373639106750488281e+00,-4.571492195129394531e+00,2.885107994079589844e+00,-3.355514764785766602e+00,-4.820237159729003906e+00,-8.209985733032226562e+00,-8.356325149536132812e+00,-4.463820457458496094e+00,-3.720133781433105469e+00,-5.885965347290039062e+00,-9.081279754638671875e+00,-1.158431816101074219e+01,-1.354904174804687500e+01,-9.959667205810546875e+00,-1.315778160095214844e+01,-1.594645881652832031e+01,-1.255603694915771484e+01,-6.744437217712402344e+00,-4.457701206207275391e+00,-2.603965759277343750e+00,2.657387733459472656e+00,7.221482753753662109e+00,9.575847625732421875e+00,-1.253157424926757812e+01,-2.161786842346191406e+01,-1.326142120361328125e+01,-1.038074684143066406e+01,-1.298646926879882812e+01,-1.361821937561035156e+01,-1.023631095886230469e+01,-1.132421779632568359e+01,-1.116700363159179688e+01,-1.692110824584960938e+01,-1.494347286224365234e+01,-1.867982482910156250e+01,-1.710390090942382812e+01,-1.881188201904296875e+01,-2.291321182250976562e+01,-2.496284294128417969e+01,-1.555033111572265625e+01,-7.552553176879882812e+00,-1.160364532470703125e+01,-1.639677619934082031e+01,-1.761388778686523438e+01,-5.864748001098632812e+00,-2.009899616241455078e+00,-9.352039337158203125e+00,-1.033019065856933594e+01,-1.174452209472656250e+01,-5.768249511718750000e+00,-2.275822162628173828e+00,-2.833517074584960938e+00,4.770230054855346680e-01,4.266147613525390625e+00,3.755030632019042969e+00,-9.678960442543029785e-01,-1.627524137496948242e+00,3.298956394195556641e+00,-4.349416255950927734e+00,-1.974173927307128906e+01,-1.989072036743164062e+01,-1.334974384307861328e+01,-1.089429473876953125e+01,-8.146851658821105957e-01,-9.855183362960815430e-01,-2.544979572296142578e+00,-1.708590865135192871e+00,7.692439556121826172e-01,6.545715332031250000e-01,-4.695901870727539062e-01,7.721360683441162109e+00,7.332952022552490234e-01,-1.163691234588623047e+01,-8.900356292724609375e+00,-9.612010955810546875e+00,-1.384211921691894531e+01,-8.929976463317871094e+00,-8.050607681274414062e+00,-8.161548614501953125e+00,-1.116259765625000000e+01,-1.089361000061035156e+01,-8.489754676818847656e+00,-9.588791847229003906e+00,-1.386586380004882812e+01,-1.864574432373046875e+01,-1.834466552734375000e+01,-2.030773162841796875e+01,-1.359308815002441406e+01,-6.004389286041259766e+00,-3.965815067291259766e+00,-3.671024322509765625e+00,-4.619953155517578125e+00,-2.022966623306274414e+00,7.129958271980285645e-01,-1.280246138572692871e+00,-3.671253919601440430e+00,-1.602198123931884766e+00,-4.515815973281860352e-01,-1.817296981811523438e+00,-4.577959060668945312e+00,-8.953530311584472656e+00,-1.808987045288085938e+01,-1.585014533996582031e+01,-9.042107582092285156e+00,-1.736239242553710938e+01,-2.354895782470703125e+01,-1.719341659545898438e+01,-7.621953010559082031e+00,-2.703993082046508789e+00,-1.184943389892578125e+01,-1.863213539123535156e+01,-1.393881797790527344e+01,-9.858626365661621094e+00,-1.020724487304687500e+01,-2.820348739624023438e+00,8.200824260711669922e-02,-8.402309417724609375e+00,-1.259244728088378906e+01,-5.579039573669433594e+00,3.821091651916503906e+00,1.629413986206054688e+01,1.569148063659667969e+01,1.175625228881835938e+01,1.136752414703369141e+01,1.070716476440429688e+01,1.093195819854736328e+01,6.636439323425292969e+00,-1.021134376525878906e+00,-4.616756439208984375e+00,-2.930809974670410156e+00,-1.967389106750488281e+00,4.487898826599121094e+00,1.386951446533203125e+00,-1.773904085159301758e+00,7.240537643432617188e+00,1.257991981506347656e+01,1.212208652496337891e+01,1.559822368621826172e+01,1.153281402587890625e+01,9.023657798767089844e+00,1.331625270843505859e+01,1.837451744079589844e+01,1.696692085266113281e+01,5.769018173217773438e+00,-2.024100780487060547e+00,-1.361811733245849609e+01,-2.123598098754882812e+01,-2.142000007629394531e+01,-1.824695205688476562e+01,-1.701082229614257812e+01,-1.591384696960449219e+01,-1.077845668792724609e+01,-1.041330909729003906e+01,-1.031784725189208984e+01,-8.245768547058105469e+00,-3.650881767272949219e+00,-1.307283639907836914e-01,-2.652154684066772461e+00,-8.948431015014648438e+00,-4.089284896850585938e+00,-1.888777732849121094e+00,-4.365383625030517578e+00,-4.652526855468750000e+00,-3.299550056457519531e+00,-2.207952022552490234e+00,-1.877397298812866211e-01,5.102838516235351562e+00,4.788551330566406250e+00,4.575157642364501953e+00,3.680593490600585938e+00,2.774460554122924805e+00,2.013060808181762695e+00,3.780327320098876953e+00,1.341593980789184570e+00,-4.341208934783935547e+00,-8.698076248168945312e+00,-5.085577011108398438e+00,4.488658905029296875e+00,9.806861877441406250e+00,9.483713150024414062e+00,5.078390598297119141e+00,5.980949401855468750e+00,1.266390037536621094e+01,1.251006698608398438e+01,5.037453651428222656e+00,-3.287885785102844238e-01,-8.509349822998046875e-01,-4.085690677165985107e-01,-1.554876565933227539e-03,-5.604573249816894531e+00,-1.225674438476562500e+01,-8.311502456665039062e+00,5.272326946258544922e+00,1.638116455078125000e+01,2.456840896606445312e+01,2.978672218322753906e+01,2.578218460083007812e+01,1.887696838378906250e+01,1.794156837463378906e+01,2.115585708618164062e+01,1.635404968261718750e+01,8.394535064697265625e+00,1.102816009521484375e+01,1.236558151245117188e+01,2.374114990234375000e+00,-5.228600025177001953e+00,-4.766152381896972656e+00,-1.203352355957031250e+01,-1.293954086303710938e+01,-1.219732666015625000e+01,-1.135924625396728516e+01,-9.120376586914062500e+00,4.026264667510986328e+00,2.081936645507812500e+01,2.295416641235351562e+01,2.238951110839843750e+01,2.879345703125000000e+01,2.523220825195312500e+01,1.480908012390136719e+01,3.470095634460449219e+00,7.449201345443725586e-01,5.232882499694824219e+00,4.643048286437988281e+00,1.582617759704589844e+00,-2.589679956436157227e-01,-1.351388096809387207e+00,-1.175762534141540527e+00,-3.766168355941772461e-01,2.703381776809692383e-01,-1.061859250068664551e+00,6.177358627319335938e+00,5.814874172210693359e-01,-7.411447048187255859e+00,-4.626718997955322266e+00,-3.329529285430908203e+00,-1.025734901428222656e+00,8.401142120361328125e+00,1.527293014526367188e+01,1.761077880859375000e+01,1.757063102722167969e+01,9.782673835754394531e+00,-5.397824764251708984e+00,-4.147270679473876953e+00,9.292069673538208008e-01,-3.222410440444946289e+00,-6.001807212829589844e+00,-9.725468158721923828e-01,-4.895833969116210938e+00,8.885440826416015625e-01,9.334753036499023438e+00,1.776207733154296875e+01,2.549268722534179688e+01,2.140636825561523438e+01,2.225229644775390625e+01,2.178824234008789062e+01,1.622729682922363281e+01,1.772582626342773438e+01,2.723518371582031250e+00,4.052243232727050781e+00,-2.271171092987060547e+00,-8.264158248901367188e+00,-1.173823738098144531e+01,-3.069274902343750000e+00,6.055457592010498047e+00,1.002278232574462891e+01,1.754420471191406250e+01,2.251943397521972656e+01,1.716654777526855469e+01,8.260294914245605469e+00,-1.214381694793701172e+00,-1.426207304000854492e+00,8.803124427795410156e-01,5.804393768310546875e+00,1.086078834533691406e+01,1.126058578491210938e+01,8.850498199462890625e-01,-3.250443935394287109e+00,3.734482765197753906e+00,9.613662719726562500e+00,7.002064228057861328e+00,1.047323346138000488e+00,-3.894723415374755859e+00,-8.854249954223632812e+00,-8.728286743164062500e+00,-1.298149585723876953e+00,1.950655221939086914e+00,4.880646705627441406e+00,1.288554954528808594e+01,1.746610641479492188e+01,1.670967292785644531e+01,1.971997451782226562e+01,1.622994804382324219e+01,7.308296680450439453e+00,-1.025961875915527344e+00,-4.251118659973144531e+00,-7.448520660400390625e+00,-1.457746315002441406e+01,-1.740933609008789062e+01,-2.124373817443847656e+01,-7.445338249206542969e+00,1.053354644775390625e+01,3.512642621994018555e+00,-1.545546412467956543e+00,3.548474788665771484e+00,6.198049545288085938e+00,1.228689002990722656e+01,2.624948501586914062e+01,3.809626770019531250e+01,3.602644348144531250e+01,2.945161819458007812e+01,1.599022102355957031e+01,1.243120574951171875e+01,-6.317832946777343750e+00,-9.964374542236328125e+00,5.481625795364379883e-01,7.830362796783447266e+00,6.514957427978515625e+00,2.946803092956542969e+00,-3.110411167144775391e+00,-1.074513912200927734e+01,-1.997323608398437500e+01,-2.323187828063964844e+01,-2.165261840820312500e+01,-2.307567024230957031e+01,-1.898480987548828125e+01,-1.522083759307861328e+01,-9.693371772766113281e+00,-4.029040336608886719e+00,-2.507798075675964355e-01,-4.369276762008666992e-02,-1.272063970565795898e+00,5.912968635559082031e+00,2.102480697631835938e+01,3.286021423339843750e+01,3.315708160400390625e+01,1.874398612976074219e+01,-9.042298316955566406e+00,-1.874406051635742188e+01,-2.210075378417968750e+01,-1.885543060302734375e+01,-1.015852737426757812e+01,-4.512821197509765625e+00,8.167848587036132812e-01,1.453118515014648438e+01,1.252782154083251953e+01,1.977647662162780762e+00,-6.092200279235839844e-01,2.996331214904785156e+00,3.522591352462768555e+00,8.886665344238281250e+00,1.603291130065917969e+01,1.719005966186523438e+01,1.073483848571777344e+01,-1.044808268547058105e+00,-9.573431968688964844e+00,-1.050554847717285156e+01,-1.076848125457763672e+01,-1.441167259216308594e+01,-1.846781158447265625e+01,-1.181035041809082031e+01,-1.186344146728515625e+01,-6.601684570312500000e+00,4.009740829467773438e+00,7.784648895263671875e+00,7.105498313903808594e+00,6.094262123107910156e+00,3.755996227264404297e+00,1.783032178878784180e+00,4.828797340393066406e+00,6.127040863037109375e+00,7.732337117195129395e-01,1.698428869247436523e+00,8.790048599243164062e+00,9.266062736511230469e+00,7.712265014648437500e+00,1.838806867599487305e+00,-8.168296515941619873e-02,3.189744949340820312e+00,7.547973394393920898e-01,5.599258422851562500e+00,7.723192214965820312e+00,6.780204772949218750e+00,9.849014282226562500e+00,1.045349979400634766e+01,8.735265731811523438e+00,9.125923156738281250e+00,1.255105400085449219e+01,1.406836223602294922e+01
-5.376502037048339844e+00,-2.407818794250488281e+00,7.189288735389709473e-01,-9.374864101409912109e-01,-3.126335859298706055e+00,-6.212146282196044922e+00,-3.241494750976562500e+01,-4.988706970214843750e+01,-5.344741058349609375e+01,-4.919450378417968750e+01,-3.512271881103515625e+01,-3.357103729248046875e+01,-3.499772262573242188e+01,-4.194836044311523438e+01,-3.461530685424804688e+01,-2.970922851562500000e+01,-2.681222724914550781e+01,-1.999571609497070312e+01,-4.125688934326171875e+01,-4.886251831054687500e+01,-3.891831970214843750e+01,-2.238409233093261719e+01,-1.709060668945312500e+01,-1.927689170837402344e+01,-2.294411849975585938e+01,-2.857712745666503906e+01,-3.058608245849609375e+01,-2.463899612426757812e+01,-2.492938613891601562e+01,-3.305445861816406250e+01,-4.375343704223632812e+01,-5.480012512207031250e+01,-5.368546295166015625e+01,-3.762126159667968750e+01,-3.693341064453125000e+01,-3.944224548339843750e+01,-3.452692794799804688e+01,-3.439566040039062500e+01,-3.480735015869140625e+01,-3.015442466735839844e+01,-1.297378921508789062e+01,-5.397765159606933594e+00,-7.955547332763671875e+00,-1.419314575195312500e+01,-9.980958938598632812e+00,-9.209281921386718750e+00,-6.060762405395507812e+00,5.301226377487182617e-01,-1.450214004516601562e+01,-2.644379043579101562e+01,-2.687900543212890625e+01,-2.127480697631835938e+01,-1.344350051879882812e+01,-1.219554328918457031e+01,-2.532433319091796875e+01,-2.684592056274414062e+01,-2.652661514282226562e+01,-2.394210433959960938e+01,-1.991739273071289062e+01,-1.853716659545898438e+01,-1.227768325805664062e+01,-1.259665489196777344e+01,-1.821591949462890625e+01,-1.976257324218750000e+01,-2.306770324707031250e+01,-1.745543098449707031e+01,-1.583624744415283203e+01,-1.365799140930175781e+01,-1.799628448486328125e+01,-3.180477142333984375e+01,-5.468580627441406250e+01,-5.964340209960937500e+01,-5.010203170776367188e+01,-3.733364868164062500e+01,-1.985281753540039062e+01,-9.694912910461425781e+00,-1.874027061462402344e+01,-4.573415374755859375e+01,-5.388733291625976562e+01,-4.421936416625976562e+01,-2.602784538269042969e+01,-1.884803771972656250e+01,-1.929393959045410156e+01,-1.525854110717773438e+01,-1.542029380798339844e+01,-2.717059326171875000e+01,-3.641135406494140625e+01,-4.008820724487304688e+01,-3.874066162109375000e+01,-4.023375320434570312e+01,-4.366325759887695312e+01,-4.712812423706054688e+01,-5.029457855224609375e+01,-5.630976104736328125e+01,-5.536447906494140625e+01,-4.117814636230468750e+01,-2.239932441711425781e+01,-3.148013114929199219e+01,-3.015375900268554688e+01,-1.879304504394531250e+01,-3.297527313232421875e+01,-3.507282257080078125e+01,-2.073160934448242188e+01,-9.043079376220703125e+00,-5.923991203308105469e-01,5.296843647956848145e-01,-4.080287814140319824e-01,-5.275604248046875000e+00,-5.391806602478027344e+00,-6.326065063476562500e+00,-8.720184326171875000e+00,-3.886946201324462891e+00,-1.981995463371276855e+00,2.103791236877441406e-01,1.018123269081115723e+00,9.267985820770263672e-01,-1.187865972518920898e+00,-3.386082649230957031e+00,-5.351319313049316406e+00,-4.243108749389648438e+00,-7.752517223358154297e+00,-5.595721721649169922e+00,-2.180479049682617188e+00,-2.751166343688964844e+00,2.255657911300659180e-01,1.934603095054626465e+00,2.549210548400878906e+00,4.252118110656738281e+00,9.600353240966796875e+00,1.020636272430419922e+01,5.443095207214355469e+00,-1.833115386962890625e+01,-3.605114746093750000e+01,-3.604924774169921875e+01,-2.846704101562500000e+01,-3.121656799316406250e+01,-3.410263061523437500e+01,-2.876492691040039062e+01,-2.937031936645507812e+01,-3.875524520874023438e+01,-4.134655761718750000e+01,-4.332746887207031250e+01,-5.137839508056640625e+01,-6.031864166259765625e+01,-5.417137908935546875e+01,-3.398280715942382812e+01,-3.154714775085449219e+01,-1.812458419799804688e+01,-5.405257225036621094e+00,-1.541513061523437500e+01,-3.254981994628906250e+01,-3.281351470947265625e+01,-2.870463562011718750e+01,-3.229058074951171875e+01,-2.984112167358398438e+01,-2.212538528442382812e+01,-2.364608764648437500e+01,-2.943878936767578125e+01,-3.012090301513671875e+01,-2.885514450073242188e+01,-1.664260101318359375e+01,-1.138212585449218750e+01,-3.217980957031250000e+01,-2.940029907226562500e+01,-3.007445526123046875e+01,-2.547473526000976562e+01,-1.312974548339843750e+01,-1.166179656982421875e+01,-1.073435211181640625e+01,-8.773702621459960938e+00,-1.024368953704833984e+01,-1.507314491271972656e+01,-1.725441741943359375e+01,-2.375770568847656250e+01,-3.180416107177734375e+01,-3.877094650268554688e+01,-4.234351730346679688e+01,-3.393291473388671875e+01,-1.502310180664062500e+01,-7.618476390838623047e+00,-1.574810743331909180e-01,-1.672012925148010254e+00,-1.044762516021728516e+01,-3.838745498657226562e+01,-6.123256683349609375e+01,-6.063705444335937500e+01,-5.195416641235351562e+01,-4.259488296508789062e+01,-1.919708442687988281e+01,-5.457769393920898438e+00,-4.087722778320312500e+00,-8.318583488464355469e+00,-2.584715652465820312e+01,-4.178005981445312500e+01,-4.985445785522460938e+01,-4.590323638916015625e+01,-4.909269714355468750e+01,-4.625635147094726562e+01,-3.599841308593750000e+01,-2.480826568603515625e+01,-1.572181415557861328e+01,-1.041835594177246094e+01,-1.026099681854248047e+01,-2.341669082641601562e+01,-4.226858520507812500e+01,-4.436109542846679688e+01,-3.558365631103515625e+01,-2.141753768920898438e+01,-1.603683090209960938e+01,-1.539268207550048828e+01,-1.827559280395507812e+01,-1.646314811706542969e+01,-1.080623626708984375e+01,-5.854671478271484375e+00,-1.814884185791015625e+00,-9.788904190063476562e-01,-4.990735054016113281e+00,-7.083313941955566406e+00,-7.180912971496582031e+00,-1.090720939636230469e+01,-1.195560455322265625e+01,-2.174591827392578125e+01,-3.415649414062500000e+01,-3.883624267578125000e+01,-4.100027465820312500e+01,-3.912830352783203125e+01,-3.978660964965820312e+01,-4.317802429199218750e+01,-4.531074523925781250e+01,-4.622767639160156250e+01,-4.668498992919921875e+01,-3.283054351806640625e+01,-1.534203910827636719e+01,-2.565591239929199219e+01,-3.168497848510742188e+01,-3.255101013183593750e+01,-3.331670379638671875e+01,-2.468534851074218750e+01,-1.493492317199707031e+01,-7.050521850585937500e+00,-7.289713382720947266e+00,-7.791055679321289062e+00,-8.435634613037109375e+00,-3.422625064849853516e+00,7.495194435119628906e+00,7.938599586486816406e+00,-6.801868915557861328e+00,-7.696710586547851562e+00,-8.783573150634765625e+00,-1.175826930999755859e+01,-2.365728759765625000e+01,-3.834827423095703125e+01,-4.561275482177734375e+01,-2.057931518554687500e+01,-1.005296611785888672e+01,-3.876647710800170898e+00,6.319257020950317383e-01,9.272569417953491211e-01,-1.375954985618591309e+00,-8.954405784606933594e-02,1.667747020721435547e+00,-8.262679100036621094e+00,-1.720925140380859375e+01,-8.909628868103027344e+00,-4.876309633255004883e-01,-4.554800033569335938e+00,-2.136040115356445312e+01,-3.891773986816406250e+01,-4.977526855468750000e+01,-5.913431930541992188e+01,-6.107042694091796875e+01,-4.962147140502929688e+01,-3.231042098999023438e+01,-1.973305892944335938e+01,-3.962731170654296875e+01,-5.331687927246093750e+01,-4.350744628906250000e+01,-2.646591567993164062e+01,-1.579198646545410156e+01,-1.796805763244628906e+01,-2.463238906860351562e+01,-4.034775161743164062e+01,-4.980024337768554688e+01,-5.410116195678710938e+01,-4.988858032226562500e+01,-3.903656005859375000e+01,-3.191290855407714844e+01,-1.788005828857421875e+01,-5.349406719207763672e+00,1.458224654197692871e-01,-6.599610805511474609e+00,-1.047969341278076172e+01,-6.989851951599121094e+00,-5.114773750305175781e+00,-8.709484100341796875e+00,-9.320854187011718750e+00,-3.979998588562011719e+00,-3.029408454895019531e+00,-1.159591197967529297e+00,-2.511452198028564453e+00,-6.289372444152832031e+00,-1.171312046051025391e+01,-2.617703628540039062e+01,-3.518145370483398438e+01,-3.997373580932617188e+01,-3.249623489379882812e+01,-1.739179992675781250e+01,-1.290370464324951172e+01,-5.569970130920410156e+00,-2.734867095947265625e+00,-2.032629013061523438e+00,2.533082485198974609e+00,2.274871587753295898e+00,-6.180586218833923340e-01,-6.754055976867675781e+00,-5.180375576019287109e+00,6.530129909515380859e-01,1.134145021438598633e+00,-3.032946825027465820e+00,-5.967588901519775391e+00,-7.441099166870117188e+00,-1.456834602355957031e+01,-1.893206405639648438e+01,-2.282287597656250000e+01,-2.741547203063964844e+01,-3.015660476684570312e+01,-2.394234275817871094e+01,-1.962729263305664062e+01,-1.841568756103515625e+01,-1.261957359313964844e+01,-5.698173046112060547e+00,1.490486383438110352e+00,2.323310375213623047e+00,-5.494704723358154297e+00,-1.195203590393066406e+01,-1.367608451843261719e+01,-2.217037582397460938e+01,-3.403309631347656250e+01,-5.051213073730468750e+01,-5.587673187255859375e+01,-3.600890350341796875e+01,-3.840789031982421875e+01,-4.711061859130859375e+01,-4.880022430419921875e+01,-5.089257049560546875e+01,-5.010321807861328125e+01,-4.380005264282226562e+01,-3.445053100585937500e+01,-3.618034362792968750e+01,-4.542916870117187500e+01,-5.339237976074218750e+01,-5.842547607421875000e+01,-5.183432769775390625e+01,-4.241086196899414062e+01,-4.995450592041015625e+01,-5.322504425048828125e+01,-4.800282287597656250e+01,-3.969633483886718750e+01,-3.999179840087890625e+01,-4.605582427978515625e+01,-5.173345947265625000e+01,-5.418593597412109375e+01,-5.329494476318359375e+01,-4.560126495361328125e+01,-4.389775848388671875e+01,-4.788585281372070312e+01,-4.634319305419921875e+01,-3.271159362792968750e+01,-5.344423675537109375e+01,-5.620701599121093750e+01,-5.178446960449218750e+01,-4.605937194824218750e+01,-3.513574218750000000e+01,-3.051445388793945312e+01,-2.390106010437011719e+01,-2.357128143310546875e+01,-1.631329536437988281e+01,-1.867436599731445312e+01,-2.765422439575195312e+01,-3.606520843505859375e+01,-4.074706268310546875e+01,-3.971731567382812500e+01,-3.833906555175781250e+01,-4.115316772460937500e+01,-4.344477081298828125e+01,-4.697097778320312500e+01,-4.605670166015625000e+01,-3.358511734008789062e+01,-2.256154251098632812e+01,-3.994542312622070312e+01,-4.774892425537109375e+01,-4.109439086914062500e+01,-3.803579711914062500e+01,-4.023008728027343750e+01,-4.669888305664062500e+01,-4.856324768066406250e+01,-4.083867645263671875e+01,-3.119000625610351562e+01,-4.859992218017578125e+01,-6.006577301025390625e+01,-6.072255706787109375e+01,-5.886844635009765625e+01,-5.620344924926757812e+01,-4.941946029663085938e+01,-4.294747161865234375e+01,-4.688700103759765625e+01,-5.386940002441406250e+01,-5.585641479492187500e+01,-5.376919555664062500e+01,-5.134873962402343750e+01,-5.303084564208984375e+01,-5.614096832275390625e+01,-5.751238250732421875e+01,-5.150386047363281250e+01,-4.533558654785156250e+01,-4.392819595336914062e+01,-3.972129058837890625e+01,-3.036221122741699219e+01,-2.842332458496093750e+01,-4.072943878173828125e+01,-3.941401672363281250e+01,-3.245643615722656250e+01,-3.030590438842773438e+01,-4.882780075073242188e+01,-4.520375442504882812e+01,-3.358853149414062500e+01,-3.102218055725097656e+01,-2.998551559448242188e+01,-2.883447074890136719e+01,-2.401069831848144531e+01,-1.431445693969726562e+01,-1.349323558807373047e+01,-1.793111038208007812e+01,-1.963478469848632812e+01,-1.835340499877929688e+01,-1.243942642211914062e+01,-2.417714691162109375e+01,-5.247573471069335938e+01,-5.789106750488281250e+01,-5.596822357177734375e+01,-5.746212768554687500e+01,-4.585319519042968750e+01,-2.906156158447265625e+01,-2.677393722534179688e+01,-2.665586090087890625e+01,-3.104079055786132812e+01,-2.241203880310058594e+01,-1.638821220397949219e+01,-1.971870613098144531e+01,-2.411054611206054688e+01,-1.627429962158203125e+01,-1.987539529800415039e-01,-5.970620632171630859e+00,8.077280998229980469e+00,1.475441932678222656e+01,-6.268741607666015625e+00,-2.751084518432617188e+01,-3.150175285339355469e+01,-2.482527923583984375e+01,-1.909794425964355469e+01,-1.704918479919433594e+01,-1.847342681884765625e+01,-2.325821685791015625e+01,-1.637574195861816406e+01,-4.037591934204101562e+00,-9.580539703369140625e+00,-2.756608963012695312e+01,-4.703762817382812500e+01,-5.269758605957031250e+01,-4.045680236816406250e+01,-2.186194992065429688e+01,-1.225726318359375000e+01,-1.103823661804199219e+01,-1.664102935791015625e+01,-3.180484199523925781e+01,-3.338981628417968750e+01,-2.715535926818847656e+01,-1.888538360595703125e+01,-1.334350872039794922e+01,-2.088551330566406250e+01,-3.200605773925781250e+01,-3.267448043823242188e+01,-1.603809547424316406e+01,-2.661334991455078125e+01,-2.735952758789062500e+01,-1.352646064758300781e+01,-2.300724744796752930e+00,-2.393243408203125000e+01,-3.530271911621093750e+01,-4.023280334472656250e+01,-4.199859619140625000e+01,-3.957149505615234375e+01,-3.792330169677734375e+01,-2.798098373413085938e+01,-2.250039100646972656e+01,-1.993274688720703125e+01,-1.638918304443359375e+01,-2.102481842041015625e+01,-3.101853942871093750e+01,-3.012176513671875000e+01,-1.882218742370605469e+01,-1.046010971069335938e+01,-9.116194725036621094e+00,-2.864561462402343750e+01,-3.356707000732421875e+01,-4.258153533935546875e+01,-5.140445709228515625e+01,-4.722438049316406250e+01,-2.513124465942382812e+01,-8.956822395324707031e+00,-1.812445449829101562e+01,-3.380205917358398438e+01,-4.381075286865234375e+01,-3.676736450195312500e+01,-1.319355010986328125e+01,-7.710754871368408203e-02,-1.159769892692565918e+00,-3.843556642532348633e-01,3.309035301208496094e-01,-5.331705093383789062e+00,-6.655640602111816406e+00,-2.375001907348632812e+01,-5.107551574707031250e+01,-5.860448455810546875e+01,-3.864482116699218750e+01,-1.267115688323974609e+01,-1.613235282897949219e+01,-1.500579071044921875e+01,-2.294633483886718750e+01,-5.270711898803710938e+01,-6.433603668212890625e+01,-6.662648010253906250e+01,-6.332409667968750000e+01,-5.481959533691406250e+01,-5.411850738525390625e+01,-5.057746124267578125e+01,-4.693396759033203125e+01,-3.428037261962890625e+01,-2.229179573059082031e+01,-2.096725463867187500e+01,-2.409403038024902344e+01,-2.712389373779296875e+01,-2.450464439392089844e+01,-2.243572425842285156e+01,-1.731122970581054688e+01,-2.043918991088867188e+01,-1.880534362792968750e+01,-2.088999938964843750e+01,-2.291919708251953125e+01,-1.976022338867187500e+01,-1.981999206542968750e+01,-2.069641494750976562e+01,-2.240127754211425781e+01,-2.143088912963867188e+01,-1.416895484924316406e+01,-9.887115478515625000e+00,-9.900709152221679688e+00,-1.010758876800537109e+01,-7.411507606506347656e+00,-6.304358482360839844e+00,-9.172432899475097656e+00,-2.444131374359130859e+00,-2.421295356750488281e+01,-5.006303405761718750e+01,-4.486679840087890625e+01,-1.729963302612304688e+01,-5.852606773376464844e+00,-9.914366722106933594e+00,-2.238996887207031250e+01,-4.367993927001953125e+01,-6.333942031860351562e+01,-6.205451202392578125e+01,-5.579053497314453125e+01,-5.823619842529296875e+01,-5.391441345214843750e+01,-4.822734451293945312e+01,-4.743348693847656250e+01,-5.027911376953125000e+01,-5.304726028442382812e+01,-5.693155288696289062e+01,-5.872225952148437500e+01,-4.659041976928710938e+01,-4.129837799072265625e+01,-4.713207626342773438e+01,-4.317924880981445312e+01,-4.181895446777343750e+01,-4.074103546142578125e+01,-4.383614349365234375e+01,-4.709318161010742188e+01,-3.617919921875000000e+01,-3.057091522216796875e+01,-4.125519561767578125e+01,-5.203060913085937500e+01,-5.164479827880859375e+01,-3.293671035766601562e+01,-2.036387634277343750e+01,-4.008371734619140625e+01,-4.158655166625976562e+01,-3.525885772705078125e+01,-2.614251327514648438e+01,-1.481785392761230469e+01,-1.563322067260742188e+01,-1.934589385986328125e+01,-3.241360473632812500e+01,-3.975841522216796875e+01,-3.672281646728515625e+01,-3.066951751708984375e+01,-2.726682662963867188e+01,-2.496818161010742188e+01,-2.402877044677734375e+01,-2.058910369873046875e+01,-1.786965370178222656e+01,-2.378594970703125000e+01,-2.370446014404296875e+01,-2.859505844116210938e+01,-3.781897354125976562e+01,-4.061420059204101562e+01,-3.782043457031250000e+01,-3.208822631835937500e+01,-2.301202201843261719e+01,-9.757398605346679688e+00,-8.769629478454589844e+00,-1.630542182922363281e+01,-2.882587814331054688e+01,-3.305789947509765625e+01,-3.067185783386230469e+01,-2.546732902526855469e+01,-2.851283645629882812e+01,-3.118984794616699219e+01,-2.896432876586914062e+01,-2.203389167785644531e+01,-2.098308944702148438e+01,-3.821173858642578125e+01,-5.357593536376953125e+01,-5.479344177246093750e+01,-5.282892990112304688e+01,-4.758245086669921875e+01,-4.943048095703125000e+01,-3.963473510742187500e+01,-3.979658508300781250e+01,-4.280320739746093750e+01,-4.266785430908203125e+01,-4.573903656005859375e+01,-4.919266510009765625e+01,-4.151171875000000000e+01,-2.625064468383789062e+01,-1.411036396026611328e+01,-2.045247268676757812e+01,-2.799895095825195312e+01,-3.245065307617187500e+01,-3.948792266845703125e+01,-5.217955017089843750e+01,-5.610417175292968750e+01,-4.702540588378906250e+01,-3.926728820800781250e+01,-4.795417022705078125e+01,-4.799609756469726562e+01,-4.143180847167968750e+01,-2.829979324340820312e+01,-1.917966270446777344e+01,-6.094266414642333984e+00,-8.766362190246582031e+00,-1.217917823791503906e+01,-1.303118515014648438e+01,-1.339772987365722656e+01,-1.729426574707031250e+01,-3.829920959472656250e+01,-4.562335205078125000e+01,-3.908205413818359375e+01,-3.151739883422851562e+01,-2.738913536071777344e+01,-2.486152648925781250e+01,-2.138611602783203125e+01,-1.975452423095703125e+01,-2.475949859619140625e+01,-2.707616806030273438e+01,-3.240937423706054688e+01,-2.905247879028320312e+01,-2.075506591796875000e+01,-1.751591873168945312e+01,-1.056123924255371094e+01,-4.942032337188720703e+00,-6.421936988830566406e+00,-3.843044519424438477e+00,-6.620845794677734375e+00,-5.320557594299316406e+00,-2.390798091888427734e+00,-2.398568868637084961e+00,-3.398195028305053711e+00,-3.426718711853027344e+00,-2.145168781280517578e-01,-2.407256126403808594e+00,-3.893381834030151367e+00,-6.262029647827148438e+00,-1.143521499633789062e+01,-1.051882743835449219e+01,-1.100325965881347656e+01,-1.601037788391113281e+01,-1.262826251983642578e+01,-1.516953468322753906e+01,-1.599626064300537109e+01,-1.710206222534179688e+01,-1.573787117004394531e+01,-1.226423454284667969e+01,-1.059701824188232422e+01,-1.199223899841308594e+01,-1.484241294860839844e+01,-1.033371162414550781e+01,-2.228337049484252930e+00,8.950991183519363403e-02,-1.577690958976745605e+00,-6.378833770751953125e+00,-2.800151443481445312e+01,-2.388116645812988281e+01,-1.881889724731445312e+01,-3.837758636474609375e+01,-5.462091827392578125e+01,-5.713998031616210938e+01,-4.886323547363281250e+01,-2.169920921325683594e+01,-1.226388931274414062e+01,-2.437863540649414062e+01,-5.720658111572265625e+01,-6.580259704589843750e+01,-5.928677368164062500e+01,-5.306525421142578125e+01,-4.815003204345703125e+01,-4.278028869628906250e+01,-5.195602035522460938e+01,-5.141130065917968750e+01,-5.256513977050781250e+01,-5.395592498779296875e+01,-5.289633941650390625e+01,-4.912973022460937500e+01,-5.066707992553710938e+01,-5.599018859863281250e+01,-5.746267318725585938e+01,-5.856511688232421875e+01,-4.690742492675781250e+01,-4.141379547119140625e+01,-3.294966125488281250e+01,-2.924442291259765625e+01,-2.289679718017578125e+01,-1.851761817932128906e+01,-1.645262908935546875e+01,-1.702350616455078125e+01,-1.222364997863769531e+01,-1.287538528442382812e+01,-1.438690280914306641e+01,-1.582879447937011719e+01,-1.609363937377929688e+01,-1.383447456359863281e+01,-1.305749320983886719e+01,-1.004591751098632812e+01,-1.190286445617675781e+01,-5.266819763183593750e+01,-6.121598815917968750e+01,-4.001215362548828125e+01,-3.595439147949218750e+01,-3.546860504150390625e+01,-3.942649078369140625e+01,-3.701012420654296875e+01,-3.410578918457031250e+01,-3.578093719482421875e+01,-4.446426773071289062e+01,-7.115501403808593750e+01,-7.591008758544921875e+01,-7.146715545654296875e+01,-6.749125671386718750e+01,-6.412431335449218750e+01,-6.160766601562500000e+01,-5.676360702514648438e+01,-5.814202117919921875e+01,-5.678806304931640625e+01,-4.882063293457031250e+01,-3.897612762451171875e+01,-3.735868835449218750e+01,-3.225488281250000000e+01,-2.506288909912109375e+01,-2.559494590759277344e+01,-3.173089408874511719e+01,-2.155276870727539062e+01,-3.954107284545898438e+00,4.218296408653259277e-01,-1.146237182617187500e+01,-1.897302818298339844e+01,-9.987861633300781250e+00,-2.081036376953125000e+01,-2.269537544250488281e+01,-2.287976074218750000e+01,-3.462360382080078125e+01,-4.053990554809570312e+01,-2.748208236694335938e+01,-3.500341653823852539e+00,3.584372997283935547e+00,-3.508254528045654297e+00,-8.932380676269531250e+00,-1.594416809082031250e+01,-2.645617866516113281e+01,-3.409921264648437500e+01,-2.142547607421875000e+01,-9.105088233947753906e+00,-1.310718154907226562e+01,-1.926085662841796875e+01,-2.656044006347656250e+01,-3.381598663330078125e+01,-4.150381469726562500e+01,-3.697722244262695312e+01,-1.557727241516113281e+01,-2.892559051513671875e+01,-4.940970611572265625e+01,-5.227462005615234375e+01,-4.423126983642578125e+01,-3.818183898925781250e+01,-3.602145385742187500e+01,-3.653385543823242188e+01,-4.367399215698242188e+01,-4.533927917480468750e+01,-3.973048782348632812e+01,-3.455696105957031250e+01,-3.314442443847656250e+01,-2.650495338439941406e+01,-2.333148193359375000e+01,-4.867482757568359375e+01,-6.076401138305664062e+01,-6.030461883544921875e+01,-5.991304016113281250e+01,-5.428813171386718750e+01,-4.327685546875000000e+01,-3.904633331298828125e+01,-4.072253417968750000e+01,-4.300247955322265625e+01,-4.729221725463867188e+01,-4.254751968383789062e+01,-3.003127098083496094e+01,-1.448025035858154297e+01,-9.577745437622070312e+00,-2.254649925231933594e+01,-3.876980972290039062e+01,-4.359725189208984375e+01,-4.460525894165039062e+01,-3.947233200073242188e+01,-3.935885620117187500e+01,-4.237037277221679688e+01,-4.405741500854492188e+01,-4.858743286132812500e+01,-4.477497482299804688e+01,-2.873523712158203125e+01,-1.414263534545898438e+01,-1.048058700561523438e+01,-8.670871734619140625e+00,-8.297651290893554688e+00,-8.821820259094238281e+00,-9.219215393066406250e+00,-1.836187744140625000e+01,-2.402578353881835938e+01,-3.043573760986328125e+01,-3.965975189208984375e+01,-4.475346755981445312e+01,-3.687969970703125000e+01,-2.716775512695312500e+01,-1.494008731842041016e+01,-9.595748901367187500e+00,-1.701054573059082031e+01,-2.259389877319335938e+01,-1.434474563598632812e+01,-1.079354000091552734e+01,-1.133564186096191406e+01,-9.088068008422851562e+00,-9.682918548583984375e+00,-9.059612274169921875e+00,-7.063666343688964844e+00,-5.959599494934082031e+00,-9.959173202514648438e+00,-1.130358123779296875e+01,-2.383582496643066406e+01,-2.974481391906738281e+01,-3.494230651855468750e+01,-3.117132759094238281e+01,-1.923696517944335938e+01,-8.155622482299804688e+00,-1.278418159484863281e+01,-2.556582641601562500e+01,-2.620369720458984375e+01,-2.498387527465820312e+01,-3.506425857543945312e+01,-4.478359222412109375e+01,-3.148938941955566406e+01,-1.671232032775878906e+01,-8.293313026428222656e+00,-9.420248985290527344e+00,-8.573870658874511719e+00,-1.360734176635742188e+01,-2.162397003173828125e+01,-3.174271011352539062e+01,-3.909194946289062500e+01,-3.946381759643554688e+01,-4.022602844238281250e+01,-6.684856414794921875e+01,-7.101795959472656250e+01,-6.808358764648437500e+01,-6.211945343017578125e+01,-5.679728698730468750e+01,-4.709039688110351562e+01,-3.967542266845703125e+01,-3.428845214843750000e+01,-3.297488403320312500e+01,-3.724176025390625000e+01,-4.267224502563476562e+01,-5.586245727539062500e+01,-5.953802871704101562e+01,-5.944860839843750000e+01,-6.025126266479492188e+01,-6.029621505737304688e+01,-5.834438705444335938e+01,-5.571580505371093750e+01,-5.829803466796875000e+01,-6.072526168823242188e+01,-5.966788482666015625e+01,-5.398176956176757812e+01,-5.143863677978515625e+01,-5.183752441406250000e+01,-5.191692733764648438e+01,-4.614831924438476562e+01,-4.542486572265625000e+01,-3.864770507812500000e+01,-2.911069869995117188e+01,-1.604059219360351562e+01,-1.439095497131347656e+01,-2.422061157226562500e+01,-2.856530189514160156e+01,-2.469548416137695312e+01,-2.561247253417968750e+01,-3.846249389648437500e+01,-4.537425994873046875e+01,-2.936639785766601562e+01,-2.174434280395507812e+01,-2.641994094848632812e+01,-4.034953689575195312e+01,-4.119737243652343750e+01,-3.016349411010742188e+01,-2.670760154724121094e+01,-2.234856033325195312e+01,-2.296661186218261719e+01,-2.952923965454101562e+01,-3.179549407958984375e+01,-2.778690338134765625e+01,-1.718867301940917969e+01,-1.755539512634277344e+01,-2.466126823425292969e+01,-2.077954864501953125e+01,-1.790506362915039062e+01,-2.701118469238281250e+01,-2.967306518554687500e+01,-3.356452941894531250e+01,-4.350191116333007812e+01,-4.058869934082031250e+01,-2.436157989501953125e+01,-5.031744003295898438e+01,-6.788105010986328125e+01,-6.927124023437500000e+01,-5.974323272705078125e+01,-5.256512451171875000e+01,-3.767693328857421875e+01,-3.147174072265625000e+01,-2.818457794189453125e+01,-2.576107025146484375e+01,-2.624582672119140625e+01,-2.314318466186523438e+01,-2.156175613403320312e+01,-2.110254669189453125e+01,-1.780853843688964844e+01,-2.089562225341796875e+01,-1.850371551513671875e+01,-1.582499313354492188e+01,-2.266259956359863281e+01,-2.230316162109375000e+01,-1.834138298034667969e+01,-1.159986877441406250e+01,-1.526330947875976562e+00,-2.714136123657226562e+00,-9.195710182189941406e+00,-1.309630966186523438e+01,-1.185896682739257812e+01,-8.737215042114257812e+00,-5.752468109130859375e+00,-1.135182023048400879e+00,-1.547330379486083984e+00,-2.655489444732666016e-01,-4.282849311828613281e+00,-7.073165893554687500e+00,-6.867855072021484375e+00,5.154785513877868652e-01,-1.396053314208984375e+01,-2.605908966064453125e+01,-2.326898574829101562e+01,-2.132131195068359375e+01,-2.568658447265625000e+01,-4.166210937500000000e+01,-4.489568328857421875e+01,-2.551803207397460938e+01,-1.585482406616210938e+01,-1.788034057617187500e+01,-2.033295249938964844e+01,-1.867422676086425781e+01,-1.711898422241210938e+01,-2.046863365173339844e+01,-1.761417007446289062e+01,-1.248226642608642578e+01,-8.902004241943359375e+00,-1.478717041015625000e+01,-1.103884696960449219e+01,-1.165095710754394531e+01,-2.447897720336914062e+01,-3.904410171508789062e+01,-4.179511260986328125e+01,-4.224439620971679688e+01,-3.637757110595703125e+01,-3.143225860595703125e+01,-3.143994522094726562e+01,-2.907958602905273438e+01,-2.773126220703125000e+01,-2.829968070983886719e+01,-3.169819831848144531e+01,-2.714609909057617188e+01,-2.581031036376953125e+01,-3.231246566772460938e+01,-4.992476654052734375e+01,-4.982750320434570312e+01,-4.218402099609375000e+01,-4.460694503784179688e+01,-5.522498321533203125e+01,-6.102711868286132812e+01,-5.914789199829101562e+01,-5.337802886962890625e+01,-4.555030822753906250e+01,-3.920827102661132812e+01,-3.791730499267578125e+01,-3.466323089599609375e+01,-3.761727905273437500e+01,-3.645095443725585938e+01,-3.561145782470703125e+01,-2.818564605712890625e+01,-2.087986373901367188e+01,-1.368296051025390625e+01,-1.396249771118164062e+01,-1.662028121948242188e+01,-4.093846130371093750e+01,-5.245113372802734375e+01,-4.853678894042968750e+01,-4.970228576660156250e+01,-4.223099899291992188e+01,-2.399015808105468750e+01,-1.065142440795898438e+01,-1.136913299560546875e+01,-1.517998313903808594e+01,-2.521063613891601562e+01,-2.013709640502929688e+01,-7.278774261474609375e+00,-4.092326164245605469e-01,-1.088152027130126953e+01,-3.399205780029296875e+01,-4.913174438476562500e+01,-4.297795104980468750e+01,-2.712962722778320312e+01,-1.445364570617675781e+01,-3.740912914276123047e+00,-1.362676811218261719e+01,-2.091476440429687500e+01,-2.704850387573242188e+01,-2.486018753051757812e+01,-3.111733436584472656e+01,-2.595661163330078125e+01,-1.650434875488281250e+01,-1.550903511047363281e+01,-1.133105659484863281e+01,-1.149103546142578125e+01,-1.575100708007812500e+01,-1.183464622497558594e+01,-1.948921585083007812e+01,-3.476704406738281250e+01,-4.631617736816406250e+01,-4.565617370605468750e+01,-4.140763092041015625e+01,-4.454426574707031250e+01,-4.834568405151367188e+01,-4.412372207641601562e+01,-3.716017150878906250e+01,-3.663527679443359375e+01,-3.725292968750000000e+01,-3.691367340087890625e+01,-3.492033386230468750e+01,-2.067475891113281250e+01,-8.920168876647949219e+00,-6.228279113769531250e+00,-6.315589904785156250e+00,-6.306775093078613281e+00,-7.793589591979980469e+00,-9.993312358856201172e-01,-3.011907339096069336e+00,-2.656381428241729736e-01,7.903217673301696777e-01,-1.138402223587036133e+00,-6.944976329803466797e+00,-1.129891395568847656e+01,-9.120126724243164062e+00,-7.071108818054199219e+00,-5.172746181488037109e+00,-5.276097297668457031e+00,-5.425997734069824219e+00,-3.284621715545654297e+00,-7.251574993133544922e-01,-1.072628974914550781e+00,-6.392305374145507812e+00,-5.412641525268554688e+00,-5.134728431701660156e+00,-6.971070766448974609e+00,-9.738403320312500000e+00,-9.476145744323730469e+00,-1.155157852172851562e+01,-5.454721450805664062e+00,1.169545769691467285e+00,-3.561898171901702881e-01,-2.522169589996337891e+00,-6.495487213134765625e+00,-6.661807060241699219e+00,-2.949837493896484375e+01,-4.316355133056640625e+01,-4.613172912597656250e+01,-3.781850433349609375e+01,-2.660945510864257812e+01,-3.270392990112304688e+01,-4.675685882568359375e+01,-5.257051086425781250e+01,-2.917722320556640625e+01,-2.426180267333984375e+01,-3.786806488037109375e+01,-3.761417388916015625e+01,-4.012807464599609375e+01,-3.579962921142578125e+01,-2.534644317626953125e+01,-2.712753677368164062e+01,-2.426134109497070312e+01,-2.423084259033203125e+01,-3.330681610107421875e+01,-2.891996002197265625e+01,-2.705402374267578125e+01,-2.934476089477539062e+01,-3.462693405151367188e+01,-3.916225814819335938e+01,-4.317723846435546875e+01,-4.046572113037109375e+01,-1.916595268249511719e+01,-3.873279094696044922e+00,-5.355075836181640625e+00,-8.620197296142578125e+00,-6.773591995239257812e+00,-2.622280120849609375e+01,-4.148083496093750000e+01,-4.271638488769531250e+01,-4.533927536010742188e+01,-4.174784088134765625e+01,-3.971972656250000000e+01,-4.363359832763671875e+01,-4.413153076171875000e+01,-4.491943359375000000e+01,-4.484781265258789062e+01,-4.678552246093750000e+01,-4.761574172973632812e+01,-4.024724960327148438e+01,-3.746582412719726562e+01,-4.773839569091796875e+01,-5.448336029052734375e+01,-5.168330383300781250e+01,-4.765811920166015625e+01,-5.906743240356445312e+01,-5.633924102783203125e+01,-4.530503845214843750e+01,-5.619962310791015625e+01,-7.566708374023437500e+01,-7.243116760253906250e+01,-6.438067626953125000e+01,-5.259793472290039062e+01,-4.807501602172851562e+01,-4.558625411987304688e+01,-4.601034164428710938e+01,-4.978108215332031250e+01,-4.837702178955078125e+01,-4.778722381591796875e+01,-4.562710571289062500e+01,-3.813259887695312500e+01,-2.471458244323730469e+01,-2.033966255187988281e+01,-2.451209640502929688e+01,-2.305751800537109375e+01,-2.554176902770996094e+01,-2.747256851196289062e+01,-2.950311660766601562e+01,-3.278348922729492188e+01,-5.055681991577148438e+01,-5.259478759765625000e+01,-4.609964370727539062e+01,-3.570779418945312500e+01,-2.700455665588378906e+01,-2.855922317504882812e+01,-2.983876037597656250e+01,-2.545604133605957031e+01,-1.972598266601562500e+01,-2.262114524841308594e+01,-3.181423187255859375e+01,-3.101001739501953125e+01,-2.534593200683593750e+01,-2.705775070190429688e+01,-2.584722900390625000e+01,-2.640528106689453125e+01,-2.555548477172851562e+01,-2.385165405273437500e+01,-3.625115203857421875e+01,-4.233926391601562500e+01,-3.145214080810546875e+01,-8.677397727966308594e+00,-8.061692714691162109e-01,1.117920684814453125e+01,1.496078586578369141e+01,1.546281147003173828e+01,1.347291183471679688e+01,8.487941741943359375e+00,8.298400878906250000e+00,-1.038159656524658203e+01,-2.116334152221679688e+01,-2.784848594665527344e+01,-2.653083038330078125e+01,-3.007533264160156250e+01,-3.706233596801757812e+01,-4.077582931518554688e+01,-5.899251556396484375e+01,-6.049817657470703125e+01,-5.187180328369140625e+01,-4.404155731201171875e+01,-4.461592483520507812e+01,-4.127643585205078125e+01,-3.221886062622070312e+01,-3.421994781494140625e+01,-3.347651672363281250e+01,-2.901982498168945312e+01,-3.127382850646972656e+01,-3.350679779052734375e+01,-3.759710693359375000e+01,-3.532386779785156250e+01,-2.833760070800781250e+01,-1.293169975280761719e+01,-1.722497344017028809e+00,-2.085060834884643555e+00,-7.394372463226318359e+00,-1.562191390991210938e+01,-2.995181274414062500e+01,-3.543656921386718750e+01,-3.157491111755371094e+01,-3.641713714599609375e+01,-3.987389373779296875e+01,-3.927895736694335938e+01,-3.221696472167968750e+01,-2.337001419067382812e+01,-1.890304183959960938e+01,-1.417628097534179688e+01,-6.613232612609863281e+00,-8.383550643920898438e+00,-1.023363494873046875e+01,-9.656389236450195312e+00,8.426985740661621094e-01,-3.565177917480468750e-01,-1.101713371276855469e+01,-8.498575210571289062e+00,-5.211254119873046875e+00,-8.182872772216796875e+00,1.023644089698791504e+00,4.415449619293212891e+00,6.636742115020751953e+00,6.207085132598876953e+00,2.336058616638183594e+00,5.885706901550292969e+00,3.371048688888549805e+00,3.178444147109985352e+00,-1.546230554580688477e+00,-2.168902587890625000e+01,-3.707409667968750000e+01,-4.164110183715820312e+01,-3.307866287231445312e+01,-2.494013977050781250e+01,-1.624279594421386719e+01,-1.848178863525390625e+01,-2.330238342285156250e+01,-2.009769630432128906e+01,-1.772986793518066406e+01,-2.051920318603515625e+01,-3.542283630371093750e+01,-3.934883117675781250e+01,-3.945188140869140625e+01,-2.367217254638671875e+01,-1.244476127624511719e+01,-1.243453693389892578e+01,-6.903184890747070312e+00,-1.341932106018066406e+01,-2.086528015136718750e+01,-1.354420852661132812e+01,-9.913671493530273438e+00,-3.198883247375488281e+01,-4.019893264770507812e+01,-4.091726684570312500e+01,-4.183481216430664062e+01,-4.112048721313476562e+01,-5.336941909790039062e+01,-5.692726135253906250e+01,-5.623292160034179688e+01,-5.612844848632812500e+01,-5.348722839355468750e+01,-5.135707092285156250e+01,-4.196949768066406250e+01,-3.581120681762695312e+01,-3.856869125366210938e+01,-3.465171813964843750e+01,-2.878275299072265625e+01,-2.272830009460449219e+01,-2.214564132690429688e+01,-1.906576538085937500e+01,-1.500136756896972656e+01,-1.404485988616943359e+01,-1.667218399047851562e+01,-2.137560844421386719e+01,-4.362976074218750000e+01,-5.391020202636718750e+01,-4.620074081420898438e+01,-3.243931579589843750e+01,-2.364421463012695312e+01,-1.732945060729980469e+01,-2.111582565307617188e+01,-1.918078613281250000e+01,-1.711953353881835938e+01,-2.396527862548828125e+01,-2.451562881469726562e+01,-1.741875648498535156e+01,-2.030661773681640625e+01,-3.107136154174804688e+01,-2.725336074829101562e+01,-9.069639205932617188e+00,-8.893328666687011719e+00,-1.189256858825683594e+01,-1.455859947204589844e+01,-1.306512641906738281e+01,-1.843752288818359375e+01,-1.958142089843750000e+01,-2.041425704956054688e+01,-2.222624397277832031e+01,-7.659022331237792969e+00,3.943392753601074219e+00,1.391056776046752930e+00,-1.580825519561767578e+01,-5.836829376220703125e+01,-6.702813720703125000e+01,-6.435363769531250000e+01,-5.634033966064453125e+01,-5.100003814697265625e+01,-4.372985076904296875e+01,-3.339964294433593750e+01,-4.350827407836914062e+01,-5.550770568847656250e+01,-6.257418823242187500e+01,-6.311250305175781250e+01,-4.379763031005859375e+01,-3.781072235107421875e+01,-3.549193572998046875e+01,-3.700524520874023438e+01,-3.075761222839355469e+01,-5.010532379150390625e+01,-6.007492828369140625e+01,-5.885396194458007812e+01,-5.933024597167968750e+01,-6.382855606079101562e+01,-6.777880859375000000e+01,-7.224326324462890625e+01,-6.472863769531250000e+01,-5.753734588623046875e+01,-4.559524536132812500e+01,-4.673154449462890625e+01,-4.917073059082031250e+01,-5.189626312255859375e+01,-5.235401916503906250e+01,-5.111013031005859375e+01,-5.002909469604492188e+01,-4.573069763183593750e+01,-3.877620697021484375e+01,-3.669538116455078125e+01,-4.184628295898437500e+01,-5.353987884521484375e+01,-6.153961181640625000e+01,-6.181502532958984375e+01,-5.151186370849609375e+01,-2.788426971435546875e+01,-1.176947307586669922e+01,-1.480784320831298828e+01,-3.005289268493652344e+01,-3.298209381103515625e+01,-2.896635055541992188e+01,-2.437135314941406250e+01,-1.591893386840820312e+01,-1.500403118133544922e+01,-1.411233997344970703e+01,-4.125564193725585938e+01,-5.322426605224609375e+01,-5.858518981933593750e+01,-6.067406463623046875e+01,-5.679695129394531250e+01,-4.962697601318359375e+01,-4.739129638671875000e+01,-4.098630523681640625e+01,-2.543020439147949219e+01,-2.873143768310546875e+01,-4.378424835205078125e+01,-4.016476821899414062e+01,-2.723432540893554688e+01,-1.145009517669677734e+01,-9.239971160888671875e+00,-9.703679084777832031e+00,-2.898704528808593750e+01,-3.201817321777343750e+01,-2.018549346923828125e+01,-3.838288116455078125e+01,-5.024903869628906250e+01,-4.694260406494140625e+01,-4.189421081542968750e+01,-3.763550186157226562e+01,-2.978663253784179688e+01,-1.701777076721191406e+01,-2.088013839721679688e+01,-4.036756134033203125e+01,-5.128885269165039062e+01,-5.417052459716796875e+01,-5.480814361572265625e+01,-5.953762817382812500e+01,-5.678893280029296875e+01,-4.209393692016601562e+01,-3.628738403320312500e+01,-3.767243194580078125e+01,-3.160519790649414062e+01,-2.840448760986328125e+01,-3.643647384643554688e+01,-4.075242996215820312e+01,-3.623162841796875000e+01,-2.206102943420410156e+01,-1.530995368957519531e+01,-2.021161460876464844e+01,-2.100565910339355469e+01,-2.309544754028320312e+01,-2.962991714477539062e+01,-3.756999588012695312e+01,-4.460774230957031250e+01,-3.552856826782226562e+01,-3.236220550537109375e+01,-2.802177810668945312e+01,-1.122251129150390625e+01,-1.049094581604003906e+01,-9.083307266235351562e+00,-3.920900726318359375e+01,-5.414292526245117188e+01,-5.857254028320312500e+01,-6.514981079101562500e+01,-6.583076477050781250e+01,-5.965228271484375000e+01,-5.368961334228515625e+01,-5.119654083251953125e+01,-4.140138244628906250e+01,-4.141489410400390625e+01,-3.651010894775390625e+01,-3.633900451660156250e+01,-3.687541198730468750e+01,-3.599435424804687500e+01,-2.707648086547851562e+01,-2.331193923950195312e+01,-2.161236190795898438e+01,-1.187958335876464844e+01,-9.001507759094238281e+00,-1.300068569183349609e+01,-1.337997341156005859e+01,-1.268909835815429688e+01,-1.856575393676757812e+01,-2.557536888122558594e+01,-2.789583206176757812e+01,-2.631085205078125000e+01,-2.703483581542968750e+01,-2.171143722534179688e+01,-1.567745399475097656e+01,-1.689193344116210938e+01,-1.418084144592285156e+01,-2.529592037200927734e+00,-3.066095113754272461e-01,-3.944111108779907227e+00,-6.607947349548339844e+00,-2.715507507324218750e+01,-4.376104736328125000e+01,-3.897255706787109375e+01,-2.393935012817382812e+01,-1.854114532470703125e+01,-1.767371749877929688e+01,-2.011555862426757812e+01,-3.319013214111328125e+01,-4.045047760009765625e+01,-4.190578079223632812e+01,-4.385347366333007812e+01,-4.186400222778320312e+01,-2.455393981933593750e+01,-7.957408905029296875e+00,-3.538551807403564453e+00,-5.437706947326660156e+00,-7.164818763732910156e+00,-4.355072021484375000e+01,-6.136612701416015625e+01,-5.074918746948242188e+01,-3.204842758178710938e+01,-2.374303245544433594e+01,-2.496267318725585938e+01,-2.497254943847656250e+01,-9.068811416625976562e+00,-2.458302259445190430e+00,-9.366422653198242188e+00,-3.000649642944335938e+01,-3.718372344970703125e+01,-3.093994331359863281e+01,-2.424047088623046875e+01,-1.979206085205078125e+01,-1.649406433105468750e+01,-1.517769432067871094e+01,-7.064537048339843750e+00,-3.731528282165527344e+00,-2.073114871978759766e+00,1.064186215400695801e+00,-7.364173889160156250e+00,-1.379107856750488281e+01,-7.786591529846191406e+00,-5.955431461334228516e+00,-4.257848262786865234e+00,-7.009328842163085938e+00,-1.503193473815917969e+01,-2.930068588256835938e+01,-4.398696899414062500e+01,-4.597434234619140625e+01,-4.065579986572265625e+01,-2.200017547607421875e+01,-2.805852317810058594e+01,-4.876186752319335938e+01,-5.670407104492187500e+01,-4.559093475341796875e+01,-3.156926345825195312e+01,-2.623684692382812500e+01,-2.716149711608886719e+01,-3.308821105957031250e+01,-3.799354171752929688e+01,-5.050214004516601562e+01,-5.298783111572265625e+01,-4.826696014404296875e+01,-3.462874984741210938e+01,-2.313711547851562500e+01,-1.652449798583984375e+01,-1.910757827758789062e+01,-2.278063011169433594e+01,-2.933091735839843750e+01,-3.241416931152343750e+01,-3.199904632568359375e+01,-3.123929977416992188e+01,-2.602422332763671875e+01,-2.191340637207031250e+01,-2.349351119995117188e+01,-2.148492050170898438e+01,-2.259575271606445312e+01,-1.950782012939453125e+01,-9.250426292419433594e+00,-6.917185306549072266e+00,-1.965375900268554688e+01,-1.722972106933593750e+01,-9.867835044860839844e+00,-4.292372131347656250e+01,-5.758977127075195312e+01,-5.921870422363281250e+01,-5.581558990478515625e+01,-5.330001449584960938e+01,-3.756709289550781250e+01,-1.993920516967773438e+01,-3.674642944335937500e+01,-5.201984024047851562e+01,-4.819956588745117188e+01,-2.772043609619140625e+01,-2.215052795410156250e+01,-1.202402877807617188e+01,-1.600050354003906250e+01,-2.262757682800292969e+01,-1.540474700927734375e+01,-1.479952144622802734e+01,-3.438267517089843750e+01,-4.864760589599609375e+01,-4.747681427001953125e+01,-3.754766845703125000e+01,-3.397296905517578125e+01,-4.039709472656250000e+01,-4.548736190795898438e+01,-3.720124053955078125e+01,-3.302753829956054688e+01,-3.196033096313476562e+01,-4.427779006958007812e+01,-3.899887466430664062e+01,-3.146392440795898438e+01,-2.938815689086914062e+01,-3.377165222167968750e+01,-4.239990234375000000e+01,-4.145532226562500000e+01,-2.929504585266113281e+01,-1.805835723876953125e+01,-1.720565986633300781e+01,-2.237290191650390625e+01,-2.915005493164062500e+01,-3.335412597656250000e+01,-3.630945968627929688e+01,-3.621987152099609375e+01,-3.213808441162109375e+01,-1.268141746520996094e+01,-6.618206977844238281e+00,-9.545107841491699219e+00,-1.104813861846923828e+01,-1.176734161376953125e+01,-2.268486022949218750e+01,-2.294391250610351562e+01,-2.247778511047363281e+01,-2.335357284545898438e+01,-3.597234725952148438e+01,-4.766733551025390625e+01,-5.215579986572265625e+01,-4.542813110351562500e+01,-3.496297454833984375e+01,-2.703558921813964844e+01,-2.228171348571777344e+01,-2.201275253295898438e+01,-1.605388069152832031e+01,-3.452768325805664062e+01,-3.739048767089843750e+01,-2.785859680175781250e+01,-2.761089706420898438e+01,-2.591839981079101562e+01,-2.025052833557128906e+01,-1.657373619079589844e+01,-9.328092575073242188e+00,-1.286840438842773438e+01,-1.631958007812500000e+01,-2.050078582763671875e+01,-2.206232833862304688e+01,-3.418643951416015625e+01,-4.853569793701171875e+01,-5.692648696899414062e+01,-5.349137115478515625e+01,-5.187512207031250000e+01,-5.294747924804687500e+01,-5.380138015747070312e+01,-5.612551498413085938e+01,-5.476425170898437500e+01,-5.383228302001953125e+01,-4.903112030029296875e+01,-5.058415985107421875e+01,-4.099195480346679688e+01,-3.773902893066406250e+01,-4.368441390991210938e+01,-4.344683074951171875e+01,-4.054821777343750000e+01,-4.183718490600585938e+01,-4.521202087402343750e+01,-4.353588104248046875e+01,-3.814781188964843750e+01,-3.070871162414550781e+01,-2.363605117797851562e+01,-1.897057151794433594e+01,-1.356073093414306641e+01,-1.103864860534667969e+01,-7.618470191955566406e+00,-4.421094894409179688e+00,-6.026868820190429688e+00,-6.037598609924316406e+00,-4.383563518524169922e+00,-3.069468975067138672e+00,-2.761197566986083984e+00,-4.011825561523437500e+00,-1.168189811706542969e+01,-1.426449680328369141e+01,-1.473639392852783203e+01,-1.063072395324707031e+01,1.992867469787597656e+00,2.532142162322998047e+00,-4.979702472686767578e+00,-8.652568817138671875e+00,-5.806576251983642578e+00,-6.798053979873657227e-01,-2.033577203750610352e+00,-1.097674250602722168e+00,-5.647282600402832031e+00,-4.864046573638916016e+00,-3.368071079254150391e+00,-2.688106918334960938e+01,-4.199095153808593750e+01,-3.764540863037109375e+01,-2.368582534790039062e+01,-2.230036926269531250e+01,-3.243128204345703125e+01,-4.912513732910156250e+01,-5.916334533691406250e+01,-4.505244445800781250e+01,-3.296778869628906250e+01,-3.041049957275390625e+01,-2.942433547973632812e+01,-2.344880867004394531e+01,-1.437163734436035156e+01,-4.793684959411621094e+00,-4.295199394226074219e+00,-6.755562782287597656e+00,-1.076445007324218750e+01,-1.404856681823730469e+01,-2.327052307128906250e+01,-3.268279266357421875e+01,-3.097899627685546875e+01,-3.408801269531250000e+01,-3.730463790893554688e+01,-4.096387100219726562e+01,-3.859678649902343750e+01,-4.027058410644531250e+01,-4.767579650878906250e+01,-4.707479095458984375e+01,-3.241671752929687500e+01,-2.158681106567382812e+01,-1.290642738342285156e+01,-1.279675674438476562e+01,-1.081993865966796875e+01,-1.457002449035644531e+01,-1.655329132080078125e+01,-1.215090465545654297e+01,-1.028038597106933594e+01,-2.009297561645507812e+01,-2.887442016601562500e+01,-2.952753257751464844e+01,-2.539207077026367188e+01,-2.774247550964355469e+01,-2.876424598693847656e+01,-2.423687744140625000e+01,-2.819798660278320312e+01,-2.674813270568847656e+01,-2.006472396850585938e+01,-2.313394927978515625e+01,-1.869948196411132812e+01,-3.127683067321777344e+01,-4.214181900024414062e+01,-3.983722686767578125e+01,-3.523171997070312500e+01,-3.235881042480468750e+01,-2.978256607055664062e+01,-2.103763198852539062e+01,-7.181468963623046875e+00,-1.711231231689453125e+01,-4.090446090698242188e+01,-5.638665008544921875e+01,-5.428056335449218750e+01,-4.800659179687500000e+01,-3.997975158691406250e+01,-2.632771682739257812e+01,-2.045329666137695312e+01,-1.875509643554687500e+01,-1.572124004364013672e+01,-1.494056987762451172e+01,-2.427190017700195312e+01,-3.272939300537109375e+01,-3.223465728759765625e+01,-2.220795440673828125e+01,-1.023228836059570312e+01,-1.168234825134277344e+01,-1.330677604675292969e+01,-2.035604476928710938e+01,-3.258427810668945312e+01,-2.720063209533691406e+01,-9.722521781921386719e+00,-1.745188474655151367e+00,-6.987208843231201172e+00,-2.024721717834472656e+01,-3.967043304443359375e+01,-4.393844604492187500e+01,-4.484893798828125000e+01,-3.866053771972656250e+01,-2.728013992309570312e+01,-1.644076728820800781e+01,-1.465068817138671875e+01,-1.361966419219970703e+01,-1.660548019409179688e+01,-1.426964950561523438e+01,-1.541893196105957031e+01,-1.583348846435546875e+01,-1.665933227539062500e+01,-2.059267425537109375e+01,-3.082412338256835938e+01,-4.027203369140625000e+01,-4.909414672851562500e+01,-5.154061126708984375e+01,-4.899953460693359375e+01,-4.906214141845703125e+01,-4.005189514160156250e+01,-3.910128021240234375e+01,-3.851998519897460938e+01,-4.061763000488281250e+01,-3.571894073486328125e+01,-2.998501586914062500e+01,-4.567187500000000000e+01,-5.595721054077148438e+01,-6.004892730712890625e+01,-5.815370941162109375e+01,-5.389849472045898438e+01,-4.913358306884765625e+01,-4.425277709960937500e+01,-4.127458953857421875e+01,-3.914125442504882812e+01,-2.681363105773925781e+01,-1.593832302093505859e+01,-1.198370647430419922e+01,-1.951061630249023438e+01,-3.121846389770507812e+01,-3.714492034912109375e+01,-3.142177009582519531e+01,-2.782384490966796875e+01,-2.232906723022460938e+01,-2.139544486999511719e+01,-3.172936820983886719e+01,-3.764518356323242188e+01,-3.389001464843750000e+01,-3.416109085083007812e+01,-2.355507659912109375e+01,-6.933823585510253906e+00,-4.739774227142333984e+00,-6.064966201782226562e+00,-8.776092529296875000e+00,-1.647011947631835938e+01,-2.359136581420898438e+01,-3.115161895751953125e+01,-3.094962692260742188e+01,-2.504556083679199219e+01,-2.702567100524902344e+01,-3.242265701293945312e+01,-2.350107955932617188e+01,-1.449826622009277344e+01,-1.445662689208984375e+01,-8.174426078796386719e+00,-2.918278503417968750e+01,-4.373305892944335938e+01,-4.253611755371093750e+01,-2.619572448730468750e+01,-2.692078399658203125e+01,-4.035161590576171875e+01,-4.211934661865234375e+01,-4.027024078369140625e+01,-3.854428863525390625e+01,-4.170452117919921875e+01,-6.375731658935546875e+01,-6.152455139160156250e+01,-6.192297363281250000e+01,-4.998955154418945312e+01,-3.814572143554687500e+01,-2.771393394470214844e+01,-1.597943305969238281e+01,-2.062270164489746094e+01,-3.038518714904785156e+01,-4.458896636962890625e+01,-4.389172363281250000e+01,-3.952891921997070312e+01,-3.242293167114257812e+01,-2.367882156372070312e+01,-1.243583869934082031e+01,-1.470870876312255859e+01,-1.367201232910156250e+01,-3.234547042846679688e+01,-5.870713043212890625e+01,-6.062915039062500000e+01,-3.245368194580078125e+01,-1.502429199218750000e+01,-7.309970855712890625e+00,-2.238191366195678711e+00,-4.091153144836425781e+00,-1.643647766113281250e+01,-1.595055580139160156e+01,-9.340441703796386719e+00,-6.564207553863525391e+00,-1.033047676086425781e+01,-9.563877105712890625e+00,-8.859788894653320312e+00,-1.032753086090087891e+01,-1.208917236328125000e+01,-1.375779724121093750e+01,-7.706836223602294922e+00,-3.682078838348388672e+00,-8.583578109741210938e+00,-8.220149993896484375e+00,-3.448647737503051758e+00,-2.080551862716674805e+00,-3.466782569885253906e+00,-4.265017509460449219e+00,-3.556222200393676758e+00,-2.939619302749633789e+00,-4.644674301147460938e+00,-3.400470972061157227e+00,-4.624963760375976562e+00,-7.285665035247802734e+00,-1.140447807312011719e+01,-1.116731643676757812e+01,-7.685524463653564453e+00,-9.290354728698730469e+00,-7.144008636474609375e+00,-9.225774765014648438e+00,-5.939292907714843750e+00,-3.037476778030395508e+00,-7.603319644927978516e+00,-5.532009601593017578e-01,-1.643821716308593750e+01,-3.964785003662109375e+01,-4.495415115356445312e+01,-3.457195281982421875e+01,-2.842869567871093750e+01,-2.579610824584960938e+01,-1.898218154907226562e+01,-5.834116935729980469e+00,-1.989940261840820312e+01,-2.855470275878906250e+01,-2.895731353759765625e+01,-2.787913131713867188e+01,-3.637392044067382812e+01,-4.322765350341796875e+01,-3.648220062255859375e+01,-2.971525573730468750e+01,-1.828163146972656250e+01,-1.295993614196777344e+01,-2.159714889526367188e+01,-3.034646034240722656e+01,-3.343999481201171875e+01,-6.261414718627929688e+01,-6.606321716308593750e+01,-5.050817108154296875e+01,-3.868154144287109375e+01,-2.572044754028320312e+01,-1.682163619995117188e+01,-1.059829139709472656e+01,-2.884660720825195312e+01,-4.516177749633789062e+01,-4.761273193359375000e+01,-3.967756271362304688e+01,-3.457434082031250000e+01,-3.467868041992187500e+01,-3.560898590087890625e+01,-4.618453979492187500e+01,-8.099343872070312500e+01,-7.462152099609375000e+01,-5.554907226562500000e+01,-3.337012481689453125e+01,-2.446250152587890625e+01,-2.788400268554687500e+01,-2.117156791687011719e+01,-2.042087173461914062e+01,-2.499537086486816406e+01,-3.305146026611328125e+01,-4.117083740234375000e+01,-3.971408843994140625e+01,-4.004053497314453125e+01,-4.305564498901367188e+01,-4.368394851684570312e+01,-5.145121765136718750e+01,-6.862040710449218750e+01,-6.866716003417968750e+01,-6.486706542968750000e+01,-5.631626892089843750e+01,-4.378746795654296875e+01,-3.961075592041015625e+01,-4.812028503417968750e+01,-5.729157257080078125e+01,-6.124458694458007812e+01,-5.704934692382812500e+01,-5.199130249023437500e+01,-5.200698852539062500e+01,-5.228143310546875000e+01,-6.775378417968750000e+01,-7.203939819335937500e+01,-6.816628265380859375e+01,-5.913704681396484375e+01,-5.775069427490234375e+01,-5.265900802612304688e+01,-4.851640701293945312e+01,-4.744572830200195312e+01,-4.465782928466796875e+01,-4.363173675537109375e+01,-4.517981719970703125e+01,-4.432412719726562500e+01,-3.677514648437500000e+01,-2.674276351928710938e+01,-1.966613006591796875e+01,-2.019121170043945312e+01,-3.520393371582031250e+01,-4.404003906250000000e+01,-4.585860443115234375e+01,-4.796434020996093750e+01,-4.840796279907226562e+01,-3.962166213989257812e+01,-3.724266815185546875e+01,-3.693901062011718750e+01,-3.720668792724609375e+01,-3.246490478515625000e+01,-2.723016357421875000e+01,-3.785887908935546875e+01,-5.419618225097656250e+01,-5.897224807739257812e+01,-5.648515319824218750e+01,-5.243472290039062500e+01,-4.660786056518554688e+01,-4.564617919921875000e+01,-5.008682250976562500e+01,-5.297231674194335938e+01,-4.733106994628906250e+01,-3.118724441528320312e+01,-2.876245880126953125e+01,-2.770002365112304688e+01,-3.169654273986816406e+01,-5.779523849487304688e+01,-6.124940490722656250e+01,-4.606105041503906250e+01,-2.753512573242187500e+01,-1.231026268005371094e+01,-8.948831558227539062e+00,-8.469572067260742188e+00,-1.183325290679931641e+01,-1.407457733154296875e+01,-1.993412971496582031e+00,-1.833905410766601562e+01,-3.558239746093750000e+01,-3.772966003417968750e+01,-2.403483963012695312e+01,-2.507857131958007812e+01,-2.384080123901367188e+01,-2.314096069335937500e+01,-2.800380516052246094e+01,-2.770957946777343750e+01,-1.842632865905761719e+01,-1.325457954406738281e+01,-1.852137947082519531e+01,-1.960095596313476562e+01,-2.318136215209960938e+01,-2.594868278503417969e+01,-2.664479827880859375e+01,-2.153197669982910156e+01,-1.663142013549804688e+01,-1.802293586730957031e+01,-3.066278839111328125e+01,-4.810813903808593750e+01,-6.073799514770507812e+01,-4.685218048095703125e+01,-1.540145397186279297e+01,-1.612978172302246094e+01,-1.651521492004394531e+01,-8.359548568725585938e+00,-6.709712982177734375e+00,-9.946432113647460938e+00,-7.522113800048828125e+00,-6.639162063598632812e+00,-7.729608535766601562e+00,-1.053307056427001953e+01,-1.063377571105957031e+01,-1.590644359588623047e+01,-2.123612022399902344e+01,-1.758483123779296875e+01,-1.803971862792968750e+01,-1.827030563354492188e+01,-1.789008331298828125e+01,-2.382074737548828125e+01,-1.785440444946289062e+01,-8.725885391235351562e+00,-6.141352653503417969e+00,-5.825449466705322266e+00,-8.768989562988281250e+00,-2.297384262084960938e+01,-2.842377471923828125e+01,-3.582594299316406250e+01,-3.161558914184570312e+01,-2.599268722534179688e+01,-2.321952819824218750e+01,-2.673634719848632812e+01,-3.707088088989257812e+01,-3.576583099365234375e+01,-3.410113525390625000e+01,-3.064598083496093750e+01,-2.432107543945312500e+01,-1.907374382019042969e+01,-1.141482734680175781e+01,-3.452228784561157227e+00,6.365108489990234375e-02,-5.998405933380126953e+00,-1.255970859527587891e+01,-2.311593627929687500e+01,-3.624558258056640625e+01,-4.360997772216796875e+01,-5.801723480224609375e+01,-4.897535705566406250e+01,-2.279512977600097656e+01,-4.621436119079589844e+00,-4.354768276214599609e+00,-1.419429397583007812e+01,-1.904931831359863281e+01,-1.800124740600585938e+01,-1.661976623535156250e+01,-1.233163547515869141e+01,-1.840625000000000000e+01,-5.395783615112304688e+01,-6.761106872558593750e+01,-6.848411560058593750e+01,-6.214659118652343750e+01,-6.280450057983398438e+01,-6.406512451171875000e+01,-6.246274566650390625e+01,-6.787545013427734375e+01,-6.901065063476562500e+01,-6.606222534179687500e+01,-5.248139190673828125e+01,-3.692330932617187500e+01,-3.316970825195312500e+01,-3.498490905761718750e+01,-4.002145385742187500e+01,-4.277463912963867188e+01,-3.129390907287597656e+01,-3.265276336669921875e+01,-3.994351196289062500e+01,-3.831620407104492188e+01,-3.782055664062500000e+01,-5.491593170166015625e+01,-4.920354461669921875e+01,-4.738833618164062500e+01,-5.060120010375976562e+01,-4.833673858642578125e+01,-4.424126052856445312e+01,-4.588385772705078125e+01,-3.956850433349609375e+01,-2.415975570678710938e+01,-1.975527000427246094e+01,-3.129785728454589844e+01,-4.977902221679687500e+01,-5.598245239257812500e+01,-4.598609161376953125e+01,-3.333862686157226562e+01,-2.476897811889648438e+01,-2.623595428466796875e+01,-1.743051338195800781e+01,-3.761747598648071289e+00,-5.535881996154785156e+00,-1.509735107421875000e+01,-1.925293159484863281e+01,-1.728026008605957031e+01,-2.313498306274414062e+01,-2.751173782348632812e+01,-3.124210548400878906e+01,-4.137741470336914062e+01,-4.372084045410156250e+01,-4.699230194091796875e+01,-5.483502960205078125e+01,-5.602821731567382812e+01,-6.075279998779296875e+01,-6.183850479125976562e+01,-6.235966110229492188e+01,-5.216422271728515625e+01,-2.846994781494140625e+01,-2.853445243835449219e+01,-3.734329223632812500e+01,-4.121133422851562500e+01,-4.326455688476562500e+01,-4.010851669311523438e+01,-3.614273071289062500e+01,-5.276939773559570312e+01,-6.015068054199218750e+01,-5.649696731567382812e+01,-4.539199829101562500e+01,-3.593429565429687500e+01,-2.796777725219726562e+01,-2.096652603149414062e+01,-1.967603874206542969e+01,-5.655517578125000000e+00,2.524666786193847656e+00,1.406978368759155273e+00,-2.213201904296875000e+01,-3.642078018188476562e+01,-3.692352294921875000e+01,-2.932162094116210938e+01,-2.796814346313476562e+01,-3.218797302246093750e+01,-3.217775726318359375e+01,-3.835240173339843750e+01,-4.016882324218750000e+01,-2.643431663513183594e+01,-2.001437759399414062e+01,-3.515416717529296875e+01,-3.663823699951171875e+01,-1.930377006530761719e+01,-1.973070335388183594e+01,-1.812969779968261719e+01,-2.693589019775390625e+01,-3.752448654174804688e+01,-4.562388610839843750e+01,-3.839206695556640625e+01,-3.481325531005859375e+01,-2.479715728759765625e+01,-1.884779357910156250e+01,-2.638992691040039062e+01,-3.820249176025390625e+01,-4.002934265136718750e+01,-2.122771453857421875e+01,-2.334376907348632812e+01,-3.543379974365234375e+01,-3.752498626708984375e+01,-2.840943908691406250e+01,-1.341492652893066406e+01,-5.581378459930419922e+00,-1.674001932144165039e+00,1.525482416152954102e+00,-2.787643432617187500e+00,2.498546838760375977e+00,5.065157413482666016e-01,-3.599519729614257812e+00,-1.454331159591674805e+00,-2.509019374847412109e+00,-2.179203033447265625e+00,9.592006802558898926e-01,3.440236330032348633e+00,2.599641323089599609e+00,1.824177742004394531e+00,-6.662616729736328125e-01,-5.839398384094238281e+00,-6.993563175201416016e+00,-3.780658483505249023e+00,-4.715467453002929688e+00,-7.498370647430419922e+00,-1.147475814819335938e+01,-1.299918937683105469e+01,-1.305081748962402344e+01,-1.324922084808349609e+01,-1.325315189361572266e+01,-1.775682640075683594e+01,-2.296710205078125000e+01,-2.178357696533203125e+01,-1.357051086425781250e+01,-1.211508178710937500e+01,-9.404584884643554688e+00,9.648763537406921387e-01,-8.455196619033813477e-01,-2.435132980346679688e+01,-3.673954772949218750e+01,-4.633931732177734375e+01,-5.528001785278320312e+01,-6.079204559326171875e+01,-5.580475234985351562e+01,-4.541826248168945312e+01,-4.309822082519531250e+01,-4.331405639648437500e+01,-3.815438079833984375e+01,-2.904561996459960938e+01,-2.462002563476562500e+01,-1.596258449554443359e+01,-1.031003761291503906e+01,-1.396452331542968750e+01,-1.524091053009033203e+01,-2.224905776977539062e+01,-2.873417472839355469e+01,-5.553290939331054688e+01,-6.713256835937500000e+01,-6.160374069213867188e+01,-4.264071655273437500e+01,-2.460158538818359375e+01,-2.198002243041992188e+01,-2.701098251342773438e+01,-3.377091217041015625e+01,-3.920823669433593750e+01,-3.238804626464843750e+01,-2.539101028442382812e+01,-2.388612747192382812e+01,-1.919308280944824219e+01,-1.900825119018554688e+01,-3.035577011108398438e+01,-4.678429412841796875e+01,-4.750000000000000000e+01,-4.196710968017578125e+01,-3.782115936279296875e+01,-3.747951889038085938e+01,-3.516419982910156250e+01,-3.360136413574218750e+01,-3.030241775512695312e+01,-2.963938140869140625e+01,-3.212143707275390625e+01,-3.432727050781250000e+01,-3.571598434448242188e+01,-3.889986419677734375e+01,-2.853940963745117188e+01,-3.208377456665039062e+01,-5.333319091796875000e+01,-5.729286193847656250e+01,-4.655683135986328125e+01,-3.542657852172851562e+01,-3.579124069213867188e+01,-5.029652786254882812e+01,-6.640655517578125000e+01,-7.543185424804687500e+01,-7.202299499511718750e+01,-6.104475402832031250e+01,-5.186011505126953125e+01,-3.956602859497070312e+01,-2.931212615966796875e+01,-5.942736434936523438e+01,-7.078515625000000000e+01,-7.527472686767578125e+01,-7.408424377441406250e+01,-6.563648986816406250e+01,-6.203674316406250000e+01,-6.042660522460937500e+01,-6.386361694335937500e+01,-6.362903213500976562e+01,-5.813084411621093750e+01,-5.235554885864257812e+01,-5.105021667480468750e+01,-4.928961181640625000e+01,-4.719131469726562500e+01,-4.695137786865234375e+01,-4.355641174316406250e+01,-3.064580154418945312e+01,-3.152482223510742188e+01,-4.099730682373046875e+01,-4.347933197021484375e+01,-4.184529876708984375e+01,-3.893915557861328125e+01,-4.853310394287109375e+01,-5.694236755371093750e+01,-5.897159576416015625e+01,-5.345606613159179688e+01,-3.703667068481445312e+01,-2.835031509399414062e+01,-6.352546691894531250e+00,-1.122902107238769531e+01,-2.710160446166992188e+01,-3.312844848632812500e+01,-2.447171783447265625e+01,-2.084837913513183594e+01,-1.308164024353027344e+01,-7.759236812591552734e+00,-2.057282257080078125e+01,-5.308671569824218750e+01,-6.413878631591796875e+01,-6.203339767456054688e+01,-5.785483169555664062e+01,-4.265302658081054688e+01,-2.120771598815917969e+01,-1.516512775421142578e+01,-1.684075164794921875e+01,-1.513737297058105469e+01,-4.592449569702148438e+01,-6.663365173339843750e+01,-7.037425231933593750e+01,-6.317506408691406250e+01,-6.018987655639648438e+01,-6.117317962646484375e+01,-6.279232025146484375e+01,-4.826293945312500000e+01,-2.410484695434570312e+01,-1.738764572143554688e+01,-2.178829193115234375e+01,-2.579479598999023438e+01,-2.683772277832031250e+01,-2.724089622497558594e+01,-2.697319793701171875e+01,-2.295183181762695312e+01,-1.921463394165039062e+01,-1.460888671875000000e+01,-1.332196521759033203e+01,-9.996547698974609375e+00,-1.408366966247558594e+01,-2.292364692687988281e+01,-3.131667709350585938e+01,-4.190334320068359375e+01,-4.270457077026367188e+01,-3.644125366210937500e+01,-3.186746025085449219e+01,-2.929594039916992188e+01,-2.784811973571777344e+01,-2.784945678710937500e+01,-1.734326553344726562e+01,-3.616146564483642578e+00,-1.630690097808837891e+00,-4.906452894210815430e-01,-1.800593972206115723e+00,-1.530433368682861328e+01,-2.051399993896484375e+01,-1.934118652343750000e+01,-1.187135696411132812e+01,-8.517063140869140625e+00,-9.031162261962890625e+00,-1.203023529052734375e+01,-1.592434787750244141e+01,-1.821985626220703125e+01,-2.195055007934570312e+01,-3.144685554504394531e+01,-2.471833038330078125e+01,-1.222414970397949219e+01,-6.523691177368164062e+00,-2.338833236694335938e+01,-4.057321548461914062e+01,-5.061756134033203125e+01,-3.648253631591796875e+01,-2.461049652099609375e+01,-2.679874420166015625e+01,-2.855858612060546875e+01,-3.173998260498046875e+01,-1.949472427368164062e+01,-5.133673095703125000e+01,-6.600864410400390625e+01,-5.928474426269531250e+01,-4.457048416137695312e+01,-2.694200897216796875e+01,-1.578762912750244141e+01,-1.386290359497070312e+01,-2.126054954528808594e+01,-3.261653137207031250e+01,-3.598171234130859375e+01,-2.837632751464843750e+01,-2.827070045471191406e+01,-1.979455947875976562e+01,-2.233836746215820312e+01,-2.130960845947265625e+01,-1.520573425292968750e+01,-1.350953865051269531e+01,-2.001243972778320312e+01,-3.374570846557617188e+01,-4.354960632324218750e+01,-4.204882812500000000e+01,-2.607582092285156250e+01,-3.712644958496093750e+01,-4.383706283569335938e+01,-4.001644134521484375e+01,-3.776304626464843750e+01,-3.935065078735351562e+01,-4.506447601318359375e+01,-3.606582260131835938e+01,-2.847391319274902344e+01,-2.169115638732910156e+01,-1.519659805297851562e+01,-1.884402465820312500e+01,-2.363440322875976562e+01,-2.368841552734375000e+01,-1.857067680358886719e+01,-1.193572330474853516e+01,-8.967520713806152344e+00,-8.957762718200683594e+00,-1.430806350708007812e+01,-2.222992324829101562e+01,-3.155731582641601562e+01,-2.744172096252441406e+01,-1.513144302368164062e+01,-3.418615579605102539e+00,-3.117965221405029297e+00,-5.537420749664306641e+00,-2.438093948364257812e+01,-3.342277526855468750e+01,-4.031363677978515625e+01,-4.173271179199218750e+01,-3.711579895019531250e+01,-3.375695037841796875e+01,-3.437635040283203125e+01,-3.643156433105468750e+01,-3.626199340820312500e+01,-3.632109832763671875e+01,-3.427590942382812500e+01,-3.008040428161621094e+01,-2.143631744384765625e+01,-1.244168567657470703e+01,-1.075632476806640625e+01,-9.112087249755859375e+00,-1.241286754608154297e+01,-1.143581199645996094e+01,-9.239462852478027344e+00,-9.848291397094726562e+00,-9.494735717773437500e+00,-1.303645038604736328e+01,-1.289563179016113281e+01,-1.366237068176269531e+01,-1.166149044036865234e+01,-1.103664970397949219e+01,-1.352549171447753906e+01,-1.643108940124511719e+01,-1.348789024353027344e+01,-6.157788753509521484e+00,-7.658864974975585938e+00,-8.253528594970703125e+00,-1.097157382965087891e+01,-2.257054138183593750e+01,-2.173726081848144531e+01,-2.357303237915039062e+01,-3.848637390136718750e+01,-5.466526794433593750e+01,-5.858258819580078125e+01,-5.284670257568359375e+01,-3.814538192749023438e+01,-5.891965484619140625e+01,-6.599035644531250000e+01,-6.163845825195312500e+01,-4.155878448486328125e+01,-1.912969970703125000e+01,-1.867033004760742188e+01,-2.898316764831542969e+01,-2.955573272705078125e+01,-3.129218864440917969e+01,-2.899178123474121094e+01,-3.379373931884765625e+01,-3.771676254272460938e+01,-4.076748657226562500e+01,-4.027673339843750000e+01,-3.659523773193359375e+01,-3.796153259277343750e+01,-5.291835784912109375e+01,-5.559547424316406250e+01,-5.152933883666992188e+01,-4.773870086669921875e+01,-3.254055786132812500e+01,-2.274623870849609375e+01,-1.872797584533691406e+01,-2.819509887695312500e+01,-3.396399688720703125e+01,-3.166980743408203125e+01,-2.975848770141601562e+01,-3.025078201293945312e+01,-3.261684036254882812e+01,-3.441454315185546875e+01,-3.134910202026367188e+01,-2.292723846435546875e+01,-1.918538665771484375e+01,-4.089982986450195312e+01,-6.130471038818359375e+01,-6.866872406005859375e+01,-6.281402969360351562e+01,-6.101566314697265625e+01,-5.584785461425781250e+01,-5.154513168334960938e+01,-5.024382400512695312e+01,-5.027183532714843750e+01,-5.343485260009765625e+01,-5.716206359863281250e+01,-5.268466186523437500e+01,-3.627558898925781250e+01,-1.827552413940429688e+01,-1.573021125793457031e+01,-3.512744903564453125e+01,-4.648789978027343750e+01,-5.216407012939453125e+01,-5.187617492675781250e+01,-5.444643783569335938e+01,-4.569625854492187500e+01,-3.527043914794921875e+01,-3.048020553588867188e+01,-3.374224090576171875e+01,-3.949285125732421875e+01,-2.212573242187500000e+01,-1.568199729919433594e+01,-1.727222061157226562e+01,-1.941259193420410156e+01,-2.246593475341796875e+01,-2.691432952880859375e+01,-2.431845474243164062e+01,-2.255485725402832031e+01,-2.417410087585449219e+01,-2.404306030273437500e+01,-2.559324836730957031e+01,-2.982590103149414062e+01,-3.450464630126953125e+01,-3.978783416748046875e+01,-4.248671722412109375e+01,-4.321829223632812500e+01,-4.391314697265625000e+01,-4.316472625732421875e+01,-3.829218292236328125e+01,-3.138551521301269531e+01,-1.621687507629394531e+01,-7.500101566314697266e+00,-1.628139495849609375e+01,-4.463285064697265625e+01,-6.085237121582031250e+01,-7.118194580078125000e+01,-7.204304504394531250e+01,-5.207666778564453125e+01,-2.101792335510253906e+01,-1.841089248657226562e+01,-2.677185630798339844e+01,-5.937497329711914062e+01,-7.129647827148437500e+01,-6.510377502441406250e+01,-3.783071899414062500e+01,-1.059232234954833984e+01,-7.104080677032470703e+00,-2.061545181274414062e+01,-2.607371139526367188e+01,-2.086135673522949219e+01,-3.043129730224609375e+01,-4.957654571533203125e+01,-5.387999725341796875e+01,-5.408718109130859375e+01,-5.209527587890625000e+01,-5.515273666381835938e+01,-5.347104644775390625e+01,-5.120814514160156250e+01,-5.026628112792968750e+01,-4.963284683227539062e+01,-4.756430053710937500e+01,-3.987275314331054688e+01,-2.608718109130859375e+01,-1.554034805297851562e+01,-1.538684082031250000e+01,-2.039636611938476562e+01,-1.624633026123046875e+01,-1.141886711120605469e+01,-4.072709560394287109e+00,-5.855641365051269531e+00,-1.008220100402832031e+01,-1.126859569549560547e+01,-3.207455062866210938e+01,-3.513305664062500000e+01,-1.495631408691406250e+01,-4.566534161567687988e-01,-8.314649581909179688e+00,-2.270945358276367188e+01,-2.724216461181640625e+01,-2.129524230957031250e+01,-1.883475875854492188e+01,-1.280141639709472656e+01,3.033257484436035156e+00,1.180639743804931641e+01,-8.894643783569335938e+00,-3.339709472656250000e+01,-3.158650207519531250e+01,-2.237162399291992188e+01,-2.090568923950195312e+01,-1.839577484130859375e+01,-2.432098770141601562e+01,-2.735588073730468750e+01,-2.752818679809570312e+01,-2.663696670532226562e+01,-2.963937377929687500e+01,-3.527251434326171875e+01,-3.980892181396484375e+01,-4.004578399658203125e+01,-3.906788253784179688e+01,-3.583828353881835938e+01,-2.577736473083496094e+01,-3.004934692382812500e+01,-3.698933410644531250e+01,-3.942022705078125000e+01,-2.937334442138671875e+01,-1.734675216674804688e+01,-7.539342403411865234e+00,-8.348814010620117188e+00,-1.873879623413085938e+01,-1.439798736572265625e+01,-2.347918701171875000e+01,-4.026293182373046875e+01,-3.754063415527343750e+01,-1.241901588439941406e+01,-1.471040916442871094e+01,-3.946134185791015625e+01,-5.115637588500976562e+01,-4.044017028808593750e+01,-3.291887664794921875e+01,-3.167249679565429688e+01,-2.591541290283203125e+01,-1.976251602172851562e+01,-2.479517745971679688e+01,-2.606355667114257812e+01,-2.339171791076660156e+01,-2.358656692504882812e+01,-2.019873428344726562e+01,-1.595813560485839844e+01,-2.516186523437500000e+01,-3.113370513916015625e+01,-2.580931091308593750e+01,-2.393961906433105469e+01,-2.426352500915527344e+01,-2.027862930297851562e+01,-1.734057617187500000e+01,-2.327372741699218750e+01,-2.431943893432617188e+01,-2.864290237426757812e+01,-2.722854995727539062e+01,-2.624343681335449219e+01,-1.039532947540283203e+01,-7.991103649139404297e+00,-1.632802772521972656e+01,-1.744371032714843750e+01,-1.120633029937744141e+01,-7.987451553344726562e+00,-6.204687595367431641e+00,9.289040565490722656e-01,2.005632400512695312e+00,-1.661449074745178223e+00,-2.332839965820312500e+00,-2.422679901123046875e+00,-1.427502512931823730e+00,-5.050020217895507812e+00,-6.739503383636474609e+00,-8.034510612487792969e+00,-3.467525720596313477e+00,-4.333753585815429688e+00,-5.078444957733154297e+00,-6.154285430908203125e+00,-2.477297782897949219e+00,1.149429082870483398e+00,-7.538176536560058594e+00,-1.264202499389648438e+01,-1.103332519531250000e+01,-3.505068302154541016e+00,-5.671219825744628906e+00,-6.712910652160644531e+00,-7.904981136322021484e+00,-1.189256477355957031e+01,-1.164942264556884766e+01,-2.791801929473876953e+00,1.741632699966430664e+00,6.158901214599609375e+00,6.414806842803955078e+00,-3.998258113861083984e+00,-2.400452613830566406e+00,-1.148077106475830078e+01,-3.749051666259765625e+01,-4.641385269165039062e+01,-4.039240264892578125e+01,-3.059107398986816406e+01,-3.063776779174804688e+01,-4.123801040649414062e+01,-5.656819152832031250e+01,-5.511920166015625000e+01,-3.160825347900390625e+01,-1.881580352783203125e+01,-1.071040534973144531e+01,-9.206576347351074219e+00,-2.104389381408691406e+01,-4.025205612182617188e+01,-3.770839691162109375e+01,-2.485445022583007812e+01,-1.907883834838867188e+01,-3.165752792358398438e+01,-4.323651123046875000e+01,-5.021302795410156250e+01,-4.263871765136718750e+01,-2.209865188598632812e+01,-1.328830146789550781e+01,-1.247594928741455078e+01,-9.958576202392578125e+00,-1.459503555297851562e+01,-2.632160186767578125e+01,-2.661432456970214844e+01,-1.966687202453613281e+01,-1.323368835449218750e+01,-8.032350540161132812e+00,-2.161243438720703125e+01,-3.836834716796875000e+01,-3.495803833007812500e+01,-1.739384078979492188e+01,-5.190644264221191406e+00,-1.280257034301757812e+01,-2.001553726196289062e+01,-3.010056877136230469e+01,-3.400648498535156250e+01,-2.660215759277343750e+01,-3.058155250549316406e+01,-4.111685180664062500e+01,-4.490729522705078125e+01,-4.142188262939453125e+01,-3.748156738281250000e+01,-2.937114715576171875e+01,-2.193255996704101562e+01,-3.251124191284179688e+01,-4.116180419921875000e+01,-4.257035827636718750e+01,-4.101492309570312500e+01,-3.549638366699218750e+01,-2.789287948608398438e+01,-2.679996490478515625e+01,-4.621474456787109375e+01,-5.403694152832031250e+01,-4.972444534301757812e+01,-4.642887878417968750e+01,-4.957553482055664062e+01,-5.405623245239257812e+01,-5.003537368774414062e+01,-4.427193832397460938e+01,-3.760763168334960938e+01,-4.713166809082031250e+01,-4.397737884521484375e+01,-2.726717567443847656e+01,-1.471659088134765625e+01,-1.473218154907226562e+01,-2.372751235961914062e+01,-2.538904380798339844e+01,-1.620940780639648438e+01,-1.190873908996582031e+01,-1.744547462463378906e+01,-1.782137870788574219e+01,-1.847614288330078125e+01,-2.716544723510742188e+01,-3.554353332519531250e+01,-3.792559051513671875e+01,-3.032648658752441406e+01,-2.744038009643554688e+01,-2.862326431274414062e+01,-2.750652313232421875e+01,-2.918588256835937500e+01,-2.802926254272460938e+01,-1.802198791503906250e+01,-9.280994415283203125e+00,-5.853670597076416016e+00,-9.650843620300292969e+00,-1.167781162261962891e+01,-8.164327621459960938e+00,-2.209054946899414062e+01,-3.903979873657226562e+01,-3.658407974243164062e+01,-2.707796287536621094e+01,-2.374581146240234375e+01,-1.512614250183105469e+01,-1.006768798828125000e+01,-1.839004325866699219e+01,-1.870095062255859375e+01,-1.911314773559570312e+01,-2.801013183593750000e+01,-4.344512939453125000e+01,-5.182891845703125000e+01,-4.991243362426757812e+01,-4.319671630859375000e+01,-3.961975097656250000e+01,-3.259557723999023438e+01,-3.462582397460937500e+01,-3.855344390869140625e+01,-5.088838958740234375e+01,-5.734339904785156250e+01,-4.852625274658203125e+01,-3.050254058837890625e+01,-1.513238525390625000e+01,-1.602322578430175781e+01,-3.099992942810058594e+01,-2.956390190124511719e+01,-1.738290786743164062e+01,-5.712184429168701172e+00,-1.277188682556152344e+01,-2.487167358398437500e+01,-3.059111785888671875e+01,-2.541519355773925781e+01,-1.766583442687988281e+01,-1.447557067871093750e+01,-1.697652435302734375e+01,-2.555540847778320312e+01,-2.984091186523437500e+01,-2.648472213745117188e+01,-1.914991378784179688e+01,-1.816015243530273438e+01,-1.551321125030517578e+01,-1.302637290954589844e+01,-2.202889251708984375e+01,-2.690164375305175781e+01,-2.808304977416992188e+01,-2.937149429321289062e+01,-2.477931594848632812e+01,-1.184910202026367188e+01,-8.494229316711425781e+00,-1.713578605651855469e+01,-1.166447257995605469e+01,6.549366116523742676e-01,2.491238713264465332e-01,-5.094694614410400391e+00,-4.315922737121582031e+00,-8.527439117431640625e+00,-5.353024482727050781e+00,-6.561960220336914062e+00,-1.266298103332519531e+01,-1.524698829650878906e+01,-1.716398239135742188e+01,-1.499080276489257812e+01,-1.409549999237060547e+01,-1.365029525756835938e+01,-1.617677116394042969e+01,-1.090484428405761719e+01,-5.741962432861328125e+00,-8.149316787719726562e+00,-4.543546199798583984e+00,-3.239470958709716797e+00,-1.754102706909179688e+00,-3.051216506958007812e+01,-3.813041687011718750e+01,-2.805411148071289062e+01,-1.143911743164062500e+01,-7.521788120269775391e+00,-1.948812103271484375e+01,-3.687015914916992188e+01,-4.663808441162109375e+01,-4.191863250732421875e+01,-4.289517974853515625e+01,-5.388587188720703125e+01,-5.907933044433593750e+01,-5.188463592529296875e+01,-4.057552337646484375e+01,-2.684454345703125000e+01,-2.933014869689941406e+01,-5.412981414794921875e+01,-6.162144088745117188e+01,-5.921943664550781250e+01,-5.677104187011718750e+01,-4.712199020385742188e+01,-3.749628448486328125e+01,-3.349176025390625000e+01,-4.299432754516601562e+01,-5.818589401245117188e+01,-6.081341934204101562e+01,-5.345083618164062500e+01,-3.982738494873046875e+01,-3.308771514892578125e+01,-2.917537307739257812e+01,-2.466268157958984375e+01,-3.817114639282226562e+01,-4.765270996093750000e+01,-4.573384475708007812e+01,-3.933696365356445312e+01,-3.474002075195312500e+01,-3.926760101318359375e+01,-4.881143188476562500e+01,-5.387956237792968750e+01,-5.530274200439453125e+01,-5.968577957153320312e+01,-6.243944168090820312e+01,-6.581056213378906250e+01,-6.065313720703125000e+01,-4.852597427368164062e+01,-3.712283325195312500e+01,-4.017498779296875000e+01,-6.108309936523437500e+01,-6.656610107421875000e+01,-6.192211914062500000e+01,-5.047217559814453125e+01,-5.118914031982421875e+01,-6.076522064208984375e+01,-5.011222076416015625e+01,-3.260135650634765625e+01,-2.451159667968750000e+01,-2.839542007446289062e+01,-2.926127243041992188e+01,-3.612749481201171875e+01,-3.626995849609375000e+01,-3.017776679992675781e+01,-3.013604545593261719e+01,-2.584964752197265625e+01,-2.321438407897949219e+01,-1.662333679199218750e+01,-1.388643836975097656e+01,-1.179388046264648438e+01,-8.397839546203613281e+00,-1.244690322875976562e+01,-1.461933326721191406e+01,-2.001979064941406250e+01,-2.704267692565917969e+01,-1.862724685668945312e+01,-1.460982894897460938e+01,-3.117787742614746094e+01,-5.002005004882812500e+01,-5.910548400878906250e+01,-5.646368789672851562e+01,-4.239424133300781250e+01,-3.352047348022460938e+01,-3.297499465942382812e+01,-4.522568893432617188e+01,-5.407555389404296875e+01,-5.333852386474609375e+01,-4.743546295166015625e+01,-3.861075973510742188e+01,-4.038791275024414062e+01,-4.243816757202148438e+01,-3.741474151611328125e+01,-3.685544586181640625e+01,-2.770629882812500000e+01,-1.821814537048339844e+01,-1.190929603576660156e+01,-6.072183609008789062e+00,-8.208649635314941406e+00,-1.530599212646484375e+01,-1.748918724060058594e+01,-1.505616569519042969e+01,-1.800371932983398438e+01,-2.234396171569824219e+01,-1.952324676513671875e+01,-1.954107284545898438e+01,-2.252043342590332031e+01,-2.048460769653320312e+01,-1.357652378082275391e+01,-3.226277828216552734e+00,-2.197788953781127930e+00,1.034904718399047852e-01,-1.243309783935546875e+01,-3.626596832275390625e+01,-4.778787231445312500e+01,-4.649293518066406250e+01,-3.474980926513671875e+01,-1.484884834289550781e+01,-1.087653636932373047e+01,-1.776026153564453125e+01,-2.353657150268554688e+01,-2.663248825073242188e+01,-2.560877227783203125e+01,-1.936337089538574219e+01,-1.915368270874023438e+01,-1.831637954711914062e+01,-2.120521163940429688e+01,-2.662112236022949219e+01,-3.030018615722656250e+01,-2.737349128723144531e+01,-2.511597824096679688e+01,-2.298230361938476562e+01,-2.144854354858398438e+01,-1.475550460815429688e+01,-1.063408279418945312e+01,-2.099081993103027344e+01,-3.000201225280761719e+01,-3.790663909912109375e+01,-4.795154571533203125e+01,-4.857878112792968750e+01,-2.555204772949218750e+01,-1.388741683959960938e+01,-1.049239540100097656e+01,-2.246599960327148438e+01,-3.644438552856445312e+01,-3.861243057250976562e+01,-3.018606948852539062e+01,-1.435432624816894531e+01,-2.019373655319213867e+00,-6.639525413513183594e+00,-1.566359996795654297e+01,-3.318388366699218750e+01,-4.632645797729492188e+01,-5.009110260009765625e+01,-4.919876098632812500e+01,-4.125480270385742188e+01,-2.807090759277343750e+01,-1.785602569580078125e+01,-1.245592021942138672e+01,-6.964548587799072266e+00,7.809340953826904297e-01,6.037740707397460938e+00,7.654295921325683594e+00,2.534292697906494141e+00,4.232406139373779297e+00,2.633987903594970703e+00,4.591361045837402344e+00,-3.152151107788085938e+00,-3.414954185485839844e+00,2.229562759399414062e+00,-4.635978698730468750e+00,-1.616000366210937500e+01,-2.508120918273925781e+01,-2.595389556884765625e+01,-2.620144271850585938e+01,-2.056780624389648438e+01,-1.280862998962402344e+01,-4.933145046234130859e+00,2.249685287475585938e+00,-1.900938749313354492e+00,-1.248294544219970703e+01,-3.005671691894531250e+01,-3.265879821777343750e+01,-2.731599044799804688e+01,-2.118318176269531250e+01,-1.653046035766601562e+01,-1.284569454193115234e+01,-1.375652313232421875e+01,-2.154140472412109375e+01,-2.445607566833496094e+01,-2.550124359130859375e+01,-2.538924407958984375e+01,-2.076122856140136719e+01,-1.843458175659179688e+01,-2.407704925537109375e+01,-1.754006767272949219e+01,1.331141114234924316e+00,9.435527801513671875e+00,5.171953201293945312e+00,8.701065063476562500e+00,1.738816857337951660e+00,-1.197885513305664062e+01,-1.814210510253906250e+01,-2.203310775756835938e+01,-2.686426925659179688e+01,-2.776812744140625000e+01,-2.963104057312011719e+01,-2.396760177612304688e+01,-1.204590702056884766e+01,2.514303922653198242e+00,6.099152565002441406e+00,4.953743934631347656e+00,-8.678118586540222168e-01,-2.216572999954223633e+00,-6.410918831825256348e-01,-2.944242477416992188e+00,-6.117845535278320312e+00,-9.900288581848144531e+00,-8.682540893554687500e+00,-8.506460189819335938e+00,-7.118277072906494141e+00,-3.786997318267822266e+00,-2.595395088195800781e+00,-6.311483860015869141e+00,-9.105767250061035156e+00,-1.125172901153564453e+01,-1.579084110260009766e+01,-1.421943855285644531e+01,-1.415825080871582031e+01,-7.764578819274902344e+00,-2.159921169281005859e+00,9.823238253593444824e-01,-1.361857295036315918e+00,-2.026048851013183594e+01,-4.432353210449218750e+01,-5.546524429321289062e+01,-5.136504364013671875e+01,-2.340240669250488281e+01,-2.130553817749023438e+01,-2.746978950500488281e+01,-3.724518966674804688e+01,-3.330776214599609375e+01,-2.637921714782714844e+01,-2.304655075073242188e+01,-1.782462692260742188e+01,-3.399617195129394531e+00,1.519441485404968262e+00,1.650059223175048828e+00,4.942133903503417969e+00,7.598553657531738281e+00,4.230719566345214844e+00,-4.467996597290039062e+00,-3.753962516784667969e+00,-8.252746582031250000e+00,-1.268400192260742188e+01,-1.501032638549804688e+01,-2.422484588623046875e+01,-2.732486152648925781e+01,-3.365713500976562500e+01,-5.806479644775390625e+01,-6.235655212402343750e+01,-5.794184875488281250e+01,-5.060474014282226562e+01,-3.668986892700195312e+01,-3.302497863769531250e+01,-2.861470031738281250e+01,-1.418857383728027344e+01,-7.116156578063964844e+00,-1.043897628784179688e+01,-1.373828029632568359e+01,-2.045695686340332031e+01,-3.279806137084960938e+01,-3.921035003662109375e+01,-4.006761169433593750e+01,-4.102662658691406250e+01,-4.417746734619140625e+01,-4.822320556640625000e+01,-5.248322296142578125e+01,-5.343490600585937500e+01,-4.802850341796875000e+01,-2.777655410766601562e+01,-2.558738517761230469e+01,-2.884973144531250000e+01,-3.012262916564941406e+01,-2.280297088623046875e+01,-5.836667537689208984e+00,-2.559317016601562500e+01,-4.259375000000000000e+01,-5.493035888671875000e+01,-5.922106933593750000e+01,-5.936277770996093750e+01,-5.411766052246093750e+01,-4.359276580810546875e+01,-4.441320800781250000e+01,-4.560546875000000000e+01,-4.878779602050781250e+01,-4.851020812988281250e+01,-5.457325744628906250e+01,-5.503760910034179688e+01,-5.501409912109375000e+01,-5.037636184692382812e+01,-3.810577774047851562e+01,-3.087890052795410156e+01,-3.036516380310058594e+01,-2.661535644531250000e+01,-2.268078613281250000e+01,-2.536091804504394531e+01,-3.126757621765136719e+01,-3.418895721435546875e+01,-3.562545776367187500e+01,-3.667075729370117188e+01,-3.859193420410156250e+01,-4.392984008789062500e+01,-2.709754180908203125e+01,-1.066956520080566406e+01,-5.305534839630126953e+00,-1.454203367233276367e+00,-5.602680206298828125e+00,-1.351101493835449219e+01,-2.128367424011230469e+01,-1.554303932189941406e+01,-1.199923706054687500e+01,-1.816131210327148438e+01,-3.030361175537109375e+01,-3.349620819091796875e+01,-1.659634780883789062e+01,-1.426178932189941406e+01,-2.687871932983398438e+01,-3.829783248901367188e+01,-3.416054534912109375e+01,-1.798640060424804688e+01,-4.819278717041015625e+00,-4.030054092407226562e+00,-1.560817909240722656e+01,-2.393598556518554688e+01,-1.720853042602539062e+01,-2.092272949218750000e+01,-3.373905181884765625e+01,-3.231520462036132812e+01,-2.499001312255859375e+01,-2.771068954467773438e+01,-3.383565139770507812e+01,-3.701003265380859375e+01,-3.865013885498046875e+01,-3.685511779785156250e+01,-2.366679954528808594e+01,-1.292823982238769531e+01,-1.245775699615478516e+01,-1.510417175292968750e+01,-1.985504913330078125e+01,-2.742980194091796875e+01,-2.826546669006347656e+01,-1.262912750244140625e+01,-3.145631074905395508e+00,-3.384217023849487305e+00,-6.805803298950195312e+00,-6.294858932495117188e+00,-1.062743377685546875e+01,-1.654817199707031250e+01,-1.962016296386718750e+01,-1.993112373352050781e+01,-2.399330520629882812e+01,-2.799485015869140625e+01,-1.997345733642578125e+01,-1.303155517578125000e+01,-1.406509876251220703e+01,-1.867392730712890625e+01,-1.538305568695068359e+01,-1.879461097717285156e+01,-1.788444709777832031e+01,-1.906892013549804688e+01,-3.423396301269531250e+01,-3.717515563964843750e+01,-5.557969665527343750e+01,-5.818167495727539062e+01,-5.027303314208984375e+01,-4.082266998291015625e+01,-2.931749725341796875e+01,-2.665958786010742188e+01,-2.538461685180664062e+01,-2.334826278686523438e+01,-4.102916717529296875e+01,-5.615257263183593750e+01,-5.189189910888671875e+01,-4.613455963134765625e+01,-3.034957122802734375e+01,-2.191537857055664062e+01,-2.166807556152343750e+01,-3.392011260986328125e+01,-4.216762542724609375e+01,-4.220724868774414062e+01,-3.178519821166992188e+01,-1.319898223876953125e+01,-5.492478370666503906e+00,-1.554719161987304688e+01,-2.018412590026855469e+01,-2.299564552307128906e+01,-2.327681732177734375e+01,-2.597419357299804688e+01,-3.011986160278320312e+01,-3.315752029418945312e+01,-3.301877593994140625e+01,-3.399611663818359375e+01,-3.410866546630859375e+01,-2.545331954956054688e+01,-2.583507156372070312e+01,-2.717374420166015625e+01,-3.106561279296875000e+01,-3.812120437622070312e+01,-3.272042846679687500e+01,-4.927175521850585938e+01,-6.468034362792968750e+01,-6.960565185546875000e+01,-6.353435516357421875e+01,-4.770678710937500000e+01,-2.693711471557617188e+01,-1.836438751220703125e+01,-2.161394882202148438e+01,-1.829429817199707031e+01,-1.361806869506835938e+01,-2.217786026000976562e+01,-3.362706756591796875e+01,-3.623823547363281250e+01,-3.554004669189453125e+01,-3.507411575317382812e+01,-2.409746551513671875e+01,-1.542508506774902344e+01,-1.509979915618896484e+01,-1.048237800598144531e+01,-1.582842063903808594e+01,-1.947309875488281250e+01,-1.817225265502929688e+01,-1.359522819519042969e+01,-1.750117683410644531e+01,-3.235276412963867188e+01,-4.223007965087890625e+01,-4.107781600952148438e+01,-2.705701637268066406e+01,-2.131932449340820312e+01,-4.802528762817382812e+01,-5.114925003051757812e+01,-4.805265808105468750e+01,-5.099546051025390625e+01,-4.657046508789062500e+01,-2.834113311767578125e+01,-2.320092201232910156e+01,-2.330701828002929688e+01,-3.066771316528320312e+01,-3.985910034179687500e+01,-4.909209442138671875e+01,-5.078123474121093750e+01,-4.454928588867187500e+01,-4.165921020507812500e+01,-4.102699279785156250e+01,-6.606941223144531250e+01,-7.340132141113281250e+01,-6.718847656250000000e+01,-5.807391357421875000e+01,-6.031841278076171875e+01,-6.169768524169921875e+01,-6.321681213378906250e+01,-5.600410461425781250e+01,-3.826461410522460938e+01,-3.089966583251953125e+01,-2.897267150878906250e+01,-3.486185455322265625e+01,-3.717048263549804688e+01,-3.362116241455078125e+01,-3.205994796752929688e+01,-3.171551895141601562e+01,-2.899067115783691406e+01,-2.802788734436035156e+01,-2.669173622131347656e+01,-2.932114028930664062e+01,-2.523096466064453125e+01,-2.474956703186035156e+01,-2.630881500244140625e+01,-2.265054321289062500e+01,-1.745892715454101562e+01,-1.072283554077148438e+01,-8.295751571655273438e+00,-7.373919963836669922e+00,-5.619310379028320312e+00,-5.228673934936523438e+00,-4.561724662780761719e+00,-3.902864456176757812e+00,-1.747643947601318359e+00,-2.475665569305419922e+00,-3.810250759124755859e+00,-2.404583454132080078e+00,-4.181807518005371094e+00,-9.873233795166015625e+00,-9.970371246337890625e+00,-7.800105094909667969e+00,4.536415100097656250e+00,3.885837554931640625e+00,5.344560623168945312e+00,7.497141838073730469e+00,7.043866157531738281e+00,7.063455104827880859e+00,6.909351348876953125e+00,1.793327808380126953e+00,-8.801043510437011719e+00,-4.460852622985839844e+00,1.692167997360229492e+00,-5.758317708969116211e-01,-5.642210483551025391e+00,-1.054442787170410156e+01,-9.754463195800781250e+00,-7.842467308044433594e+00,-7.238623619079589844e+00,-4.884517192840576172e+00,-1.032927751541137695e+00,-1.893494033813476562e+01,-2.766390991210937500e+01,-1.855923080444335938e+01,-1.215311431884765625e+01,-1.634930801391601562e+01,-8.486736297607421875e+00,-2.344708442687988281e+00,-6.185441017150878906e+00,-4.083308029174804688e+01,-4.844367980957031250e+01,-4.318444824218750000e+01,-3.830214691162109375e+01,-3.613800811767578125e+01,-3.471940994262695312e+01,-3.687203216552734375e+01,-4.172533035278320312e+01,-3.921546173095703125e+01,-2.879114913940429688e+01,-1.935435867309570312e+01,-1.300371551513671875e+01,-1.822893524169921875e+01,-2.622450637817382812e+01,-2.420867919921875000e+01,-1.511052513122558594e+01,-1.520738315582275391e+01,-2.486875152587890625e+01,-3.562892913818359375e+01,-4.384178924560546875e+01,-4.718966674804687500e+01,-5.524180603027343750e+01,-5.813199996948242188e+01,-5.224355316162109375e+01,-5.458346557617187500e+01,-5.753090667724609375e+01,-6.269115447998046875e+01,-6.412041473388671875e+01,-6.407408905029296875e+01,-6.069815444946289062e+01,-5.459748840332031250e+01,-5.502361297607421875e+01,-5.105141448974609375e+01,-5.137040710449218750e+01,-4.850312042236328125e+01,-4.037183380126953125e+01,-3.775847625732421875e+01,-3.283219146728515625e+01,-2.967931365966796875e+01,-3.455345153808593750e+01,-3.217745208740234375e+01,-2.674010467529296875e+01,-3.224603271484375000e+01,-4.729992675781250000e+01,-5.779063796997070312e+01,-4.362645721435546875e+01,-3.530599975585937500e+01,-3.825720596313476562e+01,-3.849961853027343750e+01,-3.622200775146484375e+01,-2.068875503540039062e+01,-1.803110122680664062e+01,-1.706458663940429688e+01,-2.221465301513671875e+01,-3.555828857421875000e+01,-4.886056900024414062e+01,-4.972876739501953125e+01,-4.105902099609375000e+01,-1.639792251586914062e+01,-1.058933925628662109e+01,-1.134353065490722656e+01,-1.876349639892578125e+01,-2.500439834594726562e+01,-3.755263519287109375e+01,-4.645397949218750000e+01,-3.806275558471679688e+01,-2.071349334716796875e+01,-8.676824569702148438e+00,-8.718584060668945312e+00,-9.568094253540039062e+00,-9.998144149780273438e+00,-2.301507186889648438e+01,-4.684138488769531250e+01,-6.235105895996093750e+01,-5.918895721435546875e+01,-4.498541259765625000e+01,-4.037208557128906250e+01,-4.216066741943359375e+01,-3.893101501464843750e+01,-3.625569152832031250e+01,-3.721044921875000000e+01,-2.950116539001464844e+01,-2.574838256835937500e+01,-2.460385513305664062e+01,-1.923650932312011719e+01,-1.317560005187988281e+01,-1.907476615905761719e+01,-2.693656539916992188e+01,-3.982854461669921875e+01,-4.752593612670898438e+01,-5.103634643554687500e+01,-4.488294982910156250e+01,-3.717779922485351562e+01,-3.377847290039062500e+01,-3.359755325317382812e+01,-3.366609191894531250e+01,-3.508797836303710938e+01,-3.311818695068359375e+01,-1.993016624450683594e+01,-1.956197738647460938e+01,-2.508687973022460938e+01,-2.827267074584960938e+01,-2.128607177734375000e+01,-1.880100250244140625e+01,-1.896193313598632812e+01,-2.232459449768066406e+01,-1.866662597656250000e+01,-2.186259269714355469e+01,-3.301013183593750000e+01,-4.308906555175781250e+01,-5.448085021972656250e+01,-6.589929962158203125e+01,-6.550036621093750000e+01,-6.309010314941406250e+01,-5.588349151611328125e+01,-4.595804977416992188e+01,-3.541442871093750000e+01,-2.663356781005859375e+01,-2.021119308471679688e+01,-1.665802574157714844e+01,-1.293421745300292969e+01,-2.149530792236328125e+01,-1.713113021850585938e+01,-1.566720771789550781e+01,-1.306887817382812500e+01,-1.201539707183837891e+01,-1.680707740783691406e+01,-1.555452919006347656e+01,-1.387879371643066406e+01,-1.641308212280273438e+01,-2.191029739379882812e+01,-1.645742034912109375e+01,-1.688227081298828125e+01,-1.727490806579589844e+01,-1.093844604492187500e+01,-1.186210823059082031e+01,-1.469394874572753906e+01,6.310611963272094727e-01,3.757386207580566406e-01,-1.220324134826660156e+01,-3.413982391357421875e+01,-4.100526428222656250e+01,-4.887078857421875000e+01,-4.646174240112304688e+01,-3.734421539306640625e+01,-1.734845733642578125e+01,-1.516181564331054688e+01,-4.770823287963867188e+01,-5.771569061279296875e+01,-5.578394317626953125e+01,-4.291710281372070312e+01,-3.158445358276367188e+01,-2.515204238891601562e+01,-3.811610031127929688e+01,-5.131394577026367188e+01,-4.975408172607421875e+01,-3.966453933715820312e+01,-3.522665405273437500e+01,-2.521567153930664062e+01,-1.581764316558837891e+01,-9.160249710083007812e+00,-3.842885494232177734e+00,5.417164325714111328e+00,8.598283767700195312e+00,4.279900550842285156e+00,1.265413761138916016e+00,-6.319581031799316406e+00,-1.121767616271972656e+01,-2.511923599243164062e+01,-3.600449371337890625e+01,-3.835414886474609375e+01,-3.738847351074218750e+01,-3.459902191162109375e+01,-3.302680969238281250e+01,-2.993286895751953125e+01,-3.143040084838867188e+01,-2.961301612854003906e+01,-3.846705627441406250e+01,-4.366958236694335938e+01,-3.815380859375000000e+01,-3.454228210449218750e+01,-3.132405090332031250e+01,-2.897798919677734375e+01,-2.350162887573242188e+01,-1.959596061706542969e+01,-1.877952766418457031e+01,-2.068129730224609375e+01,-1.528140354156494141e+01,-1.110551929473876953e+01,-2.201188468933105469e+01,-1.827906799316406250e+01,-8.705465316772460938e+00,-7.891880035400390625e+00,-2.165960693359375000e+01,-3.688877868652343750e+01,-5.080037689208984375e+01,-4.281283569335937500e+01,-1.397180080413818359e+01,-6.028838157653808594e+00,-7.828729629516601562e+00,-1.255369758605957031e+01,-2.231422424316406250e+01,-3.254947662353515625e+01,-3.304239654541015625e+01,-2.373675346374511719e+01,-2.238687515258789062e+01,-3.811529541015625000e+01,-4.613303375244140625e+01,-2.958688354492187500e+01,-2.495057296752929688e+01,-4.230310058593750000e+01,-4.824371337890625000e+01,-4.943325042724609375e+01,-5.428356552124023438e+01,-5.488300704956054688e+01,-5.133636474609375000e+01,-4.726775360107421875e+01,-4.139699172973632812e+01,-2.401658630371093750e+01,-1.754910278320312500e+01,-2.568638229370117188e+01,-3.482114410400390625e+01,-4.538053131103515625e+01,-4.521559524536132812e+01,-3.766117858886718750e+01,-3.026748466491699219e+01,-2.710641860961914062e+01,-2.112230682373046875e+01,-1.098350715637207031e+01,-7.317810058593750000e+00,-1.030318832397460938e+01,-1.378645420074462891e+01,-1.620332908630371094e+01,-1.286567687988281250e+01,-6.175969123840332031e+00,-1.178100299835205078e+01,-3.224724197387695312e+01,-3.274220275878906250e+01,-2.951736068725585938e+01,-3.662229156494140625e+01,-3.434384918212890625e+01,-2.146816062927246094e+01,-2.493298721313476562e+01,-2.358829498291015625e+01,-1.857192802429199219e+01,-2.404903984069824219e+01,-2.809761428833007812e+01,-2.917185401916503906e+01,-2.321952819824218750e+01,-1.801613235473632812e+01,-9.462789535522460938e+00,-6.589495658874511719e+00,-7.614616394042968750e+00,-8.937006950378417969e+00,-1.048669242858886719e+01,-7.840334892272949219e+00,-8.491003036499023438e+00,-1.225731563568115234e+01,-9.212734222412109375e+00,-8.916541099548339844e+00,-7.331421852111816406e+00,-9.573412895202636719e+00,-1.421432876586914062e+01,-6.152204990386962891e+00,-4.988385200500488281e+00,1.600999236106872559e+00,3.410036087036132812e+00,9.448937416076660156e+00,9.630109786987304688e+00,8.772871017456054688e+00,2.816142559051513672e+00,1.339876174926757812e+00,-7.309921264648437500e+00,-1.488043785095214844e+01,-1.273708343505859375e+01,-2.860494613647460938e+00,1.044683456420898438e+00,-8.525682449340820312e+00,-5.547957897186279297e+00,-1.528948593139648438e+01,-1.895877456665039062e+01,-1.477061653137207031e+01,3.131360769271850586e+00,5.163195610046386719e+00,-6.148470878601074219e+00,-5.618931293487548828e+00,-1.424677848815917969e+01,-3.486843109130859375e+01,-3.169806289672851562e+01,-1.738261795043945312e+01,-1.548177337646484375e+01,-1.512286186218261719e+01,-1.768647384643554688e+01,-2.277158164978027344e+01,-2.811865425109863281e+01,-3.251009750366210938e+01,-3.497808074951171875e+01,-3.330677795410156250e+01,-3.035884857177734375e+01,-2.893460273742675781e+01,-3.259368896484375000e+01,-3.522186279296875000e+01,-3.278211212158203125e+01,-2.495921897888183594e+01,-1.895252418518066406e+01,-1.764994049072265625e+01,-1.485202217102050781e+01,-7.630312919616699219e+00,-5.428846359252929688e+00,-1.282698249816894531e+01,-1.401652145385742188e+01,-1.762890243530273438e+01,-2.185771942138671875e+01,-2.236248397827148438e+01,-2.465803527832031250e+01,-2.755609130859375000e+01,-2.652786636352539062e+01,-2.304446792602539062e+01,-1.432398700714111328e+01,-1.805468750000000000e+01,-3.125850296020507812e+01,-3.297318267822265625e+01,-2.497790336608886719e+01,-1.873196220397949219e+01,-1.314892959594726562e+01,-1.081753158569335938e+01,-7.092083930969238281e+00,-1.054289436340332031e+01,-1.546306514739990234e+01,-2.125098228454589844e+01,-2.728768920898437500e+01,-2.855609893798828125e+01,-2.059587478637695312e+01,-8.765520095825195312e+00,-8.008091926574707031e+00,-9.545690536499023438e+00,-7.670688152313232422e+00,-1.037668704986572266e+01,-1.527249336242675781e+01,-1.374249267578125000e+01,-9.894287109375000000e+00,-1.332265853881835938e+01,-1.491428279876708984e+01,-1.042610168457031250e+01,-2.972536087036132812e+00,-3.115186214447021484e+00,2.070595264434814453e+00,-1.528661918640136719e+01,-4.636588287353515625e+01,-5.473700714111328125e+01,-5.172143173217773438e+01,-3.124222755432128906e+01,-2.036897277832031250e+01,-3.699750900268554688e+00,-5.490015506744384766e+00,-8.878422737121582031e+00,-7.296316623687744141e+00,-2.138626480102539062e+01,-4.198115539550781250e+01,-4.436888885498046875e+01,-3.378154754638671875e+01,-2.097371101379394531e+01,-1.363420486450195312e+01,-1.131180953979492188e+01,-9.467315673828125000e+00,-2.831582260131835938e+01,-3.948521804809570312e+01,-4.042095947265625000e+01,-3.230620574951171875e+01,-2.323566627502441406e+01,-2.618771743774414062e+01,-2.267254638671875000e+01,-1.652245330810546875e+01,-1.432347965240478516e+01,-1.763894271850585938e+01,-2.076083374023437500e+01,-2.637280654907226562e+01,-2.580776596069335938e+01,-2.343233299255371094e+01,-2.134255599975585938e+01,-2.871459770202636719e+01,-2.502907943725585938e+01,-1.514450454711914062e+01,-1.447680091857910156e+01,-1.377105522155761719e+01,-1.338000392913818359e+01,-2.317964172363281250e+01,-2.513012123107910156e+01,-2.181011962890625000e+01,-1.792029953002929688e+01,-2.741196441650390625e+01,-2.846760940551757812e+01,-2.547315597534179688e+01,-2.444811630249023438e+01,-2.356214523315429688e+01,-2.547635269165039062e+01,-1.914585113525390625e+01,-2.016527175903320312e+01,-1.698412704467773438e+01,-2.289172935485839844e+01,-2.888679122924804688e+01,-2.742836761474609375e+01,-2.651375770568847656e+01,-2.332752990722656250e+01,-2.250921249389648438e+01,-1.594661521911621094e+01,-2.815581512451171875e+01,-3.297888946533203125e+01,-3.195197868347167969e+01,-3.259885025024414062e+01,-2.751608848571777344e+01,-1.091367053985595703e+01,-1.506503868103027344e+01,-2.790915870666503906e+01,-2.958498001098632812e+01,-2.417228507995605469e+01,-1.924496841430664062e+01,-1.766637992858886719e+01,-2.060892868041992188e+01,-2.234589385986328125e+01,-2.631668853759765625e+01,-2.344541549682617188e+01,-1.740227890014648438e+01,-1.964304733276367188e+01,-8.981075286865234375e+00,-9.215496063232421875e+00,-1.858732414245605469e+01,-2.269067001342773438e+01,-2.007458496093750000e+01,-1.993258666992187500e+01,-2.183807373046875000e+01,-1.966683578491210938e+01,-1.886612319946289062e+01,-2.329713439941406250e+01,-1.373644638061523438e+01,-4.115857124328613281e+00,-1.007934761047363281e+01,-1.890373992919921875e+01,-2.683375740051269531e+01,-3.177783584594726562e+01,-1.683712005615234375e+01,-6.980717182159423828e+00,-1.655864906311035156e+01,-3.231097793579101562e+01,-3.870563507080078125e+01,-3.603425598144531250e+01,-3.742325592041015625e+01,-3.641251373291015625e+01,-3.625701141357421875e+01,-4.386803817749023438e+01,-3.810868835449218750e+01,-3.144335556030273438e+01,-2.813126754760742188e+01,-2.303258514404296875e+01,-2.634902572631835938e+01,-2.956802749633789062e+01,-3.240274810791015625e+01,-4.606549072265625000e+01,-5.153573989868164062e+01,-4.156984710693359375e+01,-4.376713562011718750e+01,-4.186445617675781250e+01,-4.294118499755859375e+01,-3.987082290649414062e+01,-3.603414916992187500e+01,-3.715738677978515625e+01,-2.835227012634277344e+01,-1.759791183471679688e+01,-2.285733032226562500e+01,-3.258692169189453125e+01,-3.719104766845703125e+01,-3.604151153564453125e+01,-3.495372772216796875e+01,-3.232550811767578125e+01,-4.379061889648437500e+01,-4.834536361694335938e+01,-4.192974090576171875e+01,-3.320069885253906250e+01,-2.976226234436035156e+01,-3.191621398925781250e+01,-3.663959503173828125e+01,-3.402146911621093750e+01,-1.899915695190429688e+01,-2.573792266845703125e+01,-3.571100997924804688e+01,-3.901009750366210938e+01,-4.239541244506835938e+01,-4.137181091308593750e+01,-3.635838317871093750e+01,-3.370337295532226562e+01,-3.239356994628906250e+01,-2.316973876953125000e+01,-1.246439552307128906e+01,-8.259523391723632812e+00,-3.234048366546630859e+00,-1.375010776519775391e+01,-6.452552318572998047e+00,2.379374265670776367e+00,5.218430042266845703e+00,-8.762604713439941406e+00,-2.949267578125000000e+01,-3.374505615234375000e+01,-2.671857261657714844e+01,-2.644458007812500000e+01,-2.898231124877929688e+01,-3.258064270019531250e+01,-3.506396484375000000e+01,-3.732450103759765625e+01,-3.995478820800781250e+01,-3.473959350585937500e+01,-4.237564849853515625e+01,-4.501523208618164062e+01,-4.027955245971679688e+01,-3.378480148315429688e+01,-3.251200866699218750e+01,-3.993062591552734375e+01,-4.956361389160156250e+01,-5.507099914550781250e+01,-4.382612609863281250e+01,-3.076351547241210938e+01,-2.783936309814453125e+01,-3.262242126464843750e+01,-4.061444854736328125e+01,-4.169821166992187500e+01,-2.340998458862304688e+01,1.871877670288085938e+00,-2.373686075210571289e+00,-4.921495437622070312e+00,-4.857434272766113281e+00,-9.117521286010742188e+00,-7.810750007629394531e+00,-3.977332353591918945e+00,-9.445724487304687500e+00,-8.298740386962890625e+00,-5.186546325683593750e+00,-2.430951833724975586e+00,-5.376077890396118164e-01,1.890151143074035645e+00,2.134987592697143555e+00,2.649480819702148438e+00,2.255226373672485352e+00,-1.048143029212951660e+00,-2.323749065399169922e+00,-6.219307899475097656e+00,-1.012617492675781250e+01,-1.271567535400390625e+01,-8.374048233032226562e+00,-1.508760333061218262e+00,2.238399028778076172e+00,7.485562562942504883e-01,3.350685119628906250e+00,1.808151721954345703e+00,4.245880842208862305e-01,2.972539663314819336e+00,1.267854213714599609e+00,-1.876079082489013672e+00,-5.782450199127197266e+00,-7.260316371917724609e+00,-6.619762420654296875e+00,-7.422185897827148438e+00,-4.037786960601806641e+00,-1.045107126235961914e+00,-5.714196562767028809e-01,-6.485241889953613281e+00,-7.911725044250488281e+00,-5.437277317047119141e+00,-7.219846725463867188e+00,-8.514173507690429688e+00,-1.755775213241577148e+00,8.410314321517944336e-01,-1.385653495788574219e+00,-7.237867355346679688e+00,-1.070968437194824219e+01,-4.645677566528320312e+00,-4.412651538848876953e+00,-8.442611694335937500e+00,-7.098706722259521484e+00,-6.940908908843994141e+00,-8.558402061462402344e+00,-1.114761734008789062e+01,-8.875459671020507812e+00,-9.015218734741210938e+00,-6.085033893585205078e+00,-2.713197326660156250e+01,-5.622489166259765625e+01,-6.362680435180664062e+01,-6.237615203857421875e+01,-5.270623779296875000e+01,-4.068741607666015625e+01,-4.011763763427734375e+01,-3.419057464599609375e+01,-2.743948745727539062e+01,-2.635443305969238281e+01,-3.708917236328125000e+01,-3.613433456420898438e+01,-3.162506484985351562e+01,-2.643147087097167969e+01,-1.995169448852539062e+01,-1.787828636169433594e+01,-1.396965980529785156e+01,-4.737910270690917969e+00,-3.536351919174194336e+00,-9.848640441894531250e+00,-7.991803169250488281e+00,-7.954668045043945312e+00,-6.947867393493652344e+00,-1.389415168762207031e+01,-2.804793167114257812e+01,-3.593333053588867188e+01,-3.672722625732421875e+01,-3.847561645507812500e+01,-3.475035476684570312e+01,-2.077093505859375000e+01,-9.622926712036132812e+00,-8.267946243286132812e+00,-1.185667228698730469e+01,-2.145933151245117188e+01,-2.985448455810546875e+01,-3.313365936279296875e+01,-3.952861785888671875e+01,-4.002908706665039062e+01,-5.431037902832031250e+01,-7.189303588867187500e+01,-7.352642822265625000e+01,-6.629574584960937500e+01,-6.042325592041015625e+01,-4.758813476562500000e+01,-3.746073913574218750e+01,-2.888218116760253906e+01,-5.381264877319335938e+01,-6.868218994140625000e+01,-7.464944458007812500e+01,-6.784844970703125000e+01,-6.015313339233398438e+01,-5.392775726318359375e+01,-4.210729217529296875e+01,-2.565612792968750000e+01,-2.164634895324707031e+01,-2.229326629638671875e+01,-1.850164413452148438e+01,-2.572999954223632812e+01,-4.505189514160156250e+01,-5.111947631835937500e+01,-3.761190795898437500e+01,-2.971179771423339844e+01,-2.314305496215820312e+01,-2.153027153015136719e+01,-1.907849121093750000e+01,-3.507269668579101562e+01,-4.914863967895507812e+01,-5.868132019042968750e+01,-6.200209045410156250e+01,-5.843579864501953125e+01,-4.329207229614257812e+01,-2.987335586547851562e+01,-2.264094543457031250e+01,-1.924739074707031250e+01,-1.905036163330078125e+01,-1.530311584472656250e+01,-1.358305358886718750e+01,-1.934783744812011719e+01,-1.918758964538574219e+01,-1.612207412719726562e+01,-2.027269744873046875e+01,-1.891041755676269531e+01,-1.225796127319335938e+01,-1.161205482482910156e+01,-1.611342811584472656e+01,-1.864451217651367188e+01,-1.357231712341308594e+01,-9.530003547668457031e+00,-1.149278068542480469e+01,-2.689157485961914062e+01,-3.461180877685546875e+01,-2.290597534179687500e+01,-6.034116744995117188e+00,-6.067480087280273438e+00,-9.439859390258789062e+00,-1.275675773620605469e+01,-1.783849716186523438e+01,-2.740730285644531250e+01,-5.156179046630859375e+01,-6.387135314941406250e+01,-6.460488891601562500e+01,-6.246451568603515625e+01,-5.545490264892578125e+01,-4.769448852539062500e+01,-4.590216064453125000e+01,-4.148526763916015625e+01,-5.478757476806640625e+01,-5.148603057861328125e+01,-4.327215194702148438e+01,-3.642643356323242188e+01,-3.575049591064453125e+01,-3.888888549804687500e+01,-4.026016235351562500e+01,-3.894172286987304688e+01,-4.061480331420898438e+01,-5.834152984619140625e+01,-6.334356689453125000e+01,-6.047660064697265625e+01,-5.488526153564453125e+01,-4.754959106445312500e+01,-4.109392547607421875e+01,-3.659877014160156250e+01,-3.807729721069335938e+01,-2.023149490356445312e+01,-1.761987495422363281e+01,-1.368187808990478516e+01,-6.636898994445800781e+00,-1.597023868560791016e+01,-2.388500976562500000e+01,-2.443385314941406250e+01,-2.501100158691406250e+01,-1.987507247924804688e+01,-1.726179504394531250e+01,-1.298224830627441406e+01,-1.603652000427246094e+01,-2.350417518615722656e+01,-2.460201263427734375e+01,-3.590744018554687500e+01,-5.038073348999023438e+01,-5.339640808105468750e+01,-4.604777526855468750e+01,-3.339267349243164062e+01,-2.124315261840820312e+01,-1.529957962036132812e+01,-1.888996505737304688e+01,-2.102471923828125000e+01,-2.696145629882812500e+01,-2.774084091186523438e+01,-2.857808494567871094e+01,-4.921032714843750000e+01,-5.676725006103515625e+01,-5.478013992309570312e+01,-4.103707122802734375e+01,-2.958132553100585938e+01,-2.293193435668945312e+01,-2.813979148864746094e+01,-4.014250564575195312e+01,-5.183726501464843750e+01,-5.250468826293945312e+01,-4.028167724609375000e+01,-2.191063690185546875e+01,-2.125864791870117188e+01,-2.624509429931640625e+01,-3.008210754394531250e+01,-3.610213088989257812e+01,-3.928011703491210938e+01,-2.927641296386718750e+01,-1.474065780639648438e+01,-1.515818023681640625e+01,-2.261079406738281250e+01,-1.889411163330078125e+01,-1.547760391235351562e+01,-1.686855125427246094e+01,-1.692800903320312500e+01,-1.551312637329101562e+01,-5.516885757446289062e+00,-1.141735553741455078e+00,-4.698662757873535156e+00,-1.728260803222656250e+01,-3.314992904663085938e+01,-2.890839004516601562e+01,-3.762671279907226562e+01,-5.269518280029296875e+01,-5.685049438476562500e+01,-5.844966888427734375e+01,-5.505456924438476562e+01,-3.837297439575195312e+01,-1.852006530761718750e+01,-1.977175521850585938e+01,-1.986440277099609375e+01,-1.886786270141601562e+01,-1.591228008270263672e+01,-1.452859687805175781e+01,-1.350818920135498047e+01,-1.445360565185546875e+01,-1.304116249084472656e+01,-1.683002471923828125e+01,-2.236833572387695312e+01,-2.091124916076660156e+01,-1.682825660705566406e+01,-1.578937149047851562e+01,-2.095560455322265625e+01,-2.073792648315429688e+01,-1.883952140808105469e+01,-1.455057144165039062e+01,-1.260248756408691406e+01,-9.719396591186523438e+00,-1.003669261932373047e+01,-1.039832687377929688e+01,-1.256825351715087891e+01,-2.115057182312011719e+01,-3.287466049194335938e+01,-3.923928070068359375e+01,-2.980147171020507812e+01,-4.099089431762695312e+01,-5.502912902832031250e+01,-5.239895629882812500e+01,-4.581149673461914062e+01,-3.342618942260742188e+01,-2.192506408691406250e+01,-4.753443908691406250e+01,-6.094707489013671875e+01,-6.480957031250000000e+01,-5.360218048095703125e+01,-3.671704483032226562e+01,-4.049800872802734375e+01,-4.510376358032226562e+01,-4.478232955932617188e+01,-4.536441040039062500e+01,-4.371383666992187500e+01,-3.793503570556640625e+01,-6.262063598632812500e+01,-6.677600097656250000e+01,-5.954685211181640625e+01,-5.332252883911132812e+01,-4.980947875976562500e+01,-4.766767120361328125e+01,-4.613229370117187500e+01,-2.558692169189453125e+01,-3.729338836669921875e+01,-3.823123168945312500e+01,-3.307196426391601562e+01,-3.312818145751953125e+01,-3.065842437744140625e+01,-3.093625831604003906e+01,-2.901667404174804688e+01,-3.059771156311035156e+01,-3.080344772338867188e+01,-2.315752029418945312e+01,-2.745474624633789062e+01,-3.802735137939453125e+01,-4.184365081787109375e+01,-4.366065979003906250e+01,-4.467095184326171875e+01,-4.298128509521484375e+01,-4.359180068969726562e+01,-4.781269836425781250e+01,-3.513681793212890625e+01,-2.900615310668945312e+01,-4.615884399414062500e+01,-5.256683349609375000e+01,-4.130601882934570312e+01,-2.376121330261230469e+01,-1.757040977478027344e+01,-2.110302352905273438e+01,-3.375598907470703125e+01,-3.247907257080078125e+01,-2.433722305297851562e+01,-1.586954975128173828e+01,-1.604454421997070312e+01,-1.561775779724121094e+01,-2.180069160461425781e+01,-2.569813537597656250e+01,-2.779673004150390625e+01,-2.727063751220703125e+01,-2.913259887695312500e+01,-2.952735137939453125e+01,-2.512247848510742188e+01,-1.521357250213623047e+01,-2.098424530029296875e+01,-2.594321441650390625e+01,-2.663018798828125000e+01,-2.349265670776367188e+01,-1.697367858886718750e+01,-1.828669738769531250e+01,-1.713802146911621094e+01,-1.517766952514648438e+01,-1.902908706665039062e+01,-1.972393035888671875e+01,-1.980265426635742188e+01,-1.517766571044921875e+01,-9.260431289672851562e+00,-1.232858276367187500e+01,-1.220732688903808594e+01,-9.427498817443847656e+00,-1.686997222900390625e+01,-2.246483612060546875e+01,-2.064858245849609375e+01,-1.820201492309570312e+01,-1.688447952270507812e+01,-1.659187126159667969e+01,-2.025881576538085938e+01,-2.302281951904296875e+01,-3.926905822753906250e+01,-4.434347534179687500e+01,-4.777613830566406250e+01,-4.971117401123046875e+01,-5.306526947021484375e+01,-5.461853790283203125e+01,-5.182989501953125000e+01,-4.263061523437500000e+01,-4.036817169189453125e+01,-4.101752090454101562e+01,-2.975533294677734375e+01,-3.404685211181640625e+01,-3.144395065307617188e+01,-2.778560638427734375e+01,-3.315424728393554688e+01,-3.734116363525390625e+01,-3.495780181884765625e+01,-2.494976806640625000e+01,-1.928083038330078125e+01,-1.670004653930664062e+01,-1.494942092895507812e+01,-2.241999626159667969e+01,-3.083062934875488281e+01,-2.832554626464843750e+01,-2.363554954528808594e+01,-2.171220397949218750e+01,-1.798369216918945312e+01,-1.589023017883300781e+01,-1.040731620788574219e+01,-8.365511894226074219e+00,-8.807491302490234375e+00,-8.793246269226074219e+00,-1.015454864501953125e+01,-2.387169647216796875e+01,-3.156762313842773438e+01,-4.628945922851562500e+01,-4.788784790039062500e+01,-5.048291778564453125e+01,-4.311612701416015625e+01,-1.577927303314208984e+01,-2.690146923065185547e+00,-6.150865554809570312e+00,-4.045000553131103516e+00,-1.405233860015869141e+00,-1.055526161193847656e+01,-1.822237396240234375e+01,-1.946874618530273438e+01,-2.423988342285156250e+01,-3.093838500976562500e+01,-2.361711883544921875e+01,-3.625793457031250000e+00,-6.017332077026367188e+00,-1.557980155944824219e+01,-1.767765808105468750e+01,-9.726499557495117188e+00,-7.038651466369628906e+00,-1.032856178283691406e+01,-9.270234107971191406e+00,-8.307264328002929688e+00,-6.284511566162109375e+00,-5.464520454406738281e+00,-8.016932010650634766e-02,1.704780817031860352e+00,7.817554473876953125e+00,3.196888923645019531e+00,5.430278301239013672e+00,-9.170978069305419922e-01,-7.600102424621582031e+00,-5.091783523559570312e+00,-7.653285026550292969e+00,-8.158201217651367188e+00,-1.255267858505249023e+00,-3.082627058029174805e+00,-7.512979507446289062e+00,-9.088013768196105957e-01,3.146966934204101562e+00,7.466389656066894531e+00,8.136193275451660156e+00,5.279522895812988281e+00,2.396510243415832520e-01,-1.025994539260864258e+00,-4.883583545684814453e+00,-1.072952365875244141e+01,-6.863924980163574219e+00,1.693638563156127930e+00,-7.463335990905761719e-01,-7.079013824462890625e+00,-7.255484580993652344e+00,-4.105741500854492188e+00,5.530760765075683594e+00,2.664350509643554688e+00,-2.598844051361083984e+00,-4.273002624511718750e+00,-9.651820182800292969e+00,-6.817005157470703125e+00,1.149861097335815430e+00,1.240136504173278809e+00,-4.244050025939941406e+00,-2.089549303054809570e+00,-1.670893669128417969e+00,-1.904289245605468750e+00,1.985590815544128418e+00,-2.967711925506591797e+00,-5.293970108032226562e+00,-6.854270458221435547e+00,-2.546011686325073242e+00,1.064448833465576172e+00,4.844006538391113281e+00,7.238838672637939453e+00,1.416039347648620605e+00,-6.966108322143554688e+00,-1.275804138183593750e+01,-9.929265975952148438e+00,-6.636535644531250000e+00,7.228690385818481445e-02,2.876377105712890625e-01,6.921857595443725586e-01,4.402874946594238281e+00,6.354485511779785156e+00,2.372653722763061523e+00,5.428037643432617188e-01,-4.418138563632965088e-01,1.117621183395385742e+00,8.335739374160766602e-01,-1.893467664718627930e+00,-2.012958049774169922e+00,9.262073040008544922e-01,-1.426068186759948730e+00,1.827340245246887207e+00,3.917050123214721680e+00,-2.783543586730957031e+00,-5.425132751464843750e+00,-3.853905439376831055e+00,-1.365996718406677246e+00,8.898195028305053711e-01,-2.662942409515380859e+00,-1.988667249679565430e+00,2.135143995285034180e+00,3.040438652038574219e+00,-1.937111020088195801e+00,-3.945981979370117188e+00,-3.484065532684326172e+00,-4.504736423492431641e+00,-1.095744252204895020e+00,-3.957553505897521973e-01,8.216545581817626953e-01,3.368130445480346680e+00,-4.171996116638183594e+00,-8.533319473266601562e+00,-4.531631469726562500e+00,-1.689976811408996582e+00,8.731693029403686523e-01,-2.324801445007324219e+00,-1.218969941139221191e+00,-1.394497394561767578e+00,-2.103943347930908203e+00,1.250844597816467285e-01,3.408234596252441406e+00,6.172379493713378906e+00,1.062711000442504883e+00,2.178419351577758789e+00,-3.430541276931762695e+00,-8.585294723510742188e+00,-1.583067703247070312e+01,-1.190104675292968750e+01,-6.045416831970214844e+00,-4.157740116119384766e+00,-3.770923137664794922e+00,-2.182042694091796875e+01,-2.547068023681640625e+01,-2.730406379699707031e+01,-2.637235260009765625e+01,-3.337012481689453125e+01,-3.070812225341796875e+01,-1.674413108825683594e+01,-1.405127620697021484e+01,-1.874270057678222656e+01,-2.793389511108398438e+01,-3.451291656494140625e+01,-3.658795166015625000e+01,-3.428124237060546875e+01,-2.547496986389160156e+01,-1.568903732299804688e+01,-1.745486450195312500e+01,-3.337773132324218750e+01,-3.891181945800781250e+01,-4.113068389892578125e+01,-4.194479370117187500e+01,-3.631969070434570312e+01,-3.574885177612304688e+01,-3.664161682128906250e+01,-3.215930175781250000e+01,-2.832609558105468750e+01,-2.387148475646972656e+01,-1.329969120025634766e+01,4.757475852966308594e+00,1.094947147369384766e+01,8.902803421020507812e+00,-1.258133649826049805e+00,-5.729259967803955078e+00,-8.918193817138671875e+00,-6.966978073120117188e+00,-7.490735530853271484e+00,-8.973678588867187500e+00,-2.064786529541015625e+01,-3.261933135986328125e+01,-2.940396308898925781e+01,-1.885464096069335938e+01,-1.339446830749511719e+01,-1.232897377014160156e+01,-1.698884010314941406e+01,-2.536854934692382812e+01,-2.874616622924804688e+01,-2.351385307312011719e+01,-2.448555755615234375e+01,-1.994474792480468750e+01,-1.407122230529785156e+01,-1.507471561431884766e+01,-1.266377258300781250e+01,-1.323695564270019531e+01,-1.538304615020751953e+01,-1.384883689880371094e+01,-1.156242752075195312e+01,-1.102511405944824219e+01,-1.474129295349121094e+01,-9.935437202453613281e+00,-7.396734237670898438e+00,-1.272801780700683594e+01,-1.242794609069824219e+01,-4.330363750457763672e+00,-1.319810581207275391e+01,-1.243456077575683594e+01,-3.036693334579467773e+00,-2.819896459579467773e+00,-3.768927574157714844e+00,-5.727396965026855469e+00,-2.566134452819824219e+00,-1.434440040588378906e+01,-4.234510040283203125e+01,-5.162706756591796875e+01,-5.145296096801757812e+01,-4.868273925781250000e+01,-4.099450683593750000e+01,-3.643711471557617188e+01,-2.997867965698242188e+01,-3.323379135131835938e+01,-3.703662490844726562e+01,-2.861605262756347656e+01,-2.840235900878906250e+01,-2.114720726013183594e+01,-4.176252365112304688e+01,-4.449637222290039062e+01,-3.209279632568359375e+01,-1.945813941955566406e+01,-2.300520324707031250e+01,-2.474274444580078125e+01,-2.310731124877929688e+01,-2.121918106079101562e+01,-2.004297637939453125e+01,-2.081729507446289062e+01,-2.208141708374023438e+01,-3.281660461425781250e+01,-4.031618881225585938e+01,-3.957424163818359375e+01,-3.659095001220703125e+01,-3.391652679443359375e+01,-1.857116699218750000e+01,-1.403234767913818359e+01,-3.893428802490234375e+01,-4.247521209716796875e+01,-2.913359451293945312e+01,-1.345969676971435547e+01,-6.577429294586181641e+00,-1.001485443115234375e+01,-7.206052541732788086e-01,-8.258315324783325195e-01,-4.841536998748779297e+00,-4.905204772949218750e+00,-4.353846740722656250e+01,-5.365815353393554688e+01,-4.435101318359375000e+01,-2.648333740234375000e+01,-1.219910144805908203e+01,-1.119452095031738281e+01,-1.953256607055664062e+01,-2.841514396667480469e+01,-3.059844017028808594e+01,-2.528391265869140625e+01,-1.866495704650878906e+01,-1.361459350585937500e+01,-6.453775405883789062e+00,-2.384144210815429688e+01,-5.042521667480468750e+01,-5.258100891113281250e+01,-3.428759002685546875e+01,-2.192797470092773438e+01,-1.373874187469482422e+01,-3.464102172851562500e+01,-4.392818450927734375e+01,-4.164108657836914062e+01,-3.549969100952148438e+01,-3.311876296997070312e+01,-3.684561920166015625e+01,-4.096760559082031250e+01,-6.069745635986328125e+01,-6.174500274658203125e+01,-5.872689056396484375e+01,-4.666992187500000000e+01,-4.216096115112304688e+01,-4.330756378173828125e+01,-4.684259796142578125e+01,-4.455602264404296875e+01,-3.513945770263671875e+01,-2.718647193908691406e+01,-3.188761138916015625e+01,-3.504589080810546875e+01,-2.910199546813964844e+01,-2.415526390075683594e+01,-2.057795143127441406e+01,-3.132683515548706055e+00,-6.360746383666992188e+00,-6.230848312377929688e+00,-5.682496547698974609e+00,-1.011767864227294922e+01,-1.206779289245605469e+01,-1.410544395446777344e+01,-1.321380233764648438e+01,-1.137779617309570312e+01,-8.356019020080566406e+00,-9.293051719665527344e+00,-1.239201927185058594e+01,-1.617952156066894531e+01,-3.374737548828125000e+01,-5.350007629394531250e+01,-5.638855743408203125e+01,-5.429708099365234375e+01,-4.465231323242187500e+01,-4.319158172607421875e+01,-4.884703063964843750e+01,-5.045631408691406250e+01,-5.371521759033203125e+01,-5.404076385498046875e+01,-4.797365570068359375e+01,-3.526824188232421875e+01,-3.307693862915039062e+01,-3.855333328247070312e+01,-4.403357696533203125e+01,-4.046800994873046875e+01,-3.947399139404296875e+01,-3.474151611328125000e+01,-3.483173751831054688e+01,-2.912356758117675781e+01,-2.115566253662109375e+01,-2.395315933227539062e+01,-3.054231643676757812e+01,-3.164301109313964844e+01,-2.885267257690429688e+01,-2.507358169555664062e+01,-2.498223114013671875e+01,-2.605163955688476562e+01,-1.959593391418457031e+01,-9.553653717041015625e+00,-2.507435607910156250e+01,-4.275630950927734375e+01,-4.929663085937500000e+01,-4.945647048950195312e+01,-4.021806335449218750e+01,-2.643968200683593750e+01,-3.187018203735351562e+01,-3.305881500244140625e+01,-2.392924880981445312e+01,-1.685619163513183594e+01,-2.377272033691406250e+01,-3.019680404663085938e+01,-2.698814010620117188e+01,-2.496016311645507812e+01,-2.744555091857910156e+01,-3.574693298339843750e+01,-3.928629302978515625e+01,-4.370244979858398438e+01,-4.018730926513671875e+01,-2.498171234130859375e+01,-2.421244812011718750e+01,-3.244501876831054688e+01,-3.028504371643066406e+01,-3.249079895019531250e+01,-2.463421249389648438e+01,-2.530671310424804688e+01,-3.068298339843750000e+01,-2.797316360473632812e+01,-2.508614158630371094e+01,-2.733663177490234375e+01,-3.206645584106445312e+01,-2.728404617309570312e+01,-2.435814285278320312e+01,-2.559226226806640625e+01,-2.437174415588378906e+01,-2.428619194030761719e+01,-3.163805580139160156e+01,-2.479620361328125000e+01,-9.693738937377929688e+00,-2.448041677474975586e+00,2.053229331970214844e+00,-3.970390796661376953e+00,-1.728567314147949219e+01,-1.656542396545410156e+01,-1.537523269653320312e+00,3.658469438552856445e+00,-1.041207122802734375e+01,-1.798954963684082031e+01,-1.847702407836914062e+01,-1.147321128845214844e+01,-9.823905944824218750e+00,-7.867951393127441406e+00,-7.349971294403076172e+00,-7.541626453399658203e+00,-1.187338447570800781e+01,-1.878141975402832031e+01,-1.976987266540527344e+01,-2.983498764038085938e+01,-2.983114624023437500e+01,-1.809945678710937500e+01,-6.482032775878906250e+00,-1.189567852020263672e+01,-9.999680519104003906e+00,-1.028023147583007812e+01,-9.547525405883789062e+00,-9.313017845153808594e+00,-3.247930049896240234e+00,-2.199325084686279297e+00,3.216784477233886719e+00,1.428617000579833984e+01,1.767933464050292969e+01,2.222457885742187500e+01,2.171915054321289062e+01,1.719733810424804688e+01,6.826924324035644531e+00,-9.001162528991699219e+00,-1.435663890838623047e+01,-1.834656476974487305e+00,6.877076625823974609e+00,4.910748004913330078e+00,3.770685195922851562e+00,6.126192569732666016e+00,5.683926582336425781e+00,7.139544486999511719e+00,7.277526855468750000e+00,-1.012431621551513672e+00,-3.166635990142822266e+00,1.388864517211914062e+00,-4.633140563964843750e+00,-7.093132972717285156e+00,-4.442728042602539062e+00,-4.184124469757080078e+00,-5.307181358337402344e+00,-2.429690837860107422e+00,-7.169153213500976562e+00,-1.027952098846435547e+01,-8.290019989013671875e+00,-7.856002330780029297e+00,-5.743470191955566406e+00,-8.204764366149902344e+00,-2.316898918151855469e+01,-1.052960014343261719e+01,-3.150865554809570312e+00,-1.888619613647460938e+01,-4.384190368652343750e+01,-5.891448974609375000e+01,-6.063764190673828125e+01,-5.621999359130859375e+01,-4.774809265136718750e+01,-3.819025421142578125e+01,-4.654781723022460938e+01,-5.369212341308593750e+01,-5.252814865112304688e+01,-4.631273651123046875e+01,-4.503079223632812500e+01,-3.872608947753906250e+01,-1.747122955322265625e+01,-9.682085037231445312e+00,-1.961077880859375000e+01,-2.268781661987304688e+01,-9.872083663940429688e+00,-1.336100292205810547e+01,-2.804797363281250000e+01,-3.231648635864257812e+01,-2.413836669921875000e+01,-2.203763961791992188e+01,-1.676948356628417969e+01,-1.697702026367187500e+01,-2.454126739501953125e+01,-2.324676704406738281e+01,-2.086701583862304688e+01,-1.590754318237304688e+01,-1.426642227172851562e+01,-6.890593528747558594e+00,-1.192382216453552246e+00,-6.321544647216796875e+00,-1.060425186157226562e+01,-1.648495864868164062e+01,-2.344320678710937500e+01,-2.272212982177734375e+01,-2.292004585266113281e+01,-3.188592147827148438e+01,-3.136742019653320312e+01,-2.511893463134765625e+01,-2.441506576538085938e+01,-2.530865478515625000e+01,-2.845409393310546875e+01,-2.261080551147460938e+01,-6.457441329956054688e+00,-4.631205081939697266e+00,-1.184183359146118164e+00,3.075148820877075195e+00,-9.068328857421875000e+00,-2.166305541992187500e+01,-3.591597747802734375e+01,-3.337070083618164062e+01,-2.811750602722167969e+01,-3.079971885681152344e+01,-3.035188674926757812e+01,-2.915400695800781250e+01,-1.977854537963867188e+01,-1.019617176055908203e+01,-1.189403915405273438e+01,-1.002006816864013672e+01,-9.985006332397460938e+00,-1.296411800384521484e+01,-6.015823841094970703e+00,-2.274454498291015625e+01,-3.509275817871093750e+01,-3.071379852294921875e+01,-2.564619827270507812e+01,-2.764955902099609375e+01,-2.786793899536132812e+01,-3.046500396728515625e+01,-2.522320365905761719e+01,-2.462808418273925781e+01,-2.699330902099609375e+01,-2.045584869384765625e+01,-1.177865028381347656e+01,-7.658310413360595703e+00,-7.286894321441650391e+00,-2.660473251342773438e+01,-4.265800476074218750e+01,-3.078511810302734375e+01,-1.474922466278076172e+01,-2.139375305175781250e+01,-2.492157363891601562e+01,-2.768523979187011719e+01,-2.706917572021484375e+01,-2.550627899169921875e+01,-2.526068115234375000e+01,-1.960845947265625000e+01,-1.257791328430175781e+01,-1.211619472503662109e+01,-1.147637367248535156e+01,-1.228716945648193359e+01,-1.284147548675537109e+01,-1.096570873260498047e+01,-9.997477531433105469e+00,-1.073201274871826172e+01,-2.477679252624511719e+01,-2.972167015075683594e+01,-3.328829574584960938e+01,-3.391623687744140625e+01,-3.008398056030273438e+01,-2.828037643432617188e+01,-2.964385986328125000e+01,-2.760223007202148438e+01,-3.197008132934570312e+01,-3.362567138671875000e+01,-2.766958618164062500e+01,-1.994034004211425781e+01,-1.845183944702148438e+01,-1.381464958190917969e+01,-7.537872314453125000e+00,-3.576803445816040039e+00,-4.145263671875000000e+00,-6.421487808227539062e+00,-3.345203399658203125e+01,-4.578522491455078125e+01,-4.333869171142578125e+01,-3.161216735839843750e+01,-1.417970371246337891e+01,-5.488389015197753906e+00,-4.524582862854003906e+00,-4.433625698089599609e+00,-8.101317405700683594e+00,-6.825163841247558594e+00,-8.334050178527832031e+00,-7.826634883880615234e+00,-1.010550594329833984e+01,-1.145062637329101562e+01,-1.020529365539550781e+01,-6.342128753662109375e+00,-4.180218696594238281e+00,-8.298421859741210938e+00,-7.107229232788085938e+00,-7.309104919433593750e+00,-9.346837997436523438e+00,-8.192914009094238281e+00,-6.240180969238281250e+00,-4.859236717224121094e+00,-3.422189235687255859e+00,-7.672935485839843750e+00,-5.051140785217285156e+00,2.897518873214721680e-02,-3.906917333602905273e+00,-4.274590492248535156e+00,-6.693292140960693359e+00,-1.043962287902832031e+01,-1.240595817565917969e+01,-7.496989250183105469e+00,2.995611906051635742e+00,5.843213081359863281e+00,2.519492387771606445e+00,4.552165031433105469e+00,2.415345191955566406e+00,1.172865033149719238e-01,-3.617254972457885742e+00,-5.040636539459228516e+00,-4.813163578510284424e-01,-3.298068523406982422e+00,-4.334748744964599609e+00,-1.369469046592712402e+00,5.352123975753784180e-01,-1.373623847961425781e+01,-3.242469787597656250e+01,-4.215469741821289062e+01,-3.706303024291992188e+01,-1.899779891967773438e+01,2.816231250762939453e+00,3.215434074401855469e+00,-1.347353363037109375e+01,-3.143137359619140625e+01,-4.349271774291992188e+01,-3.892895507812500000e+01,-2.551159286499023438e+01,-1.889537429809570312e+01,-1.447299766540527344e+01,-9.752953529357910156e+00,-1.239702606201171875e+01,-2.149390029907226562e+01,-3.085224533081054688e+01,-4.027787780761718750e+01,-4.276759338378906250e+01,-3.748602676391601562e+01,-2.603253364562988281e+01,-2.834359741210937500e+01,-1.967693328857421875e+01,-7.438164710998535156e+00,-2.519808959960937500e+01,-4.058876800537109375e+01,-4.435060119628906250e+01,-4.170973968505859375e+01,-3.539209747314453125e+01,-2.795677947998046875e+01,-2.922972869873046875e+01,-3.634631347656250000e+01,-3.084653472900390625e+01,-3.226102447509765625e+01,-3.506663513183593750e+01,-2.222303009033203125e+01,-2.590366363525390625e+01,-2.438532638549804688e+01,-2.153195762634277344e+01,-3.378260421752929688e+01,-4.134342193603515625e+01,-2.714229202270507812e+01,-1.661222457885742188e+01,-1.519613456726074219e+01,-1.192323875427246094e+01,-9.393310546875000000e+00,-1.014770150184631348e+00,-1.704049229621887207e+00,-1.379910659790039062e+01,-3.068788528442382812e+01,-3.517507553100585938e+01,-2.622399139404296875e+01,-2.629322052001953125e+01,-2.595602035522460938e+01,-3.014928245544433594e+01,-3.456451034545898438e+01,-4.160401153564453125e+01,-5.116294097900390625e+01,-5.586419677734375000e+01,-5.334289550781250000e+01,-3.327368927001953125e+01,-1.818151092529296875e+01,-1.707814407348632812e+01,-1.849366950988769531e+01,-1.817068481445312500e+01,-2.915036010742187500e+01,-2.504480552673339844e+01,-1.991721725463867188e+01,-1.576113605499267578e+01,-1.190098953247070312e+01,-1.413546752929687500e+01,-1.893029785156250000e+01,-2.764503479003906250e+01,-1.197393703460693359e+01,-1.495223283767700195e+00,-1.915356993675231934e+00,-4.152489662170410156e+00,-1.582579898834228516e+01,-2.010636138916015625e+01,-2.415424156188964844e+01,-2.749465560913085938e+01,-2.915092086791992188e+01,-2.865875244140625000e+01,-2.561486434936523438e+01,-1.985771560668945312e+01,-1.426171970367431641e+01,-1.728319549560546875e+01,-2.084055709838867188e+01,-1.525787448883056641e+01,-1.485868263244628906e+01,-1.177909088134765625e+01,-8.711997032165527344e+00,-6.662571907043457031e+00,-9.972278594970703125e+00,-1.080162811279296875e+01,-1.010387229919433594e+01,-1.031972694396972656e+01,-1.068875598907470703e+01,-9.109104156494140625e+00,-4.603800773620605469e+00,-6.265666484832763672e-01,3.522651195526123047e-01,-2.762341976165771484e+00,3.984477519989013672e-01,-1.118975520133972168e+00,-4.311453819274902344e+00,-3.040014743804931641e+00,-2.554210662841796875e+00,-4.752021431922912598e-01,-1.503555655479431152e+00,-1.669119358062744141e+00,5.685303211212158203e-01,-1.293022990226745605e+00,-1.922440290451049805e+00,-3.631618261337280273e+00,-3.827836513519287109e+00,-8.144967555999755859e-01,9.656258583068847656e+00,-3.052140712738037109e+00,-1.994709968566894531e+01,-1.868319320678710938e+01,-1.147451114654541016e+01,-8.554659843444824219e+00,-8.299423217773437500e+00,-2.169763803482055664e+00,1.644978523254394531e+00,1.221480560302734375e+01,-2.882034683227539062e+01,-5.389625549316406250e+01,-5.979002380371093750e+01,-2.916414260864257812e+01,-1.592239379882812500e+01,-2.012335205078125000e+01,-1.608603096008300781e+01,-1.320079612731933594e+01,-1.896936416625976562e+01,-1.778697204589843750e+01,-2.106233978271484375e+01,-1.482694625854492188e+01,-9.309883117675781250e+00,-1.437818336486816406e+01,-2.437945556640625000e+01,-1.748912429809570312e+01,-1.926508903503417969e+01,-2.484258270263671875e+01,-2.306078720092773438e+01,-1.860179138183593750e+01,-1.220777416229248047e+01,-4.110510826110839844e+00,-7.081048488616943359e+00,-1.438142395019531250e+01,-2.445572280883789062e+01,-3.098062896728515625e+01,-3.272427368164062500e+01,-3.062181854248046875e+01,-2.316773986816406250e+01,-2.747793960571289062e+01,-3.651603698730468750e+01,-4.010062408447265625e+01,-3.746601104736328125e+01,-3.709577941894531250e+01,-4.381040954589843750e+01,-4.477656555175781250e+01,-3.580326080322265625e+01,-2.394490051269531250e+01,-1.598743343353271484e+01,-1.161655235290527344e+01,-4.583170890808105469e+00,-2.017147541046142578e+00,-1.334085226058959961e+00,-1.435242891311645508e-01,2.859009206295013428e-01,-1.115046381950378418e+00,-4.645878791809082031e+00,1.083909392356872559e+00,1.298993349075317383e+00,-2.824454545974731445e+00,-7.552899360656738281e+00,-1.261732482910156250e+01,-9.072748184204101562e+00,-4.454490184783935547e+00,-2.577683210372924805e+00,-4.073585033416748047e+00,-2.165148973464965820e+00,-6.720622062683105469e+00,-1.257432746887207031e+01,-1.779341506958007812e+01,-1.611109924316406250e+01,-2.161480903625488281e+01,-2.623001861572265625e+01,-2.770286560058593750e+01,-2.207668876647949219e+01,-1.299371910095214844e+01,-1.148276138305664062e+01,-3.421168136596679688e+01,-4.043639755249023438e+01,-2.888737487792968750e+01,-2.111529159545898438e+01,-1.055645942687988281e+01,-1.194218730926513672e+01,-8.476701736450195312e+00,-1.147559165954589844e+01,-2.725789260864257812e+01,-3.450872802734375000e+01,-3.176509475708007812e+01,-2.992606353759765625e+01,-2.536570167541503906e+01,-2.550761032104492188e+01,-3.019565963745117188e+01,-3.029940605163574219e+01,-1.859400749206542969e+01,-1.795674896240234375e+01,-2.618657684326171875e+01,-3.381591033935546875e+01,-3.237878417968750000e+01,-2.593544578552246094e+01,-1.937974739074707031e+01,-1.702949905395507812e+01,-6.849230766296386719e+00,-9.451331138610839844e+00,-9.191734313964843750e+00,-1.485752105712890625e+01,-2.357837486267089844e+01,-2.707616806030273438e+01,-2.166642379760742188e+01,-1.503662109375000000e+01,-1.293439102172851562e+01,-1.280393886566162109e+01,-1.643547439575195312e+01,-1.916618728637695312e+01,-2.388622283935546875e+01,-2.150107574462890625e+01,-2.187064361572265625e+01,-1.693400573730468750e+01,-2.732355117797851562e+00,-1.725766372680664062e+01,-2.762321853637695312e+01,-3.244905853271484375e+01,-2.987128448486328125e+01,-2.677284622192382812e+01,-3.060657882690429688e+01,-2.873240470886230469e+01,-3.148320007324218750e+01,-3.191903114318847656e+01,-2.604452133178710938e+01,-1.945234298706054688e+01,-1.431181526184082031e+01,-1.407586860656738281e+01,-1.438348960876464844e+01,-2.128788375854492188e+01,-1.731069946289062500e+01,-2.513962554931640625e+01,-4.143011093139648438e+01,-4.330734252929687500e+01,-3.603508377075195312e+01,-3.636459350585937500e+01,-4.203543853759765625e+01,-4.102342224121093750e+01,-3.193311882019042969e+01,-1.841125869750976562e+01,-6.447681784629821777e-01,1.812591075897216797e+00,-1.244604492187500000e+01,-1.936571502685546875e+01,-1.903281402587890625e+01,-1.102760887145996094e+01,-1.879742050170898438e+01,-1.776329803466796875e+01,-1.719906997680664062e+01,-2.117615890502929688e+01,-1.811692619323730469e+01,-1.641821098327636719e+01,-1.902469062805175781e+01,-2.030133819580078125e+01,-1.062172889709472656e+01,-2.759682655334472656e+00,-9.888041496276855469e+00,-1.307635116577148438e+01,-1.646136283874511719e+01,-1.903552818298339844e+01,-9.305410385131835938e+00,-2.818173408508300781e+00,-8.572940826416015625e+00,-9.962100982666015625e+00,-1.505831718444824219e+01,-2.442683792114257812e+01,-3.720075607299804688e+01,-4.757907104492187500e+01,-5.631024932861328125e+01,-4.438924407958984375e+01,-4.395493316650390625e+01,-3.143966674804687500e+01,-1.535430145263671875e+01,-2.299985313415527344e+01,-3.007331466674804688e+01,-2.972677421569824219e+01,-2.497249984741210938e+01,-1.705864334106445312e+01,-1.977402877807617188e+01,-4.001873397827148438e+01,-5.124722290039062500e+01,-5.023908615112304688e+01,-4.892701721191406250e+01,-4.579176330566406250e+01,-4.283129119873046875e+01,-3.799053192138671875e+01,-3.505809020996093750e+01,-3.411075592041015625e+01,-2.744502639770507812e+01,-1.602827644348144531e+01,-7.637495994567871094e+00,-1.583726787567138672e+01,-2.140963935852050781e+01,-2.580476951599121094e+01,-2.400290679931640625e+01,-1.585009860992431641e+01,-1.166368675231933594e+01,-1.498361492156982422e+01,-1.134517288208007812e+01,-1.130497932434082031e+01,-2.597480964660644531e+01,-3.045965766906738281e+01,-2.983901786804199219e+01,-3.758446502685546875e+01,-4.437784576416015625e+01,-4.188798522949218750e+01,-4.588064575195312500e+01,-4.339297485351562500e+01,-3.555467224121093750e+01,-2.920929336547851562e+01,-2.558586692810058594e+01,-2.494049835205078125e+01,-1.655482292175292969e+01,-1.880451202392578125e+01,-2.975439453125000000e+01,-2.693439102172851562e+01,-1.410659790039062500e+01,-9.689846992492675781e+00,-5.888987541198730469e+00,-1.112407684326171875e+01,-1.518434715270996094e+01,-1.130027961730957031e+01,-6.790683746337890625e+00,-1.119591712951660156e+01,-1.592595958709716797e+01,-1.743663406372070312e+01,-1.468335056304931641e+01,-6.692898750305175781e+00,-3.011322975158691406e+00,-5.638792514801025391e-01,1.186100244522094727e+00,1.491186380386352539e+00,4.327392578125000000e-02,-1.152350807189941406e+01,-2.418940353393554688e+01,-3.029203224182128906e+01,-2.159698867797851562e+01,-1.581110000610351562e+01,-2.231206512451171875e+01,-2.155492782592773438e+01,-1.594029998779296875e+01,-1.027138710021972656e+01,-1.114308166503906250e+01,-1.016305923461914062e+01,-2.697998285293579102e+00,-8.030194282531738281e+00,-1.866835975646972656e+01,-1.463061332702636719e+01,-8.723863601684570312e+00,-8.634525299072265625e+00,-4.821777343750000000e-01,1.685508251190185547e+00,1.797735929489135742e+00,1.240652084350585938e+00,-1.557581543922424316e+00,5.105543732643127441e-01,5.547234535217285156e+00,6.058463573455810547e+00,3.546274900436401367e+00,-2.641642570495605469e+00,-4.930583477020263672e+00,-3.806150555610656738e-01,-5.174778699874877930e-01,2.149028480052947998e-01,-3.340442657470703125e+00,-7.795453071594238281e-03,7.885514259338378906e+00,1.420263290405273438e+01,2.522207069396972656e+01,2.442929649353027344e+01,2.248955726623535156e+01,1.969769477844238281e+01,1.770162582397460938e+01,1.380204963684082031e+01,1.359779739379882812e+01,1.686406707763671875e+01,1.677816009521484375e+01,8.447996139526367188e+00,-9.539453983306884766e-01,-1.272087860107421875e+01,-2.170029449462890625e+01,-2.437868499755859375e+01,-1.353879737854003906e+01,-1.565483927726745605e+00,6.755639612674713135e-02,-5.934136390686035156e+00,-3.487603664398193359e+00,7.131019115447998047e+00,8.517251014709472656e+00,3.067193508148193359e+00,2.290884971618652344e+00,1.111702919006347656e+00,-1.509887337684631348e+00,-3.468730449676513672e-01,3.623919963836669922e+00,-8.088642358779907227e-02,-4.558753013610839844e+00,-3.523308992385864258e+00,8.572487831115722656e-01,4.234672546386718750e+00,4.953534603118896484e+00,5.906887054443359375e+00,4.454996109008789062e+00,2.973797321319580078e+00,-3.743876934051513672e+00,-5.492743968963623047e+00,-8.203354835510253906e+00,-5.519425868988037109e+00,-5.421990394592285156e+00,-6.071819305419921875e+00,-4.313148498535156250e+00,-1.381707572937011719e+01,-1.567303466796875000e+01,8.361767530441284180e-01,-6.606371879577636719e+00,-2.950968170166015625e+01,-4.020656967163085938e+01,-3.832009887695312500e+01,-3.899786758422851562e+01,-3.716397094726562500e+01,-3.309329986572265625e+01,-3.580074310302734375e+01,-3.618852996826171875e+01,-3.803783416748046875e+01,-3.668170166015625000e+01,-3.484105682373046875e+01,-3.414850234985351562e+01,-4.015130233764648438e+01,-5.354679870605468750e+01,-5.504611587524414062e+01,-5.386749267578125000e+01,-5.274983215332031250e+01,-4.778491592407226562e+01,-3.967984771728515625e+01,-3.424514770507812500e+01,-2.820667266845703125e+01,-3.731999206542968750e+01,-4.046501159667968750e+01,-3.356478118896484375e+01,-2.937909698486328125e+01,-3.937653350830078125e+01,-3.554077529907226562e+01,-2.014233016967773438e+01,-1.145440864562988281e+01,-1.271022987365722656e+01,-2.149687957763671875e+01,-2.533477401733398438e+01,-2.997390747070312500e+01,-3.999693679809570312e+01,-4.513703155517578125e+01,-3.897333908081054688e+01,-2.408994483947753906e+01,-1.167482757568359375e+01,-7.170835494995117188e+00,-2.376145601272583008e+00,-2.276076555252075195e+00,-4.423237800598144531e+00,-1.060156822204589844e+01,-1.801613426208496094e+01,-2.041399383544921875e+01,-1.769447708129882812e+01,-1.773771476745605469e+01,-2.211326599121093750e+01,-3.086645126342773438e+01,-4.053594589233398438e+01,-4.086249160766601562e+01,-3.322331619262695312e+01,-2.378554153442382812e+01,-2.506235313415527344e+01,-2.365190505981445312e+01,-2.065884208679199219e+01,-1.984069442749023438e+01,-1.600444030761718750e+01,-5.691841602325439453e+00,4.843406677246093750e+00,-4.463335990905761719e+00,-7.541713714599609375e+00,-3.966351985931396484e+00,4.497002601623535156e+00,2.735384464263916016e+00,-2.947568893432617188e+00,-1.347378826141357422e+01,-1.899227905273437500e+01,-5.159759521484375000e+00,-1.398682880401611328e+01,-2.028392028808593750e+01,-3.125218391418457031e+01,-3.704673767089843750e+01,-3.719236373901367188e+01,-3.805264282226562500e+01,-3.936997985839843750e+01,-4.435375213623046875e+01,-3.570629119873046875e+01,-1.475810050964355469e+01,-1.483166122436523438e+01,-2.433060455322265625e+01,-3.259180068969726562e+01,-3.067920494079589844e+01,-3.346388244628906250e+01,-3.001349258422851562e+01,-2.486402893066406250e+01,-2.523679733276367188e+01,-2.161738967895507812e+01,-1.675935363769531250e+01,-2.031762313842773438e+01,-2.395136642456054688e+01,-3.840567779541015625e+01,-4.023422622680664062e+01,-2.643927574157714844e+01,-1.062542915344238281e+01,-8.111253738403320312e+00,-1.019113349914550781e+01,-1.151986694335937500e+01,-9.130754470825195312e+00,-4.896808624267578125e+00,-3.277706146240234375e+00,6.487198829650878906e+00,1.023860740661621094e+01,6.916331768035888672e+00,1.570995569229125977e+00,2.582267522811889648e+00,5.659375190734863281e+00,4.631895065307617188e+00,1.997131109237670898e+00,4.837108135223388672e+00,5.299787521362304688e+00,-1.865744590759277344e-01,-5.022147893905639648e-01,-3.780669569969177246e-01,9.529628753662109375e-01,-3.280941009521484375e+00,-9.098814010620117188e+00,-2.643014335632324219e+01,-4.209506607055664062e+01,-4.082093811035156250e+01,-3.977481842041015625e+01,-3.947079467773437500e+01,-2.709783554077148438e+01,-1.371599769592285156e+01,-1.460107517242431641e+01,-1.183215332031250000e+01,-7.490652084350585938e+00,-2.465743303298950195e+00,2.002696394920349121e-01,8.242435455322265625e-01,-3.068268537521362305e+00,-3.088399410247802734e+00,-5.064093112945556641e+00,-1.096338462829589844e+01,-8.485645294189453125e+00,-9.382598876953125000e+00,-9.874900817871093750e+00,-7.084743976593017578e+00,-4.418854713439941406e+00,-6.077107906341552734e+00,-6.079561233520507812e+00,-5.844255924224853516e+00,1.817412823438644409e-01,3.738379001617431641e+00,2.492680311203002930e+00,1.392352581024169922e-02,-6.769880294799804688e+00,-2.816506385803222656e+01,-4.865458297729492188e+01,-4.479349517822265625e+01,-3.099838447570800781e+01,-2.439404106140136719e+01,-2.771136856079101562e+01,-2.985777282714843750e+01,-2.488578796386718750e+01,-2.495038795471191406e+01,-2.037266159057617188e+01,-2.408839035034179688e+01,-4.021047210693359375e+01,-4.455736541748046875e+01,-4.150271606445312500e+01,-3.864665985107421875e+01,-3.569330215454101562e+01,-5.164050292968750000e+01,-6.057655334472656250e+01,-5.740280914306640625e+01,-4.087912750244140625e+01,-2.889408493041992188e+01,-1.350280189514160156e+01,-2.275478363037109375e+01,-3.698308563232421875e+01,-4.183751678466796875e+01,-3.587294006347656250e+01,-2.482053375244140625e+01,-2.509931182861328125e+01,-2.663928794860839844e+01,-2.078302383422851562e+01,-1.004314899444580078e+01,-1.487306880950927734e+01,-2.911578369140625000e+01,-3.818347549438476562e+01,-3.402143859863281250e+01,-2.309962463378906250e+01,-1.839828491210937500e+01,-1.981646347045898438e+01,-2.143732833862304688e+01,-3.445769119262695312e+01,-3.881678771972656250e+01,-2.989526748657226562e+01,-2.523239898681640625e+01,-1.913814353942871094e+01,-1.914817810058593750e+01,-1.951552200317382812e+01,-2.154467773437500000e+01,-3.164569854736328125e+01,-3.659043121337890625e+01,-3.663899230957031250e+01,-3.729721832275390625e+01,-3.870431900024414062e+01,-3.853866577148437500e+01,-3.051072120666503906e+01,-2.712906265258789062e+01,-2.448464584350585938e+01,-2.933141708374023438e+01,-4.066609191894531250e+01,-4.183598327636718750e+01,-3.585646820068359375e+01,-3.121919631958007812e+01,-2.666080474853515625e+01,-2.952411460876464844e+01,-2.805015754699707031e+01,-2.987070083618164062e+01,-2.299643325805664062e+01,-1.657564163208007812e+01,-2.130957984924316406e+01,-2.067454910278320312e+01,-1.604748344421386719e+01,-1.339201831817626953e+01,-1.087481117248535156e+01,-1.734500122070312500e+01,-1.982911682128906250e+01,-7.916738510131835938e+00,-7.671720981597900391e+00,-9.107290506362915039e-01,-1.074303507804870605e+00,2.942763566970825195e-01,1.679054975509643555e+00,4.425119400024414062e+00,4.371018409729003906e+00,3.750337123870849609e+00,5.105828285217285156e+00,-1.274470329284667969e+00,-1.554418921470642090e+00,-1.871143579483032227e+00,1.282511591911315918e+00,1.229272174835205078e+01,1.796727752685546875e+01,5.650338172912597656e+00,-8.174091339111328125e+00,-1.747303009033203125e+01,-1.894560623168945312e+01,-1.268885993957519531e+01,-1.136845970153808594e+01,-1.220490169525146484e+01,-1.845293045043945312e+01,-2.052980422973632812e+01,-1.630359649658203125e+01,-1.578238868713378906e+01,-2.087495803833007812e+01,-2.820232200622558594e+01,-3.207538986206054688e+01,-2.793381118774414062e+01,-3.139995956420898438e+01,-2.954382896423339844e+01,-1.693061828613281250e+01,-1.121256065368652344e+01,-1.417859268188476562e+01,-3.417776823043823242e+00,-2.016449356079101562e+01,-4.243576049804687500e+01,-4.882404708862304688e+01,-5.243220901489257812e+01,-5.498886108398437500e+01,-4.167881011962890625e+01,-1.982027435302734375e+01,-2.086375808715820312e+01,-2.128782272338867188e+01,-2.425870513916015625e+01,-2.080422782897949219e+01,-1.182741355895996094e+01,-1.009477519989013672e+01,-1.768949508666992188e+01,-1.843067550659179688e+01,-4.405422687530517578e+00,4.996927261352539062e+00,1.206567573547363281e+01,1.651762771606445312e+01,1.043088626861572266e+01,6.368524074554443359e+00,8.804937362670898438e+00,8.770818710327148438e+00,6.227724552154541016e+00,-2.198960781097412109e+00,-8.387804031372070312e+00,-1.474362468719482422e+01,-2.523680877685546875e+01,-2.730343055725097656e+01,-1.716040420532226562e+01,-5.502805233001708984e+00,3.119051456451416016e-03,-2.189479112625122070e+00,-3.206466197967529297e+00,1.300279140472412109e+00,2.626210451126098633e+00,-4.606771469116210938e+00,-9.926131248474121094e+00,-8.136589050292968750e+00,-5.659753799438476562e+00,-4.597908020019531250e+00,-3.569335556030273438e+01,-3.585765838623046875e+01,-2.831607055664062500e+01,-2.863701629638671875e+01,-3.085692405700683594e+01,-2.760739898681640625e+01,-8.027235984802246094e+00,-1.398901748657226562e+01,-1.764072418212890625e+01,-1.629296112060546875e+01,-1.393131256103515625e+01,-1.205876922607421875e+01,-9.007099151611328125e+00,-1.274340248107910156e+01,-9.478920936584472656e+00,-4.935940265655517578e+00,-1.584107398986816406e+00,-1.720062065124511719e+01,-2.968608093261718750e+01,-3.264687728881835938e+01,-2.596391677856445312e+01,-2.013795280456542969e+01,-2.071578979492187500e+01,-1.484259986877441406e+01,-1.823696708679199219e+01,-3.650762176513671875e+01,-3.776486206054687500e+01,-3.085300827026367188e+01,-2.444289207458496094e+01,-2.135645484924316406e+01,-3.254024505615234375e+01,-3.473616790771484375e+01,-3.973398208618164062e+01,-6.023448944091796875e+01,-5.683534622192382812e+01,-4.685363388061523438e+01,-3.497238159179687500e+01,-3.443694305419921875e+01,-3.576057434082031250e+01,-3.166057586669921875e+01,-2.275034332275390625e+01,-2.966626167297363281e+01,-4.382419204711914062e+01,-4.802472686767578125e+01,-4.424049377441406250e+01,-3.416285324096679688e+01,-4.381383895874023438e+01,-5.426104736328125000e+01,-4.990469741821289062e+01,-3.694815444946289062e+01,-2.956749343872070312e+01,-2.975897216796875000e+01,-2.948187255859375000e+01,-3.213481903076171875e+01,-3.343644714355468750e+01,-3.455740356445312500e+01,-3.558365249633789062e+01,-3.822731018066406250e+01,-3.557051849365234375e+01,-2.985727691650390625e+01,-2.660013580322265625e+01,-2.104461669921875000e+01,-1.471647930145263672e+01,-7.936602115631103516e+00,-1.185601329803466797e+01,-2.670354080200195312e+01,-3.686633300781250000e+01,-3.716712188720703125e+01,-3.455905914306640625e+01,-2.758164024353027344e+01,-2.702978134155273438e+01,-2.597962570190429688e+01,-2.772689819335937500e+01,-4.117084503173828125e+01,-4.825241470336914062e+01,-4.826277160644531250e+01,-3.751193237304687500e+01,-3.130685424804687500e+01,-2.657417678833007812e+01,-1.812663078308105469e+01,-1.353003883361816406e+01,-1.234280395507812500e+01,-1.796988105773925781e+01,-1.507681274414062500e+01,-4.927420616149902344e+00,3.638166189193725586e-02,2.833348989486694336e+00,-1.834690570831298828e+00,-1.441937255859375000e+01,-1.645273780822753906e+01,-1.827734756469726562e+01,-2.153933715820312500e+01,-2.460309982299804688e+01,-3.174661254882812500e+01,-2.374987792968750000e+01,-1.591603946685791016e+01,-8.029861450195312500e+00,-7.968845844268798828e+00,-8.819695472717285156e+00,-7.485628128051757812e-02,2.506506443023681641e+00,-1.012565994262695312e+01,-2.095752334594726562e+01,-2.076489257812500000e+01,-2.109772491455078125e+01,-2.651778793334960938e+01,-2.818030929565429688e+01,-2.726510238647460938e+01,-1.833818054199218750e+01,-1.515682125091552734e+01,-1.775745773315429688e+01,-1.407202243804931641e+01,2.936658382415771484e+00,1.552992105484008789e+00,-4.908828735351562500e+00,-2.689625549316406250e+01,-2.622883605957031250e+01,-2.339669227600097656e+01,-1.936734580993652344e+01,-1.994844245910644531e+01,-2.224491119384765625e+01,-1.976819992065429688e+01,-1.484610462188720703e+01,-1.407392120361328125e+01,-1.549776172637939453e+01,-1.265426635742187500e+01,-1.160754013061523438e+01,-1.072554397583007812e+01,2.596775770187377930e+00,-6.608231544494628906e+00,-8.246469497680664062e+00,-8.322309494018554688e+00,-2.604921817779541016e+00,9.795992374420166016e-01,-1.795247793197631836e+00,-5.433702468872070312e+00,-2.089398574829101562e+01,-3.291971588134765625e+01,-3.237947845458984375e+01,-3.333745956420898438e+01,-3.123745727539062500e+01,-3.226284408569335938e+01,-3.164782142639160156e+01,-2.638390350341796875e+01,-1.398896789550781250e+01,-1.266698646545410156e+01,-1.028049278259277344e+01,-3.019283056259155273e+00,-1.511867046356201172e-01,-3.697587013244628906e+00,-1.231634330749511719e+01,-9.022894859313964844e+00,-4.552286148071289062e+00,-4.540872573852539062e+00,-6.145716190338134766e+00,-3.056850433349609375e+00,-3.567411899566650391e+00,-4.380569934844970703e+00,-6.291736125946044922e+00,-8.902051925659179688e+00,-6.275673866271972656e+00,-3.693853139877319336e+00,-2.823065757751464844e+00,-2.066529989242553711e+00,-8.045737147331237793e-01,2.580667018890380859e+00,5.058923721313476562e+00,4.879202842712402344e+00,2.959002494812011719e+00,3.866163253784179688e+00,-4.694201052188873291e-01,-3.815283179283142090e-01,1.328417658805847168e-01,4.116341173648834229e-01,-1.960582494735717773e+00,-6.447255134582519531e+00,-7.849481105804443359e+00,-6.809942245483398438e+00,-5.885823249816894531e+00,-5.659697532653808594e+00,-5.336715698242187500e+00,-2.034673881530761719e+01,-2.310804748535156250e+01,-2.689347743988037109e+00,1.268420457839965820e+00,-1.014563322067260742e+00,-2.781381130218505859e+00,9.084466934204101562e+00,4.401595115661621094e+00,-2.351547956466674805e+00,-1.824663162231445312e+00,5.715201854705810547e+00,7.316619396209716797e+00,6.918933868408203125e+00,1.091633415222167969e+01,9.612901687622070312e+00,4.476337432861328125e+00,9.420973658561706543e-01,-4.762206077575683594e+00,-1.615974617004394531e+01,-2.779983139038085938e+01,-1.957345581054687500e+01,-1.215222597122192383e+00,-1.924887537956237793e+00,-1.730976581573486328e+00,1.027135086059570312e+01,9.622591018676757812e+00,-2.344743919372558594e+01,-4.425875854492187500e+01,-4.540988159179687500e+01,-4.419009780883789062e+01,-4.469739913940429688e+01,-4.394661712646484375e+01,-3.687503433227539062e+01,-3.415172576904296875e+01,-2.336824035644531250e+01,-2.239802360534667969e+01,-2.223834228515625000e+01,-1.760614395141601562e+01,-1.949348068237304688e+01,-2.055083465576171875e+01,-2.280571937561035156e+01,-2.465865516662597656e+01,-1.776326751708984375e+01,-2.574604272842407227e+00,9.038469314575195312e+00,1.050422286987304688e+01,6.004044532775878906e+00,2.840535163879394531e+00,-9.283581972122192383e-01,-1.330563354492187500e+01,-2.527080535888671875e+01,-2.789333152770996094e+01,-2.181648254394531250e+01,-9.242401123046875000e+00,-4.956691741943359375e+00,-5.527769088745117188e+00,-4.243397235870361328e+00,-4.479022979736328125e+00,-2.943109035491943359e+00,1.887537002563476562e+00,-1.039470291137695312e+01,-1.465875244140625000e+01,-1.589190483093261719e+01,-2.236944007873535156e+01,-2.621850585937500000e+01,-3.187473297119140625e+01,-3.367552947998046875e+01,-3.667276000976562500e+01,-3.211683654785156250e+01,-2.997593307495117188e+01,-2.605108642578125000e+01,-1.969552230834960938e+01,-1.998818778991699219e+01,-2.420640945434570312e+01,-2.177944374084472656e+01,-1.650595474243164062e+01,-1.406181335449218750e+01,-4.843350410461425781e+00,-7.772171974182128906e+00,-1.732507944107055664e+00,-1.974828529357910156e+01,-4.367827987670898438e+01,-3.984032821655273438e+01,-2.102636337280273438e+01,-2.846963500976562500e+01,-4.353678131103515625e+01,-3.467879486083984375e+01,-2.067221450805664062e+01,-6.777695655822753906e+00,-1.168593883514404297e+01,-2.433869934082031250e+01,-2.831136322021484375e+01,-2.025973510742187500e+01,-8.331229209899902344e+00,5.117906332015991211e-01,3.812899112701416016e+00,-1.397335529327392578e-02,-5.587188720703125000e+00,-3.887937068939208984e+00,-8.128787994384765625e+00,-1.895407485961914062e+01,-2.591324234008789062e+01,-2.782527160644531250e+01,-2.274891090393066406e+01,-2.836066055297851562e+01,-3.619065093994140625e+01,-4.032518768310546875e+01,-3.546768188476562500e+01,-2.548149871826171875e+01,-2.142686843872070312e+01,-1.292499351501464844e+01,-7.273279190063476562e+00,-1.013866424560546875e+01,-5.942424774169921875e+00,5.426287651062011719e+00,1.413205242156982422e+01,1.418073463439941406e+01,4.252517700195312500e+00,-1.735655975341796875e+01,-1.935560989379882812e+01,-1.861810684204101562e+01,-1.597587394714355469e+01,-1.286876678466796875e+01,-1.055288314819335938e+01,-8.555536270141601562e+00,-6.408228874206542969e+00,-7.372917652130126953e+00,-8.486166954040527344e+00,-1.449703407287597656e+01,-1.821703338623046875e+01,-1.877592086791992188e+01,-1.738642120361328125e+01,-1.568640804290771484e+01,-1.606577110290527344e+01,-1.628765487670898438e+01,-8.652621269226074219e+00,-8.261597156524658203e-01,-1.187237262725830078e+00,1.311474800109863281e+00,-8.336935043334960938e+00,-2.617039871215820312e+01,-2.740520286560058594e+01,-1.529274177551269531e+01,-6.026584625244140625e+00,-7.928857803344726562e+00,-8.549531936645507812e+00,-7.927874565124511719e+00,-5.548673152923583984e+00,-4.946237564086914062e+00,-1.976673007011413574e+00,-4.036350727081298828e+00,-1.105381488800048828e+00,-7.161558866500854492e-01,-2.252088546752929688e+00,-3.748240232467651367e+00,-3.958527803421020508e+00,-6.990072727203369141e-01,2.328491210937500000e+00,2.632457733154296875e+00,-5.615466833114624023e-01,-2.303153991699218750e+00,-4.387597084045410156e+00,-9.653310775756835938e+00,-9.190891265869140625e+00,-1.122396087646484375e+01,-9.129350662231445312e+00,-6.134976387023925781e+00,-3.722655057907104492e+00,-4.326652050018310547e+00,-8.158581733703613281e+00,-8.618313789367675781e+00,-5.553390026092529297e+00,-7.776015281677246094e+00,-7.190648555755615234e+00,-5.038403987884521484e+00,4.129098892211914062e+00,3.096611022949218750e+01,2.851534843444824219e+01,1.744127273559570312e+01,-8.114432692527770996e-01,-2.016271209716796875e+01,-2.304400062561035156e+01,-1.599093627929687500e+01,-1.331361579895019531e+01,-9.281801223754882812e+00,-1.512178182601928711e-01,-3.013151645660400391e+00,-2.198797225952148438e+01,-3.549579620361328125e+01,-3.868013763427734375e+01,-2.447354698181152344e+01,-1.935524177551269531e+01,-1.915690612792968750e+01,-1.215742111206054688e+01,-6.207576751708984375e+00,-1.699871253967285156e+01,-3.427171325683593750e+01,-3.438776397705078125e+01,-1.856300354003906250e+01,-1.743398284912109375e+01,-1.510744857788085938e+01,-1.015260124206542969e+01,-9.018125534057617188e+00,-1.061821174621582031e+01,-2.789725065231323242e-01,-7.254846096038818359e+00,-1.155373191833496094e+01,-2.643288803100585938e+01,-2.920197296142578125e+01,-2.593185806274414062e+01,-1.405271339416503906e+01,-9.880617141723632812e+00,-1.411569976806640625e+01,-1.121474266052246094e+01,5.456605434417724609e+00,3.664705514907836914e+00,1.580979824066162109e+00,-2.067995786666870117e+00,-6.605705261230468750e+00,-5.752172470092773438e+00,-9.776535034179687500e+00,-1.605488204956054688e+01,-2.038658332824707031e+01,-2.161908721923828125e+01,-2.611709022521972656e+01,-3.719859313964843750e+01,-3.826257705688476562e+01,-3.736207580566406250e+01,-3.620939636230468750e+01,-2.161899185180664062e+01,-1.308761787414550781e+01,-1.004251861572265625e+01,-7.930508136749267578e+00,-7.089056015014648438e+00,-4.618854522705078125e+00,-6.123760223388671875e+00,-1.205640411376953125e+01,-2.121684646606445312e+01,-2.405755996704101562e+01,-2.141497802734375000e+01,-2.024286651611328125e+01,-1.937580108642578125e+01,-2.133474731445312500e+01,-1.716246032714843750e+01,-1.444118881225585938e+01,-1.366275310516357422e+01,-1.926251792907714844e+01,-1.972250366210937500e+01,-1.646011161804199219e+01,-1.383370590209960938e+01,-1.052274894714355469e+01,-7.198202133178710938e+00,-1.049465751647949219e+01,-1.042572975158691406e+01,-1.242832279205322266e+01,-1.038602638244628906e+01,-1.136161899566650391e+01,-9.367994308471679688e+00,-6.111115932464599609e+00,-4.278676033020019531e+00,-3.995518684387207031e+00,-1.595795154571533203e-01,8.198745846748352051e-01,-2.399066925048828125e+00,-4.123380661010742188e+00,-1.842945098876953125e+00,5.727155685424804688e+00,6.910689353942871094e+00,6.926778793334960938e+00,1.452107667922973633e+00,-1.619235610961914062e+01,-2.892996978759765625e+01,-4.372035598754882812e+01,-5.334651184082031250e+01,-5.573914718627929688e+01,-3.941047668457031250e+01,-4.176797485351562500e+01,-4.326721572875976562e+01,-3.518852996826171875e+01,-2.919759750366210938e+01,-2.651906394958496094e+01,-1.681511497497558594e+01,-7.341249942779541016e+00,-1.033935737609863281e+01,-1.363456535339355469e+01,-1.598537635803222656e+01,-2.168821144104003906e+01,-4.631401824951171875e+01,-4.864916992187500000e+01,-3.754078674316406250e+01,-2.870507812500000000e+01,-2.051147842407226562e+01,-1.514870643615722656e+01,-1.541167259216308594e+01,-8.766430854797363281e+00,-1.170060729980468750e+01,-2.497098922729492188e+01,-3.270037078857421875e+01,-4.402841186523437500e+01,-6.066032409667968750e+01,-5.611933517456054688e+01,-4.836130523681640625e+01,-4.385595703125000000e+01,-3.815016937255859375e+01,-3.667364501953125000e+01,-2.723672485351562500e+01,-1.532181549072265625e+01,-7.767471313476562500e+00,-7.400160789489746094e+00,-8.940092086791992188e+00,-1.266257381439208984e+01,-2.001085281372070312e+01,-2.507925796508789062e+01,-1.437465190887451172e+01,2.717235803604125977e+00,-2.803467273712158203e+00,-2.881095886230468750e+01,-4.269640350341796875e+01,-4.455019760131835938e+01,-3.654712295532226562e+01,-1.840905761718750000e+01,-6.987754821777343750e+00,-3.148750782012939453e+00,5.409315109252929688e+00,5.394270896911621094e+00,-3.349055767059326172e+00,-1.334681034088134766e+00,1.164747524261474609e+01,1.587439918518066406e+01,1.604109191894531250e+01,2.095257568359375000e+01,2.057253646850585938e+01,2.400343513488769531e+01,2.824525451660156250e+01,2.633475685119628906e+01,1.704999923706054688e+01,1.523828697204589844e+01,1.630958747863769531e+01,5.520527362823486328e+00,1.038480281829833984e+00,-2.827406406402587891e+00,-2.320061111450195312e+01,-3.297876358032226562e+01,-2.849767684936523438e+01,-1.903349685668945312e+01,-3.713069915771484375e+00,-6.584525585174560547e+00,-1.097250938415527344e+01,-4.911286830902099609e+00,-4.215453147888183594e+00,-5.582878112792968750e+00,-9.697708129882812500e+00,-6.102268695831298828e+00,-3.441665410995483398e+00,-2.709699153900146484e+00,-1.701918363571166992e+00,-5.478513717651367188e+00,-5.759129047393798828e+00,-2.326544284820556641e+00,-6.363201141357421875e-01,-2.190958499908447266e+00,-5.217436790466308594e+00,-3.804811000823974609e+00,-1.920709490776062012e+00,-2.564609766006469727e+00,-3.515041589736938477e+00,3.837422132492065430e-01,-9.527666091918945312e+00,-3.381523513793945312e+01,-3.774144363403320312e+01,-3.032612228393554688e+01,-3.001689910888671875e+01,-2.695592880249023438e+01,-1.536036872863769531e+01,-6.516159534454345703e+00,-6.349847793579101562e+00,-5.269109249114990234e+00,-1.288245391845703125e+01,-2.084943389892578125e+01,-3.108512496948242188e+01,-4.540654754638671875e+01,-5.220726013183593750e+01,-4.694787597656250000e+01,-4.283677673339843750e+01,-3.109431076049804688e+01,-2.653013229370117188e+01,-2.987341499328613281e+01,-2.146961975097656250e+01,-1.688278198242187500e+01,-2.621056747436523438e+01,-4.136436080932617188e+01,-4.967958068847656250e+01,-4.201314163208007812e+01,-3.263687896728515625e+01,-2.839925384521484375e+01,-3.270222473144531250e+01,-4.345002746582031250e+01,-4.627096176147460938e+01,-3.761947631835937500e+01,-2.252605438232421875e+01,-1.969845199584960938e+01,-2.085242843627929688e+01,-2.124919319152832031e+01,-1.003276634216308594e+01,-1.574784564971923828e+01,-2.361808013916015625e+01,-3.014336013793945312e+01,-3.143883514404296875e+01,-3.423159027099609375e+01,-3.947581481933593750e+01,-4.492655944824218750e+01,-4.509108734130859375e+01,-4.702868652343750000e+01,-5.090274810791015625e+01,-4.611275482177734375e+01,-4.019816589355468750e+01,-3.846552276611328125e+01,-3.382980728149414062e+01,-2.996128845214843750e+01,-2.248728942871093750e+01,-2.250299835205078125e+01,-3.010731506347656250e+01,-5.258160400390625000e+01,-5.770033645629882812e+01,-4.938925170898437500e+01,-3.796729278564453125e+01,-3.219931411743164062e+01,-2.588164138793945312e+01,-2.854139709472656250e+01,-2.818159866333007812e+01,-1.929253387451171875e+01,-8.883054733276367188e+00,-7.884608268737792969e+00,-1.440196609497070312e+01,-2.482578659057617188e+01,-3.696475982666015625e+01,-3.440895843505859375e+01,-1.810642051696777344e+01,-8.241346359252929688e+00,-1.024040794372558594e+01,-3.181747817993164062e+01,-5.103036499023437500e+01,-5.946910095214843750e+01,-5.145936965942382812e+01,-4.177088928222656250e+01,-3.702268981933593750e+01,-2.729920578002929688e+01,-2.098189163208007812e+01,-1.557334899902343750e+01,-1.149304962158203125e+01,-4.324074745178222656e+00,-5.574893951416015625e+00,-2.003075408935546875e+01,-1.665168190002441406e+01,-1.248876190185546875e+01,-1.555725860595703125e+01,-2.672603607177734375e+01,-4.920130157470703125e+01,-5.021942901611328125e+01,-3.650050354003906250e+01,-1.838044166564941406e+01,-8.935064315795898438e+00,-1.055966949462890625e+01,-1.078888416290283203e+01,-1.983245468139648438e+01,-3.728396987915039062e+01,-3.581114959716796875e+01,-3.558129119873046875e+01,-3.538484954833984375e+01,-3.041512870788574219e+01,-2.935318946838378906e+01,-3.007564353942871094e+01,-2.874156951904296875e+01,-3.145825576782226562e+01,-3.278760528564453125e+01,-3.918688964843750000e+01,-5.095903778076171875e+01,-5.778244781494140625e+01,-5.721916961669921875e+01,-5.089308166503906250e+01,-4.744725799560546875e+01,-3.792663574218750000e+01,-2.943774414062500000e+01,-2.522518539428710938e+01,-3.117294883728027344e+01,-3.220117950439453125e+01,-3.296273803710937500e+01,-2.753900527954101562e+01,-1.438113307952880859e+01,-1.215985774993896484e+01,-2.243666458129882812e+01,-3.290698242187500000e+01,-3.269702911376953125e+01,-3.059347534179687500e+01,-3.302417755126953125e+01,-4.193045806884765625e+01,-4.573880767822265625e+01,-4.031142807006835938e+01,-3.338136291503906250e+01,-3.050356674194335938e+01,-4.007765197753906250e+01,-5.013285827636718750e+01,-5.517489624023437500e+01,-5.861539840698242188e+01,-4.725339508056640625e+01,-2.010434532165527344e+01,-1.511913490295410156e+01,-2.062937164306640625e+01,-2.472806930541992188e+01,-2.754185485839843750e+01,-2.305135154724121094e+01,-1.945805358886718750e+01,-1.961219787597656250e+01,-2.229621887207031250e+01,-3.032120513916015625e+01,-3.453068542480468750e+01,-3.209613800048828125e+01,-2.837087249755859375e+01,-1.892630004882812500e+01,-9.546429634094238281e+00,-9.900899887084960938e+00,-2.318080902099609375e+01,-3.371810913085937500e+01,-1.914388275146484375e+01,-1.176712131500244141e+01,-3.685560226440429688e+00,-6.735415935516357422e+00,-1.253307723999023438e+01,-3.155627250671386719e+01,-3.669625473022460938e+01,-3.370988845825195312e+01,-2.525138092041015625e+01,-1.697416877746582031e+01,-1.635606765747070312e+01,-1.394810581207275391e+01,-1.675907897949218750e+01,-2.253420257568359375e+01,-2.216315841674804688e+01,-3.294627380371093750e+01,-4.667867279052734375e+01,-4.303914642333984375e+01,-2.381101417541503906e+01,-7.007662773132324219e+00,-7.311329841613769531e+00,-1.587081623077392578e+01,-1.885752868652343750e+01,-1.164659023284912109e+01,-6.196584224700927734e+00,-9.373914718627929688e+00,-1.120308876037597656e+01,-1.185141944885253906e+01,-4.278554916381835938e+00,-6.113554000854492188e+00,-9.550638198852539062e+00,-1.150281715393066406e+01,-9.998405456542968750e+00,-9.901153564453125000e+00,-8.374397277832031250e+00,-4.796405315399169922e+00,-4.643916130065917969e+00,-6.936794281005859375e+00,-7.296413898468017578e+00,-6.659477710723876953e+00,-3.319341182708740234e+00,-4.161397933959960938e+00,-5.456583976745605469e+00,-3.329673767089843750e+00,-2.613661050796508789e+00,-1.293880224227905273e+00,-1.285602211952209473e+00,3.080986499786376953e+00,-6.565096855163574219e+00,-1.168294715881347656e+01,-9.739169120788574219e+00,-8.633811950683593750e+00,-1.370195770263671875e+01,-1.918249130249023438e+01,-2.259799575805664062e+01,-1.837595367431640625e+01,-4.133043766021728516e+00,-1.174480724334716797e+01,-3.281110000610351562e+01,-3.376195907592773438e+01,-2.621936225891113281e+01,-2.659708404541015625e+01,-2.961747360229492188e+01,-2.689284133911132812e+01,-1.805457878112792969e+01,-2.132032775878906250e+01,-2.412273406982421875e+01,-2.628777503967285156e+01,-3.023703002929687500e+01,-2.878928375244140625e+01,-2.503813171386718750e+01,-2.656484603881835938e+01,-3.710414886474609375e+01,-3.208715820312500000e+01,-3.585037994384765625e+01,-3.675423431396484375e+01,-4.530249023437500000e+01,-5.106546020507812500e+01,-4.584591674804687500e+01,-4.258745574951171875e+01,-3.592146682739257812e+01,-2.820187759399414062e+01,-1.552190399169921875e+01,-1.441441917419433594e+01,-1.380019569396972656e+01,-1.871681213378906250e+01,-2.761970138549804688e+01,-3.225886917114257812e+01,-3.059255790710449219e+01,-3.678536224365234375e+01,-5.045957183837890625e+01,-4.700374603271484375e+01,-3.757218933105468750e+01,-3.115407180786132812e+01,-2.870474624633789062e+01,-2.782208251953125000e+01,-2.070029640197753906e+01,-1.460751342773437500e+01,-1.384056282043457031e+01,-5.986375808715820312e+00,8.142548799514770508e-01,3.739075422286987305e+00,-3.705439567565917969e+00,-9.898730278015136719e+00,-1.030321598052978516e+01,9.020501375198364258e-02,-3.711253643035888672e+00,-7.994155883789062500e+00,-3.335928726196289062e+01,-3.742380142211914062e+01,-3.214953994750976562e+01,-2.950296592712402344e+01,-3.166135978698730469e+01,-2.925937461853027344e+01,-2.475884246826171875e+01,-1.083302879333496094e+01,-2.609979152679443359e+00,3.529895544052124023e+00,4.738688468933105469e-01,-8.472249984741210938e+00,-1.549035549163818359e+01,-2.120996093750000000e+01,-2.272846221923828125e+01,-1.382416534423828125e+01,-9.203694343566894531e+00,-3.815996408462524414e+00,-3.661400794982910156e+00,-6.350150108337402344e+00,-7.034075856208801270e-01,1.004870510101318359e+01,-8.169043540954589844e+00,-1.313356113433837891e+01,-1.583481121063232422e+01,-5.454909324645996094e+00,-8.255329132080078125e+00,-1.130799674987792969e+01,-6.519271373748779297e+00,-9.972143173217773438e-01,5.430042743682861328e+00,-1.025411963462829590e+00,-9.089256286621093750e+00,-8.277445793151855469e+00,-2.872519016265869141e+00,-6.450702667236328125e+00,-1.425904846191406250e+01,-2.854897689819335938e+01,-2.601009750366210938e+01,-1.942097663879394531e+01,-1.507583618164062500e+01,-5.841295242309570312e+00,9.689222335815429688e+00,1.039177322387695312e+01,6.320641994476318359e+00,3.460124969482421875e+00,3.092392921447753906e+00,6.069313049316406250e+00,5.567096710205078125e+00,4.095991611480712891e+00,5.191821098327636719e+00,6.087654113769531250e+00,3.473515510559082031e+00,-3.854809284210205078e+00,-4.468812465667724609e+00,-7.550774812698364258e-01,-1.109084963798522949e+00,-3.467289924621582031e+00,-4.520894050598144531e+00,3.694384574890136719e+00,6.095724105834960938e+00,-1.943318557739257812e+01,-3.562954711914062500e+01,-3.307059860229492188e+01,-1.712999153137207031e+01,-6.224252223968505859e+00,-1.838625073432922363e-01,5.155198097229003906e+00,-2.376409053802490234e+00,-1.945434379577636719e+01,-1.983919906616210938e+01,-1.014857006072998047e+01,-5.644744873046875000e+00,-1.544346523284912109e+01,-2.675302124023437500e+01,-2.928399276733398438e+01,-2.424991607666015625e+01,-2.493864059448242188e+01,-2.470087051391601562e+01,-2.284349060058593750e+01,-1.983564376831054688e+01,-1.287389945983886719e+01,-1.604203605651855469e+01,-2.002178955078125000e+01,-3.054960632324218750e+01,-3.648718643188476562e+01,-3.994050216674804688e+01,-3.711653900146484375e+01,-3.178890228271484375e+01,-2.109879875183105469e+01,-2.181463623046875000e+01,-3.959283447265625000e+01,-4.696340942382812500e+01,-3.796584320068359375e+01,-2.364730072021484375e+01,-1.268157196044921875e+01,-1.449218940734863281e+01,-2.421923828125000000e+01,-2.867781257629394531e+01,-1.305682563781738281e+01,-5.358703613281250000e+00,-9.067585945129394531e+00,-1.413564968109130859e+01,-2.599377822875976562e+01,-2.897566986083984375e+01,-2.723070144653320312e+01,-1.822156143188476562e+01,-1.421706962585449219e+01,-1.721131515502929688e+01,-2.480751037597656250e+01,-3.082477188110351562e+01,-2.594120216369628906e+01,-1.644605255126953125e+01,-1.491859817504882812e+01,-1.126773262023925781e+01,-1.412224102020263672e+01,-3.060627365112304688e+01,-4.188532638549804688e+01,-4.606079864501953125e+01,-4.416351318359375000e+01,-4.159214782714843750e+01,-3.772540283203125000e+01,-3.336949920654296875e+01,-3.075397491455078125e+01,-2.875675582885742188e+01,-2.391127777099609375e+01,-1.869823455810546875e+01,-1.264245033264160156e+01,-8.808979034423828125e+00,-2.934917926788330078e+00,-3.974080085754394531e+00,-1.584232330322265625e+01,-2.473768997192382812e+01,-3.759706878662109375e+01,-4.182743835449218750e+01,-4.273744201660156250e+01,-4.251572036743164062e+01,-4.942740631103515625e+01,-5.034364700317382812e+01,-4.271218109130859375e+01,-3.948461532592773438e+01,-3.592168426513671875e+01,-3.251860046386718750e+01,-3.007341384887695312e+01,-1.730953598022460938e+01,-1.606668853759765625e+01,-2.911547660827636719e+01,-3.248629379272460938e+01,-2.812455749511718750e+01,-2.326680183410644531e+01,-2.141597938537597656e+01,-1.901667785644531250e+01,-1.602036476135253906e+01,-9.068907737731933594e+00,-9.540801048278808594e+00,-5.378644943237304688e+00,-5.310141563415527344e+00,-5.822097301483154297e+00,-1.682940483093261719e+00,-3.191883325576782227e+00,-3.728238940238952637e-01,1.837704896926879883e+00,2.179910659790039062e+00,2.975507736206054688e+00,1.906055688858032227e+00,2.430163383483886719e+00,1.559089779853820801e+00,4.461662769317626953e+00,4.192144393920898438e+00,3.421010673046112061e-01,-7.645822525024414062e+00,-1.076630020141601562e+01,-1.374204826354980469e+01,-8.274665832519531250e+00,3.797045707702636719e+00,3.384314775466918945e+00,1.188577294349670410e+00,-4.764908254146575928e-01,-2.661182403564453125e+01,-3.908765411376953125e+01,-2.607778549194335938e+01,-1.215064811706542969e+01,-1.147727680206298828e+01,-2.053610229492187500e+01,-2.148435211181640625e+01,-1.845764923095703125e+01,-1.754757690429687500e+01,-2.038941192626953125e+01,-2.031223678588867188e+01,-2.035964202880859375e+01,-2.017627334594726562e+01,-3.262060546875000000e+01,-4.381290435791015625e+01,-5.205387496948242188e+01,-4.805225372314453125e+01,-3.877085113525390625e+01,-4.658237838745117188e+01,-4.949781036376953125e+01,-5.147324371337890625e+01,-4.664014434814453125e+01,-4.152043914794921875e+01,-3.062696456909179688e+01,-2.936468315124511719e+01,-3.361912155151367188e+01,-3.548243713378906250e+01,-2.873226928710937500e+01,-2.196425247192382812e+01,-3.544246292114257812e+01,-4.107520294189453125e+01,-2.304525184631347656e+01,-8.704702377319335938e+00,-6.668344497680664062e+00,-1.118313980102539062e+01,-1.250422096252441406e+01,-1.643488311767578125e+01,-2.051995849609375000e+01,-2.252343940734863281e+01,-8.722969055175781250e+00,-4.679723739624023438e+00,-7.574731826782226562e+00,-6.417384147644042969e+00,-1.583857727050781250e+01,-2.267689704895019531e+01,-2.449517822265625000e+01,-2.763227462768554688e+01,-2.745726394653320312e+01,-2.550237083435058594e+01,-3.138603210449218750e+01,-3.728227996826171875e+01,-3.556665802001953125e+01,-2.773661231994628906e+01,-2.214206314086914062e+01,-1.698917770385742188e+01,-1.624236297607421875e+01,-1.647100448608398438e+01,-1.082654380798339844e+01,-1.701787757873535156e+01,-2.773133087158203125e+01,-2.665529632568359375e+01,-1.383499240875244141e+01,-1.315581893920898438e+01,-9.197500228881835938e+00,-1.227483987808227539e+00,-3.541399240493774414e+00,-1.015941047668457031e+01,-1.428921127319335938e+01,-3.044499206542968750e+01,-4.805289077758789062e+01,-4.715041351318359375e+01,-4.212258148193359375e+01,-3.530069732666015625e+01,-3.217135620117187500e+01,-3.484853744506835938e+01,-3.548820495605468750e+01,-3.493976211547851562e+01,-1.869633674621582031e+01,-1.575257587432861328e+01,-1.512999343872070312e+01,-1.480561065673828125e+01,-1.704912185668945312e+01,-2.102944183349609375e+01,-1.389543151855468750e+01,-1.840191650390625000e+01,-2.947441101074218750e+01,-3.390100860595703125e+01,-3.117994308471679688e+01,-2.059304046630859375e+01,-1.230728340148925781e+01,-1.193198680877685547e+01,-1.520020294189453125e+01,-2.253202819824218750e+01,-2.279544830322265625e+01,-1.586810493469238281e+01,-1.957756805419921875e+01,-2.368001365661621094e+01,-2.254029655456542969e+01,-2.241511154174804688e+01,-2.435683059692382812e+01,-3.518099212646484375e+01,-3.788454437255859375e+01,-3.207721710205078125e+01,-2.197029495239257812e+01,-1.363792228698730469e+01,-1.916744613647460938e+01,-1.992519378662109375e+01,-2.038428497314453125e+01,-1.970579910278320312e+01,-1.310179424285888672e+01,-7.327127456665039062e+00,-2.234945774078369141e+00,-2.603779315948486328e+00,-6.521249771118164062e+00,-6.981146812438964844e+00,-1.093813514709472656e+01,-1.963675689697265625e+01,-1.370196151733398438e+01,-5.992373466491699219e+00,-1.037020492553710938e+01,-1.775861358642578125e+01,-1.646302032470703125e+01,-6.897303581237792969e+00,-5.484140872955322266e+00,-2.283740615844726562e+01,-3.999021911621093750e+01,-3.754600906372070312e+01,-1.579104042053222656e+01,-1.491954326629638672e+01,-3.157397270202636719e+01,-3.789836120605468750e+01,-3.563937759399414062e+01,-3.625387573242187500e+01,-3.421993255615234375e+01,-3.176013946533203125e+01,-2.704199790954589844e+01,-2.267153549194335938e+01,-2.165649795532226562e+01,-1.937794113159179688e+01,-2.563966751098632812e+01,-2.905722427368164062e+01,-2.138926696777343750e+01,-9.378705978393554688e+00,-6.549936294555664062e+00,-8.508102416992187500e+00,-8.956508636474609375e+00,-1.069614028930664062e+01,-7.726081371307373047e+00,-1.920875072479248047e+00,1.068627595901489258e+00,1.096209287643432617e-01,-6.687937736511230469e+00,-1.181532287597656250e+01,-8.788066864013671875e+00,-5.725296497344970703e+00,-6.874424457550048828e+00,-9.804354667663574219e+00,-7.727107048034667969e+00,-6.508078575134277344e+00,9.042969346046447754e-01,3.695469379425048828e+00,3.037138283252716064e-01,-2.381744384765625000e+00,-4.030197906494140625e+01,-5.589616775512695312e+01,-5.292850494384765625e+01,-4.869231033325195312e+01,-4.530979919433593750e+01,-4.182562255859375000e+01,-3.358759689331054688e+01,-2.727421569824218750e+01,-2.932567977905273438e+01,-2.777927970886230469e+01,-2.940579223632812500e+01,-2.732369041442871094e+01,-2.171109962463378906e+01,-1.831805419921875000e+01,-1.133967399597167969e+01,-1.403498554229736328e+01,-2.620318603515625000e+01,-3.348950958251953125e+01,-3.374215698242187500e+01,-4.094145202636718750e+01,-4.410572814941406250e+01,-4.011029052734375000e+01,-3.729493713378906250e+01,-3.540142059326171875e+01,-3.058881950378417969e+01,-3.197560310363769531e+01,-2.999173927307128906e+01,-2.513813400268554688e+01,-2.346523284912109375e+01,-2.335302352905273438e+01,-2.330532836914062500e+01,-1.432739639282226562e+01,-1.664973449707031250e+01,-1.180873680114746094e+01,-2.419931221008300781e+01,-4.427140808105468750e+01,-4.155303955078125000e+01,-2.117903327941894531e+01,-2.891040229797363281e+01,-3.718424224853515625e+01,-2.822962379455566406e+01,-2.348283958435058594e+01,-3.908779907226562500e+01,-5.626945495605468750e+01,-5.471611785888671875e+01,-4.268330383300781250e+01,-4.097424316406250000e+01,-4.122223281860351562e+01,-3.188084411621093750e+01,-3.403701782226562500e+01,-4.880727767944335938e+01,-5.611933898925781250e+01,-4.757626724243164062e+01,-4.316667938232421875e+01,-3.889272308349609375e+01,-3.646152496337890625e+01,-3.376724243164062500e+01,-3.454551696777343750e+01,-4.609042739868164062e+01,-4.432423400878906250e+01,-3.861645507812500000e+01,-2.944701576232910156e+01,-1.193675041198730469e+01,-2.154452562332153320e+00,-1.738906669616699219e+01,-2.782051467895507812e+01,-2.744728660583496094e+01,-2.835783767700195312e+01,-3.042857933044433594e+01,-4.404902648925781250e+01,-5.036250686645507812e+01,-4.116364288330078125e+01,-2.636800384521484375e+01,-1.841907119750976562e+01,-1.840859985351562500e+01,-1.656461715698242188e+01,-1.682175827026367188e+01,-1.168400669097900391e+01,-1.238347625732421875e+01,-2.958599472045898438e+01,-4.177782821655273438e+01,-4.739130401611328125e+01,-4.241284942626953125e+01,-3.017125320434570312e+01,-2.208044052124023438e+01,-1.471208095550537109e+01,-1.572167015075683594e+01,-6.706453323364257812e+00,5.123720169067382812e-01,4.834412574768066406e+00,2.979820728302001953e+00,-9.079135894775390625e+00,-1.965282058715820312e+01,-3.863196563720703125e+01,-4.978334808349609375e+01,-5.554384613037109375e+01,-5.258271408081054688e+01,-4.801764678955078125e+01,-5.463786315917968750e+01,-5.871707916259765625e+01,-4.867548370361328125e+01,-3.228874588012695312e+01,-3.229338836669921875e+01,-4.233749389648437500e+01,-3.985502624511718750e+01,-4.017720794677734375e+01,-4.457285308837890625e+01,-5.178042602539062500e+01,-5.335303497314453125e+01,-4.207539367675781250e+01,-2.796258163452148438e+01,-2.612346458435058594e+01,-2.943205261230468750e+01,-2.631232070922851562e+01,-2.422920989990234375e+01,-3.919481658935546875e+01,-5.322138214111328125e+01,-5.648936462402343750e+01,-5.300254058837890625e+01,-4.623414611816406250e+01,-4.219171142578125000e+01,-4.241364288330078125e+01,-4.032950592041015625e+01,-4.056663513183593750e+01,-4.197595214843750000e+01,-3.625884246826171875e+01,-3.316105651855468750e+01,-3.636437225341796875e+01,-3.600971603393554688e+01,-4.008552169799804688e+01,-4.147399902343750000e+01,-3.725730895996093750e+01,-3.185160064697265625e+01,-3.288430023193359375e+01,-3.217671585083007812e+01,-2.665831565856933594e+01,-2.498627471923828125e+01,-1.990514564514160156e+01,-1.615830230712890625e+01,-1.532853317260742188e+01,-1.401951980590820312e+01,-7.218750953674316406e+00,-9.454936027526855469e+00,-9.894841194152832031e+00,-6.186961174011230469e+00,3.833765029907226562e+00,7.194810390472412109e+00,-5.478965759277343750e+00,-2.091421508789062500e+01,-2.208334732055664062e+01,-2.103569793701171875e+01,-2.098552131652832031e+01,-1.805363082885742188e+01,-1.287761020660400391e+01,-9.519649505615234375e+00,-2.831633090972900391e+00,-2.371082901954650879e-01,-2.398869842290878296e-01,-3.039350032806396484e+00,-3.281372308731079102e+00,2.296580314636230469e+00,1.178004932403564453e+01,1.151226806640625000e+01,7.832838535308837891e+00,5.152029514312744141e+00,-6.304939270019531250e+00,-1.428995800018310547e+01,-2.024591445922851562e+01,-1.805535697937011719e+01,-1.064213562011718750e+01,-2.195867538452148438e+00,4.583767890930175781e+00,1.040764617919921875e+01,6.514129638671875000e+00,1.824257016181945801e+00,3.754820346832275391e+00,7.597181320190429688e+00,1.458202242851257324e+00,7.995004057884216309e-01,-9.714125990867614746e-01,-2.341746330261230469e+00,-1.288846373558044434e+00,-3.196271896362304688e+00,-4.138849258422851562e+00,-9.455566406250000000e+00,-9.574108123779296875e+00,-6.863742828369140625e+00,-5.220263004302978516e+00,-5.853429794311523438e+00,-3.053180575370788574e-01,6.230441093444824219e+00,-3.362632274627685547e+00,-1.763274383544921875e+01,-2.545620346069335938e+01,-3.010824966430664062e+01,-3.018546485900878906e+01,-1.405367469787597656e+01,-3.512798547744750977e+00,-1.742600631713867188e+01,-2.321011352539062500e+01,-1.346789741516113281e+01,-7.320769309997558594e+00,-4.989094257354736328e+00,-1.101126670837402344e+01,-2.244640541076660156e+01,-3.129636001586914062e+01,-3.178017425537109375e+01,-2.732140731811523438e+01,-2.208340454101562500e+01,-1.993273544311523438e+01,-1.711316680908203125e+01,-1.514886665344238281e+01,-1.529058456420898438e+01,-1.602205467224121094e+01,-1.760693740844726562e+01,-2.047856140136718750e+01,-1.815414810180664062e+01,-1.344726753234863281e+01,-1.882621002197265625e+01,-1.832888031005859375e+01,-1.873889160156250000e+01,-1.885917282104492188e+01,-8.206113815307617188e+00,-3.897832393646240234e+00,1.462189197540283203e+00,1.421692609786987305e+00,-1.153051853179931641e-03,-3.642332077026367188e+00,-2.267459630966186523e+00,-6.093614101409912109e-01,-3.851088047027587891e+00,-5.746149063110351562e+00,-5.689564704895019531e+00,-1.010233521461486816e+00,-3.674610614776611328e+00,-8.226642608642578125e+00,-5.352306365966796875e+00,2.219063997268676758e+00,8.684348106384277344e+00,1.164747238159179688e+01,8.092388153076171875e+00,1.022331333160400391e+01,5.463210105895996094e+00,1.284304261207580566e+00,1.235802888870239258e+00,-2.928529977798461914e-01,-3.375139832496643066e-01,4.661720275878906250e+00,6.752546310424804688e+00,1.815153598785400391e+00,9.235435485839843750e+00,4.181848526000976562e+00,2.723481893539428711e+00,-5.065402984619140625e+00,-1.986463165283203125e+01,-1.337159347534179688e+01,-6.880233764648437500e+00,-1.328889846801757812e+01,-1.724482536315917969e+01,-7.693482875823974609e+00,-5.384582996368408203e+00,-1.142392921447753906e+01,-1.131700134277343750e+01,-8.671377182006835938e+00,4.819152832031250000e+00,-3.232596635818481445e+00,-6.921103477478027344e+00,-2.903589248657226562e+01,-2.229092407226562500e+01,-1.777580261230468750e+01,-1.732033538818359375e+01,-8.941226005554199219e+00,-6.527527332305908203e+00,-1.252607822418212891e+01,-2.252481460571289062e+01,-2.940563392639160156e+01,-2.381239318847656250e+01,-1.974486541748046875e+01,-2.011790275573730469e+01,-1.646472930908203125e+01,-1.530468368530273438e+01,-2.029270172119140625e+01,-2.669584274291992188e+01,-2.631283569335937500e+01,-1.889380264282226562e+01,-6.680706024169921875e+00,-1.191012954711914062e+01,-3.282583236694335938e+01,-4.170054626464843750e+01,-3.016753005981445312e+01,-5.601950645446777344e+00,-6.043881416320800781e+00,-2.789675712585449219e+00,-8.058702468872070312e+00,-1.423974990844726562e+01,-9.029781341552734375e+00,-1.614513969421386719e+01,-1.678266906738281250e+01,-1.226823902130126953e+01,-4.967718124389648438e+00,4.155266761779785156e+00,1.145319557189941406e+01,5.085786819458007812e+00,9.401867389678955078e-01,1.868757247924804688e+00,1.055814504623413086e+00,8.667482376098632812e+00,1.094803619384765625e+01,1.094031620025634766e+01,2.985063552856445312e+00,-8.514218330383300781e+00,-2.484728622436523438e+01,-2.880932998657226562e+01,-1.095040893554687500e+01,1.319753646850585938e+00,7.170911431312561035e-01,-1.257912635803222656e+00,-9.797881126403808594e+00,-2.025926971435546875e+01,-2.242291259765625000e+01,-1.180390739440917969e+01,-6.101876258850097656e+00,-4.566588401794433594e+00,-8.100222587585449219e+00,-9.952399253845214844e+00,-9.748155593872070312e+00,-1.120915603637695312e+01,-8.007185935974121094e+00,-6.707447052001953125e+00,-2.732974290847778320e-02,4.948047161102294922e+00,2.254675626754760742e+00,3.613261222839355469e+00,-1.281946182250976562e+01,-2.240479087829589844e+01,-2.093730735778808594e+01,-2.007135391235351562e+01,-1.248701095581054688e+01,-8.586346626281738281e+00,-6.511343002319335938e+00,-9.760807037353515625e+00,-9.827656745910644531e+00,-3.972949504852294922e+00,-6.712316513061523438e+00,-2.642247962951660156e+01,-2.774260711669921875e+01,-2.329083824157714844e+01,-1.559786033630371094e+01,-1.829610443115234375e+01,-2.028205490112304688e+01,-2.861676406860351562e+01,-5.213022613525390625e+01,-4.828579711914062500e+01,-2.828009033203125000e+01,-1.688795852661132812e+01,-1.515120887756347656e+01,-1.469583892822265625e+01,-8.513501167297363281e+00,-6.103342771530151367e-01,1.347235679626464844e+00,-5.534018039703369141e+00,-1.652639007568359375e+01,-1.240332126617431641e+01,-2.109471797943115234e+00,-3.825467109680175781e+00,-2.077205657958984375e+01,-3.291031646728515625e+01,-2.673272323608398438e+01,-2.284803009033203125e+01,-2.171093559265136719e+01,-2.639842987060546875e+01,-3.877416992187500000e+01,-4.868190765380859375e+01,-2.847624206542968750e+01,-1.099590682983398438e+01,-1.573021888732910156e+01,-1.784679794311523438e+01,-1.148132324218750000e+01,-1.103363895416259766e+01,-1.302537536621093750e+01,-2.792688560485839844e+01,-2.363267898559570312e+01,-1.981432723999023438e+01,-1.774612045288085938e+01,-2.219919013977050781e+01,-2.524333190917968750e+01,-2.964595794677734375e+01,-2.679404830932617188e+01,-9.998933792114257812e+00,-4.371236801147460938e+00,-1.126893806457519531e+01,-1.638583755493164062e+01,-1.319723129272460938e+01,-6.153694152832031250e+00,-7.288176059722900391e+00,-1.183038520812988281e+01,-7.609498977661132812e+00,1.446455836296081543e+00,-1.632241821289062500e+01,-5.106814575195312500e+01,-5.618143463134765625e+01,-4.990044021606445312e+01,-4.505495834350585938e+01,-3.726213836669921875e+01,-1.387548160552978516e+01,-3.444082736968994141e+00,-7.009072303771972656e-01,2.418510437011718750e+00,7.329943656921386719e+00,8.713178634643554688e+00,1.410004377365112305e+00,-4.179134368896484375e+00,-8.255142211914062500e+00,-5.619990348815917969e+00,-2.723965167999267578e+00,2.110283374786376953e+00,5.783985137939453125e+00,3.629968404769897461e+00,2.128264665603637695e+00,4.476218223571777344e+00,1.542863011360168457e+00,5.966889262199401855e-01,3.903578758239746094e+00,1.223632097244262695e+00,-3.127821445465087891e+00,1.399365305900573730e+00,2.080953359603881836e+00,1.392636179924011230e+00,4.987294673919677734e+00,3.747020006179809570e+00,3.193557977676391602e+00,1.529341936111450195e+00,6.702033996582031250e+00,2.639105081558227539e+00,4.739061832427978516e+00,2.726140975952148438e+00,-4.842073440551757812e+00,-1.264510393142700195e+00,-2.010154724121093750e+00,-1.575119733810424805e+00,-2.581723690032958984e+00,-3.584952354431152344e+00,6.250250339508056641e-01,2.385175466537475586e+00,7.328370571136474609e+00,8.559343338012695312e+00,6.878436088562011719e+00,7.228518486022949219e+00,1.801542663574218750e+01,1.578050613403320312e+01,3.893759727478027344e+00,-1.230166625976562500e+01,-3.375456237792968750e+01,-4.047846984863281250e+01,-3.832949066162109375e+01,-2.306188201904296875e+01,-1.353331947326660156e+01,-1.560366249084472656e+01,-3.344988250732421875e+01,-4.926464080810546875e+01,-4.532312011718750000e+01,-3.254109954833984375e+01,-2.305515670776367188e+01,-2.701415443420410156e+01,-1.906790351867675781e+01,-1.610731124877929688e+01,-1.652183341979980469e+01,-1.424377059936523438e+01,-8.462358474731445312e+00,-5.146077632904052734e+00,-7.341127395629882812e+00,-4.553259849548339844e+00,3.262053251266479492e+00,9.820908546447753906e+00,-2.327705919742584229e-01,-1.459637641906738281e+01,-2.088734054565429688e+01,-1.926006317138671875e+01,-1.451466274261474609e+01,-7.046570777893066406e+00,3.665353775024414062e+00,1.279514193534851074e+00,-4.653149843215942383e-01,-1.797703552246093750e+01,-1.849656677246093750e+01,-2.194071578979492188e+01,-2.021400070190429688e+01,-1.638504409790039062e+01,-3.148334980010986328e+00,2.950840294361114502e-01,-1.333073425292968750e+01,-1.203186225891113281e+01,-1.129416465759277344e+01,-1.130319404602050781e+01,-6.955329418182373047e+00,-1.641894459724426270e+00,1.106625676155090332e+00,-8.199133872985839844e-01,-4.102660179138183594e+00,-4.964456081390380859e+00,-2.301470041275024414e+00,-1.792241811752319336e+00,-4.301054477691650391e+00,-7.986305236816406250e+00,-1.437927150726318359e+01,-1.670363616943359375e+01,-1.706014060974121094e+01,-1.905334854125976562e+01,-2.102367782592773438e+01,-1.610825157165527344e+01,-5.547540187835693359e+00,3.764908909797668457e-01,-5.858694314956665039e-01,-6.586441516876220703e+00,-1.003437995910644531e+01,-1.155062675476074219e+01,-1.466947364807128906e+01,-2.559344863891601562e+01,-2.632349586486816406e+01,-2.542797851562500000e+01,-2.887356948852539062e+01,-2.968018722534179688e+01,-3.089356994628906250e+01,-5.164374542236328125e+01,-5.293042755126953125e+01,-4.735039520263671875e+01,-3.681472778320312500e+01,-3.146288299560546875e+01,-2.476130676269531250e+01,1.247595191001892090e+00,-4.935080051422119141e+00,-1.448539161682128906e+01,-7.414130210876464844e+00,1.258974313735961914e+00,-1.088215827941894531e+00,2.784907817840576172e-02,3.067058086395263672e+00,4.626978874206542969e+00,9.903064727783203125e+00,-3.861241340637207031e-01,-9.812015533447265625e+00,-2.174373435974121094e+01,-2.573644638061523438e+01,-3.063376235961914062e+01,-4.517374801635742188e+01,-4.639025878906250000e+01,-3.995706939697265625e+01,-2.543711280822753906e+01,-1.566035461425781250e+01,-7.805766105651855469e+00,-5.223664283752441406e+00,-6.580042839050292969e+00,-1.089958000183105469e+01,-1.369515514373779297e+01,-1.442086029052734375e+01,-1.449142074584960938e+01,-1.089531898498535156e+01,-3.245072126388549805e+00,1.779687166213989258e+00,4.759347438812255859e+00,-2.162848472595214844e+00,9.566513299942016602e-01,4.450387001037597656e+00,3.313317298889160156e+00,7.621273994445800781e-01,1.172757267951965332e+00,1.797899842262268066e+00,-2.884912014007568359e+00,-4.019002914428710938e+00,-2.371479749679565430e+00,2.943329513072967529e-01,4.363940715789794922e+00,7.459802627563476562e-01,1.564624190330505371e+00,-1.472388553619384766e+01,-3.131427764892578125e+01,-4.053450393676757812e+01,-3.711685180664062500e+01,-2.020499801635742188e+01,-1.599188995361328125e+01,-7.293958187103271484e+00,-3.177795600891113281e+01,-5.466955184936523438e+01,-5.635712432861328125e+01,-4.877671432495117188e+01,-4.288997650146484375e+01,-4.065130233764648438e+01,-3.982096481323242188e+01,-3.155221176147460938e+01,-4.558366775512695312e+00,-1.960349845886230469e+01,-3.856553649902343750e+01,-4.053537750244140625e+01,-2.847690582275390625e+01,-2.066238403320312500e+01,-1.135606861114501953e+01,-1.567265510559082031e+01,-3.868857574462890625e+01,-4.606920623779296875e+01,-3.811430358886718750e+01,-3.557942199707031250e+01,-3.683160400390625000e+01,-3.815065002441406250e+01,-3.182083511352539062e+01,-2.081135940551757812e+01,-1.514385128021240234e+01,-9.465369224548339844e+00,-9.582488059997558594e+00,-1.336008834838867188e+01,-1.947929954528808594e+01,-1.342511367797851562e+01,-1.214128780364990234e+01,-3.366252136230468750e+01,-4.798967742919921875e+01,-4.635120391845703125e+01,-3.915878295898437500e+01,-3.392383575439453125e+01,-2.733194160461425781e+01,-3.103964233398437500e+01,-3.085832786560058594e+01,-2.884448242187500000e+01,-2.564893341064453125e+01,-2.695504951477050781e+01,-1.912297058105468750e+01,-7.134993553161621094e+00,-1.006348037719726562e+01,-2.059706306457519531e+01,-3.542769622802734375e+01,-4.679636383056640625e+01,-5.642130279541015625e+01,-5.503633880615234375e+01,-4.255817031860351562e+01,-3.442887878417968750e+01,-3.140258789062500000e+01,-3.218008422851562500e+01,-2.862125396728515625e+01,-3.169898223876953125e+01,-3.590208435058593750e+01,-3.146488952636718750e+01,-2.774085617065429688e+01,-2.337742996215820312e+01,-2.088199234008789062e+01,-1.736186599731445312e+01,-2.442507171630859375e+01,-2.180378723144531250e+01,-1.539726352691650391e+01,-1.119226074218750000e+01,-7.546620368957519531e+00,-6.152770996093750000e+00,-3.693624973297119141e+00,1.132707357406616211e+00,-4.370824337005615234e+00,-6.247049331665039062e+00,-1.250462341308593750e+01,-7.521963119506835938e+00,4.821787357330322266e+00,2.561321258544921875e-01,-2.320613145828247070e+00,-1.342455446720123291e-01,-2.614879846572875977e+00,-1.207876682281494141e+00,-3.561757564544677734e+00,-1.900452673435211182e-01,-1.493362188339233398e-01,-3.060280799865722656e+00,-2.555185317993164062e+00,-2.613837051391601562e+01,-2.760102844238281250e+01,-2.252700805664062500e+01,-1.556113815307617188e+01,-3.625774383544921875e+01,-2.936040496826171875e+01,-2.779137420654296875e+01,-2.819362640380859375e+01,-2.876827239990234375e+01,-3.109933853149414062e+01,-4.192836761474609375e+01,-5.590205383300781250e+01,-4.636110687255859375e+01,-2.986521530151367188e+01,-2.640118217468261719e+01,-2.616703796386718750e+01,-2.826636695861816406e+01,-2.493839645385742188e+01,-1.754281806945800781e+01,-3.374225234985351562e+01,-4.451026153564453125e+01,-3.586445617675781250e+01,-3.281270599365234375e+01,-3.927141571044921875e+01,-4.075555801391601562e+01,-3.500388717651367188e+01,-4.114026641845703125e+01,-3.591097640991210938e+01,-3.373522949218750000e+01,-2.984398651123046875e+01,-3.238530731201171875e+01,-3.645100402832031250e+01,-3.621913146972656250e+01,-3.329088592529296875e+01,-2.910189056396484375e+01,-2.699698257446289062e+01,-2.829315948486328125e+01,-2.541067314147949219e+01,-2.228415679931640625e+01,-2.297138595581054688e+01,-1.843360900878906250e+01,-1.277315139770507812e+01,-1.287571334838867188e+01,-1.550131034851074219e+01,-2.098319625854492188e+01,-2.045383071899414062e+01,-2.723471450805664062e+01,-3.120832633972167969e+01,-3.050840377807617188e+01,-2.972470474243164062e+01,-3.075521087646484375e+01,-2.433235168457031250e+01,-1.751592254638671875e+01,-1.785094451904296875e+01,-1.452546310424804688e+01,-2.491111040115356445e+00,-7.232270240783691406e+00,-7.438565254211425781e+00,-6.378750801086425781e+00,-2.006733703613281250e+01,-2.234918212890625000e+01,-1.757921981811523438e+01,-1.614092636108398438e+01,-2.178048133850097656e+01,-2.583411788940429688e+01,-3.120322990417480469e+01,-3.198037338256835938e+01,-3.187042808532714844e+01,-2.352977180480957031e+01,-2.422845458984375000e+01,-2.258259773254394531e+01,-1.610598754882812500e+01,-1.074571990966796875e+01,-1.083704376220703125e+01,-1.363243293762207031e+01,-1.278143692016601562e+01,-8.846563339233398438e+00,-7.332391262054443359e+00,-7.530720710754394531e+00,-3.544018983840942383e+00,-1.251799106597900391e+00,-4.232052326202392578e+00,-1.073258781433105469e+01,-9.643190383911132812e+00,-6.603178024291992188e+00,-7.071802139282226562e+00,-3.764605998992919922e+00,2.523619532585144043e-01,2.352955341339111328e+00,-8.266090154647827148e-01,4.289818763732910156e+00,6.920015335083007812e+00,-6.109778881072998047e+00,-2.415756607055664062e+01,-3.348666381835937500e+01,-3.790811157226562500e+01,-2.353953552246093750e+01,-1.326240730285644531e+01,-1.722216796875000000e+01,-3.917337036132812500e+01,-5.243488693237304688e+01,-5.264880371093750000e+01,-5.415622711181640625e+01,-5.905412292480468750e+01,-6.080201721191406250e+01,-4.884486770629882812e+01,-4.969765090942382812e+01,-4.577794647216796875e+01,-4.549541473388671875e+01,-3.820439910888671875e+01,-3.040484619140625000e+01,-2.055924224853515625e+01,-2.013173675537109375e+01,-2.446344757080078125e+01,-2.291141319274902344e+01,-1.912179756164550781e+01,-2.054962921142578125e+01,-1.869108963012695312e+01,-1.645494270324707031e+01,-8.947476387023925781e+00,-5.877224922180175781e+00,-7.392037391662597656e+00,-5.513573646545410156e+00,-7.107931375503540039e-01,-1.277843761444091797e+01,-2.998307037353515625e+01,-3.306855773925781250e+01,-2.722923851013183594e+01,-2.427775573730468750e+01,-2.699891471862792969e+01,-3.073395156860351562e+01,-3.516821289062500000e+01,-2.235335350036621094e+01,-1.558449459075927734e+01,-1.414425611495971680e+00,-1.029718589782714844e+01,-1.723728370666503906e+01,-2.128767204284667969e+01,-1.432519531250000000e+01,-4.281700134277343750e+00,-8.793138504028320312e+00,-5.886456489562988281e+00,4.770640134811401367e-01,-9.342881202697753906e+00,-3.185156440734863281e+01,-4.410673522949218750e+01,-4.556156158447265625e+01,-3.915614700317382812e+01,-3.426381301879882812e+01,-1.343831062316894531e+01,2.445826530456542969e+00,5.117688179016113281e+00,-5.119205951690673828e+00,-9.106187820434570312e+00,-5.436026573181152344e+00,-6.021486282348632812e+00,-1.407662773132324219e+01,-2.054224395751953125e+01,-2.344988632202148438e+01,-2.613976097106933594e+01,-2.696371078491210938e+01,-2.317983245849609375e+01,-1.633314704895019531e+01,-5.238950729370117188e+00,4.738188982009887695e-01,-2.281635284423828125e+00,-3.652854204177856445e+00,-3.532611131668090820e+00,2.614401340484619141e+00,-5.583002567291259766e+00,-1.668074798583984375e+01,-2.484294128417968750e+01,-2.335459327697753906e+01,-1.066934394836425781e+01,-9.992452621459960938e+00,-1.716246223449707031e+01,-1.765461540222167969e+01,-1.132804870605468750e+01,-5.465578556060791016e+00,-1.126031875610351562e+01,-1.194166374206542969e+01,-7.404637336730957031e+00,-3.188736200332641602e+00,1.099716901779174805e+00,5.302222251892089844e+00,9.284200668334960938e+00,9.550119400024414062e+00,7.391744852066040039e-02,-1.046426486968994141e+01,-7.749809741973876953e+00,8.625566363334655762e-01,3.419692039489746094e+00,7.292552947998046875e+00,3.075004577636718750e+00,-5.215141296386718750e+00,-7.952288627624511719e+00,-1.365400695800781250e+01,-1.145978355407714844e+01,-1.138405036926269531e+01,-1.146912479400634766e+01,-8.542492866516113281e+00,-7.674025535583496094e+00,-8.878944396972656250e+00,-1.645459365844726562e+01,-2.081770896911621094e+01,-1.715289115905761719e+01,-1.584359741210937500e+01,-1.576755428314208984e+01,-1.465022659301757812e+01,-1.297909832000732422e+01,-8.908328056335449219e+00,-5.449419021606445312e+00,-6.547579765319824219e+00,-6.630473136901855469e+00,-9.303724288940429688e+00,-1.283152389526367188e+01,-2.274483108520507812e+01,-2.777237319946289062e+01,-3.072712707519531250e+01,-3.228046035766601562e+01,-2.431506347656250000e+01,-1.706652832031250000e+01,-1.159363746643066406e+01,-7.004379272460937500e+00,-1.765868902206420898e+00,2.425708174705505371e-01,7.451004505157470703e+00,2.278122186660766602e+00,-1.365751838684082031e+01,-2.881618499755859375e+01,-3.682418823242187500e+01,-3.479104614257812500e+01,-3.026536750793457031e+01,-2.241008758544921875e+01,-2.719462966918945312e+01,-3.516076278686523438e+01,-3.232931518554687500e+01,-1.982078361511230469e+01,-1.609458351135253906e+01,-1.512713813781738281e+01,2.563681304454803467e-01,-1.256986713409423828e+01,-3.025217437744140625e+01,-3.214064788818359375e+01,-1.437594032287597656e+01,-3.269621133804321289e+00,-9.121666908264160156e+00,-3.043752670288085938e+01,-4.574783325195312500e+01,-4.790789031982421875e+01,-3.814327239990234375e+01,-2.851433181762695312e+01,-2.583464813232421875e+01,-8.089604377746582031e+00,-2.349898147583007812e+01,-4.666692352294921875e+01,-4.319735717773437500e+01,-2.608369064331054688e+01,-1.209474372863769531e+01,-1.647443008422851562e+01,-1.331567764282226562e+01,-8.469499588012695312e+00,-4.739392757415771484e+00,-9.041120529174804688e+00,-9.357933044433593750e+00,-7.755073547363281250e+00,-1.168190002441406250e+01,-1.539770507812500000e+01,-2.699119567871093750e+01,-2.753779602050781250e+01,-1.949378204345703125e+01,-6.998609542846679688e+00,-5.016758918762207031e+00,-2.932327747344970703e+00,-3.162190675735473633e+00,-5.024467468261718750e+00,-7.975037574768066406e+00,-6.674550056457519531e+00,-1.487949848175048828e+00,-3.327001810073852539e+00,-1.058001899719238281e+01,-1.341608619689941406e+01,-1.728836631774902344e+01,-2.385933685302734375e+01,-2.661193084716796875e+01,-2.475963783264160156e+01,-1.699372863769531250e+01,-2.322295188903808594e+00,6.426225900650024414e-01,-1.293728590011596680e+00,-1.463360190391540527e-01,7.249944686889648438e+00,1.678002166748046875e+01,1.561190414428710938e+01,1.050141716003417969e+01,3.526215076446533203e+00,1.258962631225585938e+00,1.240994691848754883e+00,2.449801921844482422e+00,2.835052728652954102e+00,2.211436271667480469e+00,5.102485656738281250e+00,2.348862886428833008e+00,2.216776013374328613e-01,-7.240687370300292969e+00,-1.001144313812255859e+01,-4.289955139160156250e+00,-7.967613220214843750e+00,-8.520051002502441406e+00,-3.026352405548095703e+00,-3.424677133560180664e+00,-8.671267628669738770e-01,7.531497478485107422e-01,-1.548662567138671875e+01,-2.013257217407226562e+01,-3.304969787597656250e+01,-4.154201507568359375e+01,-3.757021331787109375e+01,-2.683833694458007812e+01,-2.693810653686523438e+01,-1.314723205566406250e+01,-2.038353157043457031e+01,-2.471952247619628906e+01,-3.938433837890625000e+01,-4.533073043823242188e+01,-3.454685592651367188e+01,-2.551107788085937500e+01,-2.232423210144042969e+01,-2.404077529907226562e+01,-3.405386352539062500e+01,-3.895202636718750000e+01,-3.462120056152343750e+01,-1.811097526550292969e+01,-1.417719268798828125e+01,-1.350293540954589844e+01,-2.301380157470703125e+01,-3.992379760742187500e+01,-4.402038955688476562e+01,-3.622390747070312500e+01,-1.898777008056640625e+01,-1.237702941894531250e+01,-1.631201362609863281e+01,-2.152283477783203125e+01,-9.067302703857421875e+00,8.439112901687622070e-01,-3.477217674255371094e+00,-1.293935298919677734e+01,-2.756401443481445312e+01,-3.760480117797851562e+01,-2.852547836303710938e+01,-1.787888145446777344e+01,-1.335831928253173828e+01,-1.815822410583496094e+01,-1.492813301086425781e+01,-1.050284004211425781e+01,-1.303391075134277344e+01,-3.298963546752929688e+01,-4.866832733154296875e+01,-5.087085723876953125e+01,-3.087735748291015625e+01,-1.235808086395263672e+01,-1.248753643035888672e+01,-3.012520313262939453e+00,-1.416061782836914062e+01,-2.893714141845703125e+01,-4.533062744140625000e+01,-3.787445831298828125e+01,-2.381391716003417969e+01,-3.699001312255859375e+01,-3.571908950805664062e+01,-2.969095230102539062e+01,-2.491243743896484375e+01,-1.674706077575683594e+01,-1.839746475219726562e+01,-3.087878799438476562e+01,-3.677997589111328125e+01,-3.269244384765625000e+01,-2.479280090332031250e+01,-1.551914882659912109e+01,-1.615676879882812500e+01,-2.357153320312500000e+01,-2.208201599121093750e+01,-5.593158245086669922e+00,-5.310032367706298828e-01,7.074725151062011719e+00,6.589909553527832031e+00,3.975781917572021484e+00,-9.568271636962890625e+00,-1.757807540893554688e+01,-2.254464721679687500e+01,-2.569837951660156250e+01,-2.786089897155761719e+01,-2.615779876708984375e+01,-2.511490440368652344e+01,-2.643166542053222656e+01,-2.657131958007812500e+01,-2.908630943298339844e+01,-3.471369171142578125e+01,-3.407775115966796875e+01,-3.054415512084960938e+01,-1.654314231872558594e+01,-1.774312210083007812e+01,-1.891287612915039062e+01,-1.540763854980468750e+01,-1.357039070129394531e+01,-1.939724922180175781e+01,-2.242236328125000000e+01,-1.647626495361328125e+01,-1.160408401489257812e+01,-1.087999725341796875e+01,-1.331117153167724609e+01,-1.344791030883789062e+01,1.116349601745605469e+01,-1.450227832794189453e+01,-3.472494506835937500e+01,-3.902996063232421875e+01,-3.354160308837890625e+01,-2.864732360839843750e+01,-2.889717864990234375e+01,-3.319283676147460938e+01,-3.533022308349609375e+01,-3.620172882080078125e+01,-3.410598754882812500e+01,-2.674322128295898438e+01,-2.764488792419433594e+01,-3.232314300537109375e+01,-2.690885162353515625e+01,-1.855771255493164062e+01,-1.911206817626953125e+01,-2.032418441772460938e+01,-7.221919059753417969e+00,4.694304168224334717e-01,2.427251815795898438e+00,-1.486965370178222656e+01,-4.002868270874023438e+01,-3.553037261962890625e+01,-1.880324745178222656e+01,-7.636525630950927734e+00,3.783329010009765625e+00,3.231027603149414062e+00,-1.819180727005004883e+00,-6.913734436035156250e+00,-6.616758346557617188e+00,-8.008502960205078125e+00,-1.116478633880615234e+01,-6.463182449340820312e+00,-9.675071716308593750e+00,-1.682310485839843750e+01,-1.788646697998046875e+01,-1.469266319274902344e+01,-1.368939971923828125e+01,-1.082100772857666016e+01,-6.976110458374023438e+00,4.893540382385253906e+00,1.081629943847656250e+01,9.517974853515625000e+00,1.545292758941650391e+01,2.101822662353515625e+01,1.962455368041992188e+01,1.920594406127929688e+01,1.613131523132324219e+01,1.214219379425048828e+01,8.084295272827148438e+00,1.004180192947387695e+00,-1.227158737182617188e+01,-1.998648834228515625e+01,-1.936964035034179688e+01,-1.272323989868164062e+01,-1.216890907287597656e+01,-1.478198242187500000e+01,-1.625722122192382812e+01,-1.121594619750976562e+01,-1.897188568115234375e+01,-2.805035018920898438e+01,-3.154386520385742188e+01,-3.336956787109375000e+01,-3.675344848632812500e+01,-3.799475479125976562e+01,-3.945034790039062500e+01,-3.997101593017578125e+01,-3.584983444213867188e+01,-2.472919464111328125e+01,-2.237578773498535156e+01,-2.725246429443359375e+01,-3.246237945556640625e+01,-3.034271812438964844e+01,-3.408346652984619141e+00,-7.414063930511474609e+00,-2.780964469909667969e+01,-3.902107238769531250e+01,-3.471858978271484375e+01,-2.885632705688476562e+01,-3.024288558959960938e+01,-2.482166671752929688e+01,-2.312427139282226562e+01,-2.568388366699218750e+01,-2.553383636474609375e+01,-1.404065895080566406e+01,-4.231047630310058594e+00,-1.522860908508300781e+01,-2.681495666503906250e+01,-2.621469116210937500e+01,-1.649549674987792969e+01,-7.721181869506835938e+00,-3.121523380279541016e+00,-3.441545009613037109e+00,-2.075703144073486328e+00,-5.773624181747436523e-01,-1.344066238403320312e+01,-3.377401351928710938e+01,-3.643106460571289062e+01,-3.159656143188476562e+01,-2.719660568237304688e+01,-2.353290367126464844e+01,-1.396504497528076172e+01,-1.317820167541503906e+01,-1.730252456665039062e+01,-1.486393547058105469e+01,-1.359894180297851562e+01,-1.504092979431152344e+01,-1.455606746673583984e+01,-9.082353591918945312e+00,-9.547015190124511719e+00,-1.368048286437988281e+01,-1.189601230621337891e+01,-1.996210098266601562e+01,-3.139408874511718750e+01,-3.053329467773437500e+01,-2.805677795410156250e+01,-1.870716857910156250e+01,-8.522841334342956543e-02,2.635452032089233398e+00,1.233487606048583984e+00,-1.003448104858398438e+01,-1.622183609008789062e+01,-2.373092269897460938e+01,-2.890899276733398438e+01,-3.393941879272460938e+01,-4.155479431152343750e+01,-4.282639312744140625e+01,-4.828620147705078125e+01,-4.601440429687500000e+01,-3.745797729492187500e+01,-2.787078666687011719e+01,-2.310465621948242188e+01,-2.357738494873046875e+01,-2.281270980834960938e+01,-1.228834915161132812e+01,-1.959189605712890625e+01,-2.952687072753906250e+01,-3.500296020507812500e+01,-4.226287841796875000e+01,-4.239201354980468750e+01,-3.594339752197265625e+01,-3.410160064697265625e+01,-1.778289794921875000e+01,-1.210246276855468750e+01,-1.858054542541503906e+01,-1.832954025268554688e+01,-2.334354019165039062e+01,-2.650039100646972656e+01,-2.387349319458007812e+01,-1.976825904846191406e+01,-1.161075210571289062e+01,-1.395111656188964844e+01,-1.577104949951171875e+01,-1.666250228881835938e+01,-2.443381500244140625e+01,-2.106798362731933594e+01,-1.360637950897216797e+01,-1.001514148712158203e+01,-3.073712110519409180e+00,-6.557997226715087891e+00,-5.067214012145996094e+00,-2.666274309158325195e+00,-4.204624176025390625e+00,-9.566390514373779297e-02,-4.132857322692871094e-01,4.279366433620452881e-01,1.923906803131103516e-01,3.554639101028442383e+00,5.995647430419921875e+00,6.164399623870849609e+00,3.846120119094848633e+00,4.611126780509948730e-01,6.159481048583984375e+00,1.403515577316284180e+00,-3.733297348022460938e+00,-6.894402503967285156e+00,-7.431953430175781250e+00,-6.246248245239257812e+00,-7.974130630493164062e+00,-3.266493320465087891e+00,-1.011502742767333984e+00,-6.432116508483886719e+00,-2.571825027465820312e+01,-3.808196640014648438e+01,-3.903173065185546875e+01,-4.300880050659179688e+01,-4.029199981689453125e+01,-3.848664855957031250e+01,-4.607883453369140625e+01,-4.745021820068359375e+01,-5.602555847167968750e+01,-5.507184219360351562e+01,-5.151211547851562500e+01,-5.126141357421875000e+01,-3.084457397460937500e+01,-1.286746120452880859e+01,-1.362990379333496094e+01,-2.440375137329101562e+01,-2.057135581970214844e+01,-1.278549194335937500e+01,-2.067712402343750000e+01,-2.702692794799804688e+01,-2.040143966674804688e+01,-1.989343643188476562e+01,-2.345947647094726562e+01,-1.953775787353515625e+01,-6.601002693176269531e+00,-6.740178108215332031e+00,-2.470083999633789062e+01,-3.726620864868164062e+01,-4.088291168212890625e+01,-3.505828857421875000e+01,-1.746336555480957031e+01,-4.704759597778320312e+00,1.053196713328361511e-01,-1.814382362365722656e+01,-3.954458999633789062e+01,-4.535840225219726562e+01,-3.662443542480468750e+01,-1.705712509155273438e+01,-4.043656826019287109e+00,-9.083234071731567383e-01,-1.793355941772460938e+01,-3.105588150024414062e+01,-3.314438629150390625e+01,-3.347870254516601562e+01,-3.134070014953613281e+01,-4.291806793212890625e+01,-4.803065490722656250e+01,-4.500464248657226562e+01,-3.539262008666992188e+01,-3.265081787109375000e+01,-3.063197708129882812e+01,-2.367546463012695312e+01,-2.357234191894531250e+01,-2.275096130371093750e+01,-2.081212806701660156e+01,-1.801564407348632812e+01,-1.924511718750000000e+01,-1.692227554321289062e+01,-1.920897483825683594e+01,-9.943600654602050781e+00,-7.503753662109375000e+00,-1.434922504425048828e+01,-1.466361808776855469e+01,-6.833233833312988281e+00,-7.103802680969238281e+00,-4.643819808959960938e+00,1.591937065124511719e+00,6.966711997985839844e+00,4.813995361328125000e+00,5.581314563751220703e-01,-9.606697082519531250e+00,-1.081794643402099609e+01,1.263818621635437012e+00,8.793197631835937500e+00,-2.095662355422973633e+00,-3.580947399139404297e+00,2.776458024978637695e+00,6.549621582031250000e+00,8.210964202880859375e+00,1.996893692016601562e+01,-5.947727203369140625e+00,-2.836195182800292969e+01,-3.748252868652343750e+01,-4.791123199462890625e+01,-5.241993331909179688e+01,-5.119596862792968750e+01,-5.099658966064453125e+01,-4.964263153076171875e+01,-4.368937683105468750e+01,-4.016697311401367188e+01,-3.056220245361328125e+01,-2.045034027099609375e+01,-1.683196449279785156e+01,-1.896722602844238281e+01,-1.992507743835449219e+01,-2.046899795532226562e+01,-1.815611076354980469e+01,-1.741366577148437500e+01,-1.626382637023925781e+01,-1.035760593414306641e+01,-1.016005229949951172e+01,-7.756023406982421875e+00,-6.664636611938476562e+00,-6.347721099853515625e+00,-4.030342578887939453e+00,-5.850715637207031250e+00,-6.250519752502441406e-01,3.101130485534667969e+00,6.993421077728271484e+00,1.008049774169921875e+01,7.854734420776367188e+00,5.728686332702636719e+00,2.235980510711669922e+00,4.383726119995117188e+00,7.904048442840576172e+00,1.753815174102783203e+00,-6.003759860992431641e+00,-1.683519554138183594e+01,-1.712408447265625000e+01,-2.815679931640625000e+01,-2.931337165832519531e+01,-4.603441619873046875e+01,-5.281406402587890625e+01,-3.986112976074218750e+01,-2.644591331481933594e+01,-1.900689315795898438e+01,-1.749096107482910156e+01,-1.248610305786132812e+01,-1.619072723388671875e+01,-2.232354164123535156e+01,-3.484523773193359375e+01,-4.354367828369140625e+01,-4.807106018066406250e+01,-4.225758361816406250e+01,-3.663875579833984375e+01,-3.053283882141113281e+01,-2.848234748840332031e+01,-1.546189594268798828e+01,-2.022311401367187500e+01,-1.693414688110351562e+01,-1.568135261535644531e+01,-1.853452682495117188e+01,-2.390262603759765625e+01,-7.457936763763427734e+00,2.069009065628051758e+00,4.199620246887207031e+00,-1.280215263366699219e+01,-3.119395065307617188e+01,-2.987012100219726562e+01,-2.161559486389160156e+01,-5.929949760437011719e+00,-5.801841259002685547e+00,-1.320631408691406250e+01,-1.032453155517578125e+01,-1.168974304199218750e+01,-6.767873764038085938e+00,-3.385869264602661133e-01,-4.432648718357086182e-01,-1.025818252563476562e+01,-1.754043579101562500e+01,-1.272355651855468750e+01,-4.882196426391601562e+00,2.816689968109130859e+00,-1.812072038650512695e+00,-1.532680892944335938e+01,-1.917568206787109375e+01,-1.458219146728515625e+01,-2.615914344787597656e+00,1.993130147457122803e-02,-1.745824575424194336e+00,-1.605913543701171875e+01,-1.831166458129882812e+01,-1.518537425994873047e+01,-1.159172058105468750e+01,-1.019487380981445312e+01,-6.047947883605957031e+00,-9.839317321777343750e+00,-1.113523864746093750e+01,-1.743308448791503906e+01,-2.965091323852539062e+01,-3.086838150024414062e+01,-1.353402614593505859e+01,-2.378053665161132812e+01,-3.690392303466796875e+01,-3.684592437744140625e+01,-2.674621772766113281e+01,-7.211724281311035156e+00,-5.343390464782714844e+00,-2.963056945800781250e+01,-3.807659912109375000e+01,-3.487200164794921875e+01,-2.991481399536132812e+01,-2.488035583496093750e+01,-2.244440078735351562e+01,-2.177288818359375000e+01,-1.838939094543457031e+01,-1.382028198242187500e+01,-1.302027893066406250e+01,-1.626277732849121094e+01,-2.995702743530273438e+01,-2.616233444213867188e+01,-1.805384063720703125e+01,-9.946935653686523438e+00,-1.040073966979980469e+01,-1.031014537811279297e+01,-1.073355865478515625e+01,-1.056309127807617188e+01,-1.415325832366943359e+01,-1.718183708190917969e+01,-1.189612960815429688e+01,-8.506691932678222656e+00,-8.161276817321777344e+00,-3.860930919647216797e+00,-8.845902442932128906e+00,-1.180390930175781250e+01,-5.319482326507568359e+00,-4.817794322967529297e+00,-6.718365669250488281e+00,-2.489590406417846680e+00,1.013383865356445312e-01,7.418358325958251953e-02,-7.620968818664550781e-01,2.547894477844238281e+00,5.461214065551757812e+00,4.357775688171386719e+00,2.235534429550170898e+00,-2.191703617572784424e-01,-1.737594604492187500e+00,-3.680649995803833008e+00,-4.414361953735351562e+00,-7.577875137329101562e+00,-6.302605152130126953e+00,-2.670450782775878906e+01,-3.235405731201171875e+01,-2.962524223327636719e+01,-2.383287429809570312e+01,-2.919404029846191406e+01,-2.588299369812011719e+01,-3.296591186523437500e+01,-3.001634979248046875e+01,-2.572827529907226562e+01,-3.038503646850585938e+01,-3.185081100463867188e+01,-3.045576095581054688e+01,-1.101117992401123047e+01,6.944790363311767578e+00,1.082242202758789062e+01,1.161450767517089844e+01,4.346806049346923828e+00,-2.647983431816101074e-01,-4.223712921142578125e+00,-1.341040992736816406e+01,-3.812599945068359375e+01,-4.086573028564453125e+01,-1.662430953979492188e+01,-2.355259418487548828e+00,3.192540645599365234e+00,-3.448815941810607910e-01,-1.215339088439941406e+01,-2.049024581909179688e+01,-2.644608688354492188e+01,-1.893839263916015625e+01,-1.860283470153808594e+01,-1.356856346130371094e+01,-1.002512931823730469e+01,-7.611217498779296875e+00,-7.923385620117187500e+00,-2.133229446411132812e+01,-4.103098297119140625e+01,-3.419793319702148438e+01,-1.321527862548828125e+01,-2.981314849853515625e+01,-4.229557418823242188e+01,-5.029705047607421875e+01,-5.572698211669921875e+01,-5.204130935668945312e+01,-4.869804382324218750e+01,-4.408864593505859375e+01,-3.210417938232421875e+01,-3.000248718261718750e+01,-2.802575683593750000e+01,-2.570297431945800781e+01,-3.258459091186523438e+01,-4.864167022705078125e+01,-5.368359375000000000e+01,-5.807319641113281250e+01,-5.071301269531250000e+01,-2.986411476135253906e+01,-2.512670898437500000e+01,-3.769796752929687500e+01,-3.485932540893554688e+01,-2.584195327758789062e+01,-2.523579406738281250e+01,-3.565739822387695312e+01,-3.435650253295898438e+01,-1.984446334838867188e+01,-1.089748382568359375e+01,-1.012375926971435547e+01,-1.541189956665039062e+01,-1.869519615173339844e+01,-2.361075210571289062e+01,-2.453584289550781250e+01,-2.062099075317382812e+01,-1.587477016448974609e+01,-6.456599235534667969e+00,-1.136416339874267578e+01,-1.207083129882812500e+01,-1.346775627136230469e+01,-9.587234497070312500e+00,-1.392921829223632812e+01,-2.194859886169433594e+01,-2.378938293457031250e+01,-2.680309486389160156e+01,-2.473081016540527344e+01,-1.970843124389648438e+01,-1.804085922241210938e+01,-8.049968719482421875e+00,-1.997520685195922852e+00,-4.969850063323974609e+00,-8.547417640686035156e+00,-8.966331481933593750e+00,-7.132923603057861328e+00,6.713495254516601562e+00,1.182287406921386719e+01,2.400518655776977539e+00,-4.089518070220947266e+00,-4.383343696594238281e+00,-7.547313213348388672e+00,-2.089286041259765625e+01,-2.941690063476562500e+01,-3.315769958496093750e+01,-2.343995666503906250e+01,-1.554704570770263672e+01,-5.691434383392333984e+00,1.403434276580810547e+00,-1.321722412109375000e+01,-3.325358200073242188e+01,-2.936923599243164062e+01,-1.476585960388183594e+01,-9.370366096496582031e+00,-5.296500205993652344e+00,-4.990549087524414062e+00,4.388893127441406250e+00,1.480300998687744141e+01,1.101692295074462891e+01,3.408602237701416016e+00,1.757521867752075195e+00,6.883932113647460938e+00,-8.131704330444335938e+00,-9.920737266540527344e+00,-7.229407310485839844e+00,-6.442039489746093750e+00,-5.100666046142578125e+00,-5.804598808288574219e+00,-1.078551292419433594e+01,-1.193608379364013672e+01,2.741860151290893555e+00,-9.314399719238281250e+00,-1.856327056884765625e+01,-2.618111038208007812e+01,-2.657808494567871094e+01,-1.851046371459960938e+01,-1.048477363586425781e+01,-9.347076416015625000e+00,-6.672708511352539062e+00,-2.155940246582031250e+01,-2.930940246582031250e+01,-3.141780853271484375e+01,-3.660460662841796875e+01,-3.864615249633789062e+01,-3.324464797973632812e+01,-1.732372283935546875e+01,-5.860845565795898438e+00,-4.970263957977294922e+00,-1.208247852325439453e+01,-1.919747161865234375e+01,-2.068025588989257812e+01,-2.694843482971191406e+01,-3.261204147338867188e+01,-3.043419456481933594e+01,-3.342973327636718750e+01,-3.579285430908203125e+01,-3.546476745605468750e+01,-3.017242431640625000e+01,-2.778919029235839844e+01,-2.391048622131347656e+01,-2.114640808105468750e+01,-2.491526412963867188e+01,-3.536019897460937500e+01,-2.866590118408203125e+01,-2.629079055786132812e+01,-2.764538383483886719e+01,-2.340415573120117188e+01,-1.922554397583007812e+01,-1.853733444213867188e+01,-1.797239303588867188e+01,-1.501670169830322266e+01,-8.664894104003906250e+00,-6.047508716583251953e+00,-9.274017333984375000e+00,-7.188102722167968750e+00,-4.827303409576416016e+00,-1.046036338806152344e+01,-1.018396377563476562e+01,-5.232279777526855469e+00,-6.738796234130859375e+00,-6.475875377655029297e+00,-2.662129163742065430e+00,-4.524137496948242188e+00,-7.994178295135498047e+00,-5.116206169128417969e+00,-2.787236928939819336e+00,4.531757533550262451e-01,-3.367612838745117188e+00,-1.269460201263427734e+01,-2.567145538330078125e+01,-3.138235855102539062e+01,-2.706129455566406250e+01,-2.465195083618164062e+01,-2.644137763977050781e+01,-2.428305435180664062e+01,-2.216116333007812500e+01,-1.585476589202880859e+01,-1.234236049652099609e+01,-1.280874824523925781e+01,-1.434271621704101562e+01,-1.690921783447265625e+01,-2.045643043518066406e+01,-2.851986122131347656e+01,-3.085738754272460938e+01,-3.365373229980468750e+01,-3.306886291503906250e+01,-3.439243698120117188e+01,-3.943452835083007812e+01,-4.284933471679687500e+01,-4.897937011718750000e+01,-3.887121582031250000e+01,-3.819578552246093750e+01,-3.593298721313476562e+01,-2.415131378173828125e+01,-2.008951759338378906e+01,-2.653134918212890625e+01,-3.945380401611328125e+01,-3.621441268920898438e+01,-2.292363357543945312e+01,-2.107022094726562500e+01,-2.515379714965820312e+01,-3.232324600219726562e+01,-2.783847808837890625e+01,-2.817410659790039062e+01,-3.303246688842773438e+01,-3.103122711181640625e+01,-2.774030113220214844e+01,-2.830466842651367188e+01,-3.631428527832031250e+01,-3.473036193847656250e+01,-2.674743270874023438e+01,-1.995131301879882812e+01,-1.609398651123046875e+01,-1.337905883789062500e+01,-1.448949241638183594e+01,-1.447245025634765625e+01,-1.224477386474609375e+01,-1.438773536682128906e+01,-1.682981300354003906e+01,-2.017862129211425781e+01,-1.987233352661132812e+01,-1.490064620971679688e+01,-1.727971649169921875e+01,-1.824378204345703125e+01,-2.130438232421875000e+01,-1.454417800903320312e+01,-3.209141969680786133e+00,-2.529824066162109375e+01,-4.955334472656250000e+01,-5.043584823608398438e+01,-2.778858947753906250e+01,-1.429065895080566406e+01,-1.430341911315917969e+01,-1.315753173828125000e+01,-1.670886516571044922e+00,-3.199928045272827148e+00,-7.985290527343750000e+00,-2.549778366088867188e+01,-3.327236938476562500e+01,-2.092828750610351562e+01,-2.027112483978271484e+00,5.032967925071716309e-01,-1.047244644165039062e+01,-2.082080078125000000e+01,-2.439070510864257812e+01,-2.090874099731445312e+01,-2.017119026184082031e+01,-2.313493347167968750e+01,-2.348561859130859375e+01,-2.418510818481445312e+01,-2.033423042297363281e+01,-2.250910949707031250e+01,-1.729997634887695312e+01,-1.806261062622070312e+01,-1.704453086853027344e+01,-1.614522361755371094e+01,-1.698183059692382812e+01,-1.246542358398437500e+01,-1.107788085937500000e+01,-5.166204452514648438e+00,-2.331873703002929688e+01,-3.562936401367187500e+01,-3.173988723754882812e+01,-2.792454147338867188e+01,-2.465914154052734375e+01,-2.155577468872070312e+01,-2.493739318847656250e+01,-2.844871520996093750e+01,-2.976075363159179688e+01,-3.084333038330078125e+01,-2.202887916564941406e+01,-7.869045734405517578e+00,-1.672559499740600586e+00,-1.586618137359619141e+01,-3.683318328857421875e+01,-4.253577423095703125e+01,-8.984149932861328125e+00,3.860228776931762695e+00,-7.482979297637939453e+00,-2.333910369873046875e+01,-1.989547729492187500e+01,-1.076937866210937500e+01,-7.706481933593750000e+00,-4.196441650390625000e+00,-9.585082054138183594e+00,-1.116217994689941406e+01,-7.090402603149414062e+00,-7.067044258117675781e+00,-1.006331634521484375e+01,-7.387213706970214844e+00,-9.153739929199218750e+00,-1.280573177337646484e+01,-1.001082420349121094e+01,-8.002011299133300781e+00,-9.972366333007812500e+00,-1.032726287841796875e+01,-2.056698226928710938e+01,-2.392307662963867188e+01,-2.776685714721679688e+01,-3.078420639038085938e+01,-3.113159561157226562e+01,-1.811463928222656250e+01,-1.612691116333007812e+01,-1.459013271331787109e+01,-8.821297645568847656e+00,-8.125259399414062500e+00,-1.615582275390625000e+01,-1.250489997863769531e+01,-6.823822975158691406e+00,1.624204158782958984e+00,1.691642522811889648e+00,-4.836091041564941406e+00,-1.570257472991943359e+01,-1.674362564086914062e+01,-6.197696685791015625e+00,6.974653005599975586e-01,-4.778243064880371094e+00,-1.489382553100585938e+01,-2.338731765747070312e+01,-2.486103057861328125e+01,-1.805334854125976562e+01,-1.581815338134765625e+01,-2.069837570190429688e+01,-2.394077491760253906e+01,-2.794997215270996094e+01,-3.051766586303710938e+01,-2.741496467590332031e+01,-3.917186737060546875e+01,-4.342678833007812500e+01,-3.797138214111328125e+01,-2.709853744506835938e+01,-2.895720291137695312e+01,-3.430814361572265625e+01,-3.369511413574218750e+01,-3.640321350097656250e+01,-4.348623657226562500e+01,-4.699806976318359375e+01,-3.874036407470703125e+01,-3.540514373779296875e+01,-4.624794006347656250e+01,-4.672283935546875000e+01,-3.890743255615234375e+01,-1.779399108886718750e+01,-1.307656478881835938e+01,-1.235875511169433594e+01,-1.288159751892089844e+01,-1.801977729797363281e+01,-3.714459991455078125e+01,-4.226134490966796875e+01,-3.273810577392578125e+01,-2.484128189086914062e+01,-2.265409088134765625e+01,-2.079377365112304688e+01,-1.229367923736572266e+01,-8.860185623168945312e+00,-8.220506668090820312e+00,-9.766318321228027344e+00,-1.016025733947753906e+01,-1.268979454040527344e+01,-1.268596458435058594e+01,-1.116696166992187500e+01,-7.453174591064453125e+00,-1.649643898010253906e+01,-2.951325225830078125e+01,-3.245478820800781250e+01,-2.972523117065429688e+01,-2.863064956665039062e+01,-3.017584800720214844e+01,-3.168086433410644531e+01,-3.064139175415039062e+01,-3.312112808227539062e+01,-3.391199493408203125e+01,-2.177186203002929688e+01,-2.197630882263183594e+00,-7.217907309532165527e-01,-4.320137023925781250e+00,-6.941697597503662109e+00,-4.608878612518310547e+00,-8.010278701782226562e+00,-8.507030487060546875e+00,-1.041941261291503906e+01,-5.799088954925537109e+00,-4.279968738555908203e+00,-1.404074096679687500e+01,-2.270852851867675781e+01,-2.196159744262695312e+01,-1.190096664428710938e+01,-1.424016857147216797e+01,-2.747237396240234375e+01,-4.300797271728515625e+01,-4.647458648681640625e+01,-2.630115509033203125e+01,-1.136204528808593750e+01,-1.248736476898193359e+01,-1.194195175170898438e+01,-1.455031013488769531e+01,-1.262445068359375000e+01,-1.348106956481933594e+01,-1.740856933593750000e+01,-1.521626281738281250e+01,-1.340437316894531250e+01,-1.965936279296875000e+01,-3.533433151245117188e+01,-4.030519866943359375e+01,-3.879468536376953125e+01,-3.759165191650390625e+01,-3.933688354492187500e+01,-4.240918350219726562e+01,-4.477090454101562500e+01,-4.525160217285156250e+01,-3.589351654052734375e+01,-2.345783233642578125e+01,-2.050300216674804688e+01,-2.088054656982421875e+01,-3.336542606353759766e+00,-1.231654644012451172e+00,-3.156230211257934570e+00,-1.410078048706054688e+01,-1.688414192199707031e+01,-1.702365875244140625e+01,-1.150569820404052734e+01,-3.753715515136718750e+00,-1.172167897224426270e+00,-4.851308822631835938e+00,-7.390598297119140625e+00,-9.321910858154296875e+00,-3.077093124389648438e+00,-7.659831643104553223e-01,5.943377017974853516e+00,3.168021917343139648e+00,-4.979855537414550781e+00,-5.577338218688964844e+00,-6.780539512634277344e+00,-8.365576744079589844e+00,-6.542021751403808594e+00,-7.894948005676269531e+00,-3.458601379394531250e+01,-4.064950561523437500e+01,-3.674197006225585938e+01,-3.625388336181640625e+01,-3.553001403808593750e+01,-4.161814117431640625e+01,-4.126716613769531250e+01,-3.882574462890625000e+01,-4.316489791870117188e+01,-3.834384918212890625e+01,-2.640924835205078125e+01,-2.842507362365722656e+01,-2.864858245849609375e+01,-2.629452133178710938e+01,-2.912483596801757812e+01,-3.273373031616210938e+01,-2.958627700805664062e+01,-1.950358200073242188e+01,-1.060016822814941406e+01,-9.401628494262695312e+00,-9.638573646545410156e+00,-1.416331481933593750e+01,-1.015734100341796875e+01,-5.843311309814453125e+00,-6.098121166229248047e+00,-7.338094711303710938e+00,-1.962076187133789062e+01,-2.139859771728515625e+01,-1.910408020019531250e+01,-1.172943019866943359e+01,-1.080457687377929688e+01,-1.675415420532226562e+01,-1.810774803161621094e+01,-1.982698631286621094e+01,-2.408854293823242188e+01,-1.844404220581054688e+01,-4.876237213611602783e-01,-8.717633247375488281e+00,-2.106387329101562500e+01,-3.375927734375000000e+01,-3.531973266601562500e+01,-3.414740753173828125e+01,-3.739891052246093750e+01,-4.179302978515625000e+01,-4.008272171020507812e+01,-3.808351135253906250e+01,-3.266689300537109375e+01,-2.256750679016113281e+01,-2.817992782592773438e+01,-2.730276298522949219e+01,-3.586944961547851562e+01,-4.230041503906250000e+01,-3.842011260986328125e+01,-3.512583160400390625e+01,-3.457677459716796875e+01,-3.039633560180664062e+01,-2.569026756286621094e+01,-2.530210113525390625e+01,-2.437058448791503906e+01,-2.476879501342773438e+01,-2.380996704101562500e+01,-2.093104743957519531e+01,-1.678693008422851562e+01,-1.050961303710937500e+01,-8.388186454772949219e+00,-2.450303316116333008e+00,-1.028112888336181641e+00,-3.449965000152587891e+00,-5.397937297821044922e+00,-1.128711318969726562e+01,-1.358896827697753906e+01,-1.202865028381347656e+01,-1.647507476806640625e+01,-1.966088867187500000e+01,-2.721343612670898438e+01,-2.773891258239746094e+01,-2.237192916870117188e+01,-1.465212154388427734e+01,-8.945383071899414062e+00,3.876939415931701660e-01,-5.862346649169921875e+00,-1.376573562622070312e+01,-1.680829238891601562e+01,-2.726932907104492188e+01,-3.073035812377929688e+01,-2.773370552062988281e+01,-2.788719177246093750e+01,-2.651014518737792969e+01,-2.413315582275390625e+01,-2.104170227050781250e+01,-2.392998313903808594e+01,-2.127743148803710938e+01,-1.612794685363769531e+01,-1.377966117858886719e+01,-1.391319561004638672e+01,-1.922853851318359375e+01,-1.996376037597656250e+01,-1.756470108032226562e+01,-1.591424274444580078e+01,-1.446982669830322266e+01,-1.115049171447753906e+01,-1.190870666503906250e+01,-2.239365005493164062e+01,-2.552640151977539062e+01,-2.862243652343750000e+01,-2.446068572998046875e+01,-1.586812877655029297e+01,-1.571052551269531250e+01,-2.187754821777343750e+01,-3.288636779785156250e+01,-4.014775848388671875e+01,-3.260847854614257812e+01,-2.274928283691406250e+01,-3.017136764526367188e+01,-2.991710281372070312e+01,-2.607219123840332031e+01,-1.454011821746826172e+01,-1.777449369430541992e+00,-2.995386123657226562e+00,-4.180184364318847656e+00,-7.663092613220214844e+00,-1.113236904144287109e+01,-1.367126274108886719e+01,-1.164295673370361328e+01,-1.081705760955810547e+01,-1.405411434173583984e+01,-1.840947532653808594e+01,-1.915443420410156250e+01,-2.097938156127929688e+01,-1.931004524230957031e+01,-1.715006256103515625e+01,-1.563518714904785156e+01,-1.460095024108886719e+01,-1.570311355590820312e+01,-1.074203681945800781e+01,-1.155201148986816406e+01,-1.533288097381591797e+01,-9.619058609008789062e+00,-5.183402061462402344e+00,-9.506711959838867188e+00,-1.268391609191894531e+01,-1.049515724182128906e+01,-1.094132423400878906e+01,-1.196897983551025391e+01,-7.688899993896484375e+00,-2.595008850097656250e+00,1.514632582664489746e+00,-8.695403486490249634e-02,-3.689433574676513672e+00,-2.215128660202026367e+00,-4.269171714782714844e+00,-4.568826198577880859e+00,-1.878018617630004883e+00,-3.870683670043945312e+00,-5.760315895080566406e+00,-1.034162521362304688e+01,-9.233162879943847656e+00,-6.533857822418212891e+00,-1.159161853790283203e+01,-1.604368090629577637e+00,-2.525606918334960938e+01,-3.338999938964843750e+01,-2.933700942993164062e+01,-2.265039062500000000e+01,-1.593526935577392578e+01,-1.738361930847167969e+01,-2.065236663818359375e+01,-2.638059425354003906e+01,-2.888265991210937500e+01,-3.044012069702148438e+01,-3.009994888305664062e+01,-2.830600547790527344e+01,-2.790106964111328125e+01,-2.992107963562011719e+01,-2.679224395751953125e+01,-2.255611228942871094e+01,-2.152149581909179688e+01,-3.828092193603515625e+01,-4.076016998291015625e+01,-2.385756111145019531e+01,-1.446748733520507812e+01,-1.574573516845703125e+01,-1.846366500854492188e+01,-2.133680343627929688e+01,-1.957223892211914062e+01,-1.528563308715820312e+01,-1.532995700836181641e+01,-3.192273902893066406e+01,-3.452566909790039062e+01,-3.301598358154296875e+01,-3.082534217834472656e+01,-2.970996665954589844e+01,-3.028086471557617188e+01,-3.089853668212890625e+01,-3.121493148803710938e+01,-2.618267631530761719e+01,-3.022909927368164062e+01,-4.349993133544921875e+01,-4.426180267333984375e+01,-4.279745483398437500e+01,-4.229591369628906250e+01,-4.247960281372070312e+01,-4.691013336181640625e+01,-4.538688659667968750e+01,-3.730221176147460938e+01,-3.362516403198242188e+01,-3.307870101928710938e+01,-3.023053359985351562e+01,-3.572357177734375000e+01,-4.067887878417968750e+01,-3.371255493164062500e+01,-2.046710777282714844e+01,-1.363139724731445312e+01,-1.218022918701171875e+01,-1.395572090148925781e+01,-1.675940895080566406e+01,1.596091985702514648e+00,8.331494331359863281e+00,5.927233695983886719e+00,-1.147248744964599609e+01,-2.828332901000976562e+01,-2.489797592163085938e+01,-2.444273376464843750e+01,-2.786765289306640625e+01,-3.380553054809570312e+01,-3.230565643310546875e+01,-2.876427841186523438e+01,-2.533967208862304688e+01,-2.165315628051757812e+01,-2.131635284423828125e+01,-1.777433586120605469e+01,-1.381725311279296875e+01,2.206817865371704102e+00,1.256906867027282715e+00,-1.042850685119628906e+01,-2.083094024658203125e+01,-2.974024581909179688e+01,-3.652708435058593750e+01,-4.291658020019531250e+01,-4.389837646484375000e+01,-2.798626327514648438e+01,-1.169140529632568359e+01,-8.759648203849792480e-01,-6.731671810150146484e+00,-1.381182289123535156e+01,-1.397662925720214844e+01,-1.154256248474121094e+01,-1.157231140136718750e+01,-7.663107872009277344e+00,-9.074440002441406250e+00,-1.390348148345947266e+01,-1.169957256317138672e+01,-8.564529418945312500e+00,-8.536395072937011719e+00,-1.229467678070068359e+01,-1.289834499359130859e+01,-1.128929710388183594e+01,-1.067129707336425781e+01,-8.967182159423828125e+00,-7.785789489746093750e+00,-9.264614105224609375e+00,-8.591043472290039062e+00,-7.217245101928710938e+00,-7.437989234924316406e+00,-1.047530174255371094e+01,-1.523540306091308594e+01,-2.324569702148437500e+01,-2.842185211181640625e+01,-2.310670661926269531e+01,-1.608602714538574219e+01,-8.888502120971679688e+00,-2.841838455200195312e+01,-3.931858062744140625e+01,-3.877049255371093750e+01,-2.851312637329101562e+01,-1.491178894042968750e+01,-2.754601478576660156e+00,1.067682981491088867e+00,3.144808292388916016e+00,-1.469970893859863281e+01,-3.305710601806640625e+01,-4.526657104492187500e+01,-3.749306488037109375e+01,-2.776975631713867188e+01,-2.302445220947265625e+01,-1.820541000366210938e+01,-1.078415203094482422e+01,-2.852230834960937500e+01,-3.562806320190429688e+01,-3.265583801269531250e+01,-1.773452377319335938e+01,-1.005849647521972656e+01,-1.181104755401611328e+01,-1.545361137390136719e+01,-1.382900905609130859e+01,-1.872403383255004883e+00,1.545372724533081055e+00,-3.935230374336242676e-01,-6.680741310119628906e+00,-1.528676605224609375e+01,-2.024489212036132812e+01,-2.140554237365722656e+01,-1.954080581665039062e+01,-2.049543380737304688e+01,-1.017841243743896484e+01,-3.215150356292724609e+00,-1.123352289199829102e+00,2.285307884216308594e+00,-3.559830188751220703e+00,-1.406172943115234375e+01,-9.227106094360351562e+00,-1.576553344726562500e+01,-2.516027069091796875e+01,-1.828171157836914062e+01,-2.317211151123046875e+00,5.286978483200073242e-01,-1.427274942398071289e+00,-2.991007566452026367e+00,-1.439530372619628906e+01,-1.303261947631835938e+01,-9.258098602294921875e-01,-2.178504943847656250e+00,-1.487360954284667969e+00,-1.156794548034667969e+01,-2.320915794372558594e+01,-3.586148071289062500e+01,-4.344100189208984375e+01,-4.533726882934570312e+01,-2.440404891967773438e+01,-1.331587696075439453e+01,-1.196636390686035156e+01,-2.584452629089355469e+01,-3.043668746948242188e+01,-3.109791946411132812e+01,-3.165171813964843750e+01,-3.467901611328125000e+01,-3.742235565185546875e+01,-2.860718536376953125e+01,-1.726405715942382812e+01,-1.804433059692382812e+01,-2.162967681884765625e+01,-1.499818801879882812e+01,-9.748491287231445312e+00,-1.197281742095947266e+01,-1.064698410034179688e+01,-1.126380634307861328e+01,-1.118961906433105469e+01,-9.438575744628906250e+00,-3.450135231018066406e+00,-5.012497901916503906e+00,-7.048934936523437500e+00,-8.381110191345214844e+00,-2.130710840225219727e+00,1.417445540428161621e-01,-4.779788851737976074e-01,1.868466138839721680e-01,4.653906226158142090e-01,2.627614259719848633e+00,9.559474587440490723e-01,-2.761680841445922852e+00,1.048280358314514160e+00,-5.546562671661376953e-01,3.422999382019042969e-02
1.787115478515625000e+01,1.660773849487304688e+01,1.278199005126953125e+01,1.462210655212402344e+01,1.513271331787109375e+01,1.407504272460937500e+01,1.140547561645507812e+01,5.120180606842041016e+00,2.158057212829589844e+00,7.699575901031494141e+00,2.213655853271484375e+01,3.116172027587890625e+01,3.221615982055664062e+01,2.380941390991210938e+01,2.358313751220703125e+01,1.618213844299316406e+01,1.215975666046142578e+01,2.094919967651367188e+01,-2.624645233154296875e+00,-1.175913333892822266e+01,-7.663324356079101562e+00,6.306066513061523438e+00,1.013369178771972656e+01,5.650791168212890625e+00,1.666576862335205078e+00,-2.578605175018310547e+00,-4.087626934051513672e+00,-9.132758975028991699e-01,-6.965539455413818359e-01,-1.051267910003662109e+01,-9.831601142883300781e+00,3.499357700347900391e-01,-2.370881795883178711e+00,-3.137382268905639648e+00,2.421314239501953125e+00,4.360424995422363281e+00,6.698679924011230469e+00,9.286077499389648438e+00,1.205114841461181641e+01,9.154727935791015625e+00,6.785589694976806641e+00,6.358655929565429688e+00,3.120359420776367188e+00,7.395009517669677734e+00,1.036637210845947266e+01,4.797118186950683594e+00,-1.601655840873718262e+00,2.776042699813842773e+00,-9.120258331298828125e+00,-5.580073356628417969e+00,1.016320943832397461e+00,8.747087478637695312e+00,1.862939834594726562e+01,1.870402908325195312e+01,1.818424224853515625e+01,2.892669296264648438e+01,2.766756057739257812e+01,2.880385017395019531e+01,3.271981430053710938e+01,3.317950820922851562e+01,3.379394531250000000e+01,3.414470672607421875e+01,3.428453826904296875e+01,3.614661407470703125e+01,3.503254318237304688e+01,2.871178817749023438e+01,3.448483657836914062e+01,3.724673843383789062e+01,3.966542816162109375e+01,2.625033187866210938e+01,-6.496767997741699219e-01,-6.563031673431396484e+00,-6.471243381500244141e+00,-3.044621944427490234e+00,1.404049873352050781e+00,3.548799037933349609e+00,1.004207229614257812e+01,-2.369167566299438477e+00,-2.830349206924438477e-01,3.657190561294555664e+00,2.281921386718750000e+00,-2.896748781204223633e+00,3.650889158248901367e+00,6.120508670806884766e+00,8.538945913314819336e-01,-3.339017391204833984e+00,-3.926599979400634766e+00,9.739311218261718750e+00,1.328477764129638672e+01,1.027601814270019531e+01,9.681286811828613281e+00,1.034684467315673828e+01,1.290438461303710938e+01,1.295136928558349609e+01,1.454510688781738281e+01,1.424001121520996094e+01,2.190157699584960938e+01,2.064152336120605469e+01,1.485957336425781250e+01,9.711947441101074219e+00,1.070062828063964844e+01,1.193201255798339844e+01,2.030024528503417969e+01,1.249703121185302734e+01,6.039471149444580078e+00,5.704004764556884766e+00,9.939762115478515625e+00,3.344313144683837891e+00,-1.511865377426147461e+00,2.511799097061157227e+00,5.760415196418762207e-01,3.180317878723144531e+00,5.825477600097656250e+00,1.109506988525390625e+01,1.228017807006835938e+01,1.228654861450195312e+01,8.840917587280273438e+00,4.141268253326416016e+00,8.605979919433593750e+00,9.268516540527343750e+00,3.085124015808105469e+00,6.269292831420898438e+00,1.212640476226806641e+01,1.109928512573242188e+01,9.541000366210937500e+00,5.956240653991699219e+00,6.144268512725830078e+00,1.048948383331298828e+01,8.079357147216796875e+00,6.595599174499511719e+00,-2.369198799133300781e-01,-1.054227542877197266e+01,1.381470108032226562e+01,3.376050186157226562e+01,3.648807525634765625e+01,3.439579010009765625e+01,2.823206710815429688e+01,2.184006500244140625e+01,2.811523437500000000e+01,3.258367156982421875e+01,2.727565193176269531e+01,2.069362449645996094e+01,4.293846130371093750e+00,-1.913130569458007812e+01,-1.736664199829101562e+01,-3.241466283798217773e+00,1.861473083496093750e+00,2.341382026672363281e+00,1.022987174987792969e+01,1.666083145141601562e+01,1.362599086761474609e+01,9.554639816284179688e+00,5.391235351562500000e+00,4.712274074554443359e+00,5.235540866851806641e+00,5.849714279174804688e+00,-2.144354820251464844e+00,-5.810675144195556641e+00,-1.150808143615722656e+01,-1.489264011383056641e+00,6.466345310211181641e+00,2.113579273223876953e+00,1.534285926818847656e+01,1.895155906677246094e+01,1.316795444488525391e+01,2.581819534301757812e+00,-5.411230564117431641e+00,-2.903107166290283203e+00,-9.264477491378784180e-01,-2.830345630645751953e+00,-1.484386444091796875e+00,-1.176118850708007812e+00,-7.272027969360351562e+00,-1.104622077941894531e+01,-9.561757087707519531e+00,-8.061526298522949219e+00,-1.215929698944091797e+01,-1.566315460205078125e+01,-7.880471229553222656e+00,1.184944033622741699e+00,5.049627780914306641e+00,1.605976819992065430e-01,-1.902873277664184570e+00,-8.455557823181152344e-01,-4.119131565093994141e-01,8.986914157867431641e-01,-9.414224624633789062e-01,-7.842648983001708984e+00,-4.199160099029541016e+00,4.107307434082031250e+00,4.625176429748535156e+00,-5.234223365783691406e+00,-1.022569274902343750e+01,-2.213043689727783203e+00,1.466267967224121094e+01,2.414266586303710938e+01,1.943046951293945312e+01,8.218442916870117188e+00,3.400961399078369141e+00,6.995958328247070312e+00,6.411227226257324219e+00,8.413558959960937500e+00,6.851906299591064453e+00,1.055271339416503906e+01,1.451573371887207031e+01,7.974136352539062500e+00,4.211748123168945312e+00,7.300554275512695312e+00,8.943032264709472656e+00,1.589323425292968750e+01,2.260683822631835938e+01,2.502259063720703125e+01,2.856708908081054688e+01,2.763746643066406250e+01,2.930062103271484375e+01,3.204338836669921875e+01,2.719599914550781250e+01,2.441189193725585938e+01,1.835766220092773438e+01,1.692760467529296875e+01,1.627691078186035156e+01,5.042618751525878906e+00,-4.409427642822265625e+00,-2.392188549041748047e+00,7.065347671508789062e+00,1.050926113128662109e+01,1.046498489379882812e+01,5.485166072845458984e+00,5.426533699035644531e+00,3.670126199722290039e+00,1.386671304702758789e+00,3.112602531909942627e-01,-6.846650123596191406e+00,8.325593471527099609e-01,5.832187652587890625e+00,1.542030715942382812e+01,1.974831771850585938e+01,1.435897064208984375e+01,-5.994169235229492188e+00,-1.475979614257812500e+01,-1.082327556610107422e+01,-9.713468551635742188e+00,-9.918834686279296875e+00,-2.263161420822143555e+00,5.192459106445312500e+00,2.598327636718750000e+00,4.603869915008544922e+00,7.888006210327148438e+00,4.070486068725585938e+00,6.419553279876708984e+00,1.074946594238281250e+01,1.087242031097412109e+01,4.197710514068603516e+00,-2.874090194702148438e+00,1.239833259582519531e+01,1.744682312011718750e+01,1.923775863647460938e+01,1.316516494750976562e+01,8.320220947265625000e+00,5.987752914428710938e+00,5.388533115386962891e+00,-5.135716199874877930e-01,-7.849689483642578125e+00,-4.243128776550292969e+00,6.130904197692871094e+00,8.928791284561157227e-01,-5.241919517517089844e+00,-2.573980331420898438e+00,8.031172752380371094e+00,1.775182151794433594e+01,1.732461166381835938e+01,1.578008556365966797e+01,6.961067199707031250e+00,7.529922008514404297e+00,-1.176221370697021484e+00,-8.156847000122070312e+00,-8.869347572326660156e+00,-7.125890731811523438e+00,-6.154067993164062500e+00,-8.591095924377441406e+00,-1.780836939811706543e+00,-1.814089536666870117e+00,2.957271575927734375e+00,1.551886844635009766e+01,2.097687911987304688e+01,2.518271827697753906e+01,1.403639221191406250e+01,3.821800231933593750e+00,-6.329215764999389648e-01,6.859702110290527344e+00,6.088022232055664062e+00,6.362121105194091797e+00,1.133128738403320312e+01,1.550881385803222656e+01,1.783873176574707031e+01,1.870509338378906250e+01,1.991557312011718750e+01,1.908524513244628906e+01,1.810588836669921875e+01,1.444810295104980469e+01,1.126449394226074219e+01,5.894016265869140625e+00,-2.083662748336791992e-01,2.206214427947998047e+00,1.093258190155029297e+01,8.817363739013671875e+00,6.149016380310058594e+00,3.451941013336181641e+00,-2.094953060150146484e+00,2.049889564514160156e+00,4.368026733398437500e+00,-3.663474559783935547e+00,-5.464320659637451172e+00,2.256489038467407227e+00,8.579227447509765625e+00,1.017622280120849609e+01,4.655943870544433594e+00,2.688680648803710938e+00,4.926364421844482422e+00,8.386880874633789062e+00,1.231096935272216797e+01,1.003121566772460938e+01,1.133828163146972656e+01,1.221747779846191406e+01,9.243192672729492188e+00,8.486688613891601562e+00,9.093050956726074219e+00,7.943025588989257812e+00,7.557054996490478516e+00,1.034296703338623047e+01,8.988937377929687500e+00,8.271554946899414062e+00,8.380620956420898438e+00,6.958572387695312500e+00,4.620244979858398438e+00,1.125874710083007812e+01,2.302915000915527344e+01,2.344640350341796875e+01,2.323227119445800781e+01,3.280574035644531250e+01,2.475263786315917969e+01,2.178275871276855469e+01,2.515574264526367188e+01,2.477357292175292969e+01,1.725065231323242188e+01,4.593643188476562500e+00,-2.703489303588867188e+00,-2.643679618835449219e+00,8.240924835205078125e+00,-3.725922822952270508e+00,-1.015228080749511719e+01,-1.498274612426757812e+01,-9.476882934570312500e+00,-8.389354705810546875e+00,-3.582481622695922852e+00,4.116355895996093750e+00,7.069908142089843750e+00,7.698062419891357422e+00,8.125450134277343750e+00,9.692009925842285156e+00,6.173782348632812500e+00,4.411006927490234375e+00,8.023177146911621094e+00,8.673397064208984375e+00,9.192635536193847656e+00,4.464141368865966797e+00,2.598815917968750000e+00,-2.129663825035095215e-01,-8.369661331176757812e+00,-5.412258148193359375e+00,-2.729041099548339844e+00,-8.092088699340820312e+00,-5.605049133300781250e+00,1.604595661163330078e+00,2.692677974700927734e+00,-1.004644989967346191e+00,-7.342418670654296875e+00,-2.169878387451171875e+01,-1.828391265869140625e+01,-4.111419677734375000e+00,5.883828997611999512e-01,8.343357086181640625e+00,1.297135543823242188e+01,9.697463035583496094e+00,7.442620277404785156e+00,3.898139953613281250e+00,5.845868587493896484e-01,-3.924116134643554688e+00,-7.448375701904296875e+00,1.272004890441894531e+01,2.332540130615234375e+01,3.161864471435546875e+01,3.108920288085937500e+01,2.557681274414062500e+01,1.848082923889160156e+01,-3.029322624206542969e+00,-1.281298828125000000e+01,4.299264430999755859e+00,7.429660797119140625e+00,2.101558446884155273e+00,6.984596252441406250e+00,1.315909004211425781e+01,1.549067211151123047e+01,1.664776992797851562e+01,1.233051872253417969e+01,8.421146392822265625e+00,1.129298210144042969e+01,1.920368385314941406e+01,1.454351902008056641e+01,2.073041534423828125e+01,3.059401321411132812e+01,3.162594223022460938e+01,2.969157218933105469e+01,2.225382804870605469e+01,1.945803451538085938e+01,2.037062835693359375e+01,2.120865631103515625e+01,1.173475742340087891e+01,1.903098869323730469e+01,2.360007095336914062e+01,2.945427322387695312e+01,3.263444137573242188e+01,2.136826705932617188e+01,2.362895584106445312e+01,2.545828628540039062e+01,2.709671401977539062e+01,2.263449859619140625e+01,1.800208091735839844e+01,7.674371242523193359e+00,5.218343257904052734e+00,7.399219512939453125e+00,1.334372711181640625e+01,1.174587249755859375e+01,6.809333324432373047e+00,6.243247985839843750e+00,1.189770984649658203e+01,1.450167274475097656e+01,1.781740570068359375e+01,1.053411102294921875e+01,9.600952148437500000e+00,1.019280242919921875e+01,7.581809520721435547e+00,5.352174758911132812e+00,1.332556152343750000e+01,2.265029144287109375e+01,2.015884017944335938e+01,1.128387641906738281e+01,4.585056781768798828e+00,4.878003120422363281e+00,4.267257213592529297e+00,8.739337921142578125e+00,1.196267795562744141e+01,1.432633018493652344e+01,1.819956207275390625e+01,1.789580917358398438e+01,1.400878334045410156e+01,8.446693420410156250e+00,1.006244850158691406e+01,1.485306549072265625e+01,1.397035217285156250e+01,1.272751712799072266e+01,1.192952537536621094e+01,9.711723327636718750e+00,9.339139938354492188e+00,1.082978820800781250e+01,-6.790698766708374023e-01,-4.997854709625244141e+00,-3.952001571655273438e+00,1.674096822738647461e+00,-3.740181922912597656e+00,-1.134868431091308594e+01,-4.802143573760986328e+00,-5.692472457885742188e+00,2.117386579513549805e+00,1.455892944335937500e+01,1.925840377807617188e+01,2.065818786621093750e+01,7.821722984313964844e+00,-1.607295274734497070e+00,-1.527375578880310059e+00,-1.062932968139648438e+00,-5.236145973205566406e+00,-2.861412286758422852e+00,-7.446255683898925781e+00,-4.588784217834472656e+00,-2.987406969070434570e+00,-2.827636718750000000e+00,-1.512140655517578125e+01,-1.048969459533691406e+01,-9.276694059371948242e-02,5.792935371398925781e+00,5.743422508239746094e+00,3.477043151855468750e+00,-1.444017171859741211e+00,-6.480076789855957031e+00,-6.811383724212646484e+00,-3.581216812133789062e+00,2.078741073608398438e+01,2.341485595703125000e+01,1.818162918090820312e+01,1.090190315246582031e+01,3.095120906829833984e+00,-6.225996017456054688e-01,3.810645103454589844e+00,1.409805297851562500e+01,2.042889785766601562e+01,2.829215240478515625e+01,2.850728607177734375e+01,1.864164543151855469e+01,-3.675584077835083008e+00,-1.409126639366149902e+00,1.531114697456359863e+00,3.020544528961181641e+00,3.336472511291503906e+00,7.323956012725830078e+00,6.311512470245361328e+00,7.823882579803466797e+00,1.118009090423583984e+01,7.908347129821777344e+00,5.136038780212402344e+00,2.097705841064453125e+00,-1.304923629760742188e+01,-1.258616542816162109e+01,-1.328421974182128906e+01,-1.427944564819335938e+01,-8.885301589965820312e+00,-9.164691925048828125e+00,-7.653044700622558594e+00,-3.813940048217773438e+00,-1.380413651466369629e+00,6.009000778198242188e+00,1.214747619628906250e+01,1.652098846435546875e+01,2.012705230712890625e+01,1.676466941833496094e+01,1.533697128295898438e+01,4.150272846221923828e+00,-6.245254039764404297e+00,-8.354333639144897461e-01,-1.317152738571166992e+00,4.197947025299072266e+00,4.000483989715576172e+00,2.000506371259689331e-01,-6.459319591522216797e-02,1.988550662994384766e+00,3.694324016571044922e+00,7.830502510070800781e+00,1.257950973510742188e+01,1.593953037261962891e+01,1.182415103912353516e+01,1.263799858093261719e+01,1.561113548278808594e+01,1.437571334838867188e+01,1.299237632751464844e+01,1.791347122192382812e+01,2.004956054687500000e+01,1.768150329589843750e+01,1.346459770202636719e+01,1.083951282501220703e+01,9.414329528808593750e+00,7.840256690979003906e+00,8.477342605590820312e+00,3.738136291503906250e+00,-3.256476163864135742e+00,-5.060531616210937500e+00,1.774768590927124023e+00,1.160185813903808594e+01,1.708826637268066406e+01,7.122446060180664062e+00,-7.202288627624511719e+00,-5.861650466918945312e+00,6.377624511718750000e+00,1.148140335083007812e+01,1.503230667114257812e+01,1.728108596801757812e+01,1.837321472167968750e+01,2.208589744567871094e+01,2.146878051757812500e+01,2.084343719482421875e+01,1.849372863769531250e+01,1.809011268615722656e+01,1.369876003265380859e+01,2.887289810180664062e+01,3.455983734130859375e+01,2.256430435180664062e+01,1.672829437255859375e+01,1.107765769958496094e+01,-2.410829925537109375e+01,-3.454705047607421875e+01,-3.309166336059570312e+01,-2.897128295898437500e+01,-2.011700248718261719e+01,4.716618537902832031e+00,1.667075347900390625e+01,1.538757896423339844e+01,1.166740798950195312e+01,1.718564605712890625e+01,2.062559890747070312e+01,1.945075607299804688e+01,1.393195056915283203e+01,1.109220695495605469e+01,1.023817825317382812e+01,6.259724140167236328e+00,1.240242767333984375e+01,1.865016365051269531e+01,1.472706508636474609e+01,7.644119262695312500e+00,1.026511287689208984e+01,1.514267158508300781e+01,1.764463615417480469e+01,1.654814147949218750e+01,1.487601375579833984e+01,1.008453559875488281e+01,1.348781013488769531e+01,1.843070983886718750e+01,1.744140052795410156e+01,1.826305961608886719e+01,1.532794380187988281e+01,8.139703750610351562e+00,6.639780044555664062e+00,4.792328834533691406e+00,-2.175322055816650391e+00,-5.241909980773925781e+00,1.606912612915039062e+00,5.484451293945312500e+00,5.384156703948974609e-01,2.580671310424804688e+00,8.450428009033203125e+00,1.362619972229003906e+01,2.049276733398437500e+01,2.207125854492187500e+01,8.217411041259765625e+00,-3.009675502777099609e+00,2.282412052154541016e-01,7.798096656799316406e+00,1.806353569030761719e+01,1.678061294555664062e+01,1.366497802734375000e+01,2.058844375610351562e+01,1.910679244995117188e+01,1.841679382324218750e+01,1.815445709228515625e+01,1.359834766387939453e+01,5.813839912414550781e+00,-9.175245285034179688e+00,-7.090492248535156250e+00,-4.434409618377685547e+00,-6.711504459381103516e+00,-1.034464120864868164e+00,1.521178841590881348e+00,1.455914735794067383e+00,4.883571147918701172e+00,3.812189579010009766e+00,3.887844085693359375e-02,-5.755896568298339844e+00,-3.861097812652587891e+00,-1.771183013916015625e+00,3.665216922760009766e+00,1.949536514282226562e+01,2.112559318542480469e+01,1.245470237731933594e+01,5.553885459899902344e+00,-7.366948127746582031e-01,-7.241072654724121094e-01,7.634223937988281250e+00,1.336994552612304688e+01,1.173131847381591797e+01,1.666514205932617188e+01,1.055683898925781250e+01,1.214363479614257812e+01,1.738229370117187500e+01,2.160821914672851562e+01,2.375328063964843750e+01,2.972313690185546875e+01,3.110472106933593750e+01,3.193661117553710938e+01,2.972357368469238281e+01,1.812813186645507812e+01,6.902945995330810547e+00,2.206562995910644531e+00,-8.201146125793457031e-01,-1.867501497268676758e+00,2.710037469863891602e+00,3.593800544738769531e+00,5.360510826110839844e+00,4.604866504669189453e+00,2.153086662292480469e+00,1.465630888938903809e+00,6.993141651153564453e+00,6.142853736877441406e+00,9.059114456176757812e+00,9.529054641723632812e+00,4.830914974212646484e+00,4.311450004577636719e+00,4.385788917541503906e+00,4.018645763397216797e+00,6.663166999816894531e+00,6.085713386535644531e+00,1.310199356079101562e+01,1.603928947448730469e+01,1.931701660156250000e+01,1.849847412109375000e+01,1.419925689697265625e+01,1.480480480194091797e+01,1.608054161071777344e+01,1.770282173156738281e+01,1.775064277648925781e+01,1.158935546875000000e+01,4.086946010589599609e+00,9.215512275695800781e+00,7.413486480712890625e+00,1.076223850250244141e-01,-3.658386230468750000e+00,3.095700836181640625e+01,3.290068054199218750e+01,1.718325805664062500e+01,9.018949508666992188e+00,1.244155406951904297e+01,1.477351188659667969e+01,1.688610649108886719e+01,1.773800659179687500e+01,1.075696468353271484e+01,5.693579673767089844e+00,5.812474250793457031e+00,8.172855377197265625e+00,9.848985671997070312e+00,1.205681228637695312e+01,9.607150077819824219e+00,2.082723999023437500e+01,3.271117019653320312e+01,3.230906677246093750e+01,2.554226303100585938e+01,2.138344955444335938e+01,2.593233108520507812e+01,2.707858467102050781e+01,2.418573951721191406e+01,2.038275718688964844e+01,1.052848815917968750e+01,1.515191316604614258e+00,7.784406185150146484e+00,1.515788841247558594e+01,1.130040359497070312e+01,1.036842918395996094e+01,7.501226425170898438e+00,9.915231704711914062e+00,1.144480323791503906e+01,1.291941165924072266e+01,1.392343139648437500e+01,1.294459056854248047e+01,5.238905906677246094e+00,5.129890441894531250e+00,8.590208053588867188e+00,1.006835556030273438e+01,1.009165000915527344e+01,1.060212230682373047e+01,8.095827102661132812e+00,5.974144458770751953e+00,5.321177482604980469e+00,1.873202705383300781e+01,2.634154510498046875e+01,3.099893951416015625e+01,3.355986785888671875e+01,3.806348419189453125e+01,3.990631484985351562e+01,2.653494834899902344e+01,-3.987974882125854492e+00,-1.096162223815917969e+01,-9.605972290039062500e+00,-4.403018951416015625e+00,-1.884194493293762207e+00,1.959460496902465820e+00,1.835315704345703125e+00,-2.339961051940917969e+00,-7.683168411254882812e+00,-1.434949207305908203e+01,-8.043835639953613281e+00,-9.070636749267578125e+00,-1.526598739624023438e+01,-1.164797973632812500e+01,-2.704357385635375977e+00,-4.769362926483154297e+00,2.819447517395019531e+00,-2.037526071071624756e-01,-1.360062408447265625e+01,-2.204578590393066406e+01,-1.877055740356445312e+01,-3.801017284393310547e+00,1.434008121490478516e+01,1.866863822937011719e+01,1.628818511962890625e+01,5.734432220458984375e+00,-1.562919616699218750e+01,-2.187400436401367188e+01,-1.088386344909667969e+01,1.357864737510681152e+00,3.376801490783691406e+00,-7.140385150909423828e+00,-1.014196777343750000e+01,-2.185296773910522461e+00,1.066649818420410156e+01,1.862674522399902344e+01,2.109033584594726562e+01,1.477230262756347656e+01,1.240082454681396484e+01,1.548881340026855469e+01,1.129137420654296875e+01,5.437691688537597656e+00,3.760975360870361328e+00,2.902373313903808594e+00,7.900320053100585938e+00,9.782108306884765625e+00,1.128927993774414062e+01,1.245056629180908203e+01,2.270719528198242188e+01,2.618107604980468750e+01,2.638838768005371094e+01,2.665329170227050781e+01,2.520145988464355469e+01,2.464858627319335938e+01,2.691924285888671875e+01,2.542597961425781250e+01,1.898835754394531250e+01,-4.755091667175292969e+00,-2.421908950805664062e+01,-2.107414817810058594e+01,-1.207877254486083984e+01,-6.241725921630859375e+00,1.541725873947143555e+00,3.461265563964843750e+00,8.124993443489074707e-01,7.254266738891601562e+00,1.098774433135986328e+01,1.174142074584960938e+01,1.145757675170898438e+01,9.541296005249023438e+00,1.011047935485839844e+01,1.375824546813964844e+01,2.122801208496093750e+01,2.587629508972167969e+01,2.213362121582031250e+01,2.932111740112304688e+01,3.412889862060546875e+01,3.238467788696289062e+01,2.785890960693359375e+01,2.546493530273437500e+01,6.814820766448974609e-01,-1.378929519653320312e+01,-9.928421020507812500e+00,2.909307956695556641e+00,8.625764846801757812e+00,7.073862075805664062e+00,7.759889125823974609e+00,1.155381107330322266e+01,1.185894966125488281e+01,1.091780281066894531e+01,1.021595764160156250e+01,-1.242734313011169434e+00,-5.390241146087646484e-01,3.525922775268554688e+00,5.705112934112548828e+00,5.722291469573974609e-01,-1.475939989089965820e+00,-5.714519500732421875e+00,-3.063472747802734375e+00,2.410730838775634766e+00,5.979291915893554688e+00,6.431902885437011719e+00,7.659504890441894531e+00,1.075595092773437500e+01,8.987428665161132812e+00,6.551712989807128906e+00,5.472465991973876953e+00,6.423106193542480469e+00,9.705293655395507812e+00,9.464827537536621094e+00,1.338633346557617188e+01,1.587216758728027344e+01,1.398332786560058594e+01,7.161517620086669922e+00,7.848600387573242188e+00,9.613314628601074219e+00,4.606243610382080078e+00,9.139601707458496094e+00,2.470561599731445312e+01,3.118974685668945312e+01,2.550672531127929688e+01,1.510531234741210938e+01,4.321538925170898438e+00,1.903595352172851562e+01,2.713374328613281250e+01,2.797865676879882812e+01,1.580036926269531250e+01,-7.565936446189880371e-01,8.694522857666015625e+00,2.103543090820312500e+01,1.920084381103515625e+01,1.935102081298828125e+01,1.768465805053710938e+01,-7.914779663085937500e+00,-1.495125770568847656e+01,-5.734208106994628906e+00,2.678714513778686523e+00,9.040433883666992188e+00,1.799688720703125000e+01,2.321131134033203125e+01,2.118195343017578125e+01,1.308963108062744141e+01,1.533844470977783203e+01,1.428409957885742188e+01,1.617568969726562500e+01,1.342733764648437500e+01,1.783050179481506348e+00,-3.042633771896362305e+00,-5.408624649047851562e+00,-3.966665744781494141e+00,-5.814583301544189453e+00,-3.558117866516113281e+00,2.907156944274902344e+00,1.533158111572265625e+01,2.263966369628906250e+01,2.184011459350585938e+01,1.939273071289062500e+01,1.571706390380859375e+01,1.070002365112304688e+01,-1.552026152610778809e+00,-1.228108978271484375e+01,-1.401362037658691406e+01,-8.619155883789062500e+00,-5.375972747802734375e+00,1.383037090301513672e+00,1.177700996398925781e+01,2.107467842102050781e+01,1.686656951904296875e+01,1.326320075988769531e+01,6.921483516693115234e+00,1.389449787139892578e+01,2.972826004028320312e+01,2.228767395019531250e+01,1.338362503051757812e+01,1.413807296752929688e+01,1.998897171020507812e+01,2.045494270324707031e+01,2.224424743652343750e+01,2.722383308410644531e+01,1.994948959350585938e+01,4.115534782409667969e+00,-5.836821556091308594e+00,-1.973653793334960938e+00,-1.819277852773666382e-01,1.497092127799987793e+00,4.584303379058837891e+00,4.296000480651855469e+00,7.173929691314697266e+00,1.129455375671386719e+01,1.379492664337158203e+01,1.418686580657958984e+01,9.451916694641113281e+00,-4.366921424865722656e+00,6.004918575286865234e+00,7.157943248748779297e+00,1.109997177124023438e+01,2.254796218872070312e+01,2.384849548339843750e+01,9.446618080139160156e+00,4.447375297546386719e+00,2.484206557273864746e-01,-1.151652216911315918e+00,-2.263594269752502441e-01,-1.088852167129516602e+00,-7.386986255645751953e+00,-3.963364362716674805e+00,3.939510583877563477e-01,2.461130619049072266e-01,4.578632414340972900e-01,-4.552930831909179688e+00,4.360933303833007812e+00,1.327456951141357422e+01,1.162566471099853516e+01,1.485188293457031250e+01,8.381980895996093750e+00,6.559500694274902344e+00,4.179733753204345703e+00,-1.213817596435546875e-01,5.948404788970947266e+00,1.579611587524414062e+01,1.868428230285644531e+01,1.718355941772460938e+01,1.415007209777832031e+01,1.676382446289062500e+01,1.248499488830566406e+01,8.410250663757324219e+00,9.045565605163574219e+00,1.236810684204101562e+01,7.767640113830566406e+00,1.445958518981933594e+01,1.541983222961425781e+01,1.437946605682373047e+01,1.232872676849365234e+01,7.158524513244628906e+00,2.803062915802001953e+00,5.795002937316894531e+00,1.626988220214843750e+01,2.820783233642578125e+01,2.418094253540039062e+01,2.533079528808593750e+01,3.157750129699707031e+01,3.023744010925292969e+01,3.525905609130859375e+01,3.367475891113281250e+01,2.183125686645507812e+01,1.103791999816894531e+01,1.079752922058105469e+01,1.071027755737304688e+01,1.280843544006347656e+01,1.909590530395507812e+01,2.711038780212402344e+01,2.651636886596679688e+01,2.545409393310546875e+01,2.250134277343750000e+01,2.573036766052246094e+01,2.567071151733398438e+01,3.127828598022460938e+01,2.745517539978027344e+01,2.753868103027343750e+01,2.659787750244140625e+01,1.809052848815917969e+01,1.518314242362976074e+00,-2.492194366455078125e+01,-3.278410720825195312e+01,-2.868473052978515625e+01,-3.922896194458007812e+01,-4.498238754272460938e+01,-4.347566986083984375e+01,-4.245838928222656250e+01,-4.397878265380859375e+01,-4.006589508056640625e+01,-2.550662612915039062e+01,-2.297131538391113281e+01,-2.565839767456054688e+01,-1.517384719848632812e+01,-2.378769397735595703e+00,4.349423050880432129e-01,2.382335662841796875e+00,-1.224153161048889160e+00,4.494106292724609375e+00,-1.161824092268943787e-01,-3.334946155548095703e+00,-6.782615184783935547e-01,9.696637153625488281e+00,1.791217803955078125e+01,1.633885383605957031e+01,1.726643753051757812e+01,1.294412231445312500e+01,1.082866096496582031e+01,9.401812553405761719e+00,9.095704078674316406e+00,1.441181278228759766e+01,1.781627273559570312e+01,1.766218566894531250e+01,1.880438995361328125e+01,2.690142440795898438e+01,3.405194854736328125e+01,2.628950881958007812e+01,1.860803985595703125e+01,1.062753295898437500e+01,9.560435295104980469e+00,1.092718410491943359e+01,1.823706817626953125e+01,2.397389602661132812e+01,3.608291625976562500e+01,3.549091720581054688e+01,2.017127609252929688e+01,-4.847823381423950195e-01,-1.207743835449218750e+01,-6.757244586944580078e+00,1.328099250793457031e+01,1.402982902526855469e+01,1.558077621459960938e+01,2.090012359619140625e+01,1.576220893859863281e+01,6.460662364959716797e+00,7.112817764282226562e-01,1.242022323608398438e+01,2.639638900756835938e+01,2.982118606567382812e+01,2.986448097229003906e+01,2.616097068786621094e+01,2.592463302612304688e+01,2.570421981811523438e+01,1.981077384948730469e+01,1.760036849975585938e+01,1.262683677673339844e+01,8.177608489990234375e+00,-1.712105274200439453e+00,-3.936966657638549805e+00,1.806115150451660156e+00,9.884254336357116699e-01,6.004528403282165527e-01,1.768788814544677734e+00,9.573809623718261719e+00,8.077909469604492188e+00,6.452528953552246094e+00,1.104474258422851562e+01,1.028800964355468750e+01,1.363974380493164062e+01,1.645801925659179688e+01,1.743283843994140625e+01,1.547642517089843750e+01,1.570427703857421875e+01,1.450167846679687500e+01,1.316821956634521484e+01,1.329963493347167969e+01,1.335061836242675781e+01,1.083105278015136719e+01,1.081207275390625000e+01,1.749308395385742188e+01,2.126218223571777344e+01,1.758150100708007812e+01,1.343204021453857422e+01,1.056628417968750000e+01,1.184727668762207031e+01,1.153970336914062500e+01,1.494609832763671875e+01,1.145835971832275391e+01,6.737028121948242188e+00,7.812936782836914062e+00,-1.500176620483398438e+01,2.894751071929931641e+00,3.159406661987304688e+01,4.645417022705078125e+01,4.004907226562500000e+01,2.873637008666992188e+01,2.276074218750000000e+01,1.643235969543457031e+01,1.218657112121582031e+01,1.180040836334228516e+01,1.884961700439453125e+01,2.187955093383789062e+01,2.300280761718750000e+01,2.785490417480468750e+01,3.194512939453125000e+01,2.410626411437988281e+01,1.827846336364746094e+01,1.865111160278320312e+01,2.078163146972656250e+01,2.088514328002929688e+01,1.895177841186523438e+01,2.139719390869140625e+01,1.953275299072265625e+01,2.149953842163085938e+01,2.278629684448242188e+01,1.768618011474609375e+01,1.321720886230468750e+01,1.069387531280517578e+01,9.283952713012695312e+00,6.923829078674316406e+00,2.591115474700927734e+00,2.072337865829467773e+00,-9.655808210372924805e-01,-7.783550739288330078e+00,-7.912701606750488281e+00,-7.768349170684814453e+00,-1.005493927001953125e+01,-8.584880828857421875e+00,-7.489666938781738281e-01,-2.281775236129760742e+00,2.661715984344482422e+00,6.656787872314453125e+00,1.370514488220214844e+01,1.579445362091064453e+01,9.735611915588378906e+00,1.226200962066650391e+01,8.195726394653320312e+00,7.244549751281738281e+00,8.690275192260742188e+00,1.634195709228515625e+01,1.981692504882812500e+01,2.368831062316894531e+01,6.861365318298339844e+00,-1.362516784667968750e+01,-2.193120002746582031e+01,-1.235261344909667969e+01,-3.799664497375488281e+00,2.991339445114135742e+00,5.359101295471191406e+00,2.028086900711059570e+00,4.688879489898681641e+00,7.549386978149414062e+00,6.931433677673339844e+00,9.681543350219726562e+00,9.029056549072265625e+00,4.644213676452636719e+00,-2.742615461349487305e+00,-9.263643026351928711e-01,-3.798941373825073242e+00,8.843253135681152344e+00,2.283721923828125000e+01,2.002291488647460938e+01,1.966475296020507812e+01,-4.926090240478515625e+00,-1.952370452880859375e+01,-2.442985534667968750e+01,-1.861223220825195312e+01,-1.669509410858154297e+00,1.502983474731445312e+01,2.274558639526367188e+01,1.602290725708007812e+01,5.856850624084472656e+00,-5.261781215667724609e-01,-4.855834841728210449e-01,-3.619234085083007812e+00,-8.573213815689086914e-01,6.303234100341796875e+00,6.331778526306152344e+00,3.788868427276611328e+00,6.371593475341796875e+00,1.703371620178222656e+01,2.282176971435546875e+01,1.371844100952148438e+01,1.596780776977539062e+01,1.864992713928222656e+01,1.697826194763183594e+01,2.048954010009765625e+01,2.255242156982421875e+01,2.103706741333007812e+01,1.773987007141113281e+01,1.181767177581787109e+01,1.100299739837646484e+01,2.430961990356445312e+01,2.742388916015625000e+01,2.808227920532226562e+01,3.348909759521484375e+01,3.438170623779296875e+01,2.911480712890625000e+01,2.551574516296386719e+01,2.549741744995117188e+00,-6.490722656250000000e+00,-1.418154335021972656e+01,-1.125525665283203125e+01,-1.268491840362548828e+01,-1.078258705139160156e+01,-6.330201625823974609e+00,-5.448380470275878906e+00,-5.378021717071533203e+00,-4.351780414581298828e-01,1.412485027313232422e+01,1.852387619018554688e+01,1.958197402954101562e+01,-5.515634536743164062e+00,-1.431425762176513672e+01,-1.364511966705322266e+01,-1.291368389129638672e+01,-1.266515254974365234e+01,-3.507004261016845703e+00,1.354090118408203125e+01,3.018153762817382812e+01,3.572199249267578125e+01,3.332244110107421875e+01,2.658758926391601562e+01,1.630644226074218750e+01,4.608062744140625000e+00,-5.043905258178710938e+00,-2.803905010223388672e+00,7.677826404571533203e+00,8.339562416076660156e+00,4.879053115844726562e+00,2.854392290115356445e+00,9.240766763687133789e-01,-2.484263420104980469e+00,2.454324066638946533e-01,1.090592002868652344e+01,2.051385879516601562e+01,1.468363761901855469e+01,8.997392654418945312e+00,6.759751796722412109e+00,4.724167823791503906e+00,5.044949531555175781e+00,7.643082618713378906e+00,1.171081733703613281e+01,7.770376682281494141e+00,6.902636051177978516e+00,7.597217082977294922e+00,8.189379692077636719e+00,3.438291311264038086e+00,-7.352936267852783203e-01,2.556419372558593750e-02,2.751755952835083008e+00,2.473979473114013672e+00,-6.519850730895996094e+00,-9.166898727416992188e+00,-2.856484889984130859e+00,7.788209915161132812e-01,-4.270687699317932129e-01,1.338031005859375000e+01,2.284815597534179688e+01,2.964156341552734375e+01,2.345367050170898438e+01,1.194391632080078125e+01,7.077472686767578125e+00,6.470377922058105469e+00,1.160348296165466309e+00,2.225120067596435547e+00,1.318641567230224609e+01,1.365623378753662109e+01,1.904024887084960938e+01,1.538765525817871094e+01,4.949912071228027344e+00,5.676376342773437500e+00,6.042621612548828125e+00,-1.148159623146057129e+00,-3.511288404464721680e+00,-2.422633647918701172e+00,-9.537992477416992188e+00,-1.569136428833007812e+01,-2.734961700439453125e+01,-3.603626632690429688e+01,-3.996697235107421875e+01,-3.816566467285156250e+01,-2.917152595520019531e+01,-2.273072433471679688e+01,-2.018932342529296875e+01,-1.355770683288574219e+01,-4.815011024475097656e+00,-4.252666473388671875e+00,-3.503252506256103516e+00,-1.272692680358886719e+00,-1.376754403114318848e+00,-4.680771827697753906e+00,-6.551286697387695312e+00,-7.230642437934875488e-01,3.406529426574707031e+00,-1.884582161903381348e+00,-3.164053440093994141e+00,2.012339115142822266e+00,9.008882522583007812e+00,7.890361785888671875e+00,3.162769317626953125e+00,9.312993288040161133e-01,4.961993694305419922e+00,1.631477737426757812e+01,1.992996978759765625e+01,1.523228836059570312e+01,1.025811386108398438e+01,6.100219249725341797e+00,4.321622848510742188e+00,9.141139984130859375e+00,1.193305397033691406e+01,1.405454540252685547e+01,1.721399879455566406e+01,7.887038707733154297e+00,4.305768013000488281e+00,8.603111267089843750e+00,1.063534641265869141e+01,1.036083221435546875e+01,5.216050148010253906e+00,6.288361072540283203e+00,-1.749575734138488770e+00,-5.460601806640625000e+00,-7.856981277465820312e+00,-1.098404502868652344e+01,-1.685951423645019531e+01,-2.024997711181640625e+01,-1.661129760742187500e+01,-1.460567569732666016e+01,-2.204947662353515625e+01,-2.239194107055664062e+01,-1.838832855224609375e+01,-1.483990287780761719e+01,-1.679136848449707031e+01,-2.065973281860351562e+01,2.605045080184936523e+00,9.093904495239257812e+00,9.503038406372070312e+00,1.125694179534912109e+01,9.316848754882812500e+00,6.052395820617675781e+00,4.129024982452392578e+00,5.230078697204589844e-01,3.076939582824707031e+00,-5.542247891426086426e-01,-1.988692760467529297e+00,-3.540830612182617188e+00,-2.756472826004028320e-01,1.358347702026367188e+01,2.199167251586914062e+01,2.074977493286132812e+01,9.109908103942871094e+00,3.901057720184326172e+00,7.889783382415771484e+00,1.422649192810058594e+01,1.284036445617675781e+01,1.547497749328613281e+01,2.085383033752441406e+01,2.126013183593750000e+01,2.089523887634277344e+01,1.137713050842285156e+01,-5.233391761779785156e+00,-6.315383911132812500e+00,9.885022163391113281e+00,1.873890876770019531e+01,1.736848831176757812e+01,1.809289550781250000e+01,1.962587738037109375e+01,5.523592472076416016e+00,5.931358337402343750e+00,6.540283203125000000e+00,6.682482719421386719e+00,1.334825038909912109e+01,1.351003932952880859e+01,1.624011611938476562e+01,2.045420074462890625e+01,2.351540565490722656e+01,2.762322998046875000e+01,2.899321174621582031e+01,2.931416702270507812e+01,2.544839286804199219e+01,1.790341186523437500e+01,1.339144515991210938e+01,2.613296985626220703e+00,-2.231761693954467773e+00,6.018346548080444336e-01,-6.767930388450622559e-01,-3.516042232513427734e-02,7.157771110534667969e+00,6.334912776947021484e+00,1.796182250976562500e+01,2.951968669891357422e+00,-1.139484596252441406e+01,-1.772782516479492188e+01,-1.903523254394531250e+01,-2.532118988037109375e+01,-3.669616699218750000e+01,-3.321727752685546875e+01,-3.280780792236328125e+01,-2.920725250244140625e+01,-1.932123756408691406e+01,-6.715906143188476562e+00,-1.879705548286437988e+00,1.738933324813842773e-01,-8.890246391296386719e+00,-1.437097454071044922e+01,-9.193819046020507812e+00,1.183464407920837402e+00,5.841970443725585938e+00,1.399016475677490234e+01,1.346603393554687500e+01,1.513011837005615234e+01,2.039824676513671875e+01,2.316136169433593750e+01,2.342821121215820312e+01,1.832336807250976562e+01,1.053333091735839844e+01,4.531978130340576172e+00,-3.288305282592773438e+00,-2.451566219329833984e+00,4.065510272979736328e+00,1.066711521148681641e+01,1.317439174652099609e+01,1.208446598052978516e+01,-4.747017860412597656e+00,-2.699701070785522461e+00,3.744617938995361328e+00,-8.121094703674316406e+00,-7.145822525024414062e+00,-5.262770652770996094e-01,3.731662988662719727e+00,4.187880039215087891e+00,1.094359397888183594e+00,2.147824525833129883e+00,1.092556476593017578e+01,1.916707420349121094e+01,2.064577865600585938e+01,2.217205429077148438e+01,2.399483108520507812e+01,2.458369445800781250e+01,1.681425857543945312e+01,1.388378334045410156e+01,1.059589576721191406e+01,1.355012512207031250e+01,1.154088020324707031e+01,8.227089881896972656e+00,7.435757637023925781e+00,1.013110446929931641e+01,1.450440597534179688e+01,1.876781082153320312e+01,1.816336059570312500e+01,1.843928527832031250e+01,1.972794914245605469e+01,2.108946609497070312e+01,2.332700538635253906e+01,2.160775756835937500e+01,1.890918350219726562e+01,1.679779815673828125e+01,1.286401176452636719e+01,1.605781173706054688e+01,1.505301761627197266e+01,9.365317344665527344e+00,1.109814453125000000e+01,1.356077671051025391e+01,9.408378601074218750e+00,1.610065460205078125e+01,2.875222778320312500e+01,2.455549430847167969e+01,1.301797485351562500e+01,3.061753034591674805e+00,-4.410750865936279297e+00,-7.066113471984863281e+00,-1.299092102050781250e+01,-1.979412460327148438e+01,-1.905687332153320312e+01,-6.709716796875000000e+00,-6.206728219985961914e-01,4.721917629241943359e+00,1.267877960205078125e+01,2.067706489562988281e+01,1.967777633666992188e+01,1.577050685882568359e+01,1.403502655029296875e+01,2.570889663696289062e+01,3.584165954589843750e+01,3.353147125244140625e+01,2.859227180480957031e+01,3.342691421508789062e+01,3.379811477661132812e+01,3.540313720703125000e+01,3.765998077392578125e+01,3.666504287719726562e+01,3.731217193603515625e+01,3.562926864624023438e+01,3.396488571166992188e+01,3.323542022705078125e+01,3.467577362060546875e+01,3.362653732299804688e+01,3.392366790771484375e+01,3.608637619018554688e+01,3.681737518310546875e+01,3.090835571289062500e+01,3.122479248046875000e+01,3.107824707031250000e+01,2.582768249511718750e+01,1.562321281433105469e+01,8.782182693481445312e+00,4.964035034179687500e+00,1.080429267883300781e+01,1.870737838745117188e+01,2.191403961181640625e+01,1.156893157958984375e+01,1.559313583374023438e+01,1.925479888916015625e+01,1.356239604949951172e+01,3.676844120025634766e+00,6.562860012054443359e+00,1.713405990600585938e+01,2.038394165039062500e+01,1.755360412597656250e+01,1.693845367431640625e+01,7.435161590576171875e+00,-1.221730470657348633e+00,-5.945971488952636719e+00,-7.916868686676025391e+00,-1.131889152526855469e+01,-9.614192962646484375e+00,-6.731951236724853516e+00,-1.166591262817382812e+01,-4.277075290679931641e+00,6.546520233154296875e+00,1.537962245941162109e+01,2.574285888671875000e+01,3.247164535522460938e+01,3.497625732421875000e+01,3.475576400756835938e+01,3.237123107910156250e+01,2.786678123474121094e+01,2.471590232849121094e+01,2.032192230224609375e+01,1.585880470275878906e+01,2.232593917846679688e+01,2.147331237792968750e+01,1.160121154785156250e+01,-9.173753261566162109e-01,-3.976936042308807373e-01,4.852892875671386719e+00,6.272255897521972656e+00,2.701633930206298828e+00,1.497034192085266113e+00,1.843251943588256836e+00,-3.613646507263183594e+00,3.253759741783142090e-01,-1.447488069534301758e-01,-2.182875394821166992e+00,-3.222875833511352539e+00,3.584583997726440430e+00,6.087769508361816406e+00,1.767972469329833984e+00,-3.620883941650390625e+00,-1.245008659362792969e+01,-1.655697250366210938e+01,-5.238200664520263672e+00,8.402197837829589844e+00,1.702872085571289062e+01,2.089932250976562500e+01,2.595571899414062500e+01,2.826732254028320312e+01,2.934975433349609375e+01,3.359513854980468750e+01,2.658223724365234375e+01,1.757570648193359375e+01,1.563875961303710938e+01,1.466012001037597656e+01,1.430078697204589844e+01,1.827811813354492188e+01,9.972209930419921875e+00,1.484801530838012695e+00,4.317729949951171875e+00,1.327992439270019531e+01,2.486154556274414062e+01,2.270622253417968750e+01,1.874872207641601562e+01,1.974305534362792969e+01,2.335931015014648438e+01,2.567851448059082031e+01,1.712855339050292969e+01,6.118190765380859375e+00,1.287511825561523438e+00,3.187524080276489258e+00,1.968896389007568359e+00,1.823473930358886719e+00,2.408326148986816406e+00,6.992320060729980469e+00,2.133221626281738281e+01,2.449159431457519531e+01,-1.124037027359008789e+00,-3.375055789947509766e+00,2.455569267272949219e+00,6.904025554656982422e+00,1.078644943237304688e+01,4.735885620117187500e+00,6.428937911987304688e-01,-3.104416370391845703e+00,-1.025696945190429688e+01,-1.905037307739257812e+01,-1.870210266113281250e+01,-1.245329475402832031e+01,5.098729133605957031e+00,1.015597343444824219e+01,7.859519004821777344e+00,4.456257820129394531e+00,1.009358596801757812e+01,6.231297016143798828e+00,-6.275126457214355469e+00,-1.443284416198730469e+01,-1.824210739135742188e+01,-1.876791763305664062e+01,-1.743706130981445312e+01,-7.719835281372070312e+00,-1.089124679565429688e+00,2.091048717498779297e+00,4.083831787109375000e+00,5.611450195312500000e+00,4.210353374481201172e+00,9.599106788635253906e+00,8.280789375305175781e+00,1.208032798767089844e+01,1.617492485046386719e+01,1.442892265319824219e+01,1.454477405548095703e+01,1.241835975646972656e+01,1.687986946105957031e+01,1.611420822143554688e+01,1.761626052856445312e+01,1.637919807434082031e+01,1.146665096282958984e+01,1.713853645324707031e+01,1.382795906066894531e+01,3.697345733642578125e+00,4.871103763580322266e+00,1.761879801750183105e+00,-4.371571540832519531e+00,3.315146923065185547e+00,9.300125122070312500e+00,4.212843894958496094e+00,3.555078506469726562e+00,1.058713150024414062e+01,8.740517616271972656e+00,7.483231544494628906e+00,9.760235786437988281e+00,7.877655506134033203e+00,1.134010791778564453e+01,1.420918560028076172e+01,9.855766296386718750e+00,1.218842697143554688e+01,1.187673187255859375e+01,4.801985740661621094e+00,4.266060352325439453e+00,8.397153854370117188e+00,1.155399036407470703e+01,1.176119518280029297e+01,9.664270401000976562e+00,6.846790790557861328e+00,7.395548820495605469e+00,7.385280132293701172e+00,1.456622481346130371e+00,1.984551668167114258e+00,6.017113685607910156e+00,8.988870620727539062e+00,9.484003067016601562e+00,1.022351646423339844e+01,9.312244415283203125e+00,4.367900371551513672e+00,2.097054243087768555e+00,3.233856439590454102e+00,7.220275402069091797e-01,-9.626036882400512695e-01,2.795182466506958008e+00,7.648984909057617188e+00,8.107767105102539062e+00,9.331779479980468750e+00,1.226705360412597656e+01,1.295634269714355469e+01,1.049199867248535156e+01,4.626006126403808594e+00,5.261654376983642578e+00,6.984652876853942871e-01,-7.149858474731445312e+00,-6.341095447540283203e+00,-4.808384418487548828e+00,-6.100985527038574219e+00,-6.068936824798583984e+00,-6.590213775634765625e+00,-9.158538818359375000e+00,-1.017456817626953125e+01,-5.538327693939208984e+00,-2.275134801864624023e+00,-4.643115520477294922e+00,-2.387855291366577148e+00,-6.051698327064514160e-01,-4.113119125366210938e+00,2.349212169647216797e+00,1.269310379028320312e+01,4.689913749694824219e+00,7.843490123748779297e+00,1.144972419738769531e+01,1.541339492797851562e+01,1.639929580688476562e+01,1.876463317871093750e+01,1.626106262207031250e+01,1.381920719146728516e+01,1.023766708374023438e+01,9.475107192993164062e+00,1.372138595581054688e+01,1.247807121276855469e+01,1.921518707275390625e+01,2.412108230590820312e+01,2.531955337524414062e+01,2.191641998291015625e+01,2.223921966552734375e+01,2.236804962158203125e+01,1.192507171630859375e+01,1.244537949562072754e+00,-7.024329185485839844e+00,-8.641908645629882812e+00,-7.577159881591796875e+00,-2.844052076339721680e+00,2.618016242980957031e+00,7.261024951934814453e+00,8.620471954345703125e+00,2.255364036560058594e+01,2.421789741516113281e+01,1.569360160827636719e+01,1.513528251647949219e+01,1.979275894165039062e+01,2.491227722167968750e+01,2.584653091430664062e+01,1.849860763549804688e+01,9.490525245666503906e+00,6.205547332763671875e+00,2.122680902481079102e+00,1.143297386169433594e+01,2.837636375427246094e+01,2.657037353515625000e+01,1.463489723205566406e+01,1.623133087158203125e+01,8.802873611450195312e+00,8.535583019256591797e-01,4.688518047332763672e+00,7.183827400207519531e+00,8.208442687988281250e+00,1.720701599121093750e+01,2.072895431518554688e+01,1.811196708679199219e+01,2.044237136840820312e+01,2.343819618225097656e+01,2.451601219177246094e+01,2.142881393432617188e+01,1.707896232604980469e+01,1.571028900146484375e+01,1.325748443603515625e+01,8.203531265258789062e+00,4.389686584472656250e+00,3.957271099090576172e+00,6.785190582275390625e+00,1.267631721496582031e+01,2.482490921020507812e+01,2.525866317749023438e+01,2.477459907531738281e+01,1.911791229248046875e+01,2.052302932739257812e+01,1.885523223876953125e+01,2.776715087890625000e+01,3.060304450988769531e+01,7.376899719238281250e+00,-9.292411804199218750e+00,-1.323792839050292969e+01,-8.620083808898925781e+00,-5.448327064514160156e+00,2.871995687484741211e+00,1.175051689147949219e+01,1.564496898651123047e+01,1.429124641418457031e+01,1.420850372314453125e+01,1.933300399780273438e+01,1.877127838134765625e+01,2.129215240478515625e+01,1.697021675109863281e+01,7.136857032775878906e+00,-1.602940559387207031e+00,-7.502748012542724609e+00,-1.358079051971435547e+01,-1.332061195373535156e+01,-2.421706616878509521e-01,1.539947509765625000e+01,2.542185592651367188e+01,1.736325073242187500e+01,7.160056829452514648e-01,-6.239823818206787109e+00,-7.436804771423339844e-01,-2.039115905761718750e+00,-2.212116718292236328e+00,7.872093915939331055e-01,1.070085334777832031e+01,2.175778770446777344e+01,1.980794143676757812e+01,1.510482215881347656e+01,1.075735950469970703e+01,1.042138385772705078e+01,5.559484481811523438e+00,3.434510946273803711e+00,7.569351673126220703e+00,3.290249109268188477e-01,-1.706587982177734375e+01,-2.083793067932128906e+01,-2.362837219238281250e+01,-1.868438720703125000e+01,1.955030679702758789e+00,1.455700016021728516e+01,2.096024703979492188e+01,2.820307922363281250e+01,2.873937225341796875e+01,2.328374862670898438e+01,-8.560001373291015625e+00,-2.294837188720703125e+01,-2.304284667968750000e+01,-2.505452728271484375e+01,-1.890603637695312500e+01,-1.977166295051574707e+00,1.572886848449707031e+01,1.819917297363281250e+01,1.763635635375976562e+01,1.677051162719726562e+01,1.229197597503662109e+01,3.468897581100463867e+00,-2.355797290802001953e-01,5.546180009841918945e-01,6.664030075073242188e+00,4.057711124420166016e+00,2.239844560623168945e+00,3.559101104736328125e+00,6.237259864807128906e+00,9.300857543945312500e+00,2.152262878417968750e+01,2.043426132202148438e+01,5.339757919311523438e+00,8.293235778808593750e+00,8.119352340698242188e+00,4.746131896972656250e+00,1.675354719161987305e+00,4.891999244689941406e+00,6.422631263732910156e+00,2.618710517883300781e+00,5.252784729003906250e+00,9.499711990356445312e+00,8.208779335021972656e+00,-7.930290699005126953e-01,-2.242446660995483398e+00,6.823271751403808594e+00,8.779369354248046875e+00,8.194692611694335938e+00,6.357359886169433594e+00,9.584806442260742188e+00,1.259589481353759766e+01,1.171733570098876953e+01,1.361676025390625000e+01,1.278324508666992188e+01,1.311050033569335938e+01,1.692232322692871094e+01,1.587409687042236328e+01,1.166531848907470703e+01,1.347601032257080078e+01,1.240483856201171875e+01,1.405430603027343750e+01,1.280050277709960938e+01,8.079458236694335938e+00,9.551658630371093750e+00,7.378297328948974609e+00,7.692113399505615234e+00,6.293217658996582031e+00,4.525683403015136719e+00,8.986159324645996094e+00,-1.123528003692626953e+01,-1.634401512145996094e+01,-1.363397216796875000e+01,-8.020507812500000000e+00,7.320824146270751953e+00,2.257855987548828125e+01,1.814728164672851562e+01,9.524286270141601562e+00,2.166861152648925781e+01,2.804914855957031250e+01,3.550921630859375000e+01,2.954851531982421875e+01,1.297512435913085938e+01,4.920293807983398438e+00,3.691562175750732422e+00,-6.004693984985351562e+00,-8.990532875061035156e+00,6.289481163024902344e+00,1.299344635009765625e+01,1.336555480957031250e+01,9.502104759216308594e+00,-1.049921417236328125e+01,-1.998647212982177734e+00,1.263527870178222656e+01,1.529329013824462891e+01,1.467231655120849609e+01,7.637448310852050781e+00,6.267427921295166016e+00,1.321278953552246094e+01,1.849234390258789062e+01,2.519433593750000000e+01,2.915246009826660156e+01,2.762468528747558594e+01,2.666451835632324219e+01,2.763411521911621094e+01,1.449714469909667969e+01,-2.364503097534179688e+01,-3.213124084472656250e+01,-2.270762062072753906e+01,-1.913442611694335938e+01,-1.122150039672851562e+01,-7.083091735839843750e+00,-4.221666336059570312e+00,-4.896725654602050781e+00,-8.549300193786621094e+00,-5.011508941650390625e+00,-1.325013542175292969e+01,-4.437099456787109375e+00,1.316399288177490234e+01,2.088311386108398438e+01,2.119037246704101562e+01,7.985764741897583008e-01,-2.320067405700683594e+01,-2.281848716735839844e+01,-1.571373462677001953e+01,-1.406392478942871094e+01,-1.804155540466308594e+01,-1.456374454498291016e+01,-1.367388153076171875e+01,-1.211300277709960938e+01,-7.024187088012695312e+00,1.637800216674804688e+00,7.140449285507202148e-01,9.151918411254882812e+00,8.910636901855468750e+00,-1.097558116912841797e+01,-2.475568199157714844e+01,-2.293218994140625000e+01,-7.725636482238769531e+00,-4.162693023681640625e+00,3.684312105178833008e-01,3.677124023437500000e+00,5.057351112365722656e+00,4.036486625671386719e+00,-1.887236833572387695e+00,-1.096415519714355469e-01,-8.866889476776123047e-01,-3.240163087844848633e+00,-3.823523044586181641e+00,-4.344522476196289062e+00,-6.271695613861083984e+00,9.970510482788085938e+00,1.735359382629394531e+01,2.062971496582031250e+01,2.014290618896484375e+01,2.150341796875000000e+01,2.570611190795898438e+01,2.835985183715820312e+01,2.964169883728027344e+01,2.608381843566894531e+01,2.064583778381347656e+01,8.627023696899414062e+00,-8.262183189392089844e+00,-1.184250545501708984e+01,-8.797220230102539062e+00,-1.061252832412719727e+00,5.429647445678710938e+00,1.151801109313964844e+01,1.259447097778320312e+01,8.358730316162109375e+00,-7.510370254516601562e+00,-1.647779083251953125e+01,-8.090162277221679688e+00,1.455194711685180664e+00,2.411283016204833984e+00,-2.189473152160644531e+00,-1.426697063446044922e+01,-1.327886295318603516e+01,-3.006833553314208984e+00,6.990278720855712891e+00,1.385755920410156250e+01,1.849060058593750000e+01,1.632553100585937500e+01,1.084577083587646484e+01,1.020561218261718750e+01,-6.108453273773193359e-01,-1.338142776489257812e+01,-1.838072013854980469e+01,-1.738425445556640625e+01,-8.688857078552246094e+00,-2.597968339920043945e+00,-3.943351268768310547e+00,-9.077239990234375000e+00,-1.616610145568847656e+01,-1.924588584899902344e+01,-1.430230522155761719e+01,2.711898088455200195e+00,9.579442024230957031e+00,1.221191406250000000e+01,9.611540794372558594e+00,9.615587234497070312e+00,1.206453037261962891e+01,1.327619171142578125e+01,1.467953491210937500e+01,1.277588748931884766e+01,4.780666351318359375e+00,1.928514957427978516e+00,-2.815125226974487305e+00,-5.257111549377441406e+00,-3.755855560302734375e+00,-7.663846492767333984e+00,-6.984963417053222656e+00,-2.988073825836181641e+00,-7.958771705627441406e+00,-9.355520248413085938e+00,-9.756216406822204590e-02,3.881322383880615234e+00,3.687040805816650391e+00,4.737085342407226562e+00,4.296354770660400391e+00,4.876323699951171875e+00,4.445816516876220703e+00,2.324988126754760742e+00,-3.792590856552124023e+00,-5.749462127685546875e+00,-8.315687179565429688e+00,-1.283005523681640625e+01,-1.011280441284179688e+01,-2.337468862533569336e+00,3.147806167602539062e+00,5.502038478851318359e+00,7.766036987304687500e+00,2.109931945800781250e+01,2.583422470092773438e+01,1.758237838745117188e+01,4.406235218048095703e+00,-8.454008102416992188e+00,-2.179983901977539062e+01,-1.425257110595703125e+01,3.878767013549804688e+00,1.461553192138671875e+01,2.071026992797851562e+01,1.720885276794433594e+01,9.355422019958496094e+00,5.566150665283203125e+00,7.225851535797119141e+00,5.541281700134277344e+00,3.155127048492431641e+00,-1.693358612060546875e+01,-2.125618171691894531e+01,-1.593687057495117188e+01,-1.305435657501220703e+01,-1.417580223083496094e+01,-1.722198486328125000e+01,-1.579394912719726562e+01,-3.321949481964111328e+00,5.608138561248779297e+00,1.106242942810058594e+01,9.009948730468750000e+00,8.803651928901672363e-01,-4.844862937927246094e+00,-3.528977632522583008e+00,-1.797257661819458008e+00,-1.111232948303222656e+01,-1.752936744689941406e+01,-1.665731430053710938e+01,-9.898416519165039062e+00,4.697631359100341797e+00,9.345359802246093750e+00,9.142039299011230469e+00,9.791956901550292969e+00,6.915717601776123047e+00,4.164739608764648438e+00,-3.700343847274780273e+00,-9.830419540405273438e+00,-4.615648746490478516e+00,-4.037272453308105469e+00,-8.375064849853515625e+00,-1.455730724334716797e+01,-1.329756259918212891e+00,1.065665435791015625e+01,1.754261970520019531e+01,1.733680725097656250e+01,1.607657241821289062e+01,1.655176162719726562e+01,2.976323604583740234e+00,-2.851124763488769531e+00,4.847965240478515625e+00,1.085180282592773438e+01,7.667288303375244141e+00,3.040991544723510742e+00,6.515597343444824219e+00,6.053845405578613281e+00,1.528137087821960449e+00,3.658611059188842773e+00,2.464701533317565918e-01,-4.881186485290527344e+00,-1.247053527832031250e+01,-1.265469169616699219e+01,-1.317452430725097656e+01,-8.669023513793945312e+00,-4.674412250518798828e+00,2.347810268402099609e+00,3.640098094940185547e+00,3.920417308807373047e+00,6.387010097503662109e+00,6.271130084991455078e+00,3.562490940093994141e+00,3.456384658813476562e+00,-2.672265291213989258e+00,-1.158007240295410156e+01,-1.833647155761718750e+01,-1.550691986083984375e+01,-7.099415779113769531e+00,-3.755898714065551758e+00,-3.295788764953613281e-01,-9.186083674430847168e-01,3.170570135116577148e+00,3.943130254745483398e+00,-1.507201194763183594e+00,-1.879374504089355469e+00,8.655018806457519531e+00,1.398176956176757812e+01,1.683712959289550781e+01,2.634305953979492188e+01,3.076447105407714844e+01,2.882100105285644531e+01,-6.300584793090820312e+00,-3.559687042236328125e+01,-3.873996734619140625e+01,-2.895856475830078125e+01,-1.931296920776367188e+01,-1.441411399841308594e+01,-1.238811111450195312e+01,-8.531252861022949219e+00,-1.911704659461975098e+00,-4.516857862472534180e-01,-1.649346828460693359e+00,1.668604850769042969e+00,8.974679708480834961e-01,-1.567997932434082031e+00,-9.920509457588195801e-01,-5.390016078948974609e+00,-9.200953483581542969e+00,-9.908122062683105469e+00,-7.840207099914550781e+00,-1.216457939147949219e+01,-1.193888092041015625e+01,-6.169637680053710938e+00,1.497460603713989258e+00,2.069511890411376953e+00,5.706048011779785156e+00,-9.503087401390075684e-02,-2.810275554656982422e+00,-4.997694015502929688e+00,-7.138222694396972656e+00,5.391671180725097656e+00,2.679618453979492188e+01,2.425273132324218750e+01,1.172380352020263672e+01,6.976634979248046875e+00,6.788875102996826172e+00,-1.563842296600341797e+00,-6.570964813232421875e+00,-1.158148384094238281e+01,-2.149650382995605469e+01,-2.383841705322265625e+01,-1.806949234008789062e+01,-7.678130149841308594e+00,-4.210073947906494141e+00,-5.468443393707275391e+00,-5.171169281005859375e+00,-6.199599266052246094e+00,-8.566387176513671875e+00,-3.569380760192871094e+00,-9.634323120117187500e-01,-3.451477766036987305e+00,-1.596353650093078613e+00,-2.619945764541625977e+00,-6.228401660919189453e-01,8.829338073730468750e+00,6.788500785827636719e+00,5.274282455444335938e+00,2.437206029891967773e+00,-1.921236276626586914e+00,9.638684391975402832e-01,3.490277290344238281e+00,-2.820225358009338379e-01,2.066940307617187500e+00,1.086337184906005859e+01,7.356575965881347656e+00,3.101404666900634766e+00,7.582698822021484375e+00,1.126180648803710938e+01,1.115164756774902344e+01,8.061379432678222656e+00,3.325952887535095215e-01,-4.897768974304199219e+00,-4.755991935729980469e+00,-8.454048156738281250e+00,-1.671507596969604492e+00,1.132659149169921875e+01,2.027824878692626953e+00,-9.163382530212402344e+00,-6.309232711791992188e+00,-2.440046787261962891e+00,3.130836188793182373e-01,-6.767545342445373535e-01,-7.213352203369140625e+00,-3.095655202865600586e+00,-1.628927469253540039e+00,-9.104113578796386719e+00,-1.214129090309143066e+00,5.356097698211669922e+00,7.904821872711181641e+00,8.382825851440429688e+00,5.753646373748779297e+00,5.441197395324707031e+00,4.919716835021972656e+00,4.936960637569427490e-01,2.629744052886962891e+00,5.073511123657226562e+00,1.362374305725097656e+01,1.386108207702636719e+01,1.095742988586425781e+01,1.394724655151367188e+01,1.917290115356445312e+01,2.542680358886718750e+01,2.198767471313476562e+01,1.449398517608642578e+01,6.251509666442871094e+00,2.151343584060668945e+00,4.292278289794921875e+00,1.266108417510986328e+01,5.710623741149902344e+00,-8.052179336547851562e+00,-1.147914886474609375e+01,-3.140931606292724609e+00,7.487198829650878906e+00,3.692518234252929688e+00,-1.465737915039062500e+01,-1.854022216796875000e+01,-7.814684867858886719e+00,-1.226682901382446289e+00,-7.507171034812927246e-01,1.021849870681762695e+00,1.190262031555175781e+01,1.725235366821289062e+01,2.146960067749023438e+01,1.371105384826660156e+01,4.892042160034179688e+00,1.369432067871093750e+01,1.008815193176269531e+01,5.719202041625976562e+00,8.373117446899414062e+00,1.020692825317382812e+01,3.925673484802246094e+00,-1.616480112075805664e+00,-2.171129465103149414e+00,-3.730516195297241211e+00,-7.371529102325439453e+00,-1.848090744018554688e+01,-2.187038612365722656e+01,-1.525669670104980469e+01,-1.320783805847167969e+01,-7.430668830871582031e+00,-1.580497503280639648e+00,8.689894080162048340e-01,3.008998870849609375e+00,1.242870521545410156e+01,1.504526138305664062e+01,1.444734001159667969e+01,1.134226608276367188e+01,1.165259361267089844e+01,1.306029987335205078e+01,9.684476852416992188e+00,4.887550830841064453e+00,6.157656669616699219e+00,6.870730400085449219e+00,7.294175148010253906e+00,6.379486083984375000e+00,1.963565063476562500e+01,3.157136344909667969e+01,3.120006942749023438e+01,2.659470558166503906e+01,2.004459381103515625e+01,-3.073647022247314453e+00,-1.696458816528320312e+01,-1.781177520751953125e+01,-1.273409461975097656e+01,-3.135200500488281250e+00,1.763755321502685547e+00,-2.303374290466308594e+00,-4.690882682800292969e+00,-6.023181915283203125e+00,8.774405717849731445e-01,-5.767613053321838379e-01,-1.878159642219543457e+00,2.364886999130249023e+00,3.803834915161132812e-01,1.095518708229064941e+00,1.412710952758789062e+01,1.440406036376953125e+01,9.217533111572265625e+00,1.589812040328979492e-01,-2.156646251678466797e+00,1.617214679718017578e+00,1.361665725708007812e+00,-1.565010428428649902e+00,-3.798832416534423828e+00,-1.183834934234619141e+01,-7.071745395660400391e+00,-1.771873354911804199e+00,-2.607970237731933594e-01,-4.537827014923095703e+00,-4.037008762359619141e+00,-6.994979858398437500e+00,-6.233453750610351562e+00,-1.771950721740722656e+00,-1.506840109825134277e+00,-3.317042350769042969e+00,4.296580553054809570e-01,3.624765276908874512e-01,-7.262132644653320312e+00,-7.312433242797851562e+00,-7.237043857574462891e+00,-3.085681438446044922e+00,-2.532201290130615234e+00,-4.299510002136230469e+00,-6.441099166870117188e+00,-4.184528350830078125e+00,-4.181984901428222656e+00,-2.366068363189697266e+00,-5.289804339408874512e-01,-4.986098110675811768e-01,-1.946118831634521484e+00,-1.631045341491699219e-02,6.980732440948486328e+00,7.211799621582031250e+00,1.111560344696044922e+00,-3.191592931747436523e+00,-3.375039100646972656e+00,2.285783529281616211e+00,-4.996196746826171875e+00,-5.243941307067871094e+00,-1.280434608459472656e+01,-1.490708446502685547e+01,-1.200212192535400391e+01,-6.174926757812500000e+00,-3.029292821884155273e+00,-4.073119163513183594e-02,-3.715704202651977539e+00,-7.547354698181152344e+00,-9.198390245437622070e-01,1.550533866882324219e+01,1.952144622802734375e+01,2.109517288208007812e+01,2.073538589477539062e+01,1.689190483093261719e+01,3.103800415992736816e-01,-1.639958953857421875e+01,-1.435598659515380859e+01,-4.921043395996093750e+00,6.440110206604003906e+00,1.169065856933593750e+01,1.255156421661376953e+01,6.719933032989501953e+00,1.347900962829589844e+01,-4.667791366577148438e+00,-5.571171641349792480e-01,1.449724006652832031e+01,2.095948028564453125e+01,1.272799110412597656e+01,1.855734705924987793e+00,4.628141880035400391e+00,4.944505214691162109e+00,1.118893980979919434e+00,8.429454803466796875e+00,1.349358367919921875e+01,2.165700531005859375e+01,3.209586715698242188e+01,2.509003639221191406e+01,5.039138317108154297e+00,-1.267012786865234375e+01,-1.468842887878417969e+01,-2.293674850463867188e+01,-2.222985076904296875e+01,-8.166831016540527344e+00,-2.310772418975830078e+00,-1.198332786560058594e+00,-1.612587213516235352e+00,-3.893541812896728516e+00,-8.559800148010253906e+00,-5.291520118713378906e+00,-6.199369907379150391e+00,-8.736368179321289062e+00,-7.313959598541259766e+00,-9.794368743896484375e+00,-1.094133949279785156e+01,-2.390934467315673828e+00,7.991291880607604980e-01,-6.769548892974853516e+00,-1.295970916748046875e+01,-1.937170410156250000e+01,-2.031317329406738281e+01,-1.959104919433593750e+01,-2.015003395080566406e+01,-1.692994499206542969e+01,-7.740394592285156250e+00,-1.511561512947082520e+00,-9.872539043426513672e-01,-7.233996391296386719e-01,1.016322994232177734e+01,1.156754684448242188e+01,6.900721073150634766e+00,1.231597709655761719e+01,1.231626129150390625e+01,6.942326545715332031e+00,6.695554733276367188e+00,6.670893192291259766e+00,7.058778762817382812e+00,9.923552513122558594e+00,9.461713790893554688e+00,1.259753990173339844e+01,1.269109439849853516e+01,9.942148208618164062e+00,5.051256656646728516e+00,3.741081714630126953e+00,3.301075696945190430e+00,4.092360496520996094e+00,3.770232677459716797e+00,4.287155628204345703e+00,6.540582656860351562e+00,1.177638435363769531e+01,1.165201854705810547e+01,1.076635742187500000e+01,5.771255493164062500e+00,1.021099662780761719e+01,1.010988521575927734e+01,7.696917533874511719e+00,4.203377246856689453e+00,2.378874301910400391e+00,2.279175996780395508e+00,-3.088033914566040039e+00,3.367192745208740234e+00,7.574659347534179688e+00,5.556949138641357422e+00,-2.189312696456909180e+00,-1.450155019760131836e+00,4.883953094482421875e+00,-5.087218284606933594e+00,-1.309454059600830078e+01,-1.310997962951660156e+01,-1.744884109497070312e+01,-1.865942001342773438e+01,-1.438362979888916016e+01,-8.448294639587402344e+00,-6.618990421295166016e+00,-5.789366364479064941e-02,5.266027450561523438e-01,-4.341806769371032715e-01,-1.808721303939819336e+00,-6.173039674758911133e-01,5.169089794158935547e+00,7.940550327301025391e+00,1.125332069396972656e+01,1.876454925537109375e+01,3.026782608032226562e+01,3.085297775268554688e+01,2.628662300109863281e+01,2.315747451782226562e+01,2.098806381225585938e+01,1.639118432998657227e+00,-1.642403030395507812e+01,-1.533143234252929688e+01,-7.454323291778564453e+00,3.083932638168334961e+00,8.291555404663085938e+00,1.267347240447998047e+01,1.918431091308593750e+01,1.922927474975585938e+01,2.430970764160156250e+01,2.714740371704101562e+01,2.920706748962402344e+01,2.472173309326171875e+01,1.855974960327148438e+01,1.766628265380859375e+01,1.231869411468505859e+01,5.359275341033935547e-01,-1.664881324768066406e+01,-2.393918609619140625e+01,-2.000898742675781250e+01,-6.399067401885986328e+00,1.435179591178894043e+00,4.627615928649902344e+00,8.105852127075195312e+00,7.991332054138183594e+00,5.262945175170898438e+00,3.160599708557128906e+00,7.760264396667480469e+00,1.248196411132812500e+01,5.449518203735351562e+00,7.603871822357177734e+00,6.287004470825195312e+00,4.560403347015380859e+00,1.118784427642822266e+01,9.807773590087890625e+00,1.036847114562988281e+01,1.339165496826171875e+01,2.228493499755859375e+01,2.685657882690429688e+01,3.129999732971191406e+01,2.366914749145507812e+01,4.797535419464111328e+00,1.522108793258666992e+00,1.101349472999572754e+00,6.025727272033691406e+00,1.487487506866455078e+01,1.574036216735839844e+01,1.465403747558593750e+01,1.518447303771972656e+01,1.480636501312255859e+01,1.718019104003906250e+01,1.017765903472900391e+01,5.541938781738281250e+00,1.192965221405029297e+01,1.460022163391113281e+01,1.486499214172363281e+01,1.683585739135742188e+01,2.007952880859375000e+01,1.895258712768554688e+01,1.450670337677001953e+01,7.466559410095214844e+00,1.251792907714843750e+01,1.121089553833007812e+01,9.799001693725585938e+00,7.942691326141357422e+00,8.721841812133789062e+00,5.998141288757324219e+00,-1.728907823562622070e-01,1.407244920730590820e+00,5.533665657043457031e+00,1.020412445068359375e+01,1.062180519104003906e+01,5.766025543212890625e+00,7.499963760375976562e+00,6.874706268310546875e+00,8.938760757446289062e+00,5.197021961212158203e+00,1.310686874389648438e+01,6.142481803894042969e+00,-7.667819023132324219e+00,-1.355799484252929688e+01,-9.609878540039062500e+00,-9.746832847595214844e+00,-1.374078559875488281e+01,-5.592507362365722656e+00,2.076910018920898438e+00,6.600362777709960938e+00,3.393696308135986328e+00,2.063708782196044922e+00,7.529872655868530273e-01,-3.318364143371582031e+00,-7.373864650726318359e+00,-6.493024826049804688e+00,-9.477440834045410156e+00,-5.369636058807373047e+00,6.051714897155761719e+00,1.458980655670166016e+01,1.847192192077636719e+01,2.300265502929687500e+01,1.633910560607910156e+01,9.060523986816406250e+00,4.763464927673339844e+00,3.584903717041015625e+00,8.439926147460937500e+00,1.562592887878417969e+01,1.000209045410156250e+01,-4.434828758239746094e+00,2.745724678039550781e+00,2.155975818634033203e+00,5.924930572509765625e+00,6.746175765991210938e+00,6.663337707519531250e+00,4.887389659881591797e+00,8.249678015708923340e-01,7.995364189147949219e+00,-3.790228128433227539e+00,-1.161074066162109375e+01,-1.538111305236816406e+01,-1.202121543884277344e+01,3.637908935546875000e+00,1.182626628875732422e+01,6.133343696594238281e+00,8.074396133422851562e+00,1.035319709777832031e+01,7.762781143188476562e+00,2.090207099914550781e+00,-1.041502654552459717e-01,-2.677430629730224609e+00,-5.208878517150878906e+00,-6.417136192321777344e+00,-6.670251846313476562e+00,-4.246431827545166016e+00,-1.048026943206787109e+01,-4.520279884338378906e+00,4.909019947052001953e+00,4.973321914672851562e+00,5.097394943237304688e+00,1.131747055053710938e+01,1.227316093444824219e+01,1.365412139892578125e+01,1.377230167388916016e+01,1.106478404998779297e+01,-2.307832908630371094e+01,-3.617506790161132812e+01,-3.117367362976074219e+01,-2.518179321289062500e+01,-1.906639862060546875e+01,-1.556634426116943359e+01,-1.605108833312988281e+01,-1.222812080383300781e+01,-7.030307769775390625e+00,4.110410690307617188e+00,4.830199241638183594e+00,7.664810180664062500e+00,1.325404167175292969e+01,1.439889907836914062e+01,1.338941192626953125e+01,2.217608261108398438e+01,2.372981262207031250e+01,2.273068046569824219e+01,2.351286697387695312e+01,1.737333679199218750e+01,8.962426185607910156e+00,1.034099769592285156e+01,1.550306510925292969e+01,1.745122528076171875e+01,2.303216552734375000e+01,2.755514144897460938e+01,2.341148948669433594e+01,2.114271163940429688e+01,2.387359046936035156e+01,1.855778121948242188e+01,1.538451004028320312e+01,5.597451210021972656e+00,6.767063140869140625e+00,8.469293594360351562e+00,1.159861373901367188e+01,7.589786529541015625e+00,2.832629680633544922e+00,6.407908439636230469e+00,7.748295783996582031e+00,4.503272533416748047e+00,8.418359756469726562e+00,7.329599380493164062e+00,8.111283302307128906e+00,1.252241516113281250e+01,1.134927558898925781e+01,9.031320571899414062e+00,9.766516685485839844e+00,7.774683475494384766e+00,8.271251678466796875e+00,6.164875030517578125e+00,5.904711723327636719e+00,6.277469158172607422e+00,5.250873565673828125e-01,1.994802594184875488e+00,3.957270383834838867e+00,7.322612762451171875e+00,9.597981452941894531e+00,6.043282508850097656e+00,3.077297687530517578e+00,1.287959098815917969e+00,5.884105563163757324e-01,4.886917591094970703e+00,8.058168411254882812e+00,8.468702316284179688e+00,1.001601123809814453e+01,9.892240524291992188e+00,8.881516456604003906e+00,-2.239242553710937500e+00,-2.504974603652954102e+00,1.114449691772460938e+01,2.566134071350097656e+01,2.502931594848632812e+01,1.179678821563720703e+01,5.137207031250000000e+00,7.667708396911621094e-02,-1.481267511844635010e-01,6.825070977210998535e-01,5.152265548706054688e+00,8.454079627990722656e+00,1.138007354736328125e+01,5.552869319915771484e+00,-2.181744813919067383e+00,-9.659276008605957031e+00,-1.478800487518310547e+01,-1.561957168579101562e+01,-1.533847808837890625e+01,-4.229674339294433594e+00,-1.209140658378601074e+00,-8.246199607849121094e+00,-1.525876998901367188e+01,-1.402660179138183594e+01,-9.437639236450195312e+00,-3.826857805252075195e-01,1.098777890205383301e+00,-1.926699280738830566e-01,3.957389831542968750e+00,5.580605983734130859e+00,-4.643611907958984375e+00,-1.283425140380859375e+01,-2.505325698852539062e+01,-3.178787612915039062e+01,-3.003005218505859375e+01,-2.259006118774414062e+01,-1.439505577087402344e+01,-1.539709186553955078e+01,-2.139539337158203125e+01,-2.500319480895996094e+01,-1.728246688842773438e+01,-1.243614006042480469e+01,-7.497269630432128906e+00,-4.476795196533203125e+00,-5.440340042114257812e-01,-9.089960455894470215e-01,-7.088342666625976562e+00,-3.880665063858032227e+00,3.140785694122314453e+00,7.289186477661132812e+00,8.206045150756835938e+00,1.594297695159912109e+01,2.425906753540039062e+01,2.462845611572265625e+01,2.009415435791015625e+01,2.071522903442382812e+01,-1.690566444396972656e+01,-3.490349960327148438e+01,-3.572636413574218750e+01,-3.239309692382812500e+01,-3.040430068969726562e+01,-3.682892227172851562e+01,-4.019555282592773438e+01,-3.359329223632812500e+01,-2.274903106689453125e+01,-2.829317474365234375e+01,-2.898606491088867188e+01,-2.698287200927734375e+01,-2.064523506164550781e+01,-1.260749149322509766e+01,-1.011281013488769531e+01,-8.705492019653320312e+00,-1.143848323822021484e+01,-1.200487327575683594e+01,-1.778458404541015625e+01,-2.221665573120117188e+01,-2.106507301330566406e+01,-2.081685638427734375e+01,-1.382992362976074219e+01,-1.025059032440185547e+01,-4.857862472534179688e+00,-7.341081619262695312e+00,-9.863912582397460938e+00,-4.023653984069824219e+00,4.347901344299316406e+00,2.437484502792358398e+00,-8.540740013122558594e+00,-1.075883197784423828e+01,-7.780323028564453125e+00,-9.519178390502929688e+00,-2.020324468612670898e+00,6.597141265869140625e+00,2.614142894744873047e+00,9.476079940795898438e+00,1.529261779785156250e+01,1.597748947143554688e+01,1.798538208007812500e+01,1.307100677490234375e+01,1.150941753387451172e+01,1.593667411804199219e+01,1.424856281280517578e+01,7.287064552307128906e+00,-3.448115348815917969e+00,-8.290968894958496094e+00,-1.926374554634094238e+00,5.696571350097656250e+00,1.348297786712646484e+01,1.988933944702148438e+01,2.061550140380859375e+01,1.961873626708984375e+01,1.178861331939697266e+01,-1.166240215301513672e+00,-2.089331388473510742e+00,-6.897795200347900391e-02,6.245802879333496094e+00,1.354626083374023438e+01,8.804981231689453125e+00,1.791522979736328125e+00,3.147095680236816406e+00,5.341579437255859375e+00,1.014142227172851562e+01,1.939555358886718750e+01,2.341485977172851562e+01,2.640684127807617188e+01,2.908829498291015625e+01,2.771003341674804688e+01,2.826054000854492188e+01,2.883941268920898438e+01,2.724048614501953125e+01,2.602091217041015625e+01,2.337193298339843750e+01,1.943054962158203125e+01,1.721231842041015625e+01,1.380417060852050781e+01,1.253754234313964844e+01,2.808153152465820312e+01,3.391156387329101562e+01,2.187328720092773438e+01,1.721073150634765625e+01,1.643638420104980469e+01,1.160491847991943359e+01,6.661948204040527344e+00,6.051735401153564453e+00,1.438967609405517578e+01,1.656585121154785156e+01,1.420997810363769531e+01,1.121841812133789062e+01,9.075843811035156250e+00,8.150737762451171875e+00,1.223366546630859375e+01,1.106387138366699219e+01,4.954798698425292969e+00,6.755865097045898438e+00,2.798864841461181641e+00,2.207054615020751953e+00,3.456720709800720215e-01,1.521514892578125000e+00,7.958897948265075684e-01,1.001010704040527344e+01,1.141960716247558594e+01,9.312069892883300781e+00,1.413427925109863281e+01,1.517465496063232422e+01,1.184816265106201172e+01,-1.703440475463867188e+01,-3.253520965576171875e+01,-2.428694152832031250e+01,-1.128181171417236328e+01,-4.123416900634765625e+00,-4.867080688476562500e+00,-1.095450210571289062e+01,-1.556259918212890625e+01,-1.098737716674804688e+01,-5.976861000061035156e+00,-1.089047241210937500e+01,-2.388665199279785156e+01,-2.739742088317871094e+01,-2.477377700805664062e+01,-1.550187492370605469e+01,-1.474502849578857422e+01,-3.325273513793945312e+01,-3.093865585327148438e+01,-3.163061714172363281e+01,-4.224161529541015625e+01,-4.410366058349609375e+01,-4.013062286376953125e+01,-4.041296005249023438e+01,-4.508208465576171875e+01,-4.004794692993164062e+01,-2.523171043395996094e+01,-1.902006530761718750e+01,-1.820304489135742188e+01,-2.158778762817382812e+01,-2.406023025512695312e+01,-2.434036636352539062e+01,-3.824213027954101562e+00,-3.882437944412231445e-02,-1.421097564697265625e+01,-3.556147003173828125e+01,-3.597122955322265625e+01,-3.313808059692382812e+01,-3.149412155151367188e+01,-2.470806694030761719e+01,-2.423350143432617188e+01,-2.135488891601562500e+01,-2.335139083862304688e+01,-2.796408462524414062e+01,-3.266707611083984375e+01,-3.012204170227050781e+01,-2.955669975280761719e+01,-2.920797157287597656e+01,-2.808392906188964844e+01,-1.749593734741210938e+01,-5.852734565734863281e+00,-2.652602434158325195e+00,3.134628772735595703e+00,-6.077655792236328125e+00,-1.978788948059082031e+01,-1.907718276977539062e+01,-1.056872940063476562e+01,-5.774422645568847656e+00,-4.427262306213378906e+00,-4.527671337127685547e-01,9.175179004669189453e-01,4.976114749908447266e+00,2.646600008010864258e+00,-5.284462928771972656e+00,-3.473060607910156250e+00,7.950904965400695801e-01,-3.167407035827636719e+00,-3.912345647811889648e+00,-4.586430549621582031e+00,1.737310647964477539e+00,1.439228248596191406e+01,1.877213096618652344e+01,1.413208007812500000e+01,3.444332122802734375e+00,-7.916494369506835938e+00,-2.388870239257812500e+01,-2.614282989501953125e+01,-2.013220214843750000e+01,-9.299848556518554688e+00,-8.488193154335021973e-01,-7.543081641197204590e-01,-9.631599187850952148e-01,4.657383441925048828e+00,7.630883216857910156e+00,1.260696220397949219e+01,1.135254478454589844e+01,1.028379440307617188e+01,7.287321090698242188e+00,9.180397033691406250e+00,3.106423616409301758e+00,-7.001573562622070312e+00,-6.062636375427246094e+00,-1.116334199905395508e-01,6.945460438728332520e-01,8.861436843872070312e-01,9.137613177299499512e-01,-3.446783065795898438e+00,3.219680070877075195e+00,5.330741882324218750e+00,5.900920867919921875e+00,5.667266845703125000e+00,5.468966960906982422e+00,5.641119003295898438e+00,7.183673381805419922e-01,2.622702121734619141e+00,1.114926242828369141e+01,9.662885665893554688e+00,7.557027816772460938e+00,1.084913825988769531e+01,-4.876238822937011719e+00,-2.049841308593750000e+01,-1.578619384765625000e+01,-1.218660545349121094e+01,-1.373734378814697266e+01,-1.502010917663574219e+01,-1.257521247863769531e+01,-1.821978569030761719e+01,-2.385507392883300781e+01,-2.764274024963378906e+01,-2.428117370605468750e+01,-7.679603576660156250e+00,1.152458190917968750e+01,1.206317710876464844e+01,6.022477149963378906e+00,7.673239231109619141e+00,1.003040409088134766e+01,1.512568664550781250e+01,1.507252120971679688e+01,1.197580909729003906e+01,1.158603191375732422e+01,7.021761894226074219e+00,9.212721824645996094e+00,-5.148519515991210938e+00,-1.432601833343505859e+01,-2.165522575378417969e+01,-2.917908096313476562e+01,-2.692043495178222656e+01,-1.933556747436523438e+01,-1.032344436645507812e+01,-1.735878348350524902e+00,-1.058909320831298828e+01,-2.370661926269531250e+01,-2.213470840454101562e+01,-1.341969490051269531e+01,-1.114680004119873047e+01,-1.495985984802246094e+01,-1.202626991271972656e+01,-1.855203628540039062e+01,-2.163381004333496094e+01,-1.720510482788085938e+01,-8.716846466064453125e+00,2.982379674911499023e+00,8.294237136840820312e+00,7.213596343994140625e+00,4.597414493560791016e+00,5.042910099029541016e+00,3.745629072189331055e+00,8.811843395233154297e-01,-2.240438938140869141e+00,-3.887711763381958008e+00,3.441885471343994141e+00,4.668821334838867188e+00,5.484412193298339844e+00,8.543680191040039062e+00,8.877163887023925781e+00,1.402338027954101562e+01,1.059113502502441406e+01,4.854457378387451172e+00,5.523870468139648438e+00,-3.329649925231933594e+00,-1.714610290527343750e+01,-1.941402816772460938e+01,-1.083839225769042969e+01,-2.889585256576538086e+00,2.862471103668212891e+00,1.503800010681152344e+01,2.038428688049316406e+01,1.900958824157714844e+01,7.582548141479492188e+00,1.184189414978027344e+01,1.938467788696289062e+01,1.718346977233886719e+01,8.389483451843261719e+00,-3.223540782928466797e+00,-1.152349090576171875e+01,-4.430020332336425781e+00,8.638336181640625000e+00,2.548520278930664062e+01,3.035135078430175781e+01,2.852412605285644531e+01,2.718904685974121094e+01,1.827893066406250000e+01,1.533381652832031250e+01,1.070123958587646484e+01,2.026602268218994141e+00,1.954537868499755859e+00,7.503684997558593750e+00,1.669652175903320312e+01,2.007661056518554688e+01,2.552420043945312500e+01,2.753840255737304688e+01,2.597550964355468750e+01,2.680484771728515625e+01,2.433187103271484375e+01,1.893322181701660156e+01,1.698851585388183594e+01,1.645766067504882812e+01,2.042786407470703125e+01,2.192860031127929688e+01,1.557468032836914062e+01,1.242262649536132812e+01,1.654087066650390625e+01,1.220032787322998047e+01,8.304470062255859375e+00,5.288072586059570312e+00,6.395489692687988281e+00,7.586267471313476562e+00,9.083358764648437500e+00,1.458539199829101562e+01,1.841453552246093750e+01,1.423641395568847656e+01,7.157084941864013672e+00,8.649302482604980469e+00,9.805724143981933594e+00,1.109444427490234375e+01,7.224117279052734375e+00,9.431213378906250000e+00,1.252849197387695312e+01,9.816129684448242188e+00,7.060377120971679688e+00,-5.997369766235351562e+00,-1.956112670898437500e+01,-2.131601333618164062e+01,-2.115180397033691406e+01,-2.236905670166015625e+01,-1.905772781372070312e+01,7.529753446578979492e-01,2.479533195495605469e+00,1.642299175262451172e+00,8.267927169799804688e-01,9.538436532020568848e-01,5.465404510498046875e+00,1.404586601257324219e+01,1.092222785949707031e+01,4.048418998718261719e+00,3.818343639373779297e+00,4.404107093811035156e+00,4.786208152770996094e+00,9.884458184242248535e-01,-2.764467239379882812e+00,4.410301685333251953e+00,7.468820571899414062e+00,9.303589820861816406e+00,1.302540206909179688e+01,2.823693084716796875e+01,3.515157318115234375e+01,4.158349037170410156e+00,-1.065868854522705078e+01,-1.197857666015625000e+01,-1.167492008209228516e+01,-1.131440067291259766e+01,-9.711208343505859375e+00,-1.333798408508300781e+01,-1.535382938385009766e+01,-1.416790580749511719e+01,-1.254508495330810547e+01,-1.891665267944335938e+01,-2.996806335449218750e+01,-2.695302963256835938e+01,-1.755691146850585938e+01,-1.547067070007324219e+01,-8.476795196533203125e+00,-5.494240760803222656e+00,-6.070886611938476562e+00,-5.321599960327148438e+00,1.837826013565063477e+00,5.044528007507324219e+00,1.180510902404785156e+01,1.262906455993652344e+01,1.263386535644531250e+01,1.075955677032470703e+01,3.889690399169921875e+00,-4.199319839477539062e+00,-1.920483398437500000e+01,-2.529074096679687500e+01,-2.886403656005859375e+01,-2.934911537170410156e+01,-1.696114158630371094e+01,-3.673353195190429688e+00,8.966442108154296875e+00,1.378829383850097656e+01,1.234948348999023438e+01,8.662284851074218750e+00,9.768157005310058594e+00,7.100938320159912109e+00,-4.171545028686523438e+00,-1.251032638549804688e+01,-1.754523468017578125e+01,-2.350093078613281250e+01,-1.652284240722656250e+01,-7.116386413574218750e+00,7.784098386764526367e-02,4.677644729614257812e+00,9.403129577636718750e+00,1.208205986022949219e+01,1.719141769409179688e+01,1.817401885986328125e+01,1.968862915039062500e+01,1.722700500488281250e+01,7.359770774841308594e+00,2.078980207443237305e+00,4.391273975372314453e+00,3.059398651123046875e+00,-7.965394020080566406e+00,-1.533370113372802734e+01,-1.444679260253906250e+01,-7.306999206542968750e+00,1.552990674972534180e+00,1.231733083724975586e+00,1.886976242065429688e+00,-1.966144084930419922e+00,-9.230797767639160156e+00,-6.991523742675781250e+00,-1.128122711181640625e+01,-1.452422237396240234e+01,-1.474561977386474609e+01,-1.347996330261230469e+01,-1.247298908233642578e+01,-4.976632118225097656e+00,5.212153196334838867e-01,2.924331665039062500e+00,-5.429144501686096191e-01,1.097337150573730469e+01,3.244168090820312500e+01,3.352611541748046875e+01,1.243934822082519531e+01,-1.450157737731933594e+01,-2.804335784912109375e+01,-3.471977996826171875e+01,-3.660773468017578125e+01,-3.691855239868164062e+01,-3.695126342773437500e+01,-2.729238128662109375e+01,-1.636999893188476562e+01,-1.065755081176757812e+01,-1.037178039550781250e+01,4.275744915008544922e+00,8.616724014282226562e+00,2.091283082962036133e+00,-1.105963134765625000e+01,-4.821673870086669922e+00,1.405715227127075195e+00,-8.804864287376403809e-01,-1.168014144897460938e+01,-9.544454574584960938e+00,-3.979038715362548828e+00,-1.571624755859375000e+00,-1.285565376281738281e+00,-6.842178344726562500e+00,-3.771027803421020508e+00,2.583295106887817383e+00,4.199551582336425781e+00,6.216708183288574219e+00,4.028854370117187500e+00,-9.395914673805236816e-01,7.610556125640869141e+00,1.643007850646972656e+01,2.283545684814453125e+01,2.221331024169921875e+01,1.179033660888671875e+01,-1.635989761352539062e+01,-1.929430770874023438e+01,-1.392867469787597656e+01,-8.687332153320312500e+00,1.569612145423889160e+00,2.068725347518920898e+00,-4.315101623535156250e+00,-1.221328020095825195e+00,-1.059038925170898438e+01,-1.782142639160156250e+01,-2.191786193847656250e+01,-2.364467811584472656e+01,-2.085037231445312500e+01,-2.125805664062500000e+01,-1.200092697143554688e+01,-7.427909851074218750e+00,-5.681375026702880859e+00,-2.366112232208251953e+00,3.157092809677124023e+00,1.271404933929443359e+01,1.130823707580566406e+01,9.929358482360839844e+00,1.156889533996582031e+01,1.455234146118164062e+01,1.051671981811523438e+01,6.428594112396240234e+00,5.956772804260253906e+00,5.866154670715332031e+00,3.545555114746093750e+00,2.147708415985107422e+00,1.940774917602539062e-02,-4.288915157318115234e+00,-2.116789340972900391e+00,3.373943805694580078e+00,4.304127216339111328e+00,8.623489737510681152e-01,5.754465103149414062e+00,-1.730585479736328125e+01,-1.978195381164550781e+01,-2.094821548461914062e+01,-1.956749725341796875e+01,-8.223089218139648438e+00,-5.377341270446777344e+00,-4.291771888732910156e+00,-1.129735469818115234e+00,1.696947336196899414e+00,4.852908134460449219e+00,1.840439796447753906e+00,-1.785431289672851562e+01,-1.600644683837890625e+01,-9.230039596557617188e+00,-1.479480934143066406e+01,-1.661439514160156250e+01,-7.678271770477294922e+00,-8.618219375610351562e+00,-5.884970664978027344e+00,-1.823954463005065918e+00,1.558725118637084961e+00,1.228530883789062500e+00,7.995098829269409180e-02,-1.276683521270751953e+01,-2.434933471679687500e+01,-2.178897857666015625e+01,-8.175386428833007812e+00,1.802579641342163086e+00,-5.862291336059570312e+00,-1.136520385742187500e+01,-1.411763954162597656e+01,-1.136048698425292969e+01,6.332886815071105957e-01,2.047421693801879883e+00,-1.992298662662506104e-01,-6.367509365081787109e+00,1.205960083007812500e+01,2.348162651062011719e+01,2.161274147033691406e+01,2.475695991516113281e+01,2.076963996887207031e+01,2.080180740356445312e+01,1.932118034362792969e+01,2.076285552978515625e+01,-1.557106399536132812e+01,-2.042584800720214844e+01,-1.257699012756347656e+01,-1.003280353546142578e+01,-8.176254272460937500e+00,-1.286387825012207031e+01,-1.368951416015625000e+01,-1.226693058013916016e+01,-8.964948654174804688e+00,-6.376274108886718750e+00,-4.967220306396484375e+00,-5.730657577514648438e+00,-7.475620269775390625e+00,-6.893100261688232422e+00,-6.738457202911376953e+00,-9.801413536071777344e+00,-1.046312904357910156e+01,-8.050920486450195312e+00,-6.558673858642578125e+00,-4.578183174133300781e+00,-3.802773475646972656e+00,-1.736871480941772461e+00,8.872199058532714844e-01,-1.261950731277465820e+00,-3.048672199249267578e+00,1.441888511180877686e-01,3.949210047721862793e-02,6.317529082298278809e-01,1.553173065185546875e-01,1.534146547317504883e+00,4.151729106903076172e+00,1.113169670104980469e+01,1.073531818389892578e+01,5.529877185821533203e+00,6.021232604980468750e+00,6.160402297973632812e+00,9.617094039916992188e+00,1.774467277526855469e+01,3.088086891174316406e+01,2.920965194702148438e+01,2.183735656738281250e+01,1.835835647583007812e+01,1.567044925689697266e+01,1.248266792297363281e+01,1.335437965393066406e+01,1.495683193206787109e+01,1.098355197906494141e+01,8.186282157897949219e+00,1.179372406005859375e+01,8.888807296752929688e+00,6.067168712615966797e+00,1.211036396026611328e+01,1.429551982879638672e+01,1.065008831024169922e+01,1.331646060943603516e+01,1.188510894775390625e+01,6.823889732360839844e+00,6.090598106384277344e+00,8.510049819946289062e+00,1.217569828033447266e+01,9.585790634155273438e+00,1.114777565002441406e+01,2.859262704849243164e+00,9.709772467613220215e-01,6.934451103210449219e+00,6.034832477569580078e+00,6.131234169006347656e+00,3.659012079238891602e+00,-7.556009769439697266e+00,-1.784938049316406250e+01,-2.165892028808593750e+01,-2.360207748413085938e+01,-2.672934341430664062e+01,-2.881953048706054688e+01,-3.360050964355468750e+01,-3.106749343872070312e+01,-2.481566238403320312e+01,-2.528926277160644531e+01,-1.807084274291992188e+01,-5.549053192138671875e+00,-4.671485424041748047e+00,-1.277874708175659180e-01,7.219443321228027344e+00,6.333986282348632812e+00,-2.332768440246582031e+00,-5.912971019744873047e+00,-7.470007419586181641e+00,2.926772832870483398e-01,6.525411009788513184e-01,-6.033056259155273438e+00,-1.198618125915527344e+01,-1.116781234741210938e+01,-1.259405803680419922e+01,-1.116718673706054688e+01,-1.271006393432617188e+01,-1.155982112884521484e+01,4.716820716857910156e+00,1.859626197814941406e+01,1.704800796508789062e+01,1.837767410278320312e+01,1.423428630828857422e+01,1.319361305236816406e+01,2.150807380676269531e+01,1.566412544250488281e+01,3.877748012542724609e+00,2.112597942352294922e+00,-7.200521230697631836e-01,5.499925613403320312e+00,1.718939781188964844e+01,1.814483261108398438e+01,1.848677062988281250e+01,1.540058803558349609e+01,6.408715724945068359e+00,-5.335278511047363281e-01,-6.730821132659912109e+00,-1.500105285644531250e+01,-1.774115753173828125e+01,-1.334638786315917969e+01,-6.735280036926269531e+00,-6.215966343879699707e-01,-8.195626139640808105e-01,-1.169334650039672852e+00,-1.151423835754394531e+01,-1.430264282226562500e+01,-1.709623146057128906e+01,-1.677922058105468750e+01,-1.253241539001464844e+01,2.984223127365112305e+00,2.116487121582031250e+01,3.095850563049316406e+01,1.327376174926757812e+01,-1.597816848754882812e+01,-3.709195709228515625e+01,-2.763549423217773438e+01,-8.851178169250488281e+00,-6.804230690002441406e+00,-8.278007507324218750e+00,-8.261205673217773438e+00,-1.808891868591308594e+01,-1.844547653198242188e+01,-8.424947738647460938e+00,2.742624580860137939e-01,1.219054508209228516e+01,1.985613059997558594e+01,2.358654022216796875e+01,2.312418746948242188e+01,2.297478103637695312e+01,1.533652687072753906e+01,1.384787940979003906e+01,3.961111068725585938e+00,2.220610141754150391e+00,4.120916366577148438e+00,2.337635993957519531e+00,1.047375297546386719e+01,-4.177273273468017578e+00,-9.031303405761718750e+00,-1.228359603881835938e+01,-1.205567932128906250e+01,-7.669406890869140625e+00,-8.374418258666992188e+00,-8.622651100158691406e+00,-5.199441432952880859e+00,-3.299839019775390625e+00,-6.269966125488281250e+00,-7.478243827819824219e+00,-2.305418252944946289e+00,8.076873779296875000e+00,2.433246135711669922e+00,-4.982427597045898438e+00,-1.153412628173828125e+01,-1.391358375549316406e+01,-8.295943737030029297e-01,1.535804176330566406e+01,1.624134445190429688e+01,1.017448425292968750e+00,-1.092727470397949219e+01,-1.495479774475097656e+01,-1.738074493408203125e+01,-7.006190299987792969e+00,-3.872809410095214844e+00,-4.735165119171142578e+00,-8.871034979820251465e-01,9.449515342712402344e-01,4.207571983337402344e+00,-8.512888550758361816e-01,-2.652853727340698242e+00,-3.539100646972656250e+00,-4.441232681274414062e+00,-6.364089012145996094e+00,3.914338827133178711e+00,1.161094093322753906e+01,8.728169441223144531e+00,-2.512880861759185791e-01,2.742325782775878906e+00,5.466920375823974609e+00,7.453136920928955078e+00,2.975083589553833008e+00,9.023337364196777344e-01,6.228773117065429688e+00,4.548865318298339844e+00,6.938567161560058594e+00,1.312125396728515625e+01,1.351650238037109375e+01,1.355970001220703125e+01,6.559191226959228516e+00,4.244294166564941406e+00,-1.624187469482421875e+00,-1.189693260192871094e+01,-1.176441383361816406e+01,-1.339054870605468750e+01,-1.323412132263183594e+01,-6.276046276092529297e+00,4.638157844543457031e+00,6.345828056335449219e+00,-1.755990219116210938e+01,-1.966684722900390625e+01,-2.123797225952148438e+01,-2.292640876770019531e+01,-1.600605583190917969e+01,-1.689443588256835938e+01,-2.303056240081787109e+00,5.498137474060058594e-01,-2.283695459365844727e+00,-3.377618551254272461e+00,-6.635709762573242188e+00,-5.667115211486816406e+00,1.858465075492858887e+00,5.436724662780761719e+00,4.426259994506835938e+00,-7.281017899513244629e-01,-8.350118398666381836e-01,-3.389708042144775391e+00,-3.092348337173461914e+00,-1.675231218338012695e+00,-5.693457126617431641e+00,4.324281692504882812e+00,1.721992301940917969e+01,1.710061645507812500e+01,1.814235687255859375e+01,1.726525306701660156e+01,1.122877979278564453e+01,1.337865734100341797e+01,1.041702270507812500e+01,1.086301040649414062e+01,-1.432826614379882812e+01,-2.054374694824218750e+01,-1.280837059020996094e+01,-9.777276039123535156e+00,-6.538431167602539062e+00,-4.793235778808593750e+00,1.412326097488403320e-01,3.828093767166137695e+00,1.006325721740722656e+01,1.326579570770263672e+01,1.593731880187988281e+01,1.980855941772460938e+01,1.466418075561523438e+01,7.427342414855957031e+00,3.368876934051513672e+00,1.216079139709472656e+01,-4.581930637359619141e+00,-1.831840705871582031e+01,-2.214508056640625000e+01,-2.591999053955078125e+01,-1.309598636627197266e+01,-1.481437921524047852e+00,4.731867790222167969e+00,5.688458919525146484e+00,3.649847745895385742e+00,1.510412693023681641e+01,2.520003128051757812e+01,2.698414039611816406e+01,2.018141174316406250e+01,1.204210853576660156e+01,8.184906005859375000e+00,3.300987243652343750e+00,-2.244347333908081055e-01,-7.744335174560546875e+00,-7.765222549438476562e+00,-6.033703327178955078e+00,-5.011206150054931641e+00,-2.836644649505615234e-01,3.481044292449951172e+00,-7.260028123855590820e-01,-5.144594669342041016e+00,-6.709436416625976562e+00,2.616680145263671875e+00,1.865392303466796875e+01,2.223287582397460938e+01,1.492643952369689941e+00,-1.564829254150390625e+01,-1.141979598999023438e+01,9.811534881591796875e-01,5.205284118652343750e+00,5.562231063842773438e+00,4.416386604309082031e+00,3.441749095916748047e+00,9.119827747344970703e-01,9.374560117721557617e-01,9.390687942504882812e+00,1.484163284301757812e+01,1.318824386596679688e+01,2.684507369995117188e+01,2.783076095581054688e+01,2.406972694396972656e+01,1.055675697326660156e+01,9.516897201538085938e+00,7.672338485717773438e+00,8.772157669067382812e+00,1.000399780273437500e+01,5.629578590393066406e+00,-5.987524986267089844e-03,3.670664787292480469e+00,7.925592899322509766e+00,1.647432327270507812e+01,2.620396041870117188e+01,2.270130538940429688e+01,1.549027442932128906e+01,1.420635032653808594e+01,1.308751678466796875e+01,1.487061023712158203e+01,1.352807903289794922e+01,5.729505538940429688e+00,1.307977080345153809e+00,4.930480957031250000e+00,5.273220062255859375e+00,2.494769334793090820e+00,1.573234796524047852e+00,8.087931632995605469e+00,1.815385437011718750e+01,2.675477790832519531e+01,2.419739913940429688e+01,1.016626930236816406e+01,7.614005088806152344e+00,1.126439857482910156e+01,1.198576736450195312e+01,1.297920227050781250e+01,1.025850200653076172e+01,1.313897037506103516e+01,7.798429965972900391e+00,6.753761291503906250e+00,1.024366092681884766e+01,1.316880226135253906e+01,1.552501296997070312e+01,1.330258560180664062e+01,1.622294235229492188e+01,9.019841194152832031e+00,5.019858360290527344e+00,9.979755401611328125e+00,1.709876632690429688e+01,1.808072471618652344e+01,1.306578350067138672e+01,9.920925140380859375e+00,3.223511695861816406e+00,-1.283617973327636719e+01,-2.494021058082580566e-01,9.721939086914062500e+00,1.046280097961425781e+01,2.654239177703857422e+00,-1.323009252548217773e+00,-6.995715141296386719e+00,-4.356424331665039062e+00,6.949481964111328125e-01,3.171598196029663086e+00,4.940558433532714844e+00,9.420944213867187500e+00,6.086757659912109375e+00,2.117416381835937500e+00,3.920921325683593750e+00,1.033506774902343750e+01,1.641643142700195312e+01,2.209996795654296875e+01,2.419568824768066406e+01,2.461955642700195312e+01,1.771740531921386719e+01,9.365540504455566406e+00,1.101164054870605469e+01,2.298722839355468750e+01,2.509045410156250000e+01,2.180055427551269531e+01,2.675605773925781250e+01,2.479631996154785156e+01,2.177192306518554688e+01,2.036526107788085938e+01,1.874881744384765625e+01,1.852091217041015625e+01,-2.853063583374023438e+00,-2.495523834228515625e+01,-2.014412307739257812e+01,-1.264809608459472656e+01,-1.178042984008789062e+01,-1.101016616821289062e+01,-5.478192329406738281e+00,-4.796534538269042969e+00,-3.632582426071166992e+00,-8.612955093383789062e+00,-1.126378250122070312e+01,-1.103631401062011719e+01,-1.103335666656494141e+01,-6.579724311828613281e+00,-3.285773277282714844e+00,-3.962319374084472656e+00,-2.064139366149902344e+00,3.820091724395751953e+00,5.969462871551513672e+00,7.617318153381347656e+00,1.010064315795898438e+01,1.390547752380371094e+01,8.985200881958007812e+00,4.733272075653076172e+00,3.697444915771484375e+00,5.905689239501953125e+00,-8.771539926528930664e-01,6.823064804077148438e+00,6.382678985595703125e+00,1.637615680694580078e+00,4.435320854187011719e+00,8.830013275146484375e+00,3.455919742584228516e+00,5.409283638000488281e+00,2.108569717407226562e+01,2.426625442504882812e+01,2.072456741333007812e+01,2.324514389038085938e+01,2.072087097167968750e+01,1.789055442810058594e+01,1.487787818908691406e+01,1.710281562805175781e+01,1.468738746643066406e+01,7.987911224365234375e+00,2.844614505767822266e+00,1.131571102142333984e+01,1.195171546936035156e+01,1.838800239562988281e+01,2.295789909362792969e+01,2.721304893493652344e+01,2.685064315795898438e+01,2.242669486999511719e+01,1.972204971313476562e+01,1.742411994934082031e+01,1.339059829711914062e+01,1.397171688079833984e+01,1.803841590881347656e+01,2.106163406372070312e+01,1.681222152709960938e+01,1.272998809814453125e+01,5.446995735168457031e+00,1.014134407043457031e+00,2.993130207061767578e+00,5.670522689819335938e+00,1.199455261230468750e+01,1.425203895568847656e+01,7.229216575622558594e+00,1.338444232940673828e+01,2.672271156311035156e+01,2.777115631103515625e+01,2.576894760131835938e+01,1.925959777832031250e+01,1.101368141174316406e+01,1.378162574768066406e+01,2.086839866638183594e+01,2.472203063964843750e+01,2.868748092651367188e+01,2.903544425964355469e+01,2.929170227050781250e+01,2.969553947448730469e+01,3.128963088989257812e+01,3.317582321166992188e+01,3.320512390136718750e+01,3.135411453247070312e+01,1.863033294677734375e+01,-3.679440736770629883e+00,-1.255685043334960938e+01,1.619179964065551758e+00,-2.977765083312988281e+00,-7.488158226013183594e+00,-4.362795829772949219e+00,-2.423635959625244141e+00,1.054946541786193848e+00,-1.622339524328708649e-02,3.113217830657958984e+00,1.093823623657226562e+01,1.446233940124511719e+01,1.452863216400146484e+01,1.679037857055664062e+01,1.970391082763671875e+01,2.359471511840820312e+01,1.902327537536621094e+01,1.377480411529541016e+01,8.949947357177734375e+00,4.825860023498535156e+00,2.980628728866577148e+00,-4.625637054443359375e+00,-8.712276458740234375e+00,-5.091366767883300781e+00,-5.754291534423828125e+00,-5.829027175903320312e+00,2.384670972824096680e-01,-2.608759164810180664e+00,-1.254626274108886719e+01,-1.092334175109863281e+01,-7.085143089294433594e+00,-5.351303100585937500e+00,-4.466249942779541016e+00,3.011889696121215820e+00,5.838649749755859375e+00,3.106785058975219727e+00,3.598347425460815430e+00,1.538993358612060547e+00,1.084461307525634766e+01,2.049150085449218750e+01,2.539705085754394531e+01,2.904345512390136719e+01,2.727748489379882812e+01,2.570196533203125000e+01,1.571497344970703125e+01,6.005124092102050781e+00,5.134576797485351562e+00,6.134586334228515625e+00,4.363618850708007812e+00,4.883955478668212891e+00,5.383705615997314453e+00,6.182748794555664062e+00,7.331482887268066406e+00,7.129920482635498047e+00,1.019923210144042969e+01,9.975214004516601562e+00,1.892888259887695312e+01,2.011887550354003906e+01,1.876315879821777344e+01,2.124648666381835938e+01,1.524032020568847656e+01,3.149516344070434570e+00,1.038386821746826172e+01,1.561335086822509766e+01,5.258274555206298828e+00,-7.567816257476806641e+00,-1.511340236663818359e+01,-8.842341899871826172e-01,9.296989440917968750e+00,7.279144763946533203e+00,1.377595901489257812e+01,1.784371948242187500e+01,1.592378425598144531e+01,1.450615787506103516e+01,1.253332233428955078e+01,1.296221542358398438e+01,1.328649806976318359e+01,9.873949050903320312e+00,7.614296913146972656e+00,1.437179851531982422e+01,1.504271316528320312e+01,1.382292842864990234e+01,7.699630737304687500e+00,7.877595901489257812e+00,1.230280494689941406e+01,1.441646385192871094e+01,1.508094882965087891e+01,9.191309928894042969e+00,1.875946283340454102e+00,-1.698124885559082031e+00,1.600030136108398438e+01,1.730660629272460938e+01,1.157281494140625000e+01,4.553187370300292969e+00,7.219279289245605469e+00,-4.074110031127929688e+00,-1.208653640747070312e+01,-1.126564407348632812e+01,-9.245109558105468750e+00,1.498192977905273438e+01,2.316851234436035156e+01,2.316235160827636719e+01,2.142252159118652344e+01,2.588371658325195312e+01,2.114525032043457031e+01,1.674030303955078125e+01,7.467255592346191406e+00,1.084032154083251953e+01,1.340791130065917969e+01,1.134074115753173828e+01,9.876370429992675781e+00,1.025776290893554688e+01,4.783549785614013672e+00,-6.340481281280517578e+00,-1.722278404235839844e+01,-2.029628753662109375e+01,-1.110140800476074219e+01,-2.107279539108276367e+00,7.377950668334960938e+00,1.056617164611816406e+01,1.481549739837646484e+01,1.706462478637695312e+01,1.130625724792480469e+01,1.024246788024902344e+01,6.022061824798583984e+00,4.381571292877197266e+00,3.315022468566894531e+00,1.009691715240478516e+00,1.981827989220619202e-02,2.818575620651245117e+00,1.958328336477279663e-01,-3.858002424240112305e+00,-7.341249942779541016e+00,-1.095144557952880859e+01,-1.852077484130859375e+01,-2.350730514526367188e+01,-1.900294494628906250e+01,-1.319632720947265625e+01,-1.351858234405517578e+01,-1.341283512115478516e+01,-1.119714355468750000e+01,-5.508464336395263672e+00,-2.375150203704833984e+00,4.110381007194519043e-01,2.294890403747558594e+00,-7.720122337341308594e-01,3.468637704849243164e+00,8.525148391723632812e+00,9.117827415466308594e+00,4.661549091339111328e+00,4.559015274047851562e+00,7.787607669830322266e+00,3.647321939468383789e+00,1.101228237152099609e+00,8.455246925354003906e+00,1.561861896514892578e+01,1.265524673461914062e+01,8.108912467956542969e+00,7.357951641082763672e+00,1.229181289672851562e+01,9.892035484313964844e+00,3.504395008087158203e+00,1.447967052459716797e+00,2.992582082748413086e+00,7.267023086547851562e+00,8.186708450317382812e+00,8.278167724609375000e+00,7.111491203308105469e+00,4.043275356292724609e+00,8.767416000366210938e+00,1.070277309417724609e+01,1.023190402984619141e+01,1.096298408508300781e+01,8.279705047607421875e+00,4.732277870178222656e+00,7.102628946304321289e-01,-1.811968922615051270e+00,7.478050589561462402e-01,1.811611175537109375e+00,1.377398133277893066e+00,6.037936210632324219e-01,-2.959680557250976562e+00,-2.957182526588439941e-01,1.154190254211425781e+01,2.405598449707031250e+01,2.146255683898925781e+01,1.341586112976074219e+01,2.034541606903076172e+00,-7.154533386230468750e+00,-5.316341400146484375e+00,-1.840864896774291992e+00,1.016209125518798828e+01,1.526286983489990234e+01,1.817456436157226562e+01,2.081675529479980469e+01,1.871933364868164062e+01,1.317394542694091797e+01,8.906469345092773438e+00,2.503939390182495117e+00,2.825031518936157227e+00,3.820636749267578125e+00,-7.619508504867553711e-01,5.687764167785644531e+00,3.510444641113281250e+00,2.747379779815673828e+00,-1.764377593994140625e+00,-4.496800422668457031e+00,-7.748061180114746094e+00,-3.866317272186279297e+00,1.316595554351806641e+00,1.066751480102539062e+01,1.213914871215820312e+01,6.121649742126464844e+00,-1.662792801856994629e+00,4.928174972534179688e+00,1.436609077453613281e+01,1.144690895080566406e+01,-5.487058639526367188e+00,-1.507340431213378906e+01,-1.791451263427734375e+01,-1.820880317687988281e+01,-2.255011367797851562e+01,-2.226818275451660156e+01,-1.644887924194335938e+01,-1.135108375549316406e+01,-8.719914436340332031e+00,-6.722700119018554688e+00,-5.175112724304199219e+00,-1.675150156021118164e+00,-3.879256725311279297e+00,-8.054936408996582031e+00,-8.717234611511230469e+00,-3.651903152465820312e+00,3.460850715637207031e+00,1.202606678009033203e+01,1.070857810974121094e+01,-3.452876567840576172e+00,-3.927116870880126953e+00,4.949160575866699219e+00,1.235569477081298828e+01,1.190974712371826172e+01,6.138793945312500000e+00,1.137521028518676758e+00,-1.471059679985046387e+00,-3.414382934570312500e+00,-5.580007553100585938e+00,-1.286440372467041016e+00,3.411771535873413086e+00,4.726217269897460938e+00,4.905758857727050781e+00,7.910919189453125000e-02,1.578192710876464844e-01,-1.969572067260742188e+00,-1.687620759010314941e+00,1.159502029418945312e+01,1.699209403991699219e+01,1.401378250122070312e+01,1.174828147888183594e+01,1.285071659088134766e+01,1.000622558593750000e+01,6.968870162963867188e+00,2.705305814743041992e+00,-2.122868537902832031e+00,1.201077818870544434e+00,-5.366638898849487305e-01,-9.362092018127441406e-01,7.343224525451660156e+00,4.006814956665039062e+00,-2.389676094055175781e+00,-3.488807678222656250e+00,1.297030067443847656e+01,1.132034111022949219e+01,8.659911751747131348e-01,5.583652496337890625e+00,7.376647949218750000e+00,1.964279937744140625e+01,2.348577117919921875e+01,1.445190525054931641e+01,1.314393043518066406e+01,1.508592796325683594e+01,1.654778289794921875e+01,1.607444000244140625e+01,9.490295410156250000e+00,-2.533734321594238281e+00,-8.631125450134277344e+00,1.014915275573730469e+01,1.849483871459960938e+01,2.182785797119140625e+01,2.335424804687500000e+01,2.550509071350097656e+01,2.120544815063476562e+01,1.711066436767578125e+01,1.542840385437011719e+01,-4.298252105712890625e+00,-1.254945945739746094e+01,-1.448015975952148438e+01,-8.183324813842773438e+00,-3.956025838851928711e+00,-6.571175456047058105e-01,-1.870739012956619263e-01,1.117553949356079102e+00,-4.434405326843261719e+00,-1.547201728820800781e+01,-1.524289321899414062e+01,-1.259202194213867188e+01,-1.697306990623474121e+00,-3.893698692321777344e+00,-2.848424911499023438e+00,7.917108535766601562e-01,-4.883444786071777344e+00,-4.811620712280273438e+00,-6.038011550903320312e+00,-4.062430381774902344e+00,2.394862174987792969e+00,1.405471801757812500e+01,1.572483062744140625e+01,-3.517600059509277344e+00,-1.357515907287597656e+01,-1.197859954833984375e+01,-9.033111572265625000e+00,-3.922430038452148438e+00,-2.948437690734863281e+00,-1.013395023345947266e+01,-1.707680320739746094e+01,-1.260964965820312500e+01,-5.961444854736328125e+00,-1.438879370689392090e-01,-7.499565482139587402e-01,4.954393386840820312e+00,4.402215957641601562e+00,-9.837661743164062500e+00,-3.486690139770507812e+01,-4.048474121093750000e+01,-4.001095199584960938e+01,-4.312860107421875000e+01,-3.662597656250000000e+01,-1.803688812255859375e+01,8.785257339477539062e+00,1.583572578430175781e+01,9.227106094360351562e+00,1.426142406463623047e+01,1.543983840942382812e+01,1.204928207397460938e+01,8.873649597167968750e+00,3.270970344543457031e+00,-1.015645027160644531e+01,-1.401491260528564453e+01,-3.467144012451171875e+00,5.120255470275878906e+00,9.912361145019531250e+00,1.613181304931640625e+01,1.834075927734375000e+01,2.135298919677734375e+01,1.923763656616210938e+01,1.178345870971679688e+01,2.014580917358398438e+01,2.536639022827148438e+01,2.322557067871093750e+01,8.487176895141601562e+00,7.186158895492553711e-01,-5.348172187805175781e+00,-7.653641700744628906e+00,-1.141736507415771484e+01,-1.377687549591064453e+01,-1.069222831726074219e+01,-7.297946929931640625e+00,-3.950113296508789062e+00,-7.827124595642089844e+00,-6.908956527709960938e+00,-5.830916404724121094e+00,-8.565449714660644531e+00,-7.214270591735839844e+00,-2.038230657577514648e+00,2.504842042922973633e+00,7.510943412780761719e+00,5.004605770111083984e+00,1.730177164077758789e+00,6.912189006805419922e+00,9.407930374145507812e+00,1.150379943847656250e+01,1.172235107421875000e+01,4.162075519561767578e+00,7.981035232543945312e+00,1.463745594024658203e+01,1.106787109375000000e+01,1.362946891784667969e+01,1.752374076843261719e+01,1.233240890502929688e+01,9.105660438537597656e+00,1.648408508300781250e+01,3.095973587036132812e+01,3.520607376098632812e+01,2.768645858764648438e+01,2.950982809066772461e+00,-1.848559761047363281e+01,-2.214606285095214844e+01,-2.095962142944335938e+01,-1.712248802185058594e+01,-1.099870300292968750e+01,-5.414565086364746094e+00,-1.193777680397033691e+00,-2.802960276603698730e-01,4.621148109436035156e+00,5.135972023010253906e+00,1.843724441528320312e+01,2.746592712402343750e+01,2.563811302185058594e+01,2.505758666992187500e+01,2.797573089599609375e+01,2.985271072387695312e+01,4.453904151916503906e+00,-1.323581504821777344e+01,-1.371396350860595703e+01,-9.042166709899902344e+00,-1.203351402282714844e+01,-1.305637550354003906e+01,-8.170528411865234375e+00,-5.876790046691894531e+00,-1.905973815917968750e+01,-1.658164215087890625e+01,-1.402965354919433594e+01,-1.376975536346435547e+01,-1.028853034973144531e+01,-1.528132247924804688e+01,-1.853853988647460938e+01,-2.023936080932617188e+01,-1.623045539855957031e+01,-1.642058181762695312e+01,-9.584058761596679688e+00,-3.559289216995239258e+00,1.270268440246582031e+01,1.785535049438476562e+01,2.123027420043945312e+01,2.369398307800292969e+01,2.568481063842773438e+01,1.540302658081054688e+01,8.497941970825195312e+00,1.212506294250488281e+01,-1.665210914611816406e+01,-2.214334487915039062e+01,-1.337574768066406250e+01,-6.310285568237304688e+00,-9.284523010253906250e+00,-1.244290924072265625e+01,-2.269547653198242188e+01,-2.945027160644531250e+01,-2.967247962951660156e+01,-2.334927368164062500e+01,-2.265395736694335938e+01,-1.187842178344726562e+01,-1.305025458335876465e+00,-7.022194862365722656e+00,-7.134579658508300781e+00,1.250743865966796875e-01,9.659042358398437500e-01,-2.362903654575347900e-01,-6.218876838684082031e+00,-9.639966964721679688e+00,-2.043488025665283203e+00,7.950661182403564453e+00,7.004154205322265625e+00,7.504877090454101562e+00,7.183475017547607422e+00,6.473491191864013672e+00,1.198414802551269531e+01,2.361393737792968750e+01,3.256315612792968750e+01,2.907475280761718750e+01,2.580956840515136719e+01,2.268689727783203125e+01,2.350519561767578125e+01,2.069900894165039062e+01,1.642603683471679688e+01,1.937786865234375000e+01,1.787218093872070312e+01,1.573477363586425781e+01,1.950712203979492188e+01,2.239719390869140625e+01,2.545770072937011719e+01,2.441656875610351562e+01,2.065579223632812500e+01,1.246319389343261719e+01,-4.511117935180664062e+00,-5.398563861846923828e+00,-1.988049983978271484e+00,-8.091038703918457031e+00,-1.745161819458007812e+01,-2.427373504638671875e+01,-2.989159393310546875e+01,-2.388402938842773438e+01,-2.272976303100585938e+01,-2.098668098449707031e+01,-3.013831615447998047e+00,2.006055068969726562e+01,2.441843032836914062e+01,2.535766983032226562e+01,2.875985908508300781e+01,2.883963775634765625e+01,1.574858665466308594e+01,3.405251026153564453e+00,7.761029720306396484e+00,8.746963500976562500e+00,1.091666507720947266e+01,1.046776390075683594e+01,1.515656280517578125e+01,1.209329223632812500e+01,6.211046695709228516e+00,1.170042872428894043e+00,7.097949385643005371e-01,-3.193929195404052734e+00,-6.302157402038574219e+00,-1.167569828033447266e+01,-1.378606796264648438e+01,-1.409424972534179688e+01,-7.163440227508544922e+00,-8.857179641723632812e+00,-1.507199406623840332e+00,1.002766990661621094e+01,1.692240333557128906e+01,1.799862670898437500e+01,1.359571933746337891e+01,1.152822113037109375e+01,1.162494277954101562e+01,1.307708930969238281e+01,1.160565853118896484e+01,-2.115831375122070312e+00,-2.979611456394195557e-01,2.913090944290161133e+00,4.776810169219970703e+00,1.278049468994140625e+01,4.831567287445068359e+00,-5.836698532104492188e+00,3.785541534423828125e+00,1.289839363098144531e+01,1.369339370727539062e+01,1.353507232666015625e+01,8.287076950073242188e+00,8.070909500122070312e+00,3.014593124389648438e+00,7.973012924194335938e+00,1.385276031494140625e+01,1.030076217651367188e+01,7.051946163177490234e+00,7.244532585144042969e+00,9.077300071716308594e+00,1.652409362792968750e+01,9.185037612915039062e+00,9.879050254821777344e+00,1.994525146484375000e+01,2.699100303649902344e+01,2.620417022705078125e+01,2.666837310791015625e+01,1.945750617980957031e+01,6.239781379699707031e+00,4.156486988067626953e-01,9.908894300460815430e-01,3.387552738189697266e+00,2.683948040008544922e+00,7.547462463378906250e+00,8.098476409912109375e+00,7.508008480072021484e+00,1.114488506317138672e+01,1.305027770996093750e+01,1.012695980072021484e+01,2.984773397445678711e+00,2.623247623443603516e+00,9.409131050109863281e+00,1.660908889770507812e+01,1.355174160003662109e+01,1.251393699645996094e+01,1.192968177795410156e+01,6.043764114379882812e+00,5.596152305603027344e+00,6.313117027282714844e+00,8.846977233886718750e+00,1.458756828308105469e+01,1.388134384155273438e+01,5.733188629150390625e+00,8.547513961791992188e+00,1.238569641113281250e+01,1.448623466491699219e+01,5.065135478973388672e+00,1.957826256752014160e+00,1.639379978179931641e+00,6.449610710144042969e+00,4.683308601379394531e+00,-5.257040858268737793e-01,9.863010406494140625e+00,1.255468177795410156e+01,1.591742515563964844e+01,9.359285354614257812e+00,6.091495037078857422e+00,9.509740829467773438e+00,4.482201576232910156e+00,8.219970703125000000e+00,8.789494514465332031e+00,7.448085784912109375e+00,3.208330154418945312e+00,4.637971520423889160e-01,3.942186594009399414e+00,7.341872215270996094e+00,7.295207023620605469e+00,2.495584487915039062e+00,1.388885378837585449e+00,9.077882766723632812e+00,8.501398086547851562e+00,4.537093162536621094e+00,3.034282207489013672e+00,1.357570934295654297e+01,2.184976577758789062e+01,1.735462379455566406e+01,1.209972190856933594e+01,1.048868560791015625e+01,8.620819091796875000e+00,7.896833419799804688e+00,1.258198165893554688e+01,9.836204528808593750e+00,5.997718811035156250e+00,8.178758621215820312e+00,1.233499813079833984e+01,1.603413009643554688e+01,1.787813568115234375e+01,1.885894012451171875e+01,1.463547897338867188e+01,1.383422660827636719e+01,1.573149299621582031e+01,1.103754901885986328e+01,8.236248970031738281e+00,9.060703277587890625e+00,1.026872444152832031e+01,9.114433288574218750e+00,1.142729282379150391e+01,7.456114768981933594e+00,7.849686622619628906e+00,5.949882507324218750e+00,8.763654708862304688e+00,8.726222991943359375e+00,1.144593524932861328e+01,1.119739723205566406e+01,1.235169219970703125e+01,1.300427818298339844e+01,1.241071891784667969e+01,-3.375959396362304688e+00,-1.334565162658691406e+01,-1.461226749420166016e+01,-1.497136497497558594e+01,-9.382662773132324219e+00,-1.398790031671524048e-01,1.600539779663085938e+01,3.622908020019531250e+01,3.620523834228515625e+01,3.814396667480468750e+01,2.297161483764648438e+01,1.256634330749511719e+01,1.353819084167480469e+01,1.604707336425781250e+01,1.538009643554687500e+01,6.154003143310546875e+00,2.968286991119384766e+00,-2.995247840881347656e+00,-8.408786773681640625e+00,-9.032363891601562500e+00,-8.363945007324218750e+00,-8.830448150634765625e+00,-3.639173984527587891e+00,1.146009206771850586e+00,3.700623989105224609e+00,2.096126079559326172e+00,-5.396319866180419922e+00,-2.265335845947265625e+01,-3.304885864257812500e+01,-2.864196014404296875e+01,-2.475879287719726562e+01,-2.105360794067382812e+01,-2.042375564575195312e+01,-1.054286575317382812e+01,5.043920993804931641e+00,7.540420532226562500e+00,4.384100914001464844e+00,7.487018108367919922e-01,2.046284228563308716e-01,6.572782039642333984e+00,7.108524322509765625e+00,5.169627189636230469e+00,1.933621883392333984e+00,5.620795249938964844e+00,-1.347625136375427246e+00,-1.159464645385742188e+01,-6.049326419830322266e+00,1.373906493186950684e+00,1.168282866477966309e+00,4.831852912902832031e-01,-1.649695873260498047e+00,-8.094198226928710938e+00,-1.273300361633300781e+01,-1.636031913757324219e+01,-1.440111160278320312e+01,-1.087228202819824219e+01,-7.208876609802246094e+00,-7.564016342163085938e+00,-1.155273628234863281e+01,-7.401265144348144531e+00,-3.878282546997070312e+00,2.465523481369018555e-01,2.180760145187377930e+00,1.872682929039001465e+00,-5.432306289672851562e+00,-1.360088586807250977e-01,-1.718550920486450195e+00,1.657633304595947266e+00,1.502898693084716797e+01,1.205989360809326172e+01,1.478904914855957031e+01,1.998326873779296875e+01,2.299910736083984375e+01,1.838669204711914062e+01,1.743544578552246094e+01,1.439447402954101562e+01,1.424199676513671875e+01,1.165637207031250000e+01,6.005846977233886719e+00,5.691698551177978516e+00,9.898229598999023438e+00,2.324789810180664062e+01,2.991608047485351562e+01,3.270930862426757812e+01,3.378797912597656250e+01,3.049040222167968750e+01,2.512982559204101562e+01,2.297824096679687500e+01,1.034540176391601562e+01,1.750641632080078125e+01,-1.210689735412597656e+01,-2.652995491027832031e+01,-2.768905830383300781e+01,-2.712957191467285156e+01,-2.404836654663085938e+01,-1.930700683593750000e+01,-1.743360328674316406e+01,-1.596203041076660156e+01,-1.243108749389648438e+01,-1.431814384460449219e+01,-1.713417816162109375e+01,-2.586148262023925781e+00,9.871415138244628906e+00,2.503652572631835938e+00,-1.741422295570373535e+00,1.992793083190917969e+00,9.516309738159179688e+00,4.627890586853027344e+00,2.195409774780273438e+00,1.707790493965148926e+00,6.188127517700195312e+00,1.232824325561523438e+01,8.673926353454589844e+00,4.485704421997070312e+00,7.186991572380065918e-01,1.233176589012145996e-01,-2.414077520370483398e+00,-2.499109029769897461e+00,-1.194923210144042969e+01,-1.395353889465332031e+01,-8.990097999572753906e+00,-4.178011417388916016e+00,-3.972380638122558594e+00,-2.142025232315063477e+00,-2.327802658081054688e+00,-7.931011199951171875e+00,-8.578741073608398438e+00,-5.673378944396972656e+00,5.440401434898376465e-01,1.781295418739318848e+00,9.224668502807617188e+00,1.016284179687500000e+01,-3.112782955169677734e+00,-7.723548889160156250e+00,-5.265451431274414062e+00,-1.083268165588378906e+00,1.019772148132324219e+01,2.172580528259277344e+01,2.036200332641601562e+01,2.690790557861328125e+01,3.545924377441406250e+01,3.766738128662109375e+01,3.243171691894531250e+01,2.431261062622070312e+01,2.895707368850708008e+00,-7.518139362335205078e+00,-1.084316635131835938e+01,-8.348649024963378906e+00,-9.558689117431640625e+00,-4.137363433837890625e+00,-2.286705493927001953e+00,-3.649616479873657227e+00,-8.978926658630371094e+00,-1.283360290527343750e+01,-1.161810302734375000e+01,-9.190708160400390625e+00,-4.637655735015869141e+00,-8.356109619140625000e+00,-7.819170951843261719e+00,-1.446852564811706543e+00,-1.242194414138793945e+00,-2.679489850997924805e+00,-1.065667152404785156e+00,-8.163471221923828125e-01,-2.126036167144775391e+00,1.418593645095825195e+00,3.367819070816040039e+00,-1.385820150375366211e+00,4.868741333484649658e-01,3.147363901138305664e+00,4.853179454803466797e-01,-2.825058221817016602e+00,-1.967223548889160156e+01,-1.900503158569335938e+01,-1.411511039733886719e+01,-1.036576652526855469e+01,-3.653983831405639648e+00,4.757452905178070068e-01,-1.595862627029418945e+00,-4.658959388732910156e+00,-1.248600959777832031e+01,-1.666852569580078125e+01,-1.892961311340332031e+01,-3.388171195983886719e+00,3.986409902572631836e+00,8.353469848632812500e+00,1.241964149475097656e+01,1.493000698089599609e+01,8.859429359436035156e+00,-1.610472679138183594e+01,-2.757942962646484375e+01,-2.434784126281738281e+01,-2.023092269897460938e+01,-1.796489524841308594e+01,-1.515048217773437500e+01,-1.430900764465332031e+01,-1.212982749938964844e+01,-3.978602886199951172e+00,4.264768600463867188e+00,4.207733154296875000e+00,-6.666636466979980469e+00,-4.164772629737854004e-01,9.044612884521484375e+00,7.274263858795166016e+00,3.866949081420898438e+00,-9.601823091506958008e-01,-6.451557159423828125e+00,-2.717180728912353516e+00,-5.456616401672363281e+00,-7.452614307403564453e+00,-3.318736314773559570e+00,4.812524318695068359e+00,7.600967407226562500e+00,7.387003421783447266e+00,9.994421958923339844e+00,1.165039062500000000e+01,1.140590286254882812e+01,1.411742782592773438e+01,1.053532791137695312e+01,4.700391292572021484e+00,1.442845463752746582e-01,1.185727596282958984e+01,2.133079528808593750e+01,1.436107540130615234e+01,1.068610095977783203e+01,9.559949874877929688e+00,2.438679218292236328e+00,-1.406041717529296875e+01,-1.835101699829101562e+01,-2.131224822998046875e+01,-2.238433647155761719e+01,-1.939073371887207031e+01,-1.435562705993652344e+01,-9.393255233764648438e+00,1.129065632820129395e+00,1.221704864501953125e+01,1.403647994995117188e+01,1.190320205688476562e+01,4.035171508789062500e+00,1.002169418334960938e+01,1.018104934692382812e+01,1.118340206146240234e+01,1.723174095153808594e+01,1.885086822509765625e+01,2.118841934204101562e+01,1.455051803588867188e+01,4.857430458068847656e+00,1.153185462951660156e+01,2.752985000610351562e+00,3.012881278991699219e+00,5.460750579833984375e+00,5.003745079040527344e+00,1.765464782714843750e+00,3.776338577270507812e+00,6.288677215576171875e+00,6.674329280853271484e+00,-4.721338272094726562e+00,2.603952586650848389e-01,8.174490928649902344e+00,1.698324775695800781e+01,1.462452316284179688e+01,1.189412784576416016e+01,6.267468452453613281e+00,-5.412343978881835938e+00,-6.259096145629882812e+00,-3.206493377685546875e+00,6.458329200744628906e+00,1.077337741851806641e+01,1.425526809692382812e+01,1.714150619506835938e+01,1.857767105102539062e+01,1.713050842285156250e+01,1.454948043823242188e+01,1.266093254089355469e+01,7.442398071289062500e+00,1.482162475585937500e-01,3.588351964950561523e+00,4.850506782531738281e+00,8.070716857910156250e+00,8.381130218505859375e+00,8.041773796081542969e+00,1.002135181427001953e+01,1.043434333801269531e+01,2.662910461425781250e+00,1.032070755958557129e+00,3.311355113983154297e+00,5.667568206787109375e+00,6.133373260498046875e+00,5.593777656555175781e+00,6.397221565246582031e+00,2.505406379699707031e+00,-1.696115016937255859e+00,-5.912013649940490723e-01,3.183965682983398438e+00,3.870748519897460938e+00,9.900579452514648438e+00,6.272781372070312500e+00,1.522853493690490723e+00,-2.400177955627441406e+00,4.891216754913330078e+00,1.030480957031250000e+01,4.589017868041992188e+00,-8.180511474609375000e+00,8.970572471618652344e+00,7.578481674194335938e+00,-1.205031633377075195e+00,-8.687397956848144531e+00,-3.225808382034301758e+00,3.685912847518920898e+00,-1.792390346527099609e+00,-7.053362846374511719e+00,-5.912295341491699219e+00,1.106844902038574219e+00,1.656038403511047363e+00,4.928513526916503906e+00,4.510221958160400391e+00,4.048245429992675781e+00,-6.643946170806884766e+00,-9.283447265625000000e-02,1.649505043029785156e+01,2.000043106079101562e+01,1.836447334289550781e+01,1.553617858886718750e+01,6.685602188110351562e+00,-3.671229362487792969e+00,-1.038103485107421875e+01,-6.979643821716308594e+00,-6.736928939819335938e+00,-6.394832611083984375e+00,8.277960777282714844e+00,1.244992637634277344e+01,1.155067253112792969e+01,1.090117073059082031e+01,1.300714874267578125e+01,5.191627502441406250e+00,-5.346483230590820312e+00,-1.486233592033386230e+00,1.532842445373535156e+01,2.013474655151367188e+01,1.577120018005371094e+01,8.778173446655273438e+00,5.063925743103027344e+00,5.297108650207519531e+00,1.154538726806640625e+01,2.585404777526855469e+01,3.296448516845703125e+01,3.102241134643554688e+01,3.120768356323242188e+01,2.725605392456054688e+01,2.456444168090820312e+01,2.025514984130859375e+01,1.979037284851074219e+01,2.099885940551757812e+01,1.068896293640136719e+01,-8.263297080993652344e+00,-1.314378356933593750e+01,-1.030720710754394531e+01,-6.359935760498046875e+00,-1.034426116943359375e+01,-1.008313846588134766e+01,-8.076045989990234375e+00,-3.556703805923461914e+00,1.243473172187805176e+00,-1.379773020744323730e+00,-7.015308380126953125e+00,-7.341348648071289062e+00,-3.779955148696899414e+00,-3.226900339126586914e+00,-2.762619972229003906e+00,-3.948290348052978516e+00,2.921025753021240234e+00,1.453405380249023438e+01,1.225004768371582031e+01,6.686961174011230469e+00,4.533533573150634766e+00,2.831404805183410645e-01,1.035081863403320312e+00,-8.174610137939453125e-01,-6.925864219665527344e+00,-8.588886260986328125e+00,-4.723371505737304688e+00,-3.762977123260498047e+00,-1.246403121948242188e+01,-2.580688858032226562e+01,-2.981655693054199219e+01,-2.889949989318847656e+01,-1.507715797424316406e+01,-1.381525278091430664e+00,2.986104488372802734e+00,6.504763603210449219e+00,1.191961097717285156e+01,1.477058410644531250e+01,1.779626083374023438e+01,1.729666328430175781e+01,6.009921073913574219e+00,-6.250630378723144531e+00,-1.008937835693359375e+01,-1.137417984008789062e+01,-5.270857334136962891e+00,4.793036580085754395e-01,1.748347997665405273e+00,5.105079412460327148e-01,-3.767290353775024414e+00,-1.236586809158325195e+00,-1.071193933486938477e+00,-2.132648944854736328e+00,-2.554884672164916992e+00,2.610482692718505859e+00,1.190675544738769531e+01,2.637284469604492188e+01,2.997435951232910156e+01,3.185789489746093750e+01,3.409732437133789062e+01,3.502408599853515625e+01,2.605037879943847656e+01,1.305055427551269531e+01,1.102198719978332520e+00,6.901426315307617188e+00,4.753473281860351562e+00,9.300723075866699219e-01,-1.044259166717529297e+01,-1.003340053558349609e+01,-6.841857910156250000e+00,-2.385843515396118164e+00,3.030043601989746094e+00,-4.189568758010864258e-01,1.122460722923278809e+00,4.243853569030761719e+00,2.768559455871582031e+00,1.761972904205322266e-02,1.310670733451843262e+00,1.335443496704101562e+00,2.433883666992187500e+00,4.677759170532226562e+00,3.880188941955566406e+00,3.363058090209960938e+00,3.714728593826293945e+00,1.726924061775207520e+00,2.275723934173583984e+00,3.897235393524169922e+00,5.529726982116699219e+00,6.220526695251464844e+00,5.236867904663085938e+00,4.434975147247314453e+00,1.988918542861938477e+00,3.297626972198486328e+00,7.930332183837890625e+00,7.948178291320800781e+00,2.388293027877807617e+00,5.337985992431640625e+00,1.290140724182128906e+01,1.262868118286132812e+01,9.280357360839843750e+00,6.773087501525878906e+00,8.674383163452148438e+00,1.266852760314941406e+01,1.069703674316406250e+01,7.479022979736328125e+00,8.068219184875488281e+00,1.006915092468261719e+01,4.490633487701416016e+00,2.561261177062988281e+00,1.411702919006347656e+01,1.388917922973632812e+01,1.091671371459960938e+01,8.083331108093261719e+00,7.198810100555419922e+00,4.493360042572021484e+00,5.553256273269653320e-01,6.804456710815429688e+00,8.318299293518066406e+00,1.386744689941406250e+01,2.358177947998046875e+01,2.805920410156250000e+01,5.070259571075439453e+00,-6.310263156890869141e+00,-7.259911537170410156e+00,-3.885114192962646484e+00,9.759169816970825195e-01,-3.046841144561767578e+00,-5.699678421020507812e+00,-6.311905860900878906e+00,-7.828937530517578125e+00,-1.087307834625244141e+01,-4.595569610595703125e+00,-2.631762504577636719e+00,-4.678726792335510254e-01,-1.594873905181884766e+00,-2.317282676696777344e+00,-9.437999725341796875e+00,-5.951317787170410156e+00,3.730422019958496094e+00,4.326252460479736328e+00,3.694369316101074219e+00,6.299317359924316406e+00,7.844154834747314453e+00,7.301216125488281250e+00,6.031212806701660156e+00,3.765573501586914062e+00,-4.796688079833984375e+00,-7.597349643707275391e+00,7.421049118041992188e+00,1.596945953369140625e+01,1.331585407257080078e+01,6.332091093063354492e-01,-6.016095161437988281e+00,-3.174777507781982422e+00,-1.505598902702331543e+00,-5.464065551757812500e+00,-1.092224121093750000e+00,8.741602897644042969e+00,1.004242134094238281e+01,5.658099174499511719e+00,3.899503231048583984e+00,2.614144086837768555e-01,2.602815628051757812e-03,5.648104190826416016e+00,4.758199691772460938e+00,-3.708279371261596680e+00,-1.406149768829345703e+01,-1.728704452514648438e+01,-2.277949905395507812e+01,-2.620232582092285156e+01,-2.498696708679199219e+01,-1.279839706420898438e+01,-4.550801753997802734e+00,-5.219798088073730469e+00,-7.910975933074951172e+00,-1.325666046142578125e+01,-1.265310859680175781e+01,-1.365481567382812500e+01,-1.506372356414794922e+01,-1.447025489807128906e+01,-1.502440071105957031e+01,1.363413691520690918e+00,1.894332885742187500e+01,2.823800277709960938e+01,2.938882827758789062e+01,1.849925613403320312e+01,1.197345161437988281e+01,9.765293121337890625e+00,7.612120151519775391e+00,7.029255390167236328e+00,3.397505283355712891e+00,4.552295684814453125e+00,1.841074371337890625e+01,2.177584266662597656e+01,2.735424423217773438e+01,3.074200439453125000e+01,3.038890075683593750e+01,3.132481956481933594e+01,2.649039268493652344e+01,1.862876319885253906e+01,1.096721649169921875e+01,-3.396729469299316406e+00,5.527196884155273438e+00,2.421238708496093750e+01,2.213607215881347656e+01,8.286193847656250000e+00,4.544243335723876953e+00,8.945482254028320312e+00,8.473937988281250000e+00,4.223972320556640625e+00,5.870849609375000000e+00,4.976138114929199219e+00,1.988788604736328125e+00,5.424563884735107422e-01,6.198224067687988281e+00,9.402313232421875000e+00,7.405877113342285156e+00,8.315155029296875000e+00,1.141732788085937500e+01,1.359038734436035156e+01,8.808904647827148438e+00,8.905593872070312500e+00,5.967313766479492188e+00,7.064372062683105469e+00,6.387869358062744141e+00,6.052280426025390625e+00,7.934920310974121094e+00,1.043977165222167969e+01,1.131089782714843750e+01,9.624117851257324219e+00,7.822059631347656250e+00,7.845601081848144531e+00,1.029476737976074219e+01,6.542895317077636719e+00,-7.549655914306640625e+00,-5.690642356872558594e+00,-3.898944854736328125e+00,-3.971872329711914062e+00,-5.465461730957031250e+00,-1.700235843658447266e+00,3.465861320495605469e+00,-2.324202537536621094e+00,-1.029774761199951172e+01,-4.675179481506347656e+00,1.323327422142028809e+00,-5.065718650817871094e+00,-7.795003890991210938e+00,-4.214100837707519531e+00,2.136004447937011719e+00,8.890079498291015625e+00,6.952912807464599609e+00,9.472528457641601562e+00,1.557467269897460938e+01,1.177342987060546875e+01,1.068916511535644531e+01,1.548979759216308594e+01,1.186209106445312500e+01,2.065788650512695312e+01,2.219985580444335938e+01,1.129803657531738281e+01,7.575500965118408203e+00,1.134173774719238281e+01,7.572270870208740234e+00,6.679050922393798828e+00,1.644886398315429688e+01,2.116007614135742188e+01,2.034250450134277344e+01,2.875219154357910156e+01,3.771471405029296875e+01,3.115034866333007812e+01,6.345087528228759766e+00,-5.845738410949707031e+00,-3.162029385566711426e-01,1.433899021148681641e+01,2.505714035034179688e+01,2.955184555053710938e+01,2.559447479248046875e+01,1.792253875732421875e+01,1.132739448547363281e+01,1.148898887634277344e+01,1.736207389831542969e+01,1.970088577270507812e+01,1.534220981597900391e+01,1.159280395507812500e+01,1.634682846069335938e+01,1.780813026428222656e+01,1.135521697998046875e+01,1.420425224304199219e+01,1.486953639984130859e+01,8.492973327636718750e+00,6.287904739379882812e+00,1.009667968750000000e+01,8.504219055175781250e+00,6.547070026397705078e+00,1.334571242332458496e+00,3.794429302215576172e+00,2.716274261474609375e+00,5.048490524291992188e+00,8.008006095886230469e+00,3.964308261871337891e+00,-1.442427754402160645e+00,-1.169737434387207031e+01,-1.744358062744140625e+01,-2.211982345581054688e+01,-2.125228118896484375e+01,-2.094472885131835938e+01,-8.880769729614257812e+00,-1.026561021804809570e+00,7.008790016174316406e+00,-2.117395782470703125e+01,-2.988768386840820312e+01,-3.025537490844726562e+01,-2.688578033447265625e+01,-1.223634243011474609e+01,-8.668372154235839844e+00,-7.387205600738525391e+00,-1.484730052947998047e+01,-1.525511264801025391e+01,-7.909594058990478516e+00,-8.191399574279785156e+00,-5.850288391113281250e+00,-2.295380592346191406e+00,6.770054101943969727e-01,1.810353517532348633e+00,3.921240806579589844e+00,4.025709629058837891e+00,2.960302591323852539e+00,9.673528671264648438e+00,2.608540344238281250e+01,2.894946289062500000e+01,2.465498924255371094e+01,1.856981277465820312e+01,8.663362503051757812e+00,8.312698364257812500e+00,7.717887878417968750e+00,4.520796775817871094e+00,-4.215923786163330078e+00,-1.646201133728027344e+01,-1.997630691528320312e+01,-1.546196460723876953e+01,-1.855305480957031250e+01,-1.540227794647216797e+01,-3.536699295043945312e+00,6.571993827819824219e+00,1.579715251922607422e+01,2.094672775268554688e+01,2.791087150573730469e+01,2.904577445983886719e+01,2.533045387268066406e+01,-8.461727142333984375e+00,-2.953797149658203125e+01,-2.536421966552734375e+01,-2.267779731750488281e+01,-1.950128173828125000e+01,-1.335993385314941406e+01,-6.564157485961914062e+00,-3.105621814727783203e+00,-2.070670604705810547e+00,-6.121630191802978516e+00,-8.357355117797851562e+00,-4.541519165039062500e+00,-4.563643932342529297e+00,-4.053815841674804688e+00,1.426270008087158203e+00,-1.525699377059936523e+00,-4.136456012725830078e+00,-8.603291511535644531e+00,-1.699752807617187500e+01,-1.840430831909179688e+01,-1.363218116760253906e+01,-3.284607410430908203e+00,3.328049182891845703e-01,1.168608069419860840e+00,1.573734641075134277e+00,-1.353595972061157227e+00,3.740295410156250000e+00,3.349211215972900391e+00,8.074321746826171875e+00,1.277767372131347656e+01,7.969615459442138672e+00,-2.498778551816940308e-01,-5.916399955749511719e+00,-9.773044586181640625e+00,-1.090999412536621094e+01,-9.979162216186523438e+00,-4.392350196838378906e+00,-1.877300858497619629e+00,-5.081587791442871094e+00,9.097201824188232422e-01,1.331545162200927734e+01,1.411198139190673828e+01,2.032944107055664062e+01,1.955311584472656250e+01,2.020479965209960938e+01,1.012085533142089844e+01,-7.805881500244140625e-01,-1.651438713073730469e+01,-2.669903945922851562e+01,-2.970076370239257812e+01,-2.427175140380859375e+01,-1.782427978515625000e+01,-7.262946128845214844e+00,-4.498609006404876709e-01,8.949211120605468750e+00,4.681733608245849609e+00,-1.212746381759643555e+00,-1.589667797088623047e+00,1.933666944503784180e+00,3.332570552825927734e+00,-2.198498964309692383e+00,2.438425540924072266e+00,2.191630935668945312e+01,1.784899520874023438e+01,3.822097301483154297e+00,-2.865704298019409180e+00,1.901752114295959473e+00,9.121688842773437500e+00,1.361322593688964844e+01,1.507928085327148438e+01,1.276264858245849609e+01,9.429181098937988281e+00,9.531239509582519531e+00,6.170804977416992188e+00,7.343419075012207031e+00,1.286250305175781250e+01,1.921992874145507812e+01,2.427358627319335938e+01,2.167508697509765625e+01,1.953560447692871094e+01,1.485176372528076172e+01,1.460752296447753906e+01,1.386938953399658203e+01,1.239352464675903320e+00,2.279682636260986328e+00,5.946381092071533203e+00,-1.055918312072753906e+01,-2.067488479614257812e+01,-1.211017131805419922e+01,1.714298963546752930e+00,4.445115566253662109e+00,-8.818410634994506836e-01,2.289788722991943359e+00,4.531874656677246094e+00,7.630553245544433594e+00,9.273843765258789062e+00,7.120983123779296875e+00,4.633765697479248047e+00,6.997555255889892578e+00,7.500751018524169922e+00,1.106269240379333496e+00,4.635099411010742188e+00,1.031270217895507812e+01,2.500419425964355469e+01,2.543545913696289062e+01,1.909172058105468750e+01,2.053913879394531250e+01,2.529207229614257812e+01,2.638233184814453125e+01,1.854809951782226562e+01,1.156007575988769531e+01,1.162545871734619141e+01,8.702391624450683594e+00,4.091156959533691406e+00,-2.345250844955444336e+00,-4.307019710540771484e+00,-7.475293159484863281e+00,-1.570870590209960938e+01,-2.408571243286132812e+01,-2.695546150207519531e+01,-1.339429283142089844e+01,4.130033493041992188e+00,1.643202400207519531e+01,2.369001388549804688e+01,1.397350120544433594e+01,1.571094226837158203e+01,1.515645027160644531e+01,1.311127281188964844e+01,1.389167976379394531e+01,1.218311119079589844e+01,9.704800605773925781e+00,6.063714981079101562e+00,1.034916877746582031e+01,1.071075630187988281e+01,7.377692222595214844e+00,6.609135627746582031e+00,7.677070617675781250e+00,4.872809410095214844e+00,2.437025547027587891e+00,1.658131790161132812e+01,2.113418006896972656e+01,1.269865703582763672e+01,1.243607521057128906e+01,1.767636108398437500e+01,1.932943534851074219e+01,2.561275100708007812e+01,2.391312026977539062e+01,2.349308395385742188e+01,2.164029502868652344e+01,2.172056961059570312e+01,1.995270919799804688e+01,1.117588233947753906e+01,4.206101417541503906e+00,3.798379421234130859e+00,4.610387802124023438e+00,6.177753448486328125e+00,8.696106910705566406e+00,1.151755714416503906e+01,1.029973220825195312e+01,1.006042671203613281e+01,7.430229187011718750e+00,4.500498771667480469e+00,-1.801016092300415039e+00,-1.406555747985839844e+01,-1.814230918884277344e+01,-1.695642852783203125e+01,-5.913722991943359375e+00,3.694759130477905273e+00,7.756520748138427734e+00,1.089455795288085938e+01,7.885013580322265625e+00,-5.118756294250488281e-01,8.355357646942138672e-01,5.911388397216796875e+00,6.508776664733886719e+00,6.309493064880371094e+00,9.153505325317382812e+00,1.015132713317871094e+01,5.376843452453613281e+00,6.162771701812744141e+00,4.946004867553710938e+00,1.291230201721191406e+00,6.773694038391113281e+00,1.280473041534423828e+01,1.184913253784179688e+01,7.759102344512939453e+00,4.949261665344238281e+00,9.374766349792480469e+00,1.176307201385498047e+01,1.643054962158203125e+01,1.005026435852050781e+01,3.781948566436767578e+00,4.776604652404785156e+00,7.126585960388183594e+00,1.052411556243896484e+01,9.804899215698242188e+00,1.007474613189697266e+01,1.618607711791992188e+01,1.931942749023437500e+01,1.268355369567871094e+01,1.696786880493164062e+01,-7.506135463714599609e+00,-1.503254508972167969e+01,-5.274192810058593750e+00,-9.869308471679687500e+00,-1.071103572845458984e+01,-6.290740966796875000e+00,1.728913426399230957e+00,6.566309928894042969e+00,7.677833557128906250e+00,8.442375183105468750e+00,3.537686824798583984e+00,-8.374058723449707031e+00,-1.135305786132812500e+01,-1.851599884033203125e+01,-1.716930007934570312e+01,-7.225234031677246094e+00,-3.516402006149291992e+00,-7.098263740539550781e+00,9.714329242706298828e-02,1.203114748001098633e+00,9.206650853157043457e-01,4.200500488281250000e+00,1.279245758056640625e+01,1.545280075073242188e+01,9.916281700134277344e+00,4.406910896301269531e+00,-7.250364780426025391e+00,-9.740188598632812500e+00,6.980839371681213379e-01,1.253497695922851562e+01,1.696127700805664062e+01,1.127437210083007812e+01,1.017208003997802734e+01,1.767606163024902344e+01,1.996801948547363281e+01,1.197298526763916016e+01,-2.642276525497436523e+00,-5.726714134216308594e+00,-1.053537845611572266e+01,-1.133378791809082031e+01,-1.269436931610107422e+01,-2.556855964660644531e+01,-3.557450103759765625e+01,-3.885475158691406250e+01,-3.661845397949218750e+01,-2.789905357360839844e+01,-1.906049728393554688e+01,-1.423985195159912109e+01,-1.431203651428222656e+01,-1.663093566894531250e+01,-1.138946628570556641e+01,-6.448993682861328125e+00,-1.381788444519042969e+01,-1.393370723724365234e+01,-5.605206489562988281e+00,-1.975988149642944336e+00,-6.351490974426269531e+00,-4.031117439270019531e+00,-1.093788743019104004e+00,5.390748977661132812e+00,3.019792139530181885e-01,-4.909241199493408203e-01,1.300579309463500977e+00,-2.378528594970703125e+00,-3.711773633956909180e+00,-1.977006316184997559e+00,-1.150945091247558594e+01,-1.226430511474609375e+01,-5.198837280273437500e+00,7.603987216949462891e+00,1.195752620697021484e+01,1.447331428527832031e+01,1.986882591247558594e+01,1.719964790344238281e+01,1.489712905883789062e+01,-6.130168914794921875e+00,-2.195606994628906250e+01,-2.909895515441894531e+01,-2.721209526062011719e+01,-2.638987159729003906e+01,-2.279569625854492188e+01,-2.216569328308105469e+01,-1.502799987792968750e+01,-1.508786582946777344e+01,-1.863612365722656250e+01,-2.415972900390625000e+01,-2.080970001220703125e+01,-5.148266792297363281e+00,3.860840559005737305e+00,6.205777645111083984e+00,9.903960227966308594e+00,1.162774658203125000e+01,8.134262084960937500e+00,-1.729103028774261475e-01,-8.653685569763183594e+00,-1.095029354095458984e+01,-5.221549034118652344e+00,7.643183708190917969e+00,1.275407886505126953e+01,8.890206336975097656e+00,6.417801380157470703e+00,-6.215190887451171875e-02,-3.314023971557617188e+00,-3.836750984191894531e-01,3.123143434524536133e+00,1.108859252929687500e+01,1.717980575561523438e+01,2.272218704223632812e+01,2.432505035400390625e+01,1.824143218994140625e+01,7.644599914550781250e+00,8.658074378967285156e+00,1.367599296569824219e+01,1.502791690826416016e+01,1.070860481262207031e+01,1.541728305816650391e+01,1.205941581726074219e+01,-4.337954521179199219e+00,-1.147665977478027344e+01,-1.563465499877929688e+01,-9.719285011291503906e+00,1.253514766693115234e+00,-6.123286485671997070e-01,-7.231630086898803711e-01,-4.408075332641601562e+00,-4.530668258666992188e+00,-3.588048458099365234e+00,-2.401105403900146484e+00,1.498680830001831055e+00,1.071245908737182617e+00,5.564798712730407715e-01,4.659119606018066406e+00,3.630194187164306641e+00,-2.230561494827270508e+00,2.543878555297851562e-02,7.728451728820800781e+00,8.779625892639160156e+00,8.797571182250976562e+00,7.052660465240478516e+00,8.850346565246582031e+00,2.251274108886718750e+00,4.671519756317138672e+00,8.344033956527709961e-01,-1.317938208580017090e+00,9.108779907226562500e+00,9.574806213378906250e+00,9.463018417358398438e+00,-1.101130199432373047e+01,-1.850718688964843750e+01,-1.626205825805664062e+01,-1.667084121704101562e+01,-2.201072311401367188e+01,-2.475490379333496094e+01,-2.428767585754394531e+01,-2.197694778442382812e+01,-3.060151672363281250e+01,-2.419165420532226562e+01,-1.552719879150390625e+01,-1.300744342803955078e+01,-4.206164360046386719e+00,5.446293830871582031e+00,8.618289947509765625e+00,-1.255796909332275391e+01,-2.438993835449218750e+01,-2.506416702270507812e+01,-2.231767082214355469e+01,-2.267966842651367188e+01,-7.187624454498291016e+00,-7.301185607910156250e+00,-1.301233863830566406e+01,-3.907330989837646484e+00,6.965329647064208984e-01,2.961356639862060547e+00,8.297561645507812500e+00,1.222737979888916016e+01,5.607537269592285156e+00,-1.043700814247131348e+00,-1.071744441986083984e+00,-1.134809875488281250e+01,-1.446283912658691406e+01,-1.307126426696777344e+01,-8.807621955871582031e+00,-2.703853130340576172e+00,6.326701641082763672e+00,7.312901496887207031e+00,1.206113815307617188e+01,-3.653842210769653320e+00,-8.753611564636230469e+00,-3.036324024200439453e+00,1.818342590332031250e+01,2.773142623901367188e+01,2.256391143798828125e+01,1.786691856384277344e+01,1.666438293457031250e+01,-1.007126331329345703e+01,-3.932205963134765625e+01,-5.005003738403320312e+01,-4.812903594970703125e+01,-5.305152893066406250e+01,-4.949261474609375000e+01,-3.282453918457031250e+01,-2.144257926940917969e+01,-2.474554061889648438e+01,-2.512258911132812500e+01,-2.467882728576660156e+01,-2.123010635375976562e+01,-1.626701736450195312e+01,-1.216570663452148438e+01,-8.059728622436523438e+00,-6.880695343017578125e+00,-9.852158546447753906e+00,-1.325720787048339844e+01,-6.503146171569824219e+00,-1.379312753677368164e+00,-5.901426315307617188e+00,-2.334407806396484375e+00,6.603479385375976562e+00,9.008823394775390625e+00,1.171223068237304688e+01,1.288619613647460938e+01,9.552297592163085938e+00,-3.287916183471679688e+00,-9.333400726318359375e+00,-6.537921428680419922e+00,-1.146568059921264648e+00,2.655446767807006836e+00,7.336216449737548828e+00,1.012920284271240234e+01,8.158698081970214844e+00,4.245572090148925781e+00,8.616853713989257812e+00,8.974546432495117188e+00,1.379737854003906250e+01,1.220383071899414062e+01,1.360031223297119141e+01,1.425494194030761719e+01,9.281551361083984375e+00,-2.230691671371459961e+00,2.166491985321044922e+00,4.936886429786682129e-01,-7.193902015686035156e+00,-3.719633817672729492e+00,2.166430473327636719e+00,2.618575811386108398e+00,9.281659126281738281e+00,1.353670692443847656e+01,1.245311546325683594e+01,1.934981465339660645e+00,-1.035175323486328125e+01,-1.169236755371093750e+01,-1.005275154113769531e+01,-1.002859354019165039e+00,-3.953028917312622070e+00,-4.482584953308105469e+00,5.694647789001464844e+00,1.391954231262207031e+01,1.348400688171386719e+01,-1.429225206375122070e+00,-1.172806549072265625e+01,-1.182197475433349609e+01,-7.013298511505126953e+00,-6.487285137176513672e+00,-4.846060752868652344e+00,2.635949134826660156e+00,8.940590858459472656e+00,1.259402370452880859e+01,-2.584867477416992188e+00,-1.264736557006835938e+01,-1.169503402709960938e+01,-1.234218215942382812e+01,3.325147390365600586e+00,1.734266281127929688e+01,1.751852416992187500e+01,8.747199058532714844e+00,-2.901316881179809570e-01,-7.011892318725585938e+00,-7.010540962219238281e+00,-3.064553022384643555e+00,-1.632689714431762695e+00,-3.893252849578857422e+00,2.904965877532958984e+00,-2.863139867782592773e+00,-7.281860351562500000e+00,-1.140666007995605469e+01,-1.625643920898437500e+01,-1.848321151733398438e+01,-1.244746208190917969e+01,2.625635862350463867e-01,2.606454133987426758e+00,-2.836803913116455078e+00,-1.933355689048767090e+00,-1.942535042762756348e+00,-2.515201091766357422e+00,-3.235597133636474609e+00,-5.136590480804443359e+00,9.535138607025146484e-01,2.244731187820434570e+00,-1.874763488769531250e+00,3.080342292785644531e+00,-1.590220212936401367e+00,-2.968072891235351562e+00,-9.927171707153320312e+00,-1.099555015563964844e+01,-1.450675964355468750e+01,-1.229019737243652344e+01,2.119137525558471680e+00,7.602225303649902344e+00,1.014056301116943359e+01,1.051077938079833984e+01,4.528446197509765625e+00,4.391564130783081055e-01,2.022067546844482422e+00,6.393470764160156250e+00,1.150257968902587891e+01,4.832146167755126953e+00,-1.123440551757812500e+01,-1.940119552612304688e+01,-1.689912223815917969e+01,-4.422707557678222656e+00,4.258879184722900391e+00,1.342403221130371094e+01,1.803829002380371094e+01,1.595763969421386719e+01,-3.024825334548950195e+00,-5.883060455322265625e+00,2.275044918060302734e+00,4.420248985290527344e+00,1.895716071128845215e+00,7.138516426086425781e+00,1.794201087951660156e+01,2.300020217895507812e+01,1.239667510986328125e+01,-1.180623817443847656e+01,-2.466180992126464844e+01,-2.383032417297363281e+01,-2.358628845214843750e+01,-2.339193153381347656e+01,-1.702201843261718750e+01,-9.930999755859375000e+00,-1.226015377044677734e+01,-1.386762237548828125e+01,-1.815680122375488281e+01,-1.165389251708984375e+01,-3.545248270034790039e+00,-3.016802310943603516e+00,-1.022025489807128906e+01,-1.236497879028320312e+01,-1.058617019653320312e+01,-1.574263000488281250e+01,-2.639312362670898438e+01,-3.422023010253906250e+01,-3.059400749206542969e+01,-9.391778945922851562e+00,5.060819149017333984e+00,1.100109100341796875e+01,9.513886451721191406e+00,5.746358871459960938e+00,1.025944709777832031e+01,-1.054057884216308594e+01,-3.012091827392578125e+01,-3.457624816894531250e+01,-3.151161766052246094e+01,-2.540045547485351562e+01,-2.815027999877929688e+01,-3.049433135986328125e+01,-2.281134796142578125e+01,-1.498792648315429688e+01,-1.215937995910644531e+01,-1.264043426513671875e+01,-1.746302795410156250e+01,-1.454815196990966797e+01,-1.144468307495117188e+01,-1.278809165954589844e+01,-1.156282234191894531e+01,-1.596025466918945312e+01,-1.817280006408691406e+01,-1.018851280212402344e+01,-8.253287315368652344e+00,-3.513504981994628906e+00,-4.040779113769531250e+00,-6.212539196014404297e+00,-5.426339149475097656e+00,8.312368392944335938e-02,1.726515054702758789e+00,1.074475288391113281e+00,-8.846483826637268066e-01,-1.168289947509765625e+01,-1.529997062683105469e+01,-5.817309379577636719e+00,7.437060356140136719e+00,1.640740013122558594e+01,2.300347137451171875e+01,2.157501029968261719e+01,2.273049926757812500e+01,2.232493591308593750e+01,2.412980651855468750e+01,2.462602233886718750e+01,1.836485290527343750e+01,1.314906787872314453e+01,1.153213119506835938e+01,4.489887237548828125e+00,-1.465711021423339844e+01,-2.897023773193359375e+01,-2.698414993286132812e+01,-2.368565750122070312e+01,-1.685241508483886719e+01,-1.511361503601074219e+01,-1.425521850585937500e+01,-9.429532051086425781e+00,-1.026111221313476562e+01,-1.321787357330322266e+01,1.845625162124633789e+00,1.205187416076660156e+01,4.148798942565917969e+00,-3.041663551330566406e+01,-3.944618225097656250e+01,-3.483327484130859375e+01,-2.716484832763671875e+01,-1.508361244201660156e+01,-2.237767934799194336e+00,-2.991085052490234375e-01,-6.525705814361572266e+00,-1.817147445678710938e+01,-2.295718574523925781e+01,-2.310589218139648438e+01,-1.316972923278808594e+01,-7.594369411468505859e+00,-7.258084297180175781e+00,-3.152302742004394531e+00,-2.448813915252685547e+00,-4.603077888488769531e+00,-7.147184371948242188e+00,-8.994903564453125000e+00,-1.327793121337890625e+01,-1.228706359863281250e+01,-1.662086868286132812e+01,-1.900714492797851562e+01,-1.287231349945068359e+01,-4.922827720642089844e+00,-6.026603698730468750e+00,-2.542677879333496094e+00,-4.343733787536621094e-01,-3.463462829589843750e+00,-3.469620943069458008e+00,-7.907546997070312500e+00,-7.580243110656738281e+00,1.878721475601196289e+00,7.937106490135192871e-01,-2.612814903259277344e+00,-4.303503036499023438e+00,9.481658339500427246e-01,5.479783058166503906e+00,4.754956722259521484e+00,2.214410066604614258e+00,-8.988022804260253906e-03,2.963058948516845703e+00,4.066707134246826172e+00,3.545767068862915039e-01,-1.490862131118774414e+00,1.419450759887695312e+00,4.674692153930664062e+00,6.009514808654785156e+00,8.006324768066406250e+00,4.698360443115234375e+00,2.111841440200805664e+00,3.265546083450317383e+00,7.874266624450683594e+00,1.139163780212402344e+01,6.700102806091308594e+00,3.635087966918945312e+00,6.741622924804687500e+00,9.008670806884765625e+00,1.177401924133300781e+01,1.303516101837158203e+01,5.227526664733886719e+00,8.649187088012695312e+00,7.179914951324462891e+00,4.058792114257812500e+00,4.563078880310058594e+00,3.646879673004150391e+00,-2.512561082839965820e-01,-1.241760635375976562e+01,-1.045221519470214844e+01,-5.476380586624145508e-01,1.724724888801574707e+00,-1.346260547637939453e+00,1.031915760040283203e+01,9.756752014160156250e+00,8.997220993041992188e+00,1.060801696777343750e+01,6.374868392944335938e+00,5.938828945159912109e+00,3.709737300872802734e+00,8.257285118103027344e+00,6.860088348388671875e+00,-9.027125239372253418e-01,-9.447355270385742188e+00,-1.078365707397460938e+01,-6.561259269714355469e+00,-6.670250892639160156e-01,3.154847323894500732e-01,2.040836095809936523e+00,2.259430885314941406e+00,-4.611431360244750977e-01,1.587970376014709473e+00,-1.693623065948486328e-01,-3.844609737396240234e+00,-5.426644802093505859e+00,-1.112605667114257812e+01,-2.436223030090332031e+01,-2.953502273559570312e+01,-2.802188110351562500e+01,-1.844095039367675781e+01,-1.516103935241699219e+01,-1.118990707397460938e+01,-1.001816844940185547e+01,-5.290802955627441406e+00,1.352320909500122070e+00,4.367180347442626953e+00,7.369116783142089844e+00,6.795357227325439453e+00,7.136921882629394531e+00,5.306643486022949219e+00,2.898945093154907227e+00,2.605990886688232422e+00,-7.194583415985107422e-01,-5.272456407546997070e-01,5.204694271087646484e-01,-6.681053042411804199e-01,-6.055483818054199219e+00,-5.071106433868408203e+00,-9.539927244186401367e-01,5.423749446868896484e+00,5.413130760192871094e+00,-2.038394927978515625e+00,-2.048566341400146484e+00,-1.377963066101074219e+00,-4.481503963470458984e+00,-2.742662906646728516e+00,9.265961647033691406e+00,-1.125499343872070312e+01,-2.737455558776855469e+01,-3.727059173583984375e+01,-3.421055603027343750e+01,-3.207249450683593750e+01,-2.776919937133789062e+01,-2.207570075988769531e+01,-1.694857025146484375e+01,-6.625676155090332031e+00,-2.754411220550537109e+00,-1.139559388160705566e+00,-1.507626175880432129e+00,2.167703151702880859e+00,4.779392242431640625e+00,8.233047485351562500e+00,1.139159393310546875e+01,9.262809753417968750e+00,2.874068260192871094e+00,-2.087188243865966797e+00,1.492108583450317383e+00,-1.311629486083984375e+01,-7.196290016174316406e+00,6.033484458923339844e+00,1.492696952819824219e+01,8.965503692626953125e+00,-3.201800346374511719e+00,-6.941471099853515625e+00,-1.810221195220947266e+00,1.565534114837646484e+01,1.915417861938476562e+01,1.356846046447753906e+01,1.348194694519042969e+01,1.567055511474609375e+01,9.906579971313476562e+00,7.502177238464355469e+00,6.165107727050781250e+00,6.246039390563964844e+00,6.342782974243164062e-01,-3.533904314041137695e+00,-1.644058227539062500e+01,-2.345484161376953125e+01,-2.992205429077148438e+01,-3.144010925292968750e+01,-2.389796066284179688e+01,-2.026008605957031250e+01,-1.954203796386718750e+01,-1.804164314270019531e+01,-1.426690483093261719e+01,-1.461094665527343750e+01,-1.111996173858642578e+01,-7.668845653533935547e+00,-5.689990520477294922e+00,-2.156506538391113281e+00,-2.445133209228515625e+01,-1.802073669433593750e+01,-5.000269412994384766e+00,8.088876008987426758e-01,3.632205486297607422e+00,-1.366559600830078125e+01,-2.474497985839843750e+01,-2.787086486816406250e+01,-2.848852729797363281e+01,-2.026927185058593750e+01,-1.511974620819091797e+01,-1.506255817413330078e+01,-1.662030410766601562e+01,-2.327132797241210938e+01,-1.402540016174316406e+01,5.268983840942382812e+00,1.406736183166503906e+01,2.186929321289062500e+01,1.320272350311279297e+01,9.205772399902343750e+00,1.191240882873535156e+01,8.578406333923339844e+00,-8.322165012359619141e-01,-1.339574337005615234e+00,-5.372538566589355469e+00,-9.081481933593750000e+00,-1.724730491638183594e+01,-1.462126922607421875e+01,-1.067249774932861328e+00,9.716192245483398438e+00,1.366912460327148438e+01,2.644975662231445312e+00,-2.571355819702148438e+00,-2.993726968765258789e+00,-4.132879257202148438e+00,-4.109773635864257812e-01,2.452289104461669922e+00,-5.671179294586181641e-01,4.239759922027587891e+00,2.877109050750732422e+00,-4.030338823795318604e-01,-4.000183939933776855e-01,2.142847776412963867e+00,9.804197311401367188e+00,9.144408226013183594e+00,6.812897682189941406e+00,4.150934696197509766e+00,4.958538055419921875e+00,8.296629905700683594e+00,6.918998241424560547e+00,3.176410675048828125e+00,1.660502195358276367e+00,4.910841464996337891e+00,1.147574424743652344e+01,4.944081306457519531e+00,5.715404033660888672e+00,-2.134243011474609375e+01,-2.196463203430175781e+01,-2.508317947387695312e+00,1.224153232574462891e+01,1.510028743743896484e+01,1.370615196228027344e+01,9.692929267883300781e+00,1.014028358459472656e+01,5.321199417114257812e+00,-1.691024780273437500e+00,-2.141839504241943359e+00,-1.053506135940551758e+00,-2.821248769760131836e+00,-2.715509176254272461e+00,5.467289686203002930e-01,6.283916473388671875e+00,2.382595777511596680e+00,-1.379589080810546875e+01,-2.602562713623046875e+01,-2.717622566223144531e+01,-1.596343708038330078e+01,3.468928813934326172e+00,1.693622970581054688e+01,1.790554809570312500e+01,2.279549217224121094e+01,1.733999633789062500e+01,6.470504760742187500e+00,-1.713516235351562500e+01,-3.367153930664062500e+01,-3.425651550292968750e+01,-2.204227256774902344e+01,-1.465557575225830078e+01,-9.132741928100585938e+00,-1.126198959350585938e+01,-1.290748500823974609e+01,-2.209768295288085938e+01,-1.977926063537597656e+01,-1.965754699707031250e+01,-2.065178680419921875e+01,-2.144343185424804688e+01,-1.985007476806640625e+01,-9.794006347656250000e+00,-5.863286495208740234e+00,-7.883780479431152344e+00,-2.309925556182861328e+00,5.649508476257324219e+00,8.085621833801269531e+00,1.216679763793945312e+01,6.180164337158203125e+00,-2.792613983154296875e+00,6.103414058685302734e+00,1.521745395660400391e+01,2.331736373901367188e+01,1.960718154907226562e+01,1.586166763305664062e+01,-3.510287284851074219e+00,-1.636100578308105469e+01,-1.441182136535644531e+01,-1.776100158691406250e+01,-2.838126373291015625e+01,-2.857028579711914062e+01,-2.821405601501464844e+01,-1.817228889465332031e+01,-8.777245521545410156e+00,-8.932100296020507812e+00,-8.636936187744140625e+00,-1.009309387207031250e+01,-1.089047527313232422e+01,-1.038044261932373047e+01,-1.144550895690917969e+01,-8.329202651977539062e+00,-9.770467758178710938e+00,-9.699298858642578125e+00,-1.288573265075683594e+01,-1.204996681213378906e+01,-9.134791374206542969e+00,-1.220114898681640625e+01,-1.394244003295898438e+01,-1.470864105224609375e+01,-1.452193641662597656e+01,-1.144123268127441406e+01,-1.006323051452636719e+01,-1.158520507812500000e+01,-1.162974357604980469e+01,-8.251991271972656250e+00,-8.494477272033691406e+00,-6.141683578491210938e+00,-6.909578323364257812e+00,-4.909326553344726562e+00,-7.811077833175659180e-01,4.195807456970214844e+00,7.183517456054687500e+00,8.351005554199218750e+00,1.007212734222412109e+01,8.533354759216308594e+00,5.617161750793457031e+00,7.043967247009277344e+00,1.261502742767333984e+01,1.570587444305419922e+01,1.137652587890625000e+01,-8.107536315917968750e+00,-1.376849365234375000e+01,-1.131326389312744141e+01,-1.041551494598388672e+01,-1.603894615173339844e+01,-1.716497802734375000e+01,-6.462364196777343750e+00,-9.949883222579956055e-01,-1.370316886901855469e+01,-1.526452541351318359e+01,-2.185100078582763672e+00,6.296041488647460938e+00,7.518633365631103516e+00,6.103101730346679688e+00,7.206543922424316406e+00,1.058997726440429688e+01,5.769019126892089844e+00,3.927111148834228516e+00,3.701109409332275391e+00,5.998225688934326172e+00,-6.923879384994506836e-01,-5.758512496948242188e+00,-1.225557804107666016e+00,-1.514615416526794434e+00,-4.746012687683105469e+00,-2.053268432617187500e+01,-1.764047241210937500e+01,-8.684438705444335938e+00,-1.604754924774169922e+00,-1.803411674499511719e+01,-3.733807373046875000e+01,-4.511862182617187500e+01,-3.959365844726562500e+01,-3.703625488281250000e+01,-2.973196411132812500e+01,-2.753277206420898438e+01,-2.655402946472167969e+01,-2.348172378540039062e+01,-1.727043151855468750e+01,-1.264840698242187500e+01,-1.428509712219238281e+01,-1.232647705078125000e+01,-7.770158767700195312e+00,-8.794219970703125000e+00,-3.257969856262207031e+00,1.080513477325439453e+01,8.069330215454101562e+00,-2.084412765502929688e+01,-2.998698806762695312e+01,-3.613226318359375000e+01,-2.817183685302734375e+01,-1.026075553894042969e+01,-1.485511779785156250e+01,-1.965412521362304688e+01,-1.519741630554199219e+01,-4.938396453857421875e+00,-7.888707160949707031e+00,-6.976117610931396484e+00,1.102176070213317871e+00,2.193222045898437500e-01,5.023672580718994141e-01,-2.011157512664794922e+00,-2.843794345855712891e+00,1.653927803039550781e+00,5.604808926582336426e-01,2.446495056152343750e+00,8.279273986816406250e+00,1.366335296630859375e+01,9.302453994750976562e+00,6.605704784393310547e+00,2.066615104675292969e+00,-2.408574676513671875e+01,-2.463479232788085938e+01,-1.761236953735351562e+01,-1.040527725219726562e+01,-6.310804367065429688e+00,-4.112005233764648438e+00,-2.037207603454589844e+00,-4.853018283843994141e+00,-9.994013309478759766e-01,1.011953115463256836e+00,-4.512354850769042969e+00,-2.267221689224243164e+00,6.491827011108398438e+00,5.211960315704345703e+00,2.863738298416137695e+00,3.101943016052246094e+00,1.843392133712768555e+00,2.449545860290527344e+00,4.654535293579101562e+00,7.851627349853515625e+00,6.202380180358886719e+00,3.221438884735107422e+00,1.602317094802856445e+00,4.997079849243164062e+00,1.331294536590576172e+01,1.363788604736328125e+01,9.678075790405273438e+00,3.585869669914245605e-01,-1.306160736083984375e+01,-1.161603736877441406e+01,-3.627078533172607422e+00,7.201971054077148438e+00,1.179604339599609375e+01,4.434666156768798828e+00,1.206730008125305176e-01,1.009461784362792969e+01,4.598926067352294922e+00,-9.328140258789062500e+00,-1.275530719757080078e+01,-1.707535552978515625e+01,-1.276615524291992188e+01,-7.243828773498535156e+00,-2.828833460807800293e-01,4.333893060684204102e-01,-4.720218658447265625e+00,-1.960204839706420898e+00,5.091383934020996094e+00,5.225540399551391602e-01,1.952740788459777832e+00,1.021790981292724609e+01,4.396640300750732422e+00,-1.115269851684570312e+01,-1.892288589477539062e+01,-1.672631072998046875e+01,-1.468879508972167969e+01,-1.225022792816162109e+01,-9.567190170288085938e+00,-1.295849609375000000e+01,-1.827399444580078125e+01,-1.276055145263671875e+01,-1.088239908218383789e+00,-1.059671044349670410e+00,-2.018827438354492188e+00,-2.120882511138916016e+00,-2.237603664398193359e+00,-8.846118927001953125e+00,-1.248441123962402344e+01,-1.261204814910888672e+01,-1.148341560363769531e+01,-1.318952465057373047e+01,-1.871475219726562500e+01,-2.847124099731445312e+01,-3.886356735229492188e+01,-4.515124130249023438e+01,-4.665422821044921875e+01,-4.473069763183593750e+01,-3.853757476806640625e+01,-3.258769989013671875e+01,-3.022368240356445312e+01,-2.556842041015625000e+01,-2.606414413452148438e+01,-2.269779968261718750e+01,-1.996437072753906250e+01,-1.514134311676025391e+01,-1.033645629882812500e+01,-5.018501281738281250e+00,-1.191621398925781250e+01,-1.747761726379394531e+01,-1.688594818115234375e+01,-1.998031234741210938e+01,-2.211610794067382812e+01,-1.621342086791992188e+01,-7.800456047058105469e+00,-7.374158859252929688e+00,-1.009173965454101562e+01,-1.581828212738037109e+01,-2.572798156738281250e+01,-3.477124023437500000e+01,-2.964868545532226562e+01,-1.918253707885742188e+01,-1.391851806640625000e+01,-1.734278106689453125e+01,-1.768888854980468750e+01,-1.049165248870849609e+01,1.267297983169555664e+00,1.230637741088867188e+01,2.048937606811523438e+01,1.262512016296386719e+01,4.367363929748535156e+00,-1.679388880729675293e+00,-3.906378269195556641e+00,-2.160240173339843750e+00,1.000220060348510742e+00,1.936727643013000488e+00,3.296214580535888672e+00,3.017698764801025391e+00,-8.912527084350585938e+00,-2.390914535522460938e+01,-2.277396011352539062e+01,-1.093998908996582031e+01,-3.418318271636962891e+00,-5.044524669647216797e+00,-4.776762008666992188e+00,-1.173833847045898438e+01,-1.213582420349121094e+01,-1.103467178344726562e+01,-1.164511489868164062e+01,2.895491600036621094e+00,1.296108627319335938e+01,2.065481376647949219e+01,2.273684310913085938e+01,2.246338653564453125e+01,2.415788841247558594e+01,2.154710769653320312e+01,1.896036148071289062e+01,1.062635993957519531e+01,-2.368864059448242188e+01,-3.084659194946289062e+01,-2.240593338012695312e+01,-1.949869537353515625e+01,-1.808459854125976562e+01,-7.407506942749023438e+00,-1.163584947586059570e+00,-4.510519981384277344e+00,-1.080691337585449219e+01,-1.168383789062500000e+01,-1.170297241210937500e+01,-6.954660415649414062e+00,-8.551287651062011719e-02,-4.939408302307128906e+00,-2.413775622844696045e-01,-2.057834625244140625e+00,-3.662920713424682617e+00,-1.079068183898925781e+01,-1.713509941101074219e+01,-1.863922119140625000e+01,-2.520629119873046875e+01,-3.312125396728515625e+01,-3.539553070068359375e+01,-4.443557739257812500e+01,-4.315844345092773438e+01,-3.888238906860351562e+01,-2.721147918701171875e+01,-1.697269439697265625e+01,-1.819094300270080566e+00,-4.507266044616699219e+00,-5.053881645202636719e+00,-3.514030933380126953e+00,-3.409555435180664062e+00,-8.136528730392456055e-01,-2.069485664367675781e+00,-2.100800037384033203e+00,2.057423889636993408e-01,3.916907310485839844e+00,5.213893890380859375e+00,4.759898185729980469e+00,7.689592838287353516e+00,1.060791397094726562e+01,1.487885093688964844e+01,1.204640102386474609e+01,6.515888690948486328e+00,-1.558331727981567383e+00,-9.522733688354492188e+00,-9.548339843750000000e+00,-3.863147258758544922e+00,-2.447776317596435547e+00,8.427240371704101562e+00,8.484666824340820312e+00,2.616055011749267578e+00,-4.143676757812500000e+00,-1.431380844116210938e+01,-2.088593673706054688e+01,-1.340906524658203125e+01,-4.996100425720214844e+00,-5.214763641357421875e+00,-4.042232513427734375e+00,1.057508468627929688e+01,1.924529647827148438e+01,1.598765373229980469e+01,1.147057771682739258e+00,-1.445065307617187500e+01,-1.496415615081787109e+01,-6.215446949005126953e+00,9.832513928413391113e-01,8.971006393432617188e+00,1.010908317565917969e+01,4.364914894104003906e+00,-2.894183397293090820e+00,-1.064809679985046387e+00,-1.345042824745178223e+00,-6.853851318359375000e+00,-4.137742996215820312e+00,2.533718347549438477e+00,1.455246543884277344e+01,1.334164619445800781e+01,7.252250671386718750e+00,7.739157676696777344e-01,-9.234976768493652344e-02,4.575078010559082031e+00,5.037431240081787109e+00,-3.249676227569580078e-01,-1.139028072357177734e-01,-8.739773035049438477e-01,2.923590421676635742e+00,2.772386074066162109e+00,1.180286169052124023e+00,5.068977355957031250e+00,5.343806266784667969e+00,-1.491829156875610352e+00,3.802325248718261719e+00,3.064186096191406250e+00,-1.018671417236328125e+01,-6.176390647888183594e+00,-1.143303203582763672e+01,-1.623753738403320312e+01,-1.875495147705078125e+01,-2.273091125488281250e+01,-3.038921356201171875e+01,-2.414677429199218750e+01,-4.202814579010009766e+00,-2.960690855979919434e-01,-3.138474464416503906e+00,-3.393669605255126953e+00,-4.103811264038085938e+00,-1.203260040283203125e+01,-1.765709686279296875e+01,-1.484064292907714844e+01,-1.049859142303466797e+01,4.489749908447265625e+00,1.510408878326416016e+01,1.755224800109863281e+01,1.718897056579589844e+01,2.131575012207031250e+01,2.448463439941406250e+01,1.628097724914550781e+01,-2.629872131347656250e+01,-3.075275802612304688e+01,-3.242906951904296875e+01,-3.757555007934570312e+01,-4.517435455322265625e+01,-4.913880920410156250e+01,-4.142388153076171875e+01,-2.858237838745117188e+01,-1.939051628112792969e+01,-1.091086578369140625e+01,4.531259536743164062e+00,9.421668052673339844e+00,1.165937995910644531e+01,1.223808097839355469e+01,9.177589416503906250e+00,9.076849937438964844e+00,7.059521198272705078e+00,-8.338195800781250000e+00,-2.790747070312500000e+01,-3.399472808837890625e+01,-3.294055938720703125e+01,-2.688064575195312500e+01,-1.957761001586914062e+01,-1.699495697021484375e+01,-1.557339572906494141e+01,-1.357330417633056641e+01,-1.057136249542236328e+01,-5.717210769653320312e+00,-3.850632190704345703e+00,-3.160498142242431641e+00,-5.735610961914062500e+00,-1.931880712509155273e+00,1.839398145675659180e+00,9.244475364685058594e+00,8.931100845336914062e+00,-3.846847116947174072e-01,-2.267588424682617188e+01,-2.893760490417480469e+01,-3.099000930786132812e+01,-2.790014648437500000e+01,-3.049535369873046875e+01,-3.000971221923828125e+01,-2.542807388305664062e+01,-1.507265663146972656e+01,-6.290447235107421875e+00,-8.691669702529907227e-01,-5.931541442871093750e+00,-7.344643115997314453e+00,-3.998751878738403320e+00,3.395606517791748047e+00,6.290864467620849609e+00,4.696959018707275391e+00,7.263599395751953125e+00,1.257864189147949219e+01,3.833188295364379883e+00,3.384207725524902344e+00,7.639214038848876953e+00,1.493738412857055664e+00,-6.015956401824951172e+00,-2.282352066040039062e+01,-1.768021011352539062e+01,-7.653956413269042969e+00,-6.065993309020996094e-01,1.082764863967895508e+00,3.846267700195312500e+00,1.053983020782470703e+01,8.266855239868164062e+00,-1.510895729064941406e+00,-1.008682632446289062e+01,-5.909028053283691406e+00,1.234719944000244141e+01,1.285548782348632812e+01,8.059663772583007812e-01,-1.086491584777832031e+01,-1.206699466705322266e+01,-9.268281936645507812e+00,-2.919997215270996094e+00,-2.962693929672241211e+00,-4.811622619628906250e+00,-1.572505235671997070e+00,2.571190595626831055e-01,-1.448677778244018555e+00,9.541299343109130859e-01,8.048908114433288574e-01,2.437084674835205078e+00,4.869602203369140625e+00,7.790580749511718750e+00,7.061825752258300781e+00,-1.716033101081848145e+00,-7.956227302551269531e+00,-4.027209877967834473e-01,6.724344253540039062e+00,3.455396890640258789e+00,1.374364018440246582e+00,3.244130611419677734e+00,8.677878379821777344e+00,9.229769706726074219e+00,-2.539834213256835938e+01,-3.103451156616210938e+01,-2.563228607177734375e+01,-2.587659454345703125e+01,-2.538006591796875000e+01,-1.614884567260742188e+01,-1.535415172576904297e+01,-1.549829864501953125e+01,-1.347285461425781250e+01,-5.723489761352539062e+00,-2.269114494323730469e+00,-6.635892391204833984e+00,-2.802936315536499023e+00,-4.220132827758789062e+00,3.324530124664306641e-01,1.384810638427734375e+01,1.685527801513671875e+01,1.434402084350585938e+01,1.511619567871093750e+01,2.006664848327636719e+01,1.369111633300781250e+01,4.961693763732910156e+00,-1.576613616943359375e+01,-3.531646728515625000e+01,-2.753650093078613281e+01,-1.888988494873046875e+01,-1.286734199523925781e+01,-1.489019966125488281e+01,-1.768943786621093750e+01,-1.210953235626220703e+01,-1.653057670593261719e+01,-1.318990230560302734e+01,-9.858167648315429688e+00,-1.217436695098876953e+01,-7.906158447265625000e+00,-1.221871757507324219e+01,-1.379118061065673828e+01,-1.125360679626464844e+01,3.969509601593017578e-01,8.020891189575195312e+00,1.081167030334472656e+01,2.184341049194335938e+01,2.040820693969726562e+01,2.215676689147949219e+01,1.134442520141601562e+01,-4.264275550842285156e+00,-9.251128196716308594e+00,-1.686162352561950684e+00,6.210564613342285156e+00,1.094772720336914062e+01,1.255439758300781250e+01,5.221528053283691406e+00,-3.789688825607299805e+00,-6.739969730377197266e+00,-1.687844848632812500e+01,-2.604703903198242188e+01,-2.288748359680175781e+01,-1.839592552185058594e+01,-1.147141551971435547e+01,-8.176996231079101562e+00,-9.871009826660156250e+00,-1.301846504211425781e+01,-1.454020309448242188e+01,-1.201712417602539062e+01,-4.288008213043212891e+00,1.822525501251220703e+00,1.277623772621154785e+00,5.368363857269287109e+00,-2.273870468139648438e+00,-8.621106147766113281e+00,-2.074406051635742188e+01,-2.342747116088867188e+01,-1.695462989807128906e+01,-7.275894165039062500e+00,-5.283450603485107422e+00,-4.018270015716552734e+00,-7.248752593994140625e+00,-9.998653411865234375e+00,-6.698321819305419922e+00,-5.076124668121337891e+00,-9.857078790664672852e-01,2.593095779418945312e+00,5.883657455444335938e+00,1.928289413452148438e+00,3.407639026641845703e+00,1.013380432128906250e+01,9.028884887695312500e+00,7.637646675109863281e+00,1.610077285766601562e+01,1.655405235290527344e+01,1.464941692352294922e+01,1.530384826660156250e+01,1.364869213104248047e+01,1.507245635986328125e+01,1.391684627532958984e+01,5.891026020050048828e+00,2.710857152938842773e+00,5.067172050476074219e+00,-1.087469696998596191e+00,-2.214230537414550781e+00,8.195909261703491211e-01,2.180779576301574707e-01,6.648745059967041016e+00,8.221130371093750000e+00,6.968693733215332031e+00,1.690928220748901367e+00,-2.562212944030761719e+00,1.031366467475891113e+00,1.022423362731933594e+01,1.368509483337402344e+01,9.087205886840820312e+00,3.971078157424926758e+00,1.097528934478759766e-01,3.181056976318359375e+00,5.325079917907714844e+00,3.944365739822387695e+00,2.916815519332885742e+00,-2.082136154174804688e+01,-1.104167366027832031e+01,1.180190753936767578e+01,1.067965316772460938e+01,-7.544286727905273438e+00,-2.298583221435546875e+01,-1.319927883148193359e+01,-7.530944347381591797e+00,-7.060771942138671875e+00,-8.851785659790039062e+00,-1.060961151123046875e+01,-6.264352321624755859e+00,8.589538574218750000e+00,1.230397605895996094e+01,1.460676002502441406e+01,1.495726013183593750e+01,9.364879608154296875e+00,7.476761341094970703e+00,-1.718310165405273438e+01,-3.230331420898437500e+01,-3.069893264770507812e+01,-2.470532035827636719e+01,-1.716536331176757812e+01,-4.600324630737304688e+00,-1.234254360198974609e+00,-5.599507808685302734e+00,-1.371852874755859375e+01,-1.552249526977539062e+01,-1.572324371337890625e+01,-2.026834487915039062e+01,-3.344255828857421875e+01,-2.990848541259765625e+01,-1.779277229309082031e+01,-3.447246074676513672e+00,5.422701835632324219e-01,-3.912781953811645508e+00,-5.467356681823730469e+00,-3.116679668426513672e+00,-2.194088220596313477e+00,7.215884685516357422e+00,1.203135871887207031e+01,-2.203351259231567383e+00,-9.505989074707031250e+00,-1.838764572143554688e+01,-2.851427841186523438e+01,-2.733982849121093750e+01,-2.349377059936523438e+01,-2.356521987915039062e+01,-2.036662673950195312e+01,-2.009211349487304688e+01,-1.883627700805664062e+01,-1.620681953430175781e+01,-1.335820388793945312e+01,-9.577260971069335938e+00,-6.343569755554199219e+00,-8.046037673950195312e+00,-6.745752334594726562e+00,-7.137688636779785156e+00,-1.053429603576660156e+01,-6.068056106567382812e+00,-3.911482810974121094e+00,-3.638934135437011719e+00,-4.358072280883789062e+00,2.070521116256713867e+00,7.382349014282226562e+00,3.363482475280761719e+00,-1.034584522247314453e+00,3.795488595962524414e+00,-8.350568771362304688e+00,-1.145238685607910156e+01,-8.585039138793945312e+00,-1.128930664062500000e+01,-1.283065605163574219e+01,-1.184474563598632812e+01,-1.856268692016601562e+01,-1.789556884765625000e+01,-1.321991729736328125e+01,-1.039481353759765625e+01,-1.416647243499755859e+01,-1.236375522613525391e+01,-7.786077976226806641e+00,-1.070973777770996094e+01,-3.859131336212158203e+00,9.256261825561523438e+00,-6.409615039825439453e+00,-2.203197097778320312e+01,-2.325353050231933594e+01,-1.053991127014160156e+01,-1.303802490234375000e+01,-1.377574062347412109e+01,-7.162413597106933594e+00,2.901428222656250000e+00,8.450400352478027344e+00,6.150820255279541016e+00,8.307090759277343750e+00,1.531540679931640625e+01,1.370463848114013672e+01,4.550268650054931641e+00,4.216671466827392578e+00,1.051760101318359375e+01,5.915712356567382812e+00,-9.850032806396484375e+00,-1.484411048889160156e+01,-1.061194229125976562e+01,9.443268775939941406e+00,1.567686462402343750e+01,1.461565208435058594e+01,4.159176826477050781e+00,2.242597341537475586e+00,7.238024711608886719e+00,6.715097427368164062e+00,6.410490036010742188e+00,1.531629276275634766e+01,1.759857940673828125e+01,1.822579574584960938e+01,1.764359092712402344e+01,-7.075043678283691406e+00,-2.150693893432617188e+01,-1.151810455322265625e+01,-1.463129758834838867e+00,3.576761722564697266e+00,9.303544044494628906e+00,1.407301330566406250e+01,9.468627929687500000e+00,-2.406337261199951172e+00,4.203081607818603516e+00,1.308191299438476562e+01,1.591225528717041016e+01,1.585654067993164062e+01,1.566332244873046875e+01,8.507419586181640625e+00,-2.687324047088623047e+00,-8.765508651733398438e+00,-1.146371459960937500e+01,-6.071029186248779297e+00,8.196229934692382812e+00,1.043806266784667969e+01,8.411536216735839844e+00,8.466101646423339844e+00,4.279124259948730469e+00,2.717772245407104492e+00,1.274304270744323730e+00,-2.854257106781005859e+00,-1.053581357002258301e+00,-1.780742168426513672e+00,-6.089945793151855469e+00,-8.071355819702148438e-01,-8.518804311752319336e-01,-1.576848983764648438e+00,2.447034358978271484e+00,-2.123817652463912964e-01,-7.016676664352416992e-01,2.018884897232055664e+00,5.026868820190429688e+00,5.116212844848632812e+00,5.760768413543701172e+00,4.278799533843994141e+00,4.044010639190673828e+00,8.756101608276367188e+00,9.467114448547363281e+00,8.808259963989257812e+00,9.333145141601562500e+00,3.013814926147460938e+00,-2.554575729370117188e+01,-2.864630889892578125e+01,-2.274422073364257812e+01,-1.634370422363281250e+01,-1.360101127624511719e+01,-6.048235893249511719e+00,-6.354561805725097656e+00,-1.684316253662109375e+01,-1.577149868011474609e+01,-1.790061759948730469e+01,-2.592998313903808594e+01,-2.276622581481933594e+01,-1.530611228942871094e+01,-7.633669853210449219e+00,1.467252373695373535e+00,4.309408664703369141e+00,6.244174957275390625e+00,1.061854171752929688e+01,-5.953521251678466797e+00,-4.013209915161132812e+01,-4.830881500244140625e+01,-4.993196105957031250e+01,-4.827700805664062500e+01,-4.503372573852539062e+01,-3.510652160644531250e+01,-3.158364105224609375e+01,-2.142418098449707031e+01,-9.605274200439453125e+00,-8.749909400939941406e+00,-1.025123405456542969e+01,-1.424761962890625000e+01,4.978440284729003906e+00,1.129273033142089844e+01,8.113599777221679688e+00,-1.436794853210449219e+01,-2.165459823608398438e+01,-2.177761840820312500e+01,-1.775596809387207031e+01,-9.733373641967773438e+00,-7.323171615600585938e+00,-1.687838315963745117e+00,-1.389149546623229980e+00,-1.458667516708374023e+00,-1.306753158569335938e+01,-2.104846191406250000e+01,-2.614057159423828125e+01,-2.935980987548828125e+01,-3.136741065979003906e+01,-2.615260314941406250e+01,-2.137063598632812500e+01,-2.776392173767089844e+01,-2.319256973266601562e+01,-1.485295200347900391e+01,-1.308750724792480469e+01,-1.951772451400756836e+00,1.730190515518188477e+00,1.858580589294433594e+00,-1.565106272697448730e+00,-2.152263641357421875e+01,-2.989286994934082031e+01,-2.808063888549804688e+01,-1.637400627136230469e+01,-2.397446870803833008e+00,1.233812904357910156e+01,1.612576103210449219e+01,2.041935729980468750e+01,2.008174324035644531e+01,1.974944686889648438e+01,2.538854980468750000e+01,3.322274684906005859e+00,-2.233490943908691406e+01,-2.951581001281738281e+01,-3.074509048461914062e+01,-3.210059356689453125e+01,-3.137886238098144531e+01,-2.108872604370117188e+01,-1.230460834503173828e+01,-8.018780708312988281e+00,-4.006125926971435547e+00,-4.064223289489746094e+00,-7.083717823028564453e+00,-5.605836868286132812e+00,-9.762971878051757812e+00,-1.376742935180664062e+01,-9.048961639404296875e+00,-1.205423164367675781e+01,-1.468608379364013672e+01,-9.214399337768554688e+00,-7.732974529266357422e+00,-7.644150733947753906e+00,-1.661381149291992188e+01,-1.931854248046875000e+01,-1.838442993164062500e+01,-1.833344650268554688e+01,-1.246207332611083984e+01,-3.076374292373657227e+00,2.499352931976318359e+00,9.540393352508544922e-01,-1.784675478935241699e+00,-1.006809997558593750e+01,-1.834809875488281250e+01,-1.192622852325439453e+01,-2.005996322631835938e+01,-2.274951553344726562e+01,-1.504015827178955078e+01,-1.330073642730712891e+01,-1.468872737884521484e+01,-1.687331008911132812e+01,-1.667411041259765625e+01,-1.531881523132324219e+01,-6.365441322326660156e+00,-4.026886463165283203e+00,3.390088379383087158e-01,-5.438147544860839844e+00,-2.772072315216064453e+00,-1.852591323852539062e+01,-3.073077011108398438e+01,-3.088658905029296875e+01,-2.589192390441894531e+01,-2.242340469360351562e+01,-1.921395111083984375e+01,-1.712332153320312500e+01,-1.576927566528320312e+01,-6.637697219848632812e+00,-5.036009311676025391e+00,-7.210933208465576172e+00,-1.323875236511230469e+01,-3.573050022125244141e+00,4.087396144866943359e+00,1.087501287460327148e+00,-1.017613410949707031e+00,-3.121061801910400391e+00,4.363925457000732422e+00,1.250647354125976562e+01,1.144867038726806641e+01,3.617930889129638672e+00,-1.557828545570373535e+00,-9.816169738769531250e+00,-5.847530364990234375e+00,-1.450348198413848877e-01,1.299497842788696289e+00,1.802203893661499023e+00,2.970152854919433594e+00,2.924180030822753906e+00,8.270999908447265625e+00,2.492207717895507812e+01,2.719407844543457031e+01,1.221986770629882812e+01,1.701162910461425781e+01,2.754670715332031250e+01,3.361821746826171875e+01,3.305115890502929688e+01,2.932485580444335938e+01,2.527410316467285156e+01,1.859733963012695312e+01,1.118959808349609375e+01,6.096113204956054688e+00,3.009734153747558594e+00,-2.581539154052734375e+00,-6.201024055480957031e+00,9.610121250152587891e-01,1.266760826110839844e+01,1.466828918457031250e+01,1.582524681091308594e+01,1.960237503051757812e+01,2.482504653930664062e+01,3.356156158447265625e+01,3.663776397705078125e+01,3.411066055297851562e+01,3.004297637939453125e+01,2.415050888061523438e+01,2.132018089294433594e+01,2.065272903442382812e+01,1.595608139038085938e+01,1.286381721496582031e+01,1.672123527526855469e+01,1.961914825439453125e+01,2.088303375244140625e+01,1.967764472961425781e+01,1.820458030700683594e+01,1.360192489624023438e+01,1.593082332611083984e+01,1.623227691650390625e+01,1.472149276733398438e+01,1.256423854827880859e+01,1.243851566314697266e+01,1.257538604736328125e+01,1.326725006103515625e+01,1.069978523254394531e+01,1.220930194854736328e+01,1.250413131713867188e+01,4.400674819946289062e+00,-2.526481151580810547e+00,-1.760020017623901367e+00,-4.934023857116699219e+00,-8.942304611206054688e+00,-6.460262775421142578e+00,-2.013978242874145508e+00,-1.736793708801269531e+01,-1.517375946044921875e+01,-1.147568464279174805e+00,4.670166969299316406e+00,3.918666839599609375e+00,9.025471687316894531e+00,1.752068328857421875e+01,2.242102050781250000e+01,2.019764328002929688e+01,2.129392242431640625e+01,2.499164199829101562e+01,2.412804985046386719e+01,2.345514869689941406e+01,2.136703491210937500e+01,2.193567466735839844e+01,1.346966171264648438e+01,8.938964843750000000e+00,1.064358615875244141e+01,1.383093833923339844e+01,1.996820449829101562e+01,1.648103713989257812e+01,9.150657653808593750e+00,5.245037555694580078e+00,9.691133499145507812e+00,1.315935516357421875e+01,5.881499767303466797e+00,2.382971048355102539e+00,2.750285387039184570e+00,2.740842342376708984e+00,5.007595062255859375e+00,3.638091325759887695e+00,4.960278034210205078e+00,3.655751228332519531e+00,3.151663780212402344e+00,3.320973396301269531e+00,-3.587676048278808594e+00,-9.693611145019531250e+00,-1.470616626739501953e+01,-1.088515472412109375e+01,-3.003455162048339844e+00,-1.827830314636230469e+00,5.583395957946777344e+00,1.149971389770507812e+01,1.542464637756347656e+01,9.805362701416015625e+00,1.218019962310791016e+01,1.393973159790039062e+01,1.334797286987304688e+01,1.446887969970703125e+01,1.817809104919433594e+01,1.791288948059082031e+01,1.035478019714355469e+01,9.332623481750488281e+00,1.807475805282592773e+00,2.719909191131591797e+00,2.995518207550048828e+00,1.690484285354614258e+00,-3.009057998657226562e+00,8.441476225852966309e-01,3.966913700103759766e+00,2.019614601135253906e+01,3.127337265014648438e+01,3.322547912597656250e+01,3.801441192626953125e+01,3.804959869384765625e+01,2.704130554199218750e+01,1.298353672027587891e+01,-8.447761535644531250e-01,-1.069225025177001953e+01,-1.271504211425781250e+01,-2.145900726318359375e+01,-2.021976470947265625e+01,-1.578497791290283203e+01,-1.027929115295410156e+01,-7.774963378906250000e+00,-1.377794170379638672e+01,-1.496740818023681641e+01,-1.555300712585449219e+01,-4.859690666198730469e+00,1.580037593841552734e+00,-1.900427222251892090e+00,-2.168117046356201172e+00,1.455886483192443848e+00,1.037805366516113281e+01,9.881746292114257812e+00,-5.336180686950683594e+00,-1.204894828796386719e+01,-7.635463476181030273e-01,4.662558078765869141e+00,-8.090249061584472656e+00,-1.325945281982421875e+01,-1.224986457824707031e+01,-7.468611717224121094e+00,-7.100807189941406250e+00,-1.419207096099853516e+00,-4.848918914794921875e+00,-9.431159973144531250e+00,7.953824043273925781e+00,1.783051681518554688e+01,2.128178024291992188e+01,2.092199707031250000e+01,1.785634994506835938e+01,1.577543449401855469e+01,1.578971481323242188e+01,1.867988395690917969e+01,1.958691787719726562e+01,1.675514411926269531e+01,1.118483829498291016e+01,9.410599708557128906e+00,9.612059593200683594e+00,8.580009460449218750e+00,1.170882797241210938e+01,1.480950736999511719e+01,1.616300964355468750e+01,1.316978454589843750e+01,1.215460014343261719e+01,1.759079170227050781e+01,1.320638942718505859e+01,1.251167583465576172e+01,1.259862327575683594e+01,1.118909645080566406e+01,1.236220359802246094e+01,1.658336257934570312e+01,1.825336647033691406e+01,1.576788139343261719e+01,1.167408466339111328e+01,7.387397289276123047e+00,1.110557651519775391e+01,1.205641555786132812e+01,5.412075996398925781e+00,4.698215961456298828e+00,8.364340782165527344e+00,1.214932823181152344e+01,1.382189941406250000e+01,1.020874881744384766e+01,-2.660581350326538086e+00,8.006674051284790039e-01,1.710114669799804688e+01,2.387995910644531250e+01,2.483667373657226562e+01,2.097819900512695312e+01,2.107384109497070312e+01,1.028224658966064453e+01,7.573472976684570312e+00,6.295301437377929688e+00,-2.034858703613281250e+00,-3.639836311340332031e+00,3.906063556671142578e+00,9.094818115234375000e+00,4.037685394287109375e+00,-1.411577165126800537e-01,7.134119033813476562e+00,1.576398849487304688e+01,9.521947860717773438e+00,1.400404334068298340e+00,-6.941513419151306152e-01,2.150282859802246094e+00,5.078538894653320312e+00,6.780651092529296875e+00,1.212660980224609375e+01,1.755397415161132812e+01,2.140078353881835938e+01,2.728825187683105469e+01,1.807464599609375000e+01,1.088391208648681641e+01,1.068761634826660156e+01,4.204164505004882812e+00,-4.600739479064941406e+00,-2.463870525360107422e+00,3.994999408721923828e+00,8.825500488281250000e+00,8.032516479492187500e+00,5.725150585174560547e+00,6.555677413940429688e+00,7.276982307434082031e+00,2.884632349014282227e+00,-2.703078746795654297e+00,-1.869367957115173340e+00,4.012774467468261719e+00,1.039378547668457031e+01,1.268903160095214844e+01,1.242773175239562988e+00,-1.332707881927490234e+01,-4.129812419414520264e-01,8.775728225708007812e+00,1.090955448150634766e+01,6.599687576293945312e+00,4.996917247772216797e+00,7.928477525711059570e-01,7.296794652938842773e-01,5.899388313293457031e+00,6.104124069213867188e+00,2.294378280639648438e+01,3.347216033935546875e+01,3.358903503417968750e+01,3.760062789916992188e+01,3.522577667236328125e+01,2.416445541381835938e+01,1.750703048706054688e+01,9.090021133422851562e+00,-4.002550601959228516e+00,-1.078356361389160156e+01,-2.666618347167968750e+00,2.809574127197265625e+00,4.141573429107666016e+00,7.635449409484863281e+00,9.163808822631835938e+00,9.705059051513671875e+00,5.917716979980468750e+00,1.150534725189208984e+01,1.724342346191406250e+01,1.619277191162109375e+01,1.180264472961425781e+01,2.184862518310546875e+01,3.455744934082031250e+01,2.857249641418457031e+01,1.067954635620117188e+01,1.147102069854736328e+01,1.055179214477539062e+01,5.627428054809570312e+00,5.010635375976562500e+00,8.677785873413085938e+00,9.775743484497070312e+00,1.121599292755126953e+01,1.271704483032226562e+01,5.402556419372558594e+00,-6.153419017791748047e-01,3.954886436462402344e+00,7.184773445129394531e+00,9.309862136840820312e+00,8.454810142517089844e+00,5.091663360595703125e+00,3.896316528320312500e+00,8.721302032470703125e+00,1.694427108764648438e+01,1.252972030639648438e+01,1.109289550781250000e+01,1.247114944458007812e+01,1.402673149108886719e+01,1.560176277160644531e+01,1.151901817321777344e+01,9.906347274780273438e+00,8.698523521423339844e+00,7.006077766418457031e+00,6.238113403320312500e+00,8.729362487792968750e+00,1.303205680847167969e+01,1.355668640136718750e+01,1.469016456604003906e+01,1.904558563232421875e+01,1.109028434753417969e+01,-2.507117748260498047e+00,1.065288662910461426e+00,-1.874799728393554688e+00,6.261767745018005371e-01,5.535032272338867188e+00,6.953629493713378906e+00,6.151430606842041016e-01,1.089507389068603516e+01,2.355847549438476562e+01,8.145917892456054688e+00,7.894430160522460938e+00,1.235651302337646484e+01,1.336466407775878906e+01,5.774822711944580078e+00,9.512245178222656250e+00,9.872022628784179688e+00,2.153502464294433594e+00,4.818852424621582031e+00,1.234781169891357422e+01,1.898645973205566406e+01,1.676662635803222656e+01,1.057453346252441406e+01,1.092664480209350586e+00,9.158705472946166992e-01,5.997739791870117188e+00,4.036306381225585938e+00,2.701859474182128906e+00,6.994768619537353516e+00,1.559003257751464844e+01,1.855841827392578125e+01,2.269545364379882812e+01,1.599898910522460938e+01,7.730756759643554688e+00,2.653454589843750000e+01,2.900704574584960938e+01,2.693400955200195312e+01,5.932220458984375000e+00,-1.052402782440185547e+01,-1.178238868713378906e+01,3.543599128723144531e+00,1.224031829833984375e+01,1.168789196014404297e+01,1.704914855957031250e+01,2.621219635009765625e+01,2.618571281433105469e+01,2.067832946777343750e+01,1.617379760742187500e+01,1.667138481140136719e+01,1.247484207153320312e+01,1.886454224586486816e+00,-9.242281913757324219e-01,-5.397959709167480469e+00,-7.334362983703613281e+00,-1.045547676086425781e+01,-1.060995292663574219e+01,-6.099414348602294922e+00,-1.781164646148681641e+00,2.910891294479370117e+00,9.406648635864257812e+00,1.448420906066894531e+01,1.302685928344726562e+01,1.660519599914550781e+01,4.824281692504882812e+00,-6.097385287284851074e-01,1.296770095825195312e+01,2.515026855468750000e+01,2.451143646240234375e+01,2.116547012329101562e+01,1.872771453857421875e+01,2.152788734436035156e+01,2.861889457702636719e+01,3.127430152893066406e+01,2.337788200378417969e+01,1.240998840332031250e+01,-7.431610107421875000e+00,-1.485293674468994141e+01,-1.451647377014160156e+01,-1.105095386505126953e+01,-2.074694395065307617e+00,3.797083854675292969e+00,2.031554460525512695e+00,9.200803756713867188e+00,5.013315200805664062e+00,-1.117243885993957520e+00,7.072259783744812012e-01,2.913710117340087891e+00,1.015406322479248047e+01,1.131753921508789062e+01,1.019302558898925781e+01,7.727921485900878906e+00,1.063463592529296875e+01,1.416933155059814453e+01,2.016064071655273438e+01,2.299145889282226562e+01,2.088406372070312500e+01,-4.891181945800781250e+00,-2.154366302490234375e+01,-2.144047927856445312e+01,-1.273991107940673828e+01,-7.715745925903320312e+00,-4.618182182312011719e+00,-2.985307693481445312e+00,-4.024109244346618652e-01,1.099406123161315918e+00,3.918564319610595703e+00,1.039026355743408203e+01,1.630665779113769531e+01,1.808861351013183594e+01,1.214162445068359375e+01,8.473954200744628906e+00,6.503225326538085938e+00,2.934864044189453125e+00,7.331529617309570312e+00,9.140303611755371094e+00,9.782012939453125000e+00,1.161037063598632812e+01,1.443444442749023438e+01,1.494353103637695312e+01,8.555275917053222656e+00,9.174740791320800781e+00,8.379087448120117188e+00,6.775787353515625000e+00,1.123812294006347656e+01,1.034264183044433594e+01,9.630674362182617188e+00,-9.788668632507324219e+00,-1.703886985778808594e+01,-2.105154418945312500e+01,-2.393617630004882812e+01,-1.298361778259277344e+01,-1.284198379516601562e+01,-6.863894462585449219e+00,-9.788314819335937500e+00,-1.200231933593750000e+01,-5.775584220886230469e+00,3.180570602416992188e+00,3.593846082687377930e+00,5.122016072273254395e-01,6.798433065414428711e-01,8.423470497131347656e+00,1.755188703536987305e+00,-7.798444747924804688e+00,3.780786037445068359e+00,1.689052581787109375e+01,1.908640670776367188e+01,8.685010910034179688e+00,-1.794862031936645508e+00,-3.169285774230957031e+00,8.222070336341857910e-01,9.317056655883789062e+00,1.575841331481933594e+01,1.569191265106201172e+01,1.432188796997070312e+01,1.377523803710937500e+01,6.722881793975830078e+00,3.920800685882568359e+00,1.243555068969726562e+01,1.841483688354492188e+01,1.816165351867675781e+01,1.375971603393554688e+01,6.521705627441406250e+00,7.967227458953857422e+00,5.175739765167236328e+00,-1.156133842468261719e+01,-2.667234420776367188e+01,-3.299205017089843750e+01,-2.021084213256835938e+01,-1.305398178100585938e+01,-9.115833282470703125e+00,-4.730383396148681641e+00,-1.229629898071289062e+01,-1.801953125000000000e+01,-2.765071105957031250e+01,-3.482295608520507812e+01,-2.213970184326171875e+01,-4.600178718566894531e+00,9.521347045898437500e+00,1.490773773193359375e+01,1.818713378906250000e+01,-5.190355777740478516e-01,-2.497872161865234375e+01,-3.775689315795898438e+01,-3.149155044555664062e+01,-2.026475143432617188e+01,-1.669829940795898438e+01,-1.482706642150878906e+01,-1.090878391265869141e+01,-1.406929016113281250e+00,2.650075912475585938e+00,4.080090522766113281e+00,7.094848632812500000e+00,2.181176376342773438e+01,3.387474060058593750e+01,4.448577117919921875e+01,3.718225479125976562e+01,2.111088371276855469e+01,1.958796119689941406e+01,1.987668991088867188e+01,1.429657268524169922e+01,1.155050563812255859e+01,1.349504280090332031e+01,2.376250267028808594e+01,2.545003890991210938e+01,2.168059539794921875e+01,1.107298851013183594e+01,8.472341537475585938e+00,9.238046646118164062e+00,3.819727897644042969e+00,5.082351684570312500e+00,6.626798629760742188e+00,3.221202850341796875e+00,7.284503936767578125e+00,4.651564598083496094e+00,-8.872419595718383789e-01,4.241755485534667969e+00,1.014448928833007812e+01,1.261440086364746094e+01,-3.644481658935546875e+00,-1.245154953002929688e+01,-1.512302780151367188e+01,-1.215255546569824219e+01,1.029971981048583984e+01,2.333481025695800781e+01,2.700341796875000000e+01,2.748084259033203125e+01,2.958429336547851562e+01,2.578935623168945312e+01,4.572136402130126953e+00,-1.533580970764160156e+01,-1.339956283569335938e+01,2.431562900543212891e+00,1.231669425964355469e+01,1.829102325439453125e+01,1.602677917480468750e+01,1.525169849395751953e+01,1.683097839355468750e+01,9.995584487915039062e+00,1.080007934570312500e+01,6.610096931457519531e+00,4.063104152679443359e+00,3.405129432678222656e+00,4.388761520385742188e-01,-7.984525561332702637e-01,1.077000045776367188e+01,1.162297058105468750e+01,1.797232818603515625e+01,2.096180152893066406e+01,1.658602142333984375e+01,6.795682907104492188e+00,5.368957042694091797e+00,1.211354637145996094e+01,1.596802806854248047e+01,2.065147781372070312e+01,1.826896667480468750e+01,2.399798202514648438e+01,2.326051521301269531e+01,2.243132019042968750e+01,1.904795265197753906e+01,1.112092781066894531e+01,6.261728286743164062e+00,8.861936569213867188e+00,1.637520599365234375e+01,8.869325637817382812e+00,1.285392189025878906e+01,1.887337493896484375e+01,1.462591361999511719e+01,9.662746429443359375e+00,-8.328172564506530762e-02,-6.498796939849853516e+00,-1.105602455139160156e+01,-5.644374847412109375e+00,-3.044239997863769531e+00,-2.128358840942382812e+00,-5.553953647613525391e+00,-4.749039649963378906e+00,-5.002209663391113281e+00,2.280366897583007812e+00,5.339030265808105469e+00,7.943488121032714844e+00,6.182538509368896484e+00,6.706840515136718750e+00,8.215981483459472656e+00,6.790016174316406250e+00,8.082595825195312500e+00,7.811073303222656250e+00,2.738926410675048828e+00,2.973313927650451660e-01,2.561096191406250000e+00,1.036622285842895508e+00,-5.296710133552551270e-01,1.782936334609985352e+00,1.250391840934753418e+00,-2.219755649566650391e+00,-2.487299889326095581e-01,-3.938155174255371094e-01,3.624362945556640625e-01,2.034577369689941406e+00,2.895252227783203125e+00,4.661380767822265625e+00,3.506469428539276123e-01,1.977646350860595703e-01,2.073873996734619141e+00,4.577126979827880859e+00,5.141520500183105469e+00,1.208978176116943359e+00,-1.189848184585571289e+00,5.117238998413085938e+00,6.251169204711914062e+00,-8.260630607604980469e+00,-1.231779193878173828e+01,-1.473229217529296875e+01,-1.067738914489746094e+01,-4.830838203430175781e+00,-2.675781250000000000e+00,-3.396566390991210938e+00,-4.010149478912353516e+00,-2.676441371440887451e-01,-5.691016316413879395e-01,-3.962561130523681641e+00,-7.049803733825683594e+00,-6.874146461486816406e+00,4.363074302673339844e+00,1.235561466217041016e+01,1.676347732543945312e+01,2.068627929687500000e+01,2.662681818008422852e+00,-1.309375572204589844e+01,-1.180936527252197266e+01,5.265212655067443848e-01,2.218116760253906250e+00,4.269350528717041016e+00,2.682989835739135742e+00,-4.335514903068542480e-01,-1.379283070564270020e+00,-6.409966945648193359e+00,-1.831698298454284668e+00,5.341176033020019531e+00,9.919609069824218750e+00,1.402006340026855469e+01,8.426063537597656250e+00,1.201622962951660156e+01,-1.757193374633789062e+01,-2.382886886596679688e+01,-1.818854141235351562e+01,-1.284835815429687500e+01,-1.603982543945312500e+01,-1.761258316040039062e+01,-2.190380859375000000e+01,-2.255127525329589844e+01,-1.915681076049804688e+01,-1.408436298370361328e+01,2.782288789749145508e+00,1.345887184143066406e+01,1.120934963226318359e+01,-6.254453659057617188e+00,-4.414201736450195312e+00,8.035900115966796875e+00,4.397715568542480469e+00,1.012164592742919922e+00,-8.938285827636718750e+00,-2.515651893615722656e+01,-1.981866836547851562e+01,-5.940181732177734375e+00,7.582369804382324219e+00,9.910293579101562500e+00,7.290534973144531250e+00,1.647888302803039551e+00,7.494711875915527344e+00,4.271939754486083984e+00,4.306064605712890625e+00,4.257524967193603516e+00,4.865257740020751953e+00,7.694940567016601562e-01,-1.708693265914916992e+00,2.070215702056884766e+00,1.036922264099121094e+01,1.844396591186523438e+01,2.703407478332519531e+01,3.073277664184570312e+01,2.251623535156250000e+01,1.015632057189941406e+01,6.216069698333740234e+00,1.456044793128967285e+00,7.419518470764160156e+00,1.500174331665039062e+01,5.771199226379394531e+00,-1.297721576690673828e+01,-1.365869712829589844e+01,-7.742231369018554688e+00,-7.417374610900878906e+00,-8.255724906921386719e+00,-1.055313587188720703e+01,-7.378723144531250000e+00,-5.002181053161621094e+00,2.772835731506347656e+00,1.655110359191894531e+01,2.975692749023437500e+01,2.676684951782226562e+01,2.243841934204101562e+01,2.474595451354980469e+01,2.412760543823242188e+01,2.086280441284179688e+01,1.609051704406738281e+01,1.267436599731445312e+01,1.011024284362792969e+01,-5.262209892272949219e+00,-1.197303581237792969e+01,-3.045496463775634766e+00,6.321949958801269531e+00,2.416746139526367188e+00,6.215826511383056641e+00,2.329427337646484375e+01,2.797016716003417969e+01,2.824576568603515625e+01,2.958002471923828125e+01,1.545487594604492188e+01,-1.344693279266357422e+01,-2.065782546997070312e+01,-1.857869148254394531e+01,-1.479239082336425781e+01,-5.314970016479492188e-01,6.295590877532958984e+00,2.419095277786254883e+00,-1.575192093849182129e+00,-4.888270378112792969e+00,-2.292686700820922852e-01,2.280814409255981445e+00,1.404042243957519531e-01,-2.294533252716064453e+00,-7.929597377777099609e+00,-7.796099662780761719e+00,-8.292622566223144531e+00,-1.126939010620117188e+01,-1.554921245574951172e+01,-1.119794273376464844e+01,-4.168943881988525391e+00,-5.082632303237915039e-01,4.191758632659912109e+00,9.165487289428710938e+00,6.998683929443359375e+00,5.290460586547851562e+00,6.153457641601562500e+00,8.907801628112792969e+00,1.581241798400878906e+01,2.094575881958007812e+01,8.751205444335937500e+00,-8.032218933105468750e+00,-1.600311660766601562e+01,-1.638942146301269531e+01,-1.076463699340820312e+01,1.677208781242370605e+00,-6.505168676376342773e-01,-6.009358882904052734e+00,-4.434200763702392578e+00,-7.695654869079589844e+00,-8.143029212951660156e+00,-5.699109077453613281e+00,1.259270787239074707e+00,-7.527926921844482422e+00,-1.959472656250000000e+01,-1.495978832244873047e+01,-1.073045730590820312e+01,6.065159320831298828e+00,6.058564782142639160e-01,-4.422768592834472656e+00,-1.806505203247070312e+00,4.378389835357666016e+00,1.149847602844238281e+01,1.116473388671875000e+01,4.468290805816650391e-01,3.399879455566406250e+00,-2.744252920150756836e+00,-1.003825759887695312e+01,-1.854383850097656250e+01,-3.001425552368164062e+01,-2.413805007934570312e+01,-8.300448417663574219e+00,-3.657639026641845703e+00,9.653334617614746094e-01,7.796839714050292969e+00,1.240702247619628906e+01,1.042848968505859375e+01,-3.660293102264404297e+00,-8.701226234436035156e+00,-4.747938632965087891e+00,-1.048318624496459961e+00,-5.147177696228027344e+00,-5.037057399749755859e+00,7.300714492797851562e+00,6.938947200775146484e+00,-3.811517000198364258e+00,-8.001932144165039062e+00,-2.105484247207641602e+00,2.310363769531250000e+00,1.896609306335449219e+00,1.284984588623046875e+00,-2.441067934036254883e+00,-5.930979728698730469e+00,-5.680953025817871094e+00,-3.748814821243286133e+00,-2.033084392547607422e+00,3.507740020751953125e+00,1.194849300384521484e+01,1.513261508941650391e+01,1.128809165954589844e+01,3.345057964324951172e-01,-6.002575397491455078e+00,-4.256640434265136719e+00,-5.516657829284667969e+00,-5.845952987670898438e+00,-3.203251361846923828e-01,2.171486139297485352e+00,-8.417426347732543945e-01,4.504662513732910156e+00,5.292432308197021484e+00,9.618817329406738281e+00,1.119561958312988281e+01,1.021750831604003906e+01,1.093881130218505859e+01,1.343651008605957031e+01,8.722629547119140625e+00,2.476507186889648438e+00,5.712034225463867188e+00,1.088890266418457031e+01,1.331253242492675781e+01,1.330010986328125000e+01,7.400650024414062500e+00,3.877053022384643555e+00,8.657306671142578125e+00,1.258659934997558594e+01,-4.921377182006835938e+00,-1.608687591552734375e+01,-2.082645797729492188e+01,-1.462427139282226562e+01,-9.829910278320312500e+00,-1.206499767303466797e+01,-1.557252025604248047e+01,-5.821033477783203125e+00,2.188596129417419434e-01,-2.139676809310913086e-01,-9.720936775207519531e+00,-1.664451789855957031e+01,-2.608636093139648438e+01,-3.059028625488281250e+01,-2.357626533508300781e+01,-1.976031112670898438e+01,-2.242767143249511719e+01,-1.699260711669921875e+01,-5.084634304046630859e+00,1.080595588684082031e+01,1.404164695739746094e+01,8.734753608703613281e+00,-2.994751930236816406e-01,-8.347877502441406250e+00,-1.452763366699218750e+01,-1.739074897766113281e+01,-1.444426345825195312e+01,-2.477703332901000977e+00,-2.670748710632324219e+00,-6.662424087524414062e+00,-9.658823013305664062e+00,-1.881450271606445312e+01,-1.882117271423339844e+01,-1.396192169189453125e+01,-9.921072006225585938e+00,-1.054609012603759766e+01,-1.808820152282714844e+01,-1.870083618164062500e+01,-1.477078819274902344e+01,-8.756426811218261719e+00,-4.767659664154052734e+00,-6.742555618286132812e+00,-8.597288131713867188e+00,-4.707561969757080078e+00,-2.896658897399902344e+00,-7.598181724548339844e+00,-1.553620338439941406e+01,-1.259924316406250000e+01,1.903582572937011719e+00,1.010568332672119141e+01,3.528940200805664062e+00,-3.630422830581665039e+00,-1.702374219894409180e-02,5.832064628601074219e+00,9.476297378540039062e+00,-3.399634122848510742e+00,-1.499475669860839844e+01,-1.667925071716308594e+01,-7.810480117797851562e+00,-4.158106803894042969e+00,-5.350082874298095703e+00,-1.073746490478515625e+01,-1.125936508178710938e+01,-1.022159934043884277e+00,3.387705326080322266e+00,6.408337593078613281e+00,-2.107931971549987793e-01,-8.551131248474121094e+00,-4.686061382293701172e+00,-1.723527908325195312e+01,-1.854927062988281250e+01,-2.987915754318237305e+00,1.067866134643554688e+01,1.154097747802734375e+01,-9.124273300170898438e+00,-2.854001617431640625e+01,-3.693684387207031250e+01,-3.468794631958007812e+01,-3.038849639892578125e+01,-2.055543136596679688e+01,-1.060564804077148438e+01,-1.232452964782714844e+01,-1.299734687805175781e+01,-1.510708427429199219e+01,-1.403015708923339844e+01,-4.375338554382324219e+00,4.024276733398437500e-01,7.118766784667968750e+00,1.911618232727050781e+01,2.335498046875000000e+01,2.500032806396484375e+01,2.383917236328125000e+01,2.279870986938476562e+01,2.049905967712402344e+01,2.039934158325195312e+01,8.623048782348632812e+00,6.885121345520019531e+00,7.479267597198486328e+00,9.136890411376953125e+00,1.861218452453613281e+00,-1.971868133544921875e+01,-2.525996398925781250e+01,-2.191960906982421875e+01,-1.211729621887207031e+01,-4.256057739257812500e+00,-5.717651367187500000e+00,-6.992642402648925781e+00,-1.009782409667968750e+01,-1.899748229980468750e+01,-2.310753059387207031e+01,-1.521056938171386719e+01,-5.645810127258300781e+00,-2.964881896972656250e+00,3.424493074417114258e+00,1.290108489990234375e+01,1.001054191589355469e+01,3.920587062835693359e+00,-1.721444606781005859e+00,3.660518646240234375e+00,5.971133708953857422e+00,-8.778883218765258789e-01,4.799034118652343750e+00,9.342085838317871094e+00,1.184217262268066406e+01,1.053950500488281250e+01,7.783279418945312500e+00,7.079454421997070312e+00,4.551382064819335938e+00,-8.156028985977172852e-01,-2.410902976989746094e+00,-3.047456741333007812e+00,-4.463843345642089844e+00,-2.456575155258178711e+00,-3.011265277862548828e+00,-8.341903686523437500e+00,-2.359933853149414062e+00,3.740086555480957031e+00,2.622980117797851562e+00,2.181610345840454102e+00,2.213950157165527344e+00,8.250511169433593750e+00,1.155466175079345703e+01,6.684660911560058594e+00,4.313921451568603516e+00,1.278910517692565918e+00,4.756503582000732422e+00,5.490059375762939453e+00,7.288972854614257812e+00,1.429413986206054688e+01,1.425640392303466797e+01,6.019379615783691406e+00,6.991624832153320312e-02,4.167832851409912109e+00,1.413800621032714844e+01,1.287049102783203125e+01,-8.700529098510742188e+00,-2.527241134643554688e+01,-3.560676193237304688e+01,-4.640850448608398438e+01,-4.805983734130859375e+01,-4.145657348632812500e+01,-2.833197402954101562e+01,-2.136586189270019531e+01,-1.969987869262695312e+01,-2.011488342285156250e+01,-1.610390663146972656e+01,-1.136869621276855469e+01,-6.609963417053222656e+00,-5.098567008972167969e+00,-7.773491144180297852e-01,-2.378175258636474609e+00,2.365043759346008301e-01,-1.202068042755126953e+01,-1.249486255645751953e+01,-1.421236991882324219e+01,-1.418008041381835938e+01,-7.391752243041992188e+00,-5.481027603149414062e+00,1.028865277767181396e-01,6.330486297607421875e+00,-1.455504298210144043e-01,6.097068190574645996e-01,3.068206548690795898e+00,-2.447786331176757812e+00,-1.874207377433776855e+00,9.738477706909179688e+00,1.780074310302734375e+01,7.927001953125000000e+00,-1.782839965820312500e+01,-2.391638374328613281e+01,-9.187312126159667969e+00,4.808475971221923828e-01,1.444639563560485840e+00,-2.023000717163085938e-01,-2.663374900817871094e+00,-9.414025306701660156e+00,-6.758332252502441406e+00,1.036673164367675781e+01,2.010167694091796875e+01,2.097696685791015625e+01,1.670448684692382812e+01,1.774410820007324219e+01,1.614347076416015625e+01,1.074962806701660156e+01,1.226827716827392578e+01,1.376039981842041016e+01,1.431305503845214844e+01,1.386802577972412109e+01,1.616213798522949219e+01,1.939754295349121094e+01,1.446201229095458984e+01,8.613474845886230469e+00,-1.808386230468750000e+01,-2.424893188476562500e+01,-1.540858650207519531e+01,-2.731370925903320312e-01,8.098100662231445312e+00,1.055879592895507812e+01,1.246921348571777344e+01,1.031088447570800781e+01,1.162455368041992188e+01,8.974514007568359375e+00,7.860070228576660156e+00,1.332653427124023438e+01,1.719684600830078125e+01,2.336858177185058594e+01,2.510863876342773438e+01,2.473170089721679688e+01,2.575797080993652344e+01,2.443546104431152344e+01,2.002150726318359375e+01,7.874379158020019531e+00,8.288444519042968750e+00,8.947331428527832031e+00,-7.378022193908691406e+00,-1.501095771789550781e+01,-1.378993797302246094e+01,-3.331559419631958008e+00,8.228891372680664062e+00,1.006969833374023438e+01,1.126075744628906250e+01,1.277745819091796875e+01,2.248954200744628906e+01,2.548085021972656250e+01,2.068401718139648438e+01,1.555517864227294922e+01,1.252416419982910156e+01,9.545596122741699219e+00,1.523198413848876953e+01,2.089571762084960938e+01,2.534301185607910156e+01,2.366248130798339844e+01,2.691122817993164062e+01,2.744254302978515625e+01,2.202183914184570312e+01,1.211677551269531250e+01,4.940319538116455078e+00,1.140637207031250000e+01,1.395207309722900391e+01,8.001952171325683594e+00,6.750618934631347656e+00,8.555429458618164062e+00,5.981566905975341797e+00,6.011066436767578125e+00,8.685204505920410156e+00,9.850368499755859375e+00,7.963372230529785156e+00,9.543072700500488281e+00,1.003637981414794922e+01,1.174371147155761719e+01,9.411449432373046875e+00,9.829576492309570312e+00,1.313923072814941406e+01,1.605157661437988281e+01,1.826985549926757812e+01,1.513583183288574219e+01,9.917253494262695312e+00,5.828557014465332031e+00,6.927732467651367188e+00,1.374208450317382812e+01,9.434640884399414062e+00,5.846370697021484375e+00,-9.047966957092285156e+00,-1.200650024414062500e+01,-9.309520721435546875e+00,-1.347823333740234375e+01,-1.235910606384277344e+01,-9.239769935607910156e+00,-4.383969783782958984e+00,2.775547742843627930e+00,7.852069854736328125e+00,1.210772418975830078e+01,1.545745277404785156e+01,1.211242389678955078e+01,1.228507614135742188e+01,1.157228088378906250e+01,1.320113372802734375e+01,1.127773380279541016e+01,1.265966606140136719e+01,1.894207763671875000e+01,1.772390937805175781e+01,1.634301567077636719e+01,1.967790985107421875e+01,2.692325592041015625e+01,2.896104049682617188e+01,2.975721740722656250e+01,3.213192749023437500e+01,3.517105865478515625e+01,2.579948043823242188e+01,1.385227012634277344e+01,1.894787216186523438e+01,2.542820358276367188e+01,2.626818466186523438e+01,1.948516082763671875e+01,1.741438674926757812e+01,1.700592803955078125e+01,6.020915031433105469e+00,-9.260385513305664062e+00,-1.644086074829101562e+01,-8.472257614135742188e+00,7.486783027648925781e+00,3.148563623428344727e+00,-8.245592117309570312e+00,-2.960752964019775391e+00,7.689643859863281250e+00,1.129536628723144531e+01,1.175074100494384766e+01,-8.284343719482421875e+00,-1.821241188049316406e+01,-1.750762557983398438e+01,-8.615269660949707031e+00,-4.059741020202636719e+00,-3.214990139007568359e+00,-8.108348846435546875e+00,-7.420553207397460938e+00,-4.047687530517578125e+00,-5.208911418914794922e+00,-6.706652641296386719e-01,-1.116576910018920898e+00,-1.947269201278686523e+00,-4.888763427734375000e+00,-3.103110790252685547e+00,1.469824552536010742e+00,3.207032203674316406e+00,1.107640552520751953e+01,1.861225128173828125e+01,2.008107376098632812e+01,2.486428737640380859e+00,-1.690190315246582031e+00,2.659037828445434570e+00,-3.119421005249023438e+00,-1.013621520996093750e+01,-1.429073905944824219e+01,-9.031156539916992188e+00,2.915500879287719727e+00,4.627083778381347656e+00,1.080308914184570312e+01,6.885918140411376953e+00,-2.354897737503051758e+00,-1.833569049835205078e+00,2.644222378730773926e-01,-4.103236198425292969e+00,-1.363792896270751953e+00,1.829109787940979004e+00,5.200796127319335938e+00,1.068877983093261719e+01,8.220602035522460938e+00,7.324204444885253906e+00,6.218175411224365234e+00,3.542311668395996094e+00,8.496173858642578125e+00,1.256948184967041016e+01,9.150734901428222656e+00,6.612355232238769531e+00,-5.441261529922485352e-01,-7.392746925354003906e+00,-3.837287902832031250e+00,4.012459516525268555e-01,1.119419693946838379e+00,1.449619889259338379e+00,2.637841701507568359e-01,2.741161584854125977e+00,7.012341499328613281e+00,8.977513313293457031e+00,7.012101650238037109e+00,6.079565048217773438e+00,8.655669212341308594e+00,5.203281402587890625e+00,8.243279457092285156e+00,8.434574127197265625e+00,1.040894126892089844e+01,7.672524929046630859e+00,7.517845153808593750e+00,7.986158370971679688e+00,9.930823326110839844e+00,8.848154067993164062e+00,1.307521915435791016e+01,9.194106101989746094e+00,9.835921287536621094e+00,1.679900169372558594e+01,1.953062438964843750e+01,1.815218353271484375e+01,1.877897071838378906e+01,-8.699413537979125977e-01,-8.875262260437011719e+00,-6.543130874633789062e+00,-3.525041341781616211e+00,-7.532597780227661133e-01,1.186698055267333984e+01,1.789851951599121094e+01,1.483105564117431641e+01,7.235340595245361328e+00,3.712840557098388672e+00,7.439387798309326172e+00,4.806574344635009766e+00,3.450283288955688477e+00,2.456579685211181641e+00,5.170501708984375000e+00,-8.887279033660888672e-02,-3.387473821640014648e+00,-2.817003488540649414e+00,-5.513037204742431641e+00,5.038040161132812500e+00,1.318057250976562500e+01,8.888362884521484375e+00,2.484579086303710938e+00,-4.120883941650390625e+00,-2.503261804580688477e+00,3.380670785903930664e+00,6.106638908386230469e-01,7.114972114562988281e+00,1.562676048278808594e+01,2.353647613525390625e+01,2.599971771240234375e+01,2.782171249389648438e+01,2.013899993896484375e+01,1.169086074829101562e+01,-1.552550554275512695e+00,9.109873771667480469e+00,2.000051879882812500e+01,7.096936702728271484e+00,-1.395045948028564453e+01,-1.634270668029785156e+01,-5.481552600860595703e+00,1.067187881469726562e+01,9.131082534790039062e+00,1.056247711181640625e+01,1.397037696838378906e+01,1.468072414398193359e+01,7.411643028259277344e+00,5.161331176757812500e+00,-1.376442909240722656e+00,-1.118822669982910156e+01,-7.761765480041503906e+00,-2.197931051254272461e+00,7.978230714797973633e-01,5.976555824279785156e+00,1.099234676361083984e+01,1.096118354797363281e+01,1.178283691406250000e+01,3.438069224357604980e-01,-5.359651565551757812e+00,-9.121912002563476562e+00,-5.404945373535156250e+00,-1.005013465881347656e+01,-8.822640419006347656e+00,-8.416854858398437500e+00,-9.065086364746093750e+00,-4.595905780792236328e+00,-1.794742774963378906e+01,-2.709272766113281250e+01,-2.545866203308105469e+01,-1.944315338134765625e+01,-1.638510894775390625e+01,-1.109076118469238281e+01,-1.547407436370849609e+01,-1.706042480468750000e+01,-2.066444587707519531e+01,-2.172222518920898438e+01,-1.389588642120361328e+01,-5.240955352783203125e+00,3.079128742218017578e+00,1.147758102416992188e+01,1.203649902343750000e+01,1.090157699584960938e+01,6.950942993164062500e+00,5.068526268005371094e+00,1.455305862426757812e+01,1.917383575439453125e+01,2.471368408203125000e+01,2.494785690307617188e+01,1.981341552734375000e+01,1.058279609680175781e+01,5.843026161193847656e+00,1.288756608963012695e+00,-2.583563804626464844e+00,6.475138187408447266e+00,1.395756721496582031e+01,7.918793678283691406e+00,7.745414257049560547e+00,7.798980236053466797e+00,1.253710174560546875e+01,1.408565235137939453e+01,1.085590934753417969e+01,1.045548057556152344e+01,1.454254341125488281e+01,1.551869201660156250e+01,1.203079032897949219e+01,9.973567962646484375e+00,1.593147087097167969e+01,1.626948928833007812e+01,1.722179031372070312e+01,1.483023834228515625e+01,9.851958274841308594e+00,-1.064226627349853516e+01,-1.359075355529785156e+01,-1.355781078338623047e+01,-9.772249221801757812e+00,6.695036888122558594e+00,2.007461547851562500e+01,2.392448425292968750e+01,2.842327880859375000e+01,2.830796051025390625e+01,2.106887435913085938e+01,2.277907943725585938e+01,1.868054199218750000e+01,2.195984840393066406e+01,2.375590133666992188e+01,2.475553894042968750e+01,2.199547958374023438e+01,2.665765762329101562e+01,2.485767364501953125e+01,9.934040069580078125e+00,-1.985297948122024536e-01,-1.179206275939941406e+01,-5.273442268371582031e+00,-4.672254323959350586e-01,-4.741279602050781250e+00,-7.611530303955078125e+00,-5.284882545471191406e+00,-8.733402252197265625e+00,-6.400074005126953125e+00,-7.913660526275634766e+00,-3.908711433410644531e+00,-1.209535884857177734e+01,-9.460801124572753906e+00,5.165269851684570312e+00,1.064946556091308594e+01,7.837567806243896484e+00,-7.646008968353271484e+00,-1.409018707275390625e+01,-1.318041706085205078e+01,-7.989884853363037109e+00,-1.302546596527099609e+01,-1.354771709442138672e+01,-1.176647663116455078e+01,-9.593645095825195312e+00,-4.292229652404785156e+00,-8.536033630371093750e+00,-1.544055366516113281e+01,-1.717076683044433594e+01,-6.811401367187500000e+00,4.755562782287597656e+00,1.709190487861633301e+00,-9.963352203369140625e+00,-1.740986251831054688e+01,-1.849413681030273438e+01,-1.790703964233398438e+01,-1.902523040771484375e+01,-1.784792327880859375e+01,-1.931453323364257812e+01,7.592107057571411133e-01,9.117073059082031250e+00,5.553200721740722656e+00,3.398777961730957031e+00,-4.156438827514648438e+00,-1.682870101928710938e+01,-1.329943656921386719e+01,2.792477846145629883e+00,1.565302371978759766e+01,1.708518791198730469e+01,1.752654838562011719e+01,2.252688407897949219e+01,3.289393615722656250e+01,3.262602233886718750e+01,1.861378097534179688e+01,1.213596343994140625e+01,7.119738101959228516e+00,4.014622688293457031e+00,3.678181648254394531e+00,2.998359680175781250e+00,-7.890134453773498535e-01,-9.810773849487304688e+00,-1.265727996826171875e+01,-4.225350379943847656e+00,8.313000679016113281e+00,2.171624946594238281e+01,2.600405502319335938e+01,2.420588111877441406e+01,1.687531280517578125e+01,7.114630699157714844e+00,2.654196023941040039e+00,-4.720729827880859375e+00,1.931135177612304688e+00,1.061418628692626953e+01,7.765305042266845703e+00,1.484906387329101562e+01,1.298424720764160156e+01,1.209972572326660156e+01,5.459028244018554688e+00,2.011791229248046875e+00,-9.925008773803710938e+00,-1.210258865356445312e+01,-2.409539699554443359e+00,7.478182792663574219e+00,7.743545532226562500e+00,1.096054267883300781e+01,1.617547988891601562e+01,1.199087619781494141e+01,1.255919647216796875e+01,6.437093734741210938e+00,-5.962944030761718750e+00,-7.801558494567871094e+00,-2.160502433776855469e+00,-3.088639378547668457e-01,7.296800613403320312e-04,2.268125772476196289e+00,-2.408618450164794922e+00,-3.684114456176757812e+00,-1.618825346231460571e-01,1.033334732055664062e+01,1.417031669616699219e+01,1.445478630065917969e+01,2.010958862304687500e+01,2.358995437622070312e+01,2.571232032775878906e+01,2.105374145507812500e+01,1.443927764892578125e+01,1.082243537902832031e+01,7.875099182128906250e+00,-8.024770021438598633e-01,2.805375576019287109e+00,3.051892757415771484e+00,5.000492572784423828e+00,1.750309228897094727e+00,4.968732357025146484e+00,-3.024326324462890625e+00,-2.870041370391845703e+00,-6.410142898559570312e+00,-6.292214870452880859e+00,-5.885147094726562500e+00,-7.143725395202636719e+00,-1.948975563049316406e+01,-2.741876602172851562e+01,-1.473992156982421875e+01,-1.042262554168701172e+01,-1.866421699523925781e+01,-2.128260421752929688e+01,-1.425061988830566406e+01,-6.421184062957763672e+00,1.414294242858886719e-01,3.841041088104248047e+00,-1.457750082015991211e+00,-6.608978271484375000e+00,-4.853860855102539062e+00,2.169951200485229492e-01,2.716376781463623047e+00,-1.011628031730651855e+00,-2.699715197086334229e-01,6.908896923065185547e+00,2.081339263916015625e+01,2.769899749755859375e+01,2.414702606201171875e+01,2.034170722961425781e+01,1.684954833984375000e+01,1.254533195495605469e+01,1.154909896850585938e+01,1.365217781066894531e+01,1.537255382537841797e+01,1.379375553131103516e+01,1.312201976776123047e+01,1.060610198974609375e+01,7.548722743988037109e+00,9.735891342163085938e+00,9.794094085693359375e+00,7.799465179443359375e+00,1.076482582092285156e+01,6.470167160034179688e+00,7.472287178039550781e+00,7.750779151916503906e+00,7.462404727935791016e+00,5.456453800201416016e+00,7.606348037719726562e+00,9.772268295288085938e+00,8.949779510498046875e+00,-5.480421185493469238e-01,-9.500635147094726562e+00,-8.944789886474609375e+00,-5.008948445320129395e-01,1.580518722534179688e+00,1.881222367286682129e+00,-3.162024259567260742e+00,-8.489513397216796875e+00,-9.784998893737792969e+00,-3.917673110961914062e+00,-5.088371276855468750e+00,4.207299053668975830e-01,-1.221716880798339844e+00,-9.723770141601562500e+00,-1.404926872253417969e+01,-1.824501037597656250e+01,-1.637869262695312500e+01,-1.743152236938476562e+01,-2.005424499511718750e+01,-2.285896873474121094e+01,-2.337117767333984375e+01,-1.872167587280273438e+01,-7.051689624786376953e+00,3.544980287551879883e+00,4.433015346527099609e+00,-3.141856491565704346e-01,-2.728293657302856445e+00,-5.224319934844970703e+00,-6.665072441101074219e+00,-1.291820144653320312e+01,7.543450593948364258e-02,2.063551712036132812e+01,2.415214920043945312e+01,2.843388366699218750e+01,2.807215499877929688e+01,1.858261871337890625e+01,6.820401191711425781e+00,-7.290029048919677734e+00,-1.231451034545898438e+01,-1.454049587249755859e+01,-1.526949787139892578e+01,-1.855886459350585938e+01,-2.301293373107910156e+01,-2.296101570129394531e+01,-1.747346496582031250e+01,-1.048837661743164062e+01,-7.258083343505859375e+00,-1.027655124664306641e+00,-4.910306930541992188e+00,-9.124018669128417969e+00,-9.842715263366699219e+00,-1.294840812683105469e+01,-1.503440666198730469e+01,-1.351325035095214844e+01,-1.429403114318847656e+01,-1.706758117675781250e+01,-1.774362373352050781e+01,-1.694549560546875000e+01,-9.867647171020507812e+00,7.537003517150878906e+00,5.548381805419921875e+00,2.967544078826904297e+00,1.028944587707519531e+01,1.649127578735351562e+01,8.912641525268554688e+00,2.986763477325439453e+00,-1.015280723571777344e+00,-1.844446063041687012e+00,8.638298988342285156e+00,7.922476768493652344e+00,-8.450131416320800781e+00,-1.479231643676757812e+01,-1.262718582153320312e+01,1.987116813659667969e+00,1.184398651123046875e+01,2.063616561889648438e+01,2.566056823730468750e+01,2.429611206054687500e+01,2.336873435974121094e+01,1.991981124877929688e+01,2.343126296997070312e+01,2.799585342407226562e+01,2.381553459167480469e+01,2.478228378295898438e+01,2.554672241210937500e+01,3.141946029663085938e+01,4.037938690185546875e+01,3.687637329101562500e+01,2.850370025634765625e+01,1.975764083862304688e+01,1.413433265686035156e+01,1.013824939727783203e+01,1.814780950546264648e+00,-2.579614162445068359e+00,1.840740442276000977e-02,1.839937925338745117e+00,3.101372718811035156e-02,-4.566082000732421875e+00,-8.269672393798828125e+00,-5.565078735351562500e+00,4.144312441349029541e-02,5.724307060241699219e+00,9.657550811767578125e+00,1.740318298339843750e+01,2.077287673950195312e+01,9.402927398681640625e+00,5.134876966476440430e-01,-7.645794153213500977e-01,-8.209129571914672852e-01,-2.369425535202026367e+00,-1.100285768508911133e+00,-7.326597213745117188e+00,-2.753956556320190430e+00,-1.595856070518493652e+00,-1.392724514007568359e+00,8.121992349624633789e-01,5.828123688697814941e-01,4.495808601379394531e+00,3.887943267822265625e+00,1.129067420959472656e+00,6.021850585937500000e+00,4.036216735839843750e+00,4.280431568622589111e-01,-4.350418090820312500e+00,-3.795240879058837891e+00,5.998301029205322266e+00,8.291646957397460938e+00,-3.629217743873596191e-01,-2.610437870025634766e+00,-1.367412567138671875e+01,-1.864508438110351562e+01,-1.558931159973144531e+01,-1.443582916259765625e+01,-1.155487155914306641e+01,-5.511946678161621094e+00,-1.010051965713500977e+00,4.038592576980590820e-01,2.478754997253417969e+00,2.342587232589721680e+00,-4.459584712982177734e+00,-1.244590187072753906e+01,-1.390695214271545410e+00,1.188694953918457031e+01,1.189518928527832031e+01,2.445149898529052734e+00,-4.952590167522430420e-01,-4.348459243774414062e-01,8.417258262634277344e-01,7.309532165527343750e-01,3.217088222503662109e+00,-6.288387775421142578e-01,-1.384925842285156250e+01,-1.834716415405273438e+01,-1.604030799865722656e+01,4.399033784866333008e-01,6.404152870178222656e+00,7.929959297180175781e+00,1.078240585327148438e+01,1.091107749938964844e+01,7.221879959106445312e+00,-2.186153602600097656e+01,-3.124112319946289062e+01,-3.272115325927734375e+01,-3.002186775207519531e+01,-2.837250900268554688e+01,-2.422485351562500000e+01,-1.513265991210937500e+01,-1.453116607666015625e+01,-1.621154022216796875e+01,-1.900796508789062500e+01,-2.090705490112304688e+01,-1.483485412597656250e+01,-4.686914920806884766e+00,-2.140024662017822266e+00,1.061528921127319336e+00,4.939687252044677734e+00,-9.622592329978942871e-01,-2.745583295822143555e+00,-6.685662746429443359e+00,-7.553398132324218750e+00,-1.168735623359680176e+00,-3.193399667739868164e+00,-7.335510730743408203e+00,-7.746476173400878906e+00,-4.081609249114990234e+00,1.331407070159912109e+00,1.537592697143554688e+01,2.190460205078125000e+01,2.450108528137207031e+01,2.611916351318359375e+01,2.298516464233398438e+01,1.192481994628906250e+01,2.400559425354003906e+00,-5.557386875152587891e-01,-7.524906158447265625e+00,-2.027838897705078125e+01,-3.275013351440429688e+01,-2.444474792480468750e+01,-1.354277896881103516e+01,-8.402684211730957031e+00,-3.097704648971557617e+00,-3.928855061531066895e-01,-1.290946006774902344e+00,-7.488210678100585938e+00,-2.160821437835693359e+00,3.680492639541625977e+00,5.302410125732421875e+00,1.337975978851318359e+00,3.267444610595703125e+00,7.052580833435058594e+00,9.820774078369140625e+00,5.899129867553710938e+00,1.030919075012207031e+01,1.095959281921386719e+01,8.185809135437011719e+00,6.385470390319824219e+00,1.585732996463775635e-01,1.939177513122558594e-01,-2.324137687683105469e+00,-2.959373593330383301e-01,6.037198901176452637e-01,-1.020641326904296875e+01,-1.172586441040039062e+01,-9.581986427307128906e+00,-8.291503906250000000e+00,-1.125276947021484375e+01,-4.644159317016601562e+00,2.344068527221679688e+00,-8.287781476974487305e-01,8.598973155021667480e-01,-8.993717432022094727e-01,-7.268459796905517578e-01,-3.404513597488403320e-01,3.737622499465942383e+00,-3.179586172103881836e+00,-9.607685089111328125e+00,-8.625003814697265625e+00,-6.157243251800537109e-02,1.344373703002929688e+00,2.498246669769287109e+00,5.725394248962402344e+00,7.549781799316406250e+00,4.198017120361328125e-01,-6.867838382720947266e+00,-3.435910463333129883e+00,5.252651691436767578e+00,3.567856311798095703e+00,-7.784495353698730469e+00,-9.274063110351562500e+00,-7.781801223754882812e+00,1.773281693458557129e-01,2.180770397186279297e+00,-1.957376956939697266e+00,-1.186435461044311523e+00,4.157942295074462891e+00,8.425069808959960938e+00,4.430109500885009766e+00,4.470441818237304688e+00,4.230444431304931641e+00,6.369360446929931641e+00,6.838889122009277344e+00,1.056088066101074219e+01,1.271126842498779297e+01,8.876370429992675781e+00,7.164558410644531250e+00,8.084496498107910156e+00,8.375909805297851562e+00,2.245405197143554688e+01,2.170063018798828125e+01,-1.497608757019042969e+01,-1.742437934875488281e+01,-1.434708309173583984e+01,-1.431966781616210938e+01,-1.356252861022949219e+01,-1.415186595916748047e+01,-1.477122497558593750e+01,-1.344949340820312500e+01,-1.660658454895019531e+01,-4.333728313446044922e+00,6.236232757568359375e+00,5.296635150909423828e+00,6.365442752838134766e+00,1.255441093444824219e+01,-6.941430091857910156e+00,-1.498696136474609375e+01,-8.429552078247070312e+00,-8.105238080024719238e-01,6.094196319580078125e+00,1.121587276458740234e+01,1.343491363525390625e+01,7.489428043365478516e+00,-5.527662634849548340e-01,-4.487575531005859375e+00,-8.981932997703552246e-01,-2.086627244949340820e+00,5.581468343734741211e-02,-9.247715473175048828e-01,-3.916429996490478516e+00,2.349141359329223633e+00,8.843484878540039062e+00,5.215097427368164062e+00,-1.921888589859008789e+00,6.316303253173828125e+00,9.775281906127929688e+00,1.095013236999511719e+01,1.636092567443847656e+01,2.349577188491821289e+00,-3.389390707015991211e+00,-5.732785224914550781e+00,-5.493963241577148438e+00,-6.847479343414306641e+00,-7.466882705688476562e+00,-7.806125640869140625e+00,-9.058717727661132812e+00,-1.142494773864746094e+01,-1.219026184082031250e+01,7.438344478607177734e+00,1.152140617370605469e+01,7.966086387634277344e+00,-4.677012920379638672e+00,-3.878890752792358398e+00,-3.462221622467041016e+00,-1.793884634971618652e+00,-1.070153355598449707e+00,8.462961196899414062e+00,1.970483207702636719e+01,1.953814506530761719e+01,1.806912040710449219e+01,1.727130508422851562e+01,1.640679359436035156e+01,1.101056480407714844e+01,9.848234176635742188e+00,1.919353866577148438e+01,2.336468887329101562e+01,2.506359481811523438e+01,2.216806030273437500e+01,1.591562271118164062e+01,1.043136215209960938e+01,3.173029422760009766e+00,5.277574062347412109e+00,5.052711963653564453e+00,-3.596852302551269531e+00,-1.172974395751953125e+01,-6.927242279052734375e+00,-4.962996959686279297e+00,-4.202959537506103516e+00,6.606247901916503906e+00,2.214275550842285156e+01,2.010759353637695312e+01,1.934952163696289062e+01,1.595838356018066406e+01,6.958977222442626953e+00,-8.468866348266601562e+00,-1.570604133605957031e+01,-1.798015213012695312e+01,-1.586661720275878906e+01,-1.390158176422119141e+01,-1.100474548339843750e+01,-8.623280525207519531e+00,-1.505867576599121094e+01,-1.259000205993652344e+01,3.212685823440551758e+00,4.718096256256103516e-01,-2.445212364196777344e+01,-3.496458435058593750e+01,-3.375876998901367188e+01,-2.969835853576660156e+01,-2.755278968811035156e+01,-2.642882347106933594e+01,-2.638165283203125000e+01,-2.047750663757324219e+01,-1.949501419067382812e+01,-2.116680335998535156e+01,-1.946978187561035156e+01,-1.707037734985351562e+01,-1.145047664642333984e+01,-1.997228622436523438e+00,-1.509879112243652344e+01,-2.112705993652343750e+01,-1.184210681915283203e+01,8.110762834548950195e-01,1.148767280578613281e+01,1.331488609313964844e+01,7.910536289215087891e+00,-8.899912834167480469e-01,-2.978289604187011719e+00,1.331429243087768555e+00,6.873401641845703125e+00,7.455414772033691406e+00,5.052217006683349609e+00,3.437407732009887695e+00,-1.126522660255432129e+00,-5.762754440307617188e+00,-7.510709762573242188e+00,-7.536643981933593750e+00,-1.430652523040771484e+01,-1.506848907470703125e+01,-1.776856613159179688e+01,-1.945819091796875000e+01,-1.385886573791503906e+01,-7.345772743225097656e+00,1.024614810943603516e+00,-1.834662079811096191e+00,-5.786868572235107422e+00,-8.710144042968750000e+00,-9.352647781372070312e+00,1.232124209403991699e+00,8.999006271362304688e+00,6.993562221527099609e+00,2.761375904083251953e+00,4.176156044006347656e+00,6.678812026977539062e+00,4.270960330963134766e+00,4.092021465301513672e+00,7.054135799407958984e+00,7.560953617095947266e+00,4.916851043701171875e+00,1.847119212150573730e+00,5.432371139526367188e+00,9.042779922485351562e+00,7.285480499267578125e+00,6.070679664611816406e+00,6.841010093688964844e+00,9.725442886352539062e+00,8.239193916320800781e+00,8.202807426452636719e+00,5.100350379943847656e+00,2.508765220642089844e+00,-7.992715835571289062e-01,-1.623655891418457031e+01,-1.827368927001953125e+01,-1.763214111328125000e+01,-1.019178581237792969e+01,-8.174622535705566406e+00,-1.249101638793945312e+01,-1.591237449645996094e+01,-1.901687240600585938e+01,-1.311341857910156250e+01,-4.696309566497802734e+00,4.125399589538574219e+00,5.754159927368164062e+00,4.231661319732666016e+00,-6.138721704483032227e-01,-8.571280837059020996e-01,2.873556137084960938e+00,-5.187056541442871094e+00,-2.351374053955078125e+01,-1.937100601196289062e+01,-8.179511070251464844e+00,9.012693405151367188e+00,1.038833427429199219e+01,1.506749629974365234e+01,1.518655395507812500e+01,1.197055625915527344e+01,1.222608852386474609e+01,5.444674491882324219e+00,-3.261999511718750000e+01,-5.207588958740234375e+01,-5.715797805786132812e+01,-5.811200714111328125e+01,-5.832263183593750000e+01,-5.429391098022460938e+01,-4.453021621704101562e+01,-3.132096099853515625e+01,-2.960472488403320312e+01,-2.455546569824218750e+01,-2.981435966491699219e+01,-3.563557434082031250e+01,-3.499396514892578125e+01,-3.032937812805175781e+01,-1.925107955932617188e+01,-1.077044868469238281e+01,-1.354414558410644531e+01,-1.574527549743652344e+01,-1.856861495971679688e+01,-1.762549972534179688e+01,-1.640640640258789062e+01,-2.129700469970703125e+01,-2.109603118896484375e+01,-1.775262832641601562e+01,-2.040628814697265625e+01,-2.314007186889648438e+01,-1.850745010375976562e+01,-1.537036609649658203e+01,-8.558556556701660156e+00,-5.922227859497070312e+00,-3.055950641632080078e+00,-5.183908939361572266e+00,-4.864177227020263672e+00,-3.719613552093505859e+00,-2.585740089416503906e+00,7.557133436203002930e-01,2.856423377990722656e+00,6.767054557800292969e+00,7.631022453308105469e+00,6.731210708618164062e+00,8.476696014404296875e+00,7.568862915039062500e+00,6.198022842407226562e+00,2.547281682491302490e-01,5.131155252456665039e-01,-6.919179558753967285e-01,4.756842613220214844e+00,3.540496826171875000e+00,6.825463294982910156e+00,1.504991149902343750e+01,2.150045013427734375e+01,1.716893768310546875e+01,2.733667850494384766e+00,-7.850017547607421875e+00,-6.662250518798828125e+00,-5.729128718376159668e-01,3.418342590332031250e+00,2.123616695404052734e+00,1.484757661819458008e+00,1.194004654884338379e+00,3.097723960876464844e+00,2.453274250030517578e+00,-4.117381095886230469e+00,5.888141632080078125e+00,7.955597877502441406e+00,-5.278023719787597656e+00,-2.465189456939697266e+00,-2.072014808654785156e+00,-2.055898666381835938e+00,1.759082078933715820e+00,7.770264148712158203e+00,1.025713062286376953e+01,7.548075199127197266e+00,8.494445800781250000e+00,1.040298557281494141e+01,4.960006237030029297e+00,-8.796766281127929688e+00,-2.184683990478515625e+01,-2.006787490844726562e+01,-1.754890060424804688e+01,-2.254688262939453125e+01,-1.759354782104492188e+01,1.310324668884277344e+00,-1.507485270500183105e+00,-1.773304939270019531e+01,-1.974061393737792969e+01,-1.717007446289062500e+01,-2.339328384399414062e+01,-2.217520904541015625e+01,-1.849580049514770508e+00,3.688538670539855957e-01,-1.224668312072753906e+01,-2.332492446899414062e+01,-2.543634033203125000e+01,-1.381317901611328125e+01,-1.018999385833740234e+01,1.175997257232666016e+00,1.131247901916503906e+01,2.117642402648925781e+01,1.588157081604003906e+01,2.741321563720703125e+00,-1.713812708854675293e+00,-1.673076391220092773e+00,-3.463615775108337402e-01,7.374759674072265625e+00,1.772196578979492188e+01,1.909728622436523438e+01,2.059880447387695312e+01,2.528577423095703125e+01,2.856921195983886719e+01,2.750839233398437500e+01,2.391666412353515625e+01,7.853115081787109375e+00,3.130458831787109375e+00,3.898474693298339844e+00,3.879652976989746094e+00,7.088203430175781250e+00,1.131648826599121094e+01,1.332028484344482422e+01,1.200893020629882812e+01,3.397602558135986328e+00,-7.979451179504394531e+00,-1.575653171539306641e+01,-5.282131671905517578e+00,1.800020217895507812e+01,1.868214416503906250e+01,2.035794830322265625e+01,1.918374633789062500e+01,2.070518112182617188e+01,2.134659194946289062e+01,1.325535774230957031e+01,-8.114017486572265625e+00,-5.467770576477050781e+00,1.672423553466796875e+01,2.087753677368164062e+01,2.658368301391601562e+01,1.970000457763671875e+01,-8.757431983947753906e+00,-2.255379676818847656e+01,-1.595634078979492188e+01,-5.782686233520507812e+00,-5.238853454589843750e+00,-1.388497829437255859e+00,6.134962439537048340e-01,5.660617828369140625e+00,1.017325019836425781e+01,8.489204406738281250e+00,4.550436973571777344e+00,1.949454307556152344e+00,-1.179214477539062500e+01,-1.602190017700195312e+01,-4.464890480041503906e+00,-2.640648126602172852e+00,-3.871064186096191406e+00,1.611357331275939941e+00,4.013152599334716797e+00,1.197494506835937500e+00,6.452493667602539062e-01,2.483921051025390625e+00,-3.373904228210449219e-01,-2.885257482528686523e+00,3.342798233032226562e+00,2.418590784072875977e+00,7.516406536102294922e+00,1.068069076538085938e+01,7.024496078491210938e+00,7.700277805328369141e+00,7.612308025360107422e+00,1.080975341796875000e+01,1.286211204528808594e+01,1.227113914489746094e+01,9.857807159423828125e+00,1.001244258880615234e+01,9.292262077331542969e+00,1.122571277618408203e+01,9.945202827453613281e+00
-2.853051662445068359e+00,-2.614442348480224609e+00,-4.542271137237548828e+00,5.107133388519287109e-01,3.971795082092285156e+00,2.881526708602905273e+00,-1.667623901367187500e+01,-3.663806533813476562e+01,-3.660607910156250000e+01,-2.821174621582031250e+01,-2.600133895874023438e+01,-2.363700294494628906e+01,-2.419702911376953125e+01,-2.549197006225585938e+01,-1.949041366577148438e+01,-1.697205543518066406e+01,-8.136343002319335938e+00,-2.326737594604492188e+01,-5.145907592773437500e+01,-4.916316223144531250e+01,-4.090418243408203125e+01,-3.167315292358398438e+01,-1.744940757751464844e+01,-7.915467262268066406e+00,-4.240450859069824219e+00,-6.063126564025878906e+00,-1.085563278198242188e+01,-1.987317085266113281e+01,-2.061558151245117188e+01,-2.828216552734375000e+01,-2.702565765380859375e+01,-2.477806091308593750e+01,-1.949172401428222656e+01,-8.890288352966308594e+00,-2.058828830718994141e+00,-4.782652378082275391e+00,-9.693592071533203125e+00,-1.275650501251220703e+01,-1.422134399414062500e+01,-1.657308959960937500e+01,-1.755732536315917969e+01,-1.407294845581054688e+01,-1.669137382507324219e+01,-1.323793983459472656e+01,-1.560985374450683594e+01,-1.644844436645507812e+01,-1.332422637939453125e+01,-1.217730140686035156e+01,-2.163774108886718750e+01,-3.115126609802246094e+01,-3.812456512451171875e+01,-4.280732727050781250e+01,-3.597600936889648438e+01,-2.206569290161132812e+01,-2.208244323730468750e+01,-2.752304840087890625e+01,-2.270345115661621094e+01,-2.225890731811523438e+01,-2.449017715454101562e+01,-2.482582855224609375e+01,-2.423096084594726562e+01,-2.191524505615234375e+01,-2.298139381408691406e+01,-2.481427192687988281e+01,-2.264699172973632812e+01,-1.652389526367187500e+01,-1.073803520202636719e+01,-7.181406497955322266e+00,-8.449805259704589844e+00,-1.960673713684082031e+01,-3.898953628540039062e+01,-4.160289001464843750e+01,-3.869174194335937500e+01,-3.464405822753906250e+01,-2.342956542968750000e+01,-1.499258422851562500e+01,-1.269022941589355469e+01,-3.397268676757812500e+01,-3.881025695800781250e+01,-4.298715972900390625e+01,-4.096511840820312500e+01,-3.034121322631835938e+01,-2.089310836791992188e+01,-2.954793548583984375e+01,-4.046542358398437500e+01,-3.969112396240234375e+01,-2.650682640075683594e+01,-2.223537826538085938e+01,-1.758163833618164062e+01,-8.392383575439453125e+00,-1.939492225646972656e+00,5.326955795288085938e+00,6.599509239196777344e+00,5.556080818176269531e+00,8.688697814941406250e+00,8.827753067016601562e+00,-8.811582565307617188e+00,-1.995625686645507812e+01,-1.670082473754882812e+01,1.181051254272460938e+00,-4.490429878234863281e+00,-4.375708580017089844e+00,6.173613548278808594e+00,4.630090594291687012e-01,7.706553459167480469e+00,9.116908073425292969e+00,9.239460945129394531e+00,7.710458755493164062e+00,7.605301856994628906e+00,1.196572494506835938e+01,8.504318237304687500e+00,3.348971605300903320e+00,4.010605812072753906e+00,6.346814632415771484e+00,6.983661651611328125e+00,4.498356819152832031e+00,4.598436832427978516e+00,4.345102787017822266e+00,3.460400104522705078e-01,-5.274970531463623047e-01,-2.624940872192382812e-02,-1.106326699256896973e+00,-1.763367414474487305e+00,4.068934917449951172e-02,4.560410976409912109e-01,-2.806417942047119141e+00,-1.815220713615417480e-01,-1.669064760208129883e+00,-7.397189617156982422e+00,-6.262971878051757812e+00,-9.557804107666015625e+00,-1.251651382446289062e+01,-2.302529907226562500e+01,-2.448600769042968750e+01,-3.235202026367187500e+01,-4.085538482666015625e+01,-3.778340911865234375e+01,-2.505183792114257812e+01,-2.028136825561523438e+01,-1.980467987060546875e+01,-1.908418273925781250e+01,-1.623973274230957031e+01,-2.008811759948730469e+01,-2.549367904663085938e+01,-2.391122436523437500e+01,-1.453821754455566406e+01,-6.108974933624267578e+00,-1.609667968750000000e+01,-2.432467651367187500e+01,-2.200128555297851562e+01,-2.133694076538085938e+01,-2.285529899597167969e+01,-2.119387435913085938e+01,-1.726122474670410156e+01,-1.617935943603515625e+01,-2.135945129394531250e+01,-2.023038101196289062e+01,-1.815340805053710938e+01,-2.694579696655273438e+01,-2.976432418823242188e+01,-2.298251724243164062e+01,-9.414913177490234375e+00,-1.946713256835937500e+01,-1.935977935791015625e+01,-1.270264720916748047e+01,-9.407779693603515625e+00,-1.720850753784179688e+01,-2.636878585815429688e+01,-3.359558868408203125e+01,-3.096272659301757812e+01,-2.880467987060546875e+01,-3.344022369384765625e+01,-3.254594039916992188e+01,-2.763572311401367188e+01,-2.018618965148925781e+01,-1.283122730255126953e+01,-1.072327232360839844e+01,-1.006139755249023438e+01,-1.002807235717773438e+01,-1.282492065429687500e+01,-1.426845932006835938e+01,-1.857448768615722656e+01,-2.026842880249023438e+01,-2.439120674133300781e+01,-2.040617752075195312e+01,-1.446284770965576172e+01,-4.046987056732177734e+00,-1.376749801635742188e+01,-2.036629867553710938e+01,-1.319574737548828125e+01,-1.683805084228515625e+01,-2.798567199707031250e+01,-2.845569229125976562e+01,-2.577704620361328125e+01,-2.681668090820312500e+01,-2.251116561889648438e+01,-2.506072998046875000e+01,-3.361894989013671875e+01,-2.829228973388671875e+01,-2.116555976867675781e+01,-1.277559280395507812e+01,-7.658499240875244141e+00,-1.486021995544433594e+01,-1.871410942077636719e+01,-1.218800163269042969e+01,-1.495057106018066406e+01,-2.709213066101074219e+01,-3.057901763916015625e+01,-3.004737472534179688e+01,-3.156066131591796875e+01,-3.192881774902343750e+01,-3.320005035400390625e+01,-2.913883972167968750e+01,-2.797457313537597656e+01,-2.401832389831542969e+01,-1.836197853088378906e+01,-1.657431602478027344e+01,-1.396794319152832031e+01,-9.991125106811523438e+00,-1.989238166809082031e+01,-3.852466583251953125e+01,-4.450438690185546875e+01,-3.438322067260742188e+01,-2.257463836669921875e+01,-1.274843406677246094e+01,-8.624075889587402344e+00,-5.997476100921630859e+00,-5.075362205505371094e+00,1.205665826797485352e+00,3.493189811706542969e+00,2.233217716217041016e+00,4.146625518798828125e+00,9.095201492309570312e+00,-2.081284523010253906e+00,-7.290627479553222656e+00,-5.218878388404846191e-01,1.643268704414367676e+00,9.201604843139648438e+00,1.499164104461669922e+00,-1.696846389770507812e+01,-1.798959732055664062e+01,-5.036063194274902344e+00,-5.555341243743896484e-01,-1.410315036773681641e+00,-7.524728775024414062e+00,-1.612776374816894531e+01,-1.779124069213867188e+01,-1.987797927856445312e+01,-2.360560226440429688e+01,-3.505735778808593750e+01,-4.932089233398437500e+01,-4.919068145751953125e+01,-4.201950836181640625e+01,-2.248444557189941406e+01,-2.629771041870117188e+01,-2.957595634460449219e+01,-2.813282394409179688e+01,-2.985544586181640625e+01,-2.508660507202148438e+01,-2.158640289306640625e+01,-2.403786468505859375e+01,-2.382070922851562500e+01,-2.173636245727539062e+01,-1.344473266601562500e+01,-1.281517410278320312e+01,-2.796168327331542969e+01,-3.377342987060546875e+01,-2.733181381225585938e+01,-1.260028076171875000e+01,-5.405438899993896484e+00,-8.976408004760742188e+00,-1.172468280792236328e+01,-1.005116701126098633e+00,-8.316713333129882812e+00,-1.795775604248046875e+01,-2.494957351684570312e+01,-3.260501098632812500e+01,-3.825060272216796875e+01,-2.630546379089355469e+01,-1.137844657897949219e+01,-1.995667839050292969e+01,-2.419268417358398438e+01,-2.117359733581542969e+01,-2.556838989257812500e+01,-2.502082824707031250e+01,-2.184556198120117188e+01,-1.603646469116210938e+01,-1.054215049743652344e+01,-1.848054885864257812e+01,-1.993547248840332031e+01,-2.311072540283203125e+01,-3.099780654907226562e+01,-3.690788269042968750e+01,-3.929933929443359375e+01,-3.779953002929687500e+01,-3.499745941162109375e+01,-3.573017883300781250e+01,-3.003888320922851562e+01,-2.423897171020507812e+01,-2.096956253051757812e+01,-2.163939666748046875e+01,-2.136694335937500000e+01,-1.783864593505859375e+01,-1.168702125549316406e+01,-2.042350769042968750e+00,-2.131290674209594727e+00,-1.466337585449218750e+01,-1.917006301879882812e+01,-1.482744407653808594e+01,-7.368031978607177734e+00,-3.625777244567871094e+00,-1.775230789184570312e+01,-2.135592079162597656e+01,-1.006432151794433594e+01,-7.412736892700195312e+00,-5.818772792816162109e+00,-2.059082746505737305e+00,-3.208030223846435547e+00,-4.599293231964111328e+00,-8.180013656616210938e+00,-9.560359001159667969e+00,-4.985814571380615234e+00,3.762171864509582520e-01,-1.382633149623870850e-01,1.111442327499389648e+00,6.707861423492431641e-01,-3.398211002349853516e+00,-3.115802764892578125e+00,5.608620047569274902e-01,-2.715601921081542969e+00,-3.862831115722656250e+00,-2.598666250705718994e-01,1.097239375114440918e+00,1.415335774421691895e+00,-4.184685707092285156e+00,-2.482942962646484375e+01,-4.947481918334960938e+01,-5.546867370605468750e+01,-4.997283935546875000e+01,-3.504024505615234375e+01,-2.445482635498046875e+01,-2.574966049194335938e+01,-2.983175849914550781e+01,-2.634215164184570312e+01,-1.722427368164062500e+01,-1.119000244140625000e+01,-1.275066184997558594e+01,-1.550053882598876953e+01,-1.514372444152832031e+01,-3.256318283081054688e+01,-3.709034729003906250e+01,-3.389711761474609375e+01,-2.652265357971191406e+01,-2.353558731079101562e+01,-9.667884826660156250e+00,-1.308617782592773438e+01,-2.572583770751953125e+01,-2.547203254699707031e+01,-2.307652473449707031e+01,-1.888250541687011719e+01,-8.271722793579101562e+00,-9.775632858276367188e+00,-1.653632736206054688e+01,-1.930734443664550781e+01,-2.454681587219238281e+01,-2.585497283935546875e+01,-2.302194595336914062e+01,-1.453850460052490234e+01,-3.816187286376953125e+01,-4.062090301513671875e+01,-3.384356689453125000e+01,-3.277845001220703125e+01,-2.767061424255371094e+01,-1.628255844116210938e+01,-1.239168834686279297e+01,-1.333813381195068359e+01,-2.248929595947265625e+01,-2.294985198974609375e+01,-1.367987442016601562e+01,-1.112170028686523438e+01,-1.026634788513183594e+01,-1.921602249145507812e+00,4.541809082031250000e+00,5.642847061157226562e+00,7.053686976432800293e-01,-1.744753599166870117e+00,-2.480739593505859375e+00,6.630371570587158203e+00,1.028563213348388672e+01,-5.447777748107910156e+00,-1.117875289916992188e+01,-1.338286781311035156e+01,-1.651112556457519531e+01,-1.541017341613769531e+01,-1.638149452209472656e+01,-2.935063552856445312e+01,-1.567410850524902344e+01,7.081705570220947266e+00,1.538588714599609375e+01,1.021717262268066406e+01,1.061366939544677734e+01,1.420786571502685547e+01,1.324359798431396484e+01,1.294793987274169922e+01,1.251340103149414062e+01,1.578331470489501953e+01,1.009230327606201172e+01,7.652777671813964844e+00,9.105042457580566406e+00,7.436341047286987305e-02,1.627704024314880371e+00,2.310066938400268555e+00,1.585091352462768555e-01,-1.976292014122009277e+00,-7.952688217163085938e+00,-2.351189374923706055e+00,8.260153770446777344e+00,2.086180496215820312e+01,8.983438491821289062e+00,-9.734835624694824219e+00,-1.193518447875976562e+01,-6.182631492614746094e+00,2.306415081024169922e+00,6.259438037872314453e+00,3.478626728057861328e+00,7.573782920837402344e+00,7.542932510375976562e+00,6.620894432067871094e+00,2.652614593505859375e+00,1.208119630813598633e+00,3.211822509765625000e-01,1.409484386444091797e+00,-3.866221904754638672e+00,-1.880594253540039062e+00,4.815666198730468750e+00,7.546695709228515625e+00,2.326958656311035156e+00,-1.404954719543457031e+01,-1.810537338256835938e+01,-1.428226280212402344e+01,-1.423568820953369141e+01,-1.349900054931640625e+01,-4.465856552124023438e+00,-7.623625755310058594e+00,-7.814207553863525391e+00,-9.394760131835937500e+00,-1.431090164184570312e+01,-2.388138580322265625e+01,-2.320902061462402344e+01,-2.001630401611328125e+01,-2.146881294250488281e+01,-1.458281612396240234e+01,2.172397375106811523e-01,-9.431190490722656250e+00,-2.876494216918945312e+01,-4.453513336181640625e+01,-4.610906219482421875e+01,-3.469567871093750000e+01,-2.857200050354003906e+01,-3.490831756591796875e+01,-4.223841857910156250e+01,-4.117764282226562500e+01,-3.529465484619140625e+01,-2.982831192016601562e+01,-1.869186401367187500e+01,-1.425333404541015625e+01,-6.568895339965820312e+00,2.952571392059326172e+00,9.861677169799804688e+00,1.482398128509521484e+01,1.767740821838378906e+01,1.584002685546875000e+01,9.967092514038085938e+00,4.412479400634765625e+00,-6.461948871612548828e+00,-6.071957111358642578e+00,-4.179997444152832031e+00,-2.204590141773223877e-01,1.045200157165527344e+01,1.141685104370117188e+01,-4.770476818084716797e-01,-5.478678226470947266e+00,-8.324585914611816406e+00,-2.076907730102539062e+01,-2.317924499511718750e+01,-1.850501060485839844e+01,-1.112492942810058594e+01,-1.095814132690429688e+01,-3.345342874526977539e+00,5.602294921875000000e+00,8.139684677124023438e+00,2.128673791885375977e+00,-9.112785458564758301e-01,-7.804140090942382812e+00,-1.557765388488769531e+01,-2.055832290649414062e+01,-1.941296958923339844e+01,-2.946615600585937500e+01,-3.332316207885742188e+01,-2.761470413208007812e+01,-1.217333412170410156e+01,-3.491297721862792969e+00,-1.159700202941894531e+01,-2.387653732299804688e+01,-2.996040916442871094e+01,-3.475167083740234375e+01,-3.952401733398437500e+01,-3.816779327392578125e+01,-2.141453170776367188e+01,-1.974310302734375000e+01,-2.012989616394042969e+01,-1.749827575683593750e+01,-1.526645946502685547e+01,-1.031478786468505859e+01,-5.290981769561767578e+00,-1.193967914581298828e+01,-9.528718948364257812e+00,-8.633728027343750000e+00,-8.584047317504882812e+00,-3.400024890899658203e+00,-8.907584190368652344e+00,-2.292774009704589844e+01,-1.449757575988769531e+01,-8.967226028442382812e+00,-4.431491374969482422e+00,-1.161534500122070312e+01,-8.310007095336914062e+00,-5.689840316772460938e+00,-6.354954719543457031e+00,-9.129223823547363281e+00,-1.058562278747558594e+01,-2.583033084869384766e+00,2.287794589996337891e+00,3.208039283752441406e+00,3.159447669982910156e+00,4.205218315124511719e+00,8.956738710403442383e-01,1.344864130020141602e+00,2.366122961044311523e+00,2.364843130111694336e+00,8.383934020996093750e+00,1.326869392395019531e+01,7.975306034088134766e+00,5.809577465057373047e+00,3.780869007110595703e+00,4.882753849029541016e+00,3.942674160003662109e+00,2.349766731262207031e+00,1.292724728584289551e+00,-4.514627456665039062e+00,-4.334944725036621094e+00,-3.916322708129882812e+00,-4.366860866546630859e+00,-7.310642242431640625e+00,-4.317884445190429688e+00,-9.963536858558654785e-01,-2.955007553100585938e+00,-2.243827104568481445e+00,3.260812997817993164e+00,6.209711074829101562e+00,1.177374362945556641e+00,-2.511744976043701172e+00,-2.037710189819335938e+01,-1.757769012451171875e+01,-1.987639427185058594e+01,-1.906484222412109375e+01,-2.296458053588867188e+01,-3.421836090087890625e+01,-4.538200759887695312e+01,-4.496040344238281250e+01,-3.636948776245117188e+01,-3.618564224243164062e+01,-3.137294960021972656e+01,-1.918994522094726562e+01,-1.107185363769531250e+01,-6.084906101226806641e+00,-4.974020957946777344e+00,-4.523324489593505859e+00,-4.429351329803466797e+00,-3.547372579574584961e+00,-1.983402490615844727e+00,-1.589330673217773438e+00,-8.171141624450683594e+00,-1.447360134124755859e+01,-2.316371917724609375e+01,-2.157113647460937500e+01,-1.974497604370117188e+01,-3.854421997070312500e+01,-3.395452880859375000e+01,-2.487977600097656250e+01,-1.755331802368164062e+01,-1.619853591918945312e+01,-1.669742393493652344e+01,-1.726052856445312500e+01,-1.538871955871582031e+01,-1.860780334472656250e+01,-3.110294723510742188e+01,-2.911220359802246094e+01,-2.035161209106445312e+01,-1.141106986999511719e+01,-7.031906604766845703e+00,-2.700323343276977539e+00,-5.180148124694824219e+00,-1.234369182586669922e+01,-2.372623443603515625e+01,-2.875955963134765625e+01,-2.438002967834472656e+01,-2.357194709777832031e+01,-2.270234107971191406e+01,-1.865267181396484375e+01,-2.585189819335937500e+01,-3.602883911132812500e+01,-3.835034179687500000e+01,-3.717419433593750000e+01,-2.549705696105957031e+01,-1.834741973876953125e+01,-1.190504550933837891e+01,-1.028012847900390625e+01,-1.042195415496826172e+01,-8.420707702636718750e+00,1.278367042541503906e+00,7.621439933776855469e+00,7.907737731933593750e+00,-9.345588684082031250e+00,-1.689614295959472656e+01,-1.297824096679687500e+01,-2.089105987548828125e+01,-2.015099716186523438e+01,-1.687037467956542969e+01,-1.656088447570800781e+01,-2.194475173950195312e+01,-3.436343002319335938e+01,-3.189201164245605469e+01,-2.149602890014648438e+01,-1.744339370727539062e+01,-2.234849929809570312e+01,-2.135724449157714844e+01,-1.690470504760742188e+01,-1.927811241149902344e+01,-2.512228775024414062e+01,-1.830384254455566406e+01,-1.647856712341308594e+01,-1.982390213012695312e+01,-1.794290161132812500e+01,-1.072124671936035156e+01,-1.922203540802001953e+00,-2.236718177795410156e+00,-1.952485322952270508e+00,-7.936966419219970703e+00,-7.636694908142089844e+00,-5.402650833129882812e+00,-7.114396095275878906e+00,-1.202154350280761719e+01,-1.358364677429199219e+01,-1.818177413940429688e+01,-2.208729362487792969e+01,-2.724670410156250000e+01,-3.526674652099609375e+01,-3.115386962890625000e+01,-2.143774795532226562e+01,-1.857921218872070312e+01,-1.323660278320312500e+01,-1.465663814544677734e+01,-2.434797668457031250e+01,-2.618299293518066406e+01,-2.136257934570312500e+01,-2.617092514038085938e+01,-3.243158721923828125e+01,-4.083205413818359375e+01,-4.396215820312500000e+01,-4.384023666381835938e+01,-4.147007751464843750e+01,-3.866917800903320312e+01,-3.680297088623046875e+01,-3.930237197875976562e+01,-4.045291900634765625e+01,-3.698107528686523438e+01,-3.262376403808593750e+01,-3.134759521484375000e+01,-2.405346298217773438e+01,-2.012740325927734375e+01,-1.808255386352539062e+01,-1.651480484008789062e+01,-1.281568145751953125e+01,-9.317981719970703125e+00,-7.085579872131347656e+00,-1.271669769287109375e+01,-7.269959449768066406e+00,-4.999796390533447266e+00,-5.136946201324462891e+00,1.547725915908813477e+00,-2.985931038856506348e-01,-6.758011817932128906e+00,-6.536433219909667969e+00,-9.234851837158203125e+00,-8.336175918579101562e+00,-4.003278255462646484e+00,-2.083367824554443359e+00,-6.190458774566650391e+00,-1.190055465698242188e+01,-9.584986686706542969e+00,-7.179968833923339844e+00,-1.050870132446289062e+01,-1.195984745025634766e+01,-7.573987960815429688e+00,-3.837306022644042969e+00,3.862205028533935547e+00,4.995338916778564453e+00,-2.743986129760742188e+00,-1.831746101379394531e-01,1.935140132904052734e+00,-3.419054508209228516e+00,-1.289726829528808594e+01,-2.918087005615234375e+01,-5.102093887329101562e+01,-4.768754196166992188e+01,-3.219607162475585938e+01,-2.545554733276367188e+01,-2.652036094665527344e+01,-2.605293655395507812e+01,-2.315745544433593750e+01,-1.797305679321289062e+01,-2.819622802734375000e+01,-2.810183334350585938e+01,-2.099170303344726562e+01,-1.701266098022460938e+01,-1.714117622375488281e+01,-1.732582855224609375e+01,-2.075343322753906250e+01,-2.045573997497558594e+01,-1.983017730712890625e+01,-1.984116935729980469e+01,-2.428011894226074219e+01,-2.403945922851562500e+01,-2.236535263061523438e+01,-1.751983261108398438e+01,-1.922571182250976562e+01,-2.213787078857421875e+01,-1.239815139770507812e+01,-6.504852294921875000e+00,-8.355802297592163086e-01,-1.721385478973388672e+00,-1.318353533744812012e+00,-4.655511856079101562e+00,-1.398612260818481445e+00,3.303473949432373047e+00,6.711120605468750000e+00,9.302839279174804688e+00,1.045350551605224609e+01,5.874372482299804688e+00,5.638053894042968750e+00,8.651308059692382812e+00,7.514965057373046875e+00,6.425495147705078125e+00,6.517848968505859375e+00,-1.701049423217773438e+01,-2.308539390563964844e+01,-1.392836570739746094e+01,-1.014219760894775391e+01,-1.754961585998535156e+01,-2.125588226318359375e+01,-2.468012619018554688e+01,-2.119387817382812500e+01,-1.506254482269287109e+01,-2.299934768676757812e+01,-3.019402885437011719e+01,-1.957858467102050781e+01,-7.799696922302246094e+00,-3.108593702316284180e+00,-6.347671508789062500e+00,-1.063353919982910156e+01,-1.195792007446289062e+01,-1.349597167968750000e+01,-1.493140220642089844e+01,-1.141630935668945312e+01,-5.493666172027587891e+00,-5.932112693786621094e+00,-2.546984100341796875e+01,-2.640513229370117188e+01,-1.189680862426757812e+01,9.653043150901794434e-01,8.238349914550781250e+00,-1.118238449096679688e+01,-3.049684143066406250e+01,-2.892315292358398438e+01,-1.716781806945800781e+01,-2.256132125854492188e+01,-3.673016357421875000e+01,-3.840814208984375000e+01,-3.538848876953125000e+01,-2.541034889221191406e+01,-1.474264717102050781e+01,-1.824079132080078125e+01,-1.958907127380371094e+01,-9.806493759155273438e+00,-3.046417236328125000e+00,-2.710241794586181641e+00,-1.132254028320312500e+01,-1.551605033874511719e+01,-2.022168350219726562e+01,-2.479941940307617188e+01,-2.423277664184570312e+01,-2.136460494995117188e+01,-2.192403030395507812e+01,-1.549031257629394531e+01,-1.404996681213378906e+01,-1.865609359741210938e+01,-2.283956146240234375e+01,-1.690112495422363281e+01,-2.602072334289550781e+01,-3.404190063476562500e+01,-2.120290756225585938e+01,-2.239388275146484375e+01,-2.809832763671875000e+01,-3.004838180541992188e+01,-2.827538299560546875e+01,-2.547326469421386719e+01,-2.674293136596679688e+01,-2.707576751708984375e+01,-2.139563751220703125e+01,-1.475360679626464844e+01,-1.016129589080810547e+01,-1.896364021301269531e+01,-2.387722587585449219e+01,-1.557921791076660156e+01,-9.670700073242187500e+00,-1.019286918640136719e+01,-1.008859062194824219e+01,-1.683022880554199219e+01,-1.929865264892578125e+01,-1.938323211669921875e+01,-1.699266433715820312e+01,-1.329646778106689453e+01,-7.439984321594238281e+00,-2.647740125656127930e+00,-3.336952209472656250e+00,-6.302582263946533203e+00,-1.392394638061523438e+01,-2.506011962890625000e+01,-3.270520019531250000e+01,-3.150382041931152344e+01,-2.337185859680175781e+01,-2.060069847106933594e+01,-2.026662445068359375e+01,-2.228985214233398438e+01,-3.323313522338867188e+01,-2.503313446044921875e+01,-1.952770233154296875e+01,-1.999867630004882812e+01,-2.130446624755859375e+01,-2.082229423522949219e+01,-2.276734924316406250e+01,-1.881629180908203125e+01,-1.501559448242187500e+01,-1.735251998901367188e+01,-1.947136116027832031e+01,-1.505668354034423828e+01,-8.310191154479980469e+00,-6.803920269012451172e+00,-1.167941379547119141e+01,-1.668590545654296875e+01,-1.296378040313720703e+01,-9.102947235107421875e+00,-1.187371253967285156e+01,-7.303124904632568359e+00,-5.467513084411621094e+00,-9.003122329711914062e+00,-7.404730796813964844e+00,-5.020117163658142090e-01,2.834780216217041016e+00,3.105134963989257812e+00,-3.769718170166015625e+00,6.104409694671630859e-01,-6.419390439987182617e-01,-4.064727306365966797e+00,-2.096933746337890625e+01,-3.068927192687988281e+01,-2.582869338989257812e+01,-2.119434356689453125e+01,-2.021608543395996094e+01,-1.335202789306640625e+01,-5.928429603576660156e+00,-9.688932418823242188e+00,-1.886263847351074219e+01,-3.960174560546875000e+01,-5.180157470703125000e+01,-5.089351654052734375e+01,-3.263734436035156250e+01,-2.224941635131835938e+01,-2.530093383789062500e+01,-2.987600708007812500e+01,-2.051958656311035156e+01,-1.236717796325683594e+01,-1.483080005645751953e+01,-1.152466392517089844e+01,-1.534441089630126953e+01,-1.602109909057617188e+01,-1.896385955810546875e+01,-2.494720268249511719e+01,-1.893547821044921875e+01,-1.561592769622802734e+01,-1.281813716888427734e+01,-1.230123138427734375e+01,-1.766117858886718750e+01,-1.873574829101562500e+01,-1.588630867004394531e+01,-1.765921211242675781e+01,-1.871789932250976562e+01,-2.609803581237792969e+01,-2.088185882568359375e+01,-1.645524024963378906e+01,-1.127964401245117188e+01,-7.280061244964599609e+00,-5.433090686798095703e+00,-6.294763565063476562e+00,-8.963628768920898438e+00,-9.044499397277832031e+00,-9.936132431030273438e+00,-1.977954101562500000e+01,-2.089197158813476562e+01,-1.676671409606933594e+01,-1.782434844970703125e+01,-1.569445800781250000e+01,-7.534035682678222656e+00,-4.910116195678710938e+00,-4.256844997406005859e+00,-7.146213650703430176e-01,-4.539128780364990234e+00,-3.426373958587646484e+00,-1.263560390472412109e+01,-2.002355957031250000e+01,-2.418522644042968750e+01,-3.697657775878906250e+01,-4.179417419433593750e+01,-4.047035980224609375e+01,-3.444746398925781250e+01,-2.892023849487304688e+01,-2.347155570983886719e+01,-2.064245986938476562e+01,-2.447687721252441406e+01,-2.919242858886718750e+01,-3.741898345947265625e+01,-3.587212371826171875e+01,-2.276932144165039062e+01,-1.201187324523925781e+01,-9.984152793884277344e+00,-1.142881965637207031e+01,-2.098918914794921875e+01,-2.672190856933593750e+01,-2.332518005371093750e+01,-2.902711486816406250e+01,-3.339031982421875000e+01,-2.483732223510742188e+01,-2.144095802307128906e+01,-2.649794960021972656e+01,-2.543442535400390625e+01,-1.876583671569824219e+01,-1.389164733886718750e+01,-2.239417266845703125e+01,-2.712595176696777344e+01,-2.533409881591796875e+01,-1.386428070068359375e+01,-5.721023559570312500e+00,5.275485038757324219e+00,8.537382125854492188e+00,2.346374034881591797e+00,-7.788522243499755859e-01,1.024808287620544434e-01,-3.221621036529541016e+00,-6.808080673217773438e+00,-1.402714610099792480e+00,1.553305983543395996e+00,7.277902603149414062e+00,2.984937191009521484e+00,3.480848670005798340e-01,-5.626690864562988281e+00,-1.049659538269042969e+01,-8.711815834045410156e+00,-4.125212192535400391e+00,-3.923998355865478516e+00,-6.152655601501464844e+00,-1.856900691986083984e+00,-5.718592405319213867e-01,2.728194713592529297e+00,2.010123729705810547e+00,-4.887875080108642578e+00,-8.856688499450683594e+00,-6.289553165435791016e+00,-5.430010557174682617e-01,7.616860866546630859e-01,2.873764514923095703e+00,4.165410995483398438e+00,3.172562718391418457e-01,-1.998842430114746094e+01,-3.988544845581054688e+01,-4.361661911010742188e+01,-3.217810440063476562e+01,-2.188212394714355469e+01,-3.707152557373046875e+01,-5.038645935058593750e+01,-5.442803192138671875e+01,-5.307806396484375000e+01,-4.418734359741210938e+01,-3.973747253417968750e+01,-3.735221099853515625e+01,-3.596544647216796875e+01,-3.728832244873046875e+01,-3.609859466552734375e+01,-3.007606124877929688e+01,-2.538087272644042969e+01,-8.174361228942871094e+00,-1.651756286621093750e+01,-3.202803421020507812e+01,-3.218502044677734375e+01,-1.932562637329101562e+01,-1.217544937133789062e+01,-1.283255386352539062e+01,-1.152826023101806641e+01,-1.136656379699707031e+01,-1.042544841766357422e+01,-1.047843456268310547e+01,-1.064359474182128906e+01,-1.105145454406738281e+01,-6.858514308929443359e+00,-3.340461492538452148e+00,-4.165939807891845703e+00,-1.156117820739746094e+01,-1.295647239685058594e+01,-1.383724880218505859e+01,-9.048425674438476562e+00,-1.416772174835205078e+01,-1.869571495056152344e+01,-1.489827919006347656e+01,-6.711252212524414062e+00,-8.417724370956420898e-01,-1.709011793136596680e+00,-7.183533310890197754e-01,-5.398725032806396484e+00,-1.471709632873535156e+01,-1.194377326965332031e+01,-2.963985919952392578e+00,-3.085932731628417969e+00,-3.024127960205078125e+00,-8.037791252136230469e+00,-8.325159072875976562e+00,-1.327896785736083984e+01,-1.683509445190429688e+01,-1.696578407287597656e+01,-1.303244781494140625e+01,-1.127892971038818359e+01,-1.821461868286132812e+01,-1.954797172546386719e+01,-8.848783493041992188e+00,-2.394858932495117188e+01,-3.087884521484375000e+01,-2.088796806335449219e+01,-2.028645324707031250e+01,-2.239029693603515625e+01,-1.716776275634765625e+01,-1.381650543212890625e+01,-8.010067939758300781e+00,-5.429134368896484375e+00,-8.427997589111328125e+00,-9.566525459289550781e+00,-4.029008865356445312e+00,6.612032651901245117e-01,-1.115679073333740234e+01,-3.166035461425781250e+01,-3.451346206665039062e+01,-2.195020294189453125e+01,-9.367162704467773438e+00,-3.445462942123413086e+00,-1.926968383789062500e+01,-2.541482925415039062e+01,-2.491837310791015625e+01,-6.866026878356933594e+00,-5.192796707153320312e+00,-7.546814441680908203e+00,-1.142718505859375000e+01,-1.830158615112304688e+01,-2.823335647583007812e+01,-2.778527069091796875e+01,-2.417346191406250000e+01,-2.504595565795898438e+01,-2.486756515502929688e+01,-2.206209373474121094e+01,-1.630365371704101562e+01,-1.197292137145996094e+01,-1.297168159484863281e+01,-1.780188369750976562e+01,-1.396917915344238281e+01,-8.300246238708496094e+00,-5.180995464324951172e+00,-4.793946743011474609e+00,-8.039676666259765625e+00,-4.441232204437255859e+00,-2.770545482635498047e+00,-2.042167901992797852e+00,-3.330365657806396484e+00,-4.433070182800292969e+00,-3.720802783966064453e+00,-6.056088805198669434e-01,1.872013807296752930e+00,-3.336914062500000000e+00,-1.777036666870117188e+00,-2.662470340728759766e-01,-6.428362846374511719e+00,-1.350187110900878906e+01,-1.289898204803466797e+01,-5.695690155029296875e+00,-4.109999656677246094e+00,-3.904606342315673828e+00,-2.919061422348022461e+00,-4.424322128295898438e+00,-4.544027328491210938e+00,1.372081637382507324e-01,-6.283364295959472656e-01,1.440862178802490234e+00,3.792728900909423828e+00,8.090147018432617188e+00,7.939018249511718750e+00,2.162823677062988281e+00,3.003702640533447266e+00,6.977100372314453125e+00,4.663044929504394531e+00,3.155225753784179688e+00,-1.613770103454589844e+01,-3.279240036010742188e+01,-3.571199798583984375e+01,-2.992775344848632812e+01,-3.181180381774902344e+01,-3.481311035156250000e+01,-3.455462265014648438e+01,-2.992312240600585938e+01,-2.153039741516113281e+01,-1.670908927917480469e+01,-2.827944755554199219e+01,-3.135324478149414062e+01,-3.514316558837890625e+01,-3.484638214111328125e+01,-2.871684265136718750e+01,-2.831523513793945312e+01,-2.746879196166992188e+01,-3.529568099975585938e+01,-3.991369628906250000e+01,-3.557733917236328125e+01,-3.771653747558593750e+01,-4.165606689453125000e+01,-4.235098266601562500e+01,-3.631992340087890625e+01,-2.938122177124023438e+01,-2.728407096862792969e+01,-2.867527580261230469e+01,-1.737173843383789062e+01,-1.569154357910156250e+01,-1.271304321289062500e+01,-1.581469345092773438e+01,-2.218367385864257812e+01,-2.338401222229003906e+01,-2.333298492431640625e+01,-1.946592521667480469e+01,-1.546741008758544922e+01,-1.036358642578125000e+01,-7.043622493743896484e+00,-8.440979003906250000e+00,-1.685338783264160156e+01,-1.456911754608154297e+01,-1.584519767761230469e+01,-1.952088356018066406e+01,-1.469779396057128906e+01,-1.032146930694580078e+01,-1.295515155792236328e+01,-1.911168861389160156e+01,-2.153704452514648438e+01,-1.914138221740722656e+01,-1.510525703430175781e+01,-2.219997024536132812e+01,-2.822517776489257812e+01,-3.150158500671386719e+01,-2.125627517700195312e+01,-4.564556121826171875e+00,4.773340225219726562e+00,-2.616929262876510620e-02,-1.998263001441955566e+00,9.369544982910156250e-01,-1.860999941825866699e+00,-8.156895637512207031e+00,-8.190889358520507812e+00,-1.016586494445800781e+01,-1.063326549530029297e+01,-1.363060188293457031e+01,-2.536200284957885742e+00,9.924038648605346680e-01,6.711445331573486328e+00,6.132874011993408203e+00,-6.141620635986328125e+00,-2.311839675903320312e+01,-2.930830001831054688e+01,-2.729412841796875000e+01,-3.431254577636718750e+01,-2.714303398132324219e+01,-2.292816925048828125e+01,-2.994139480590820312e+01,-3.457018661499023438e+01,-2.644536209106445312e+01,-2.290667343139648438e+01,-3.541639709472656250e+01,-4.252481842041015625e+01,-3.838750076293945312e+01,-2.553047180175781250e+01,-2.537125778198242188e+01,-2.086891365051269531e+01,-1.284433746337890625e+01,-1.175094985961914062e+01,-1.625432205200195312e+01,-2.226808166503906250e+01,-2.946986198425292969e+01,-3.727770996093750000e+01,-3.824822998046875000e+01,-3.182884979248046875e+01,-2.818286514282226562e+01,-2.391641044616699219e+01,-2.720313072204589844e+01,-3.254578399658203125e+01,-3.097968673706054688e+01,-2.743440246582031250e+01,-2.713558959960937500e+01,-2.364138984680175781e+01,-2.516641235351562500e+01,-2.944746971130371094e+01,-2.283650207519531250e+01,-2.100275421142578125e+01,-2.138450050354003906e+01,-1.540615940093994141e+01,-1.407189559936523438e+01,-2.947830200195312500e+01,-2.437240219116210938e+01,-1.247819328308105469e+01,-4.445886611938476562e+00,-5.064237594604492188e+00,-1.029270935058593750e+01,-1.159004402160644531e+01,-2.528841495513916016e-01,1.750392794609069824e+00,-1.097684955596923828e+01,-3.123486709594726562e+01,-3.105976104736328125e+01,-1.915984344482421875e+01,-1.959403991699218750e+01,-2.039926719665527344e+01,-2.139115142822265625e+01,-1.620295715332031250e+01,-1.497924709320068359e+01,-1.078379631042480469e+01,-6.659533500671386719e+00,-5.995633125305175781e+00,-6.417276859283447266e+00,-7.144302845001220703e+00,-5.614616870880126953e+00,-4.632266998291015625e+00,-4.468274116516113281e+00,-8.178565979003906250e+00,-1.276347923278808594e+01,-6.920530319213867188e+00,-1.660515403747558594e+01,-1.925849914550781250e+01,-1.448275566101074219e+01,-1.060367202758789062e+01,-1.328990745544433594e+01,-8.039986610412597656e+00,-1.090218734741210938e+01,-1.926703643798828125e+01,-1.855992889404296875e+01,-9.378871917724609375e+00,-4.208889961242675781e+00,-3.069405078887939453e+00,-3.314408302307128906e+00,-3.977031230926513672e+00,-6.330133080482482910e-01,1.934804916381835938e+00,4.974441528320312500e+00,2.818567514419555664e+00,-1.335468769073486328e+00,-1.413209795951843262e+00,-2.446304321289062500e+00,-1.176655960083007812e+01,-1.274530982971191406e+01,-1.073801612854003906e+01,-8.977068901062011719e+00,-1.412142086029052734e+01,-2.035233688354492188e+01,-3.117985534667968750e+01,-3.340798187255859375e+01,-2.687414550781250000e+01,-3.421327209472656250e+01,-4.981131744384765625e+01,-4.799522399902343750e+01,-4.227218627929687500e+01,-3.013507843017578125e+01,-1.657073020935058594e+01,-1.224817276000976562e+01,-1.704630661010742188e+01,-3.391432571411132812e+01,-3.575642395019531250e+01,-3.211121749877929688e+01,-3.251533508300781250e+01,-2.534338569641113281e+01,-3.214327621459960938e+01,-3.486651611328125000e+01,-3.303202056884765625e+01,-2.857125473022460938e+01,-2.086726379394531250e+01,-1.337701797485351562e+01,-8.710290908813476562e+00,-7.345648765563964844e+00,-1.027278709411621094e+01,-1.340134239196777344e+01,-1.362884140014648438e+01,-1.396765613555908203e+01,-9.620421409606933594e+00,-5.219439506530761719e+00,-6.797823905944824219e+00,-1.742455673217773438e+01,-1.513226699829101562e+01,-9.675189018249511719e+00,-7.347617149353027344e+00,-5.952247619628906250e+00,-7.357578754425048828e+00,-5.536600112915039062e+00,-1.672870635986328125e+01,-3.100333786010742188e+01,-3.618914794921875000e+01,-4.198143768310546875e+01,-4.716242218017578125e+01,-4.780086517333984375e+01,-4.695688629150390625e+01,-4.238888549804687500e+01,-3.064149475097656250e+01,-3.063910484313964844e+01,-3.015004730224609375e+01,-3.287155914306640625e+01,-4.350020980834960938e+01,-4.599608230590820312e+01,-4.210619354248046875e+01,-3.871121978759765625e+01,-3.430908966064453125e+01,-2.703355789184570312e+01,-2.370906829833984375e+01,-3.048383331298828125e+01,-3.651784515380859375e+01,-3.762171936035156250e+01,-3.473092651367187500e+01,-2.750198364257812500e+01,-2.311104583740234375e+01,-1.899647521972656250e+01,-1.032790756225585938e+01,-3.942002296447753906e+00,-3.083601951599121094e+00,-4.486954212188720703e+00,-7.267858505249023438e+00,-1.466730308532714844e+01,-1.814629364013671875e+01,-2.059550857543945312e+01,-2.478299713134765625e+01,-3.448855209350585938e+01,-3.122654533386230469e+01,-2.033499526977539062e+01,-7.355055809020996094e+00,7.249645590782165527e-01,1.941373825073242188e+00,-1.888722610473632812e+01,-3.032025527954101562e+01,-2.605975151062011719e+01,-2.164882278442382812e+01,-2.020331192016601562e+01,-1.857839965820312500e+01,-1.498946952819824219e+01,-1.161241912841796875e+01,-9.786542892456054688e+00,-7.043992042541503906e+00,-8.995128631591796875e+00,-1.396293163299560547e+01,-1.904413032531738281e+01,-1.751845550537109375e+01,-1.527729415893554688e+01,-1.861943626403808594e+01,-3.050885009765625000e+01,-2.554850006103515625e+01,-2.072318649291992188e+01,-1.761151313781738281e+01,-2.149202728271484375e+01,-2.458028793334960938e+01,-2.978015518188476562e+01,-3.827055740356445312e+01,-3.267921447753906250e+01,-3.139285659790039062e+01,-3.619297409057617188e+01,-4.369148635864257812e+01,-3.987609481811523438e+01,-2.571168518066406250e+01,-1.688357543945312500e+01,-1.639022064208984375e+01,-1.836806488037109375e+01,-8.768908500671386719e+00,-4.260954380035400391e+00,-5.573269844055175781e+00,-6.825673103332519531e+00,-1.645429611206054688e+01,-3.183504486083984375e+01,-3.486924743652343750e+01,-3.645910644531250000e+01,-3.027540969848632812e+01,-2.942367362976074219e+01,-2.959786987304687500e+01,-3.181102371215820312e+01,-3.235606384277343750e+01,-3.069337081909179688e+01,-2.845012283325195312e+01,-3.086887931823730469e+01,-3.174073219299316406e+01,-2.261485671997070312e+01,-1.284383773803710938e+01,-1.282842159271240234e+01,-1.972272682189941406e+01,-2.376149940490722656e+01,-1.099110412597656250e+01,-6.579370498657226562e-01,3.190273761749267578e+00,6.815178871154785156e+00,8.888933181762695312e+00,4.602411270141601562e+00,-1.323993587493896484e+01,-2.255949211120605469e+01,-2.520751190185546875e+01,-1.922879791259765625e+01,-1.779643249511718750e+01,-1.819700622558593750e+01,-2.369755172729492188e+01,-1.631924819946289062e+01,-1.235293769836425781e+01,-2.315622901916503906e+01,-3.151472854614257812e+01,-3.808462905883789062e+01,-4.125577545166015625e+01,-4.057036972045898438e+01,-4.342662429809570312e+01,-4.614049530029296875e+01,-4.391793060302734375e+01,-3.140788650512695312e+01,-2.399802398681640625e+01,-2.268695068359375000e+01,-2.447325897216796875e+01,-1.810658454895019531e+01,-7.265243053436279297e+00,-2.478848695755004883e-01,1.045236587524414062e+01,2.732414245605468750e+00,-8.730199813842773438e+00,-7.411317825317382812e+00,-4.872107028961181641e+00,-3.282255172729492188e+00,6.199024915695190430e-01,-1.431550979614257812e+01,-2.655595016479492188e+01,-2.949637031555175781e+01,-2.801552200317382812e+01,-2.737887191772460938e+01,-2.679150962829589844e+01,-2.201867294311523438e+01,-2.246942710876464844e+01,-2.695071029663085938e+01,-2.637859344482421875e+01,-2.071385955810546875e+01,-2.100005912780761719e+01,-2.538117599487304688e+01,-2.402343940734863281e+01,-1.180369949340820312e+01,-2.521332979202270508e+00,3.428303480148315430e+00,-3.748303055763244629e-01,-4.074270725250244141e+00,-4.852935791015625000e+00,-3.688827991485595703e+00,-3.288434505462646484e+00,-5.905186653137207031e+00,-4.229007720947265625e+00,-4.739369869232177734e+00,-1.155975723266601562e+01,-1.059587097167968750e+01,-6.766464233398437500e+00,-6.069949150085449219e+00,-5.055886268615722656e+00,-5.324060916900634766e+00,-3.600935220718383789e+00,-4.106543958187103271e-01,1.267553687095642090e+00,-5.029374122619628906e+00,-3.088555526733398438e+01,-3.587720489501953125e+01,-4.196492004394531250e+01,-4.339596557617187500e+01,-4.073707580566406250e+01,-3.781647491455078125e+01,-4.130394744873046875e+01,-3.395918273925781250e+01,-2.039880752563476562e+01,-2.060168075561523438e+01,-2.471962356567382812e+01,-2.410641479492187500e+01,-1.326118946075439453e+01,-1.406638240814208984e+01,-1.550520420074462891e+01,-1.214542961120605469e+01,-1.575078773498535156e+01,-2.918516921997070312e+01,-3.580922317504882812e+01,-4.233447647094726562e+01,-4.801227951049804688e+01,-4.431812286376953125e+01,-3.830205917358398438e+01,-3.109179306030273438e+01,-1.847898864746093750e+01,-1.432569503784179688e+01,-2.085244750976562500e+01,-3.452906036376953125e+01,-3.515452957153320312e+01,-3.198892593383789062e+01,-2.834307479858398438e+01,-2.740911865234375000e+01,-2.901154708862304688e+01,-3.585505676269531250e+01,-3.526644134521484375e+01,-2.431895065307617188e+01,-1.805727005004882812e+01,-1.654228401184082031e+01,-2.191411972045898438e+01,-3.584286880493164062e+01,-4.236763000488281250e+01,-4.700865554809570312e+01,-4.852733230590820312e+01,-5.040419769287109375e+01,-4.237644958496093750e+01,-3.520862579345703125e+01,-2.714114379882812500e+01,-2.930024719238281250e+01,-2.898952865600585938e+01,-2.418818283081054688e+01,-3.079676628112792969e+01,-3.444352722167968750e+01,-3.186530303955078125e+01,-3.089997482299804688e+01,-2.567252922058105469e+01,-2.444842910766601562e+01,-2.256237030029296875e+01,-1.928966140747070312e+01,-1.886909103393554688e+01,-1.752569580078125000e+01,-1.829380035400390625e+01,-3.164767837524414062e+01,-4.180951690673828125e+01,-4.026113128662109375e+01,-3.645660400390625000e+01,-3.421554946899414062e+01,-3.493283081054687500e+01,-3.176238632202148438e+01,-3.039311599731445312e+01,-2.931560516357421875e+01,-2.835201644897460938e+01,-3.158831977844238281e+01,-3.220091629028320312e+01,-3.268830490112304688e+01,-2.766442108154296875e+01,-2.298686981201171875e+01,-1.995108413696289062e+01,-2.512405776977539062e+01,-2.607290267944335938e+01,-1.796353340148925781e+01,-1.441976261138916016e+01,-1.609735870361328125e+01,-2.033401107788085938e+01,-1.769831848144531250e+01,-9.758697509765625000e+00,-7.635752201080322266e+00,-9.822111129760742188e+00,-6.412246704101562500e+00,-5.629565715789794922e+00,4.410922527313232422e-02,5.212095260620117188e+00,2.772910118103027344e+00,2.271915912628173828e+00,1.251382708549499512e+00,-3.628917932510375977e+00,-1.103064918518066406e+01,-1.700584793090820312e+01,-2.018483543395996094e+01,-2.005626296997070312e+01,-1.549781608581542969e+01,-1.273889732360839844e+01,-1.340311431884765625e+01,-1.933856201171875000e+01,-2.284191131591796875e+01,-2.581019973754882812e+01,-2.630415344238281250e+01,-1.977603340148925781e+01,-1.932917404174804688e+01,-2.025025939941406250e+01,-2.498925590515136719e+01,-2.811222457885742188e+01,-2.560834884643554688e+01,-1.704532241821289062e+01,-1.346250534057617188e+01,-2.074235153198242188e+01,-3.943799591064453125e+01,-4.974165344238281250e+01,-4.200133514404296875e+01,-2.360552406311035156e+01,-1.572638893127441406e+01,-1.501197814941406250e+01,-1.395474338531494141e+01,-1.176669883728027344e+01,-1.181844711303710938e+01,-9.653671264648437500e+00,-9.068479537963867188e+00,-1.089723873138427734e+01,-1.056493186950683594e+01,-5.214362144470214844e+00,-1.576309800148010254e+00,-1.773348999023437500e+01,-2.900538635253906250e+01,-4.094923782348632812e+01,-5.495078659057617188e+01,-5.976242065429687500e+01,-4.372583770751953125e+01,-2.579035949707031250e+01,-1.898690414428710938e+01,-1.801165008544921875e+01,-1.593245506286621094e+01,-1.292144203186035156e+01,-9.071910858154296875e+00,-1.845970916748046875e+01,-2.194990921020507812e+01,-2.524281311035156250e+01,-2.545584106445312500e+01,-2.822960853576660156e+01,-2.999595451354980469e+01,-1.491875839233398438e+01,-5.010802268981933594e+00,-8.173448562622070312e+00,-1.768453407287597656e+01,-3.419880676269531250e+01,-4.013237762451171875e+01,-4.651290893554687500e+01,-3.754687500000000000e+01,-2.775732803344726562e+01,-1.995485305786132812e+01,-1.465979003906250000e+01,-1.085673332214355469e+01,-5.391573905944824219e+00,-3.250034809112548828e+00,-1.186654949188232422e+01,-1.220005226135253906e+01,-1.540789413452148438e+01,-2.012523460388183594e+01,-1.826815795898437500e+01,-1.850742912292480469e+01,-2.145219421386718750e+01,-1.393707466125488281e+01,-6.296753883361816406e+00,-1.037180519104003906e+01,-1.242854976654052734e+01,-1.640198898315429688e+01,-1.716356277465820312e+01,-5.365869522094726562e+00,6.366882801055908203e+00,1.440285110473632812e+01,1.175884056091308594e+01,6.456413269042968750e+00,-8.113163709640502930e-01,1.029247760772705078e+00,2.268635749816894531e+00,-3.009240627288818359e+00,-8.828189849853515625e+00,-8.722953796386718750e+00,-9.684847831726074219e+00,-9.123109817504882812e+00,-6.633655548095703125e+00,-3.337326049804687500e+00,-3.764449596405029297e+00,-4.943821907043457031e+00,-3.358125686645507812e+00,-2.783067703247070312e+00,-5.442134857177734375e+00,-6.593896389007568359e+00,-6.487612724304199219e+00,-5.294267654418945312e+00,-6.298989295959472656e+00,-4.428483486175537109e+00,1.167975902557373047e+00,3.884241104125976562e+00,3.035885334014892578e+00,2.837601184844970703e+00,-2.271622848510742188e+01,-3.197141838073730469e+01,-3.230162811279296875e+01,-2.774160003662109375e+01,-2.750324440002441406e+01,-2.842498588562011719e+01,-2.545273590087890625e+01,-2.857192420959472656e+01,-3.223549652099609375e+01,-3.743727493286132812e+01,-4.558753204345703125e+01,-4.645907592773437500e+01,-4.656897735595703125e+01,-3.916253662109375000e+01,-2.800962448120117188e+01,-2.240145111083984375e+01,-1.979664993286132812e+01,-1.082801818847656250e+01,-7.429142951965332031e+00,-9.780891418457031250e+00,-2.487198066711425781e+01,-3.728617095947265625e+01,-3.270936203002929688e+01,-1.706439781188964844e+01,-1.235342025756835938e+01,-7.192394733428955078e+00,-3.920603752136230469e+00,-4.349851131439208984e+00,4.941141605377197266e-01,5.974952220916748047e+00,1.398947525024414062e+01,2.717433214187622070e+00,1.863393783569335938e-01,7.403648376464843750e+00,-1.859097003936767578e+00,-1.904223632812500000e+01,-1.928974151611328125e+01,-1.869646453857421875e+01,-2.102997970581054688e+01,-2.066688156127929688e+01,-1.970504760742187500e+01,-1.307336425781250000e+01,-1.399149227142333984e+01,-1.574375247955322266e+01,-1.918990707397460938e+01,-1.949235153198242188e+01,-1.946004486083984375e+01,-1.792877578735351562e+01,-1.716980361938476562e+01,-2.033730888366699219e+01,-2.469329833984375000e+01,-2.650165176391601562e+01,-2.487688064575195312e+01,-2.259135055541992188e+01,-2.229740142822265625e+01,-1.835221862792968750e+01,-9.347246885299682617e-01,-1.575743293762207031e+01,-2.369225692749023438e+01,-1.651193428039550781e+01,-1.156956195831298828e+01,-9.194152832031250000e+00,-9.388414382934570312e+00,-1.312400627136230469e+01,-1.647490119934082031e+01,-1.772288322448730469e+01,-1.897301292419433594e+01,-2.233303451538085938e+01,-2.659442520141601562e+01,-3.619889831542968750e+01,-4.091609191894531250e+01,-3.006799888610839844e+01,-1.801640701293945312e+01,-7.264369010925292969e+00,-3.400218963623046875e+00,-8.438699722290039062e+00,-1.923121261596679688e+01,-2.527352523803710938e+01,-2.905528640747070312e+01,-2.255215072631835938e+01,-5.347061634063720703e+00,-6.656081199645996094e+00,-1.199955940246582031e+01,-2.315378952026367188e+01,-2.718852233886718750e+01,-2.808520889282226562e+01,-2.569188690185546875e+01,-2.042841911315917969e+01,-2.376961326599121094e+01,-1.984840011596679688e+01,-1.809837722778320312e+01,-1.815774154663085938e+01,-1.729766082763671875e+01,-1.851966094970703125e+01,-1.765949821472167969e+01,-1.640489959716796875e+01,-1.446165466308593750e+01,-1.144423294067382812e+01,-8.204906463623046875e+00,-6.793702125549316406e+00,-1.139709854125976562e+01,-1.827684593200683594e+01,-2.193007278442382812e+01,-1.534008598327636719e+01,-5.240233898162841797e+00,-1.298632431030273438e+01,-1.363096523284912109e+01,-1.541774559020996094e+01,-1.754932022094726562e+01,-2.013838958740234375e+01,-1.586250400543212891e+01,-1.547347259521484375e+01,-1.665931129455566406e+01,-1.994006156921386719e+01,-2.060503959655761719e+01,-2.694600868225097656e+01,-1.952149772644042969e+01,-1.704198455810546875e+01,-2.087595558166503906e+01,-2.430853652954101562e+01,-2.329195022583007812e+01,-1.819465255737304688e+01,-1.435417652130126953e+01,-1.139402484893798828e+01,-8.872385025024414062e+00,-8.528144836425781250e+00,-1.552175140380859375e+01,-1.558355236053466797e+01,-9.033365249633789062e+00,-9.858028411865234375e+00,-1.171779251098632812e+01,-1.230972957611083984e+01,-1.910345077514648438e+01,-2.505031967163085938e+01,-1.595637321472167969e+01,-1.578330612182617188e+01,-1.250123977661132812e+01,-1.002810287475585938e+01,-1.773200225830078125e+01,-2.321126365661621094e+01,-2.663680267333984375e+01,-2.273354530334472656e+01,-1.296973800659179688e+01,-3.975055217742919922e+00,-1.828323364257812500e+00,5.195823669433593750e+00,6.998352050781250000e+00,-1.014912891387939453e+01,-3.416524505615234375e+01,-3.728652954101562500e+01,-3.387768554687500000e+01,-2.097442245483398438e+01,-1.824776840209960938e+01,-3.091806411743164062e+01,-2.671317291259765625e+01,-2.000912857055664062e+01,-2.152562332153320312e+01,-2.031638526916503906e+01,-2.667081069946289062e+01,-2.058971023559570312e+01,-2.106299972534179688e+01,-2.562598419189453125e+01,-1.994616317749023438e+01,-1.213060188293457031e+01,-1.532088375091552734e+01,-2.119206237792968750e+01,-3.075757408142089844e+01,-3.931789398193359375e+01,-3.654850769042968750e+01,-2.143089675903320312e+01,-1.199456310272216797e+01,-8.096096038818359375e+00,-4.908253192901611328e+00,-1.148237586021423340e+00,1.524713754653930664e+00,-4.913014411926269531e+00,-9.512275695800781250e+00,-7.765007972717285156e+00,-7.806222915649414062e+00,-6.335738658905029297e+00,-6.521672725677490234e+00,-9.273682594299316406e+00,-1.981131434440612793e+00,7.905405998229980469e+00,4.480042934417724609e+00,2.805832624435424805e+00,3.183982849121093750e+00,-2.197654247283935547e-01,-3.451597690582275391e-02,3.192595243453979492e-01,1.193872451782226562e+00,-2.592328548431396484e+00,-4.178000450134277344e+00,6.570799350738525391e-01,5.731433629989624023e-02,-6.615419387817382812e+00,-6.372673034667968750e+00,1.267865419387817383e+00,1.432747244834899902e+00,-7.937930107116699219e+00,-9.854036331176757812e+00,-8.871057510375976562e+00,-3.780026197433471680e+00,1.739214062690734863e+00,-2.034061670303344727e+00,-2.072230577468872070e-01,3.825737953186035156e+00,5.341204166412353516e+00,6.405247688293457031e+00,4.472255229949951172e+00,3.799167156219482422e+00,4.198527336120605469e+00,4.674983024597167969e+00,4.868477821350097656e+00,2.887817382812500000e+00,4.585620880126953125e+00,1.038422107696533203e+00,-3.469777679443359375e+01,-3.742555999755859375e+01,-3.532181549072265625e+01,-3.350579452514648438e+01,-3.826678848266601562e+01,-3.037283134460449219e+01,-2.486093902587890625e+01,-2.021721267700195312e+01,-3.089086532592773438e+01,-3.904602432250976562e+01,-3.425198364257812500e+01,-3.336447906494140625e+01,-3.618637847900390625e+01,-2.795710754394531250e+01,-2.496627044677734375e+01,-3.344557571411132812e+01,-2.973493576049804688e+01,-2.004365539550781250e+01,-2.827338790893554688e+01,-2.926763916015625000e+01,-2.573169517517089844e+01,-2.229471397399902344e+01,-2.133969497680664062e+01,-1.272503089904785156e+01,-1.558131504058837891e+01,-1.780641174316406250e+01,-8.234869003295898438e+00,-5.777161121368408203e+00,-1.711491966247558594e+01,-1.615665435791015625e+01,-2.011747741699218750e+01,-2.545567893981933594e+01,-2.695071411132812500e+01,-2.250978469848632812e+01,-2.375163650512695312e+01,-2.616719055175781250e+01,-2.907460784912109375e+01,-2.647529792785644531e+01,-2.177863883972167969e+01,-2.882715225219726562e+01,-3.349240493774414062e+01,-2.941077613830566406e+01,-2.484370422363281250e+01,-1.874057960510253906e+01,-2.723083877563476562e+01,-4.202204895019531250e+01,-3.389473342895507812e+01,-2.005988693237304688e+01,-1.134517192840576172e+01,-1.304983329772949219e+01,-9.793392181396484375e+00,-1.799454116821289062e+01,-1.951327323913574219e+01,-1.863312911987304688e+01,-1.238018894195556641e+01,-1.396604919433593750e+01,-1.267327308654785156e+01,-1.198040580749511719e+01,-1.180656147003173828e+01,-8.888392448425292969e+00,-1.053759574890136719e+01,-1.708663940429687500e+01,-2.100551986694335938e+01,-2.093264770507812500e+01,-2.477712249755859375e+01,-2.682717132568359375e+01,-1.818415832519531250e+01,-1.231785583496093750e+01,-9.421493530273437500e+00,-9.378889083862304688e+00,-4.214983940124511719e+00,-2.851858854293823242e+00,-1.250582337379455566e+00,-1.442105531692504883e+00,-4.411101341247558594e-01,3.768845558166503906e+00,4.653394699096679688e+00,5.398674964904785156e+00,5.594554424285888672e+00,3.997118473052978516e+00,2.250743150711059570e+00,-1.206978511810302734e+01,-1.427828979492187500e+01,-1.373310279846191406e+01,-1.687026023864746094e+01,-1.694406318664550781e+01,-1.852170562744140625e+01,-1.684571838378906250e+01,-1.492583465576171875e+01,-1.619260215759277344e+01,-1.481316947937011719e+01,5.124379396438598633e-01,-5.882906913757324219e+00,-1.484673172235488892e-01,3.814817667007446289e+00,1.065822541713714600e-01,-3.583776950836181641e-01,2.890007972717285156e+00,-1.149271965026855469e+00,5.415755510330200195e-02,-9.598482131958007812e+00,-1.013979625701904297e+01,4.389060974121093750e+00,1.358721542358398438e+01,1.703994369506835938e+01,5.234170913696289062e+00,-1.309444618225097656e+01,-1.582590389251708984e+01,-8.232183456420898438e+00,-5.603205680847167969e+00,-2.947282791137695312e+00,-7.416219711303710938e+00,-9.177928924560546875e+00,-7.876554489135742188e+00,-6.360922813415527344e+00,-2.713288688659667969e+01,-3.773746490478515625e+01,-3.781756591796875000e+01,-3.240091323852539062e+01,-2.233881759643554688e+01,-1.546638488769531250e+01,-9.788644790649414062e+00,-1.252678871154785156e+01,-2.063660812377929688e+01,-2.455988502502441406e+01,-3.026435089111328125e+01,-3.373604583740234375e+01,-2.983664894104003906e+01,-3.116905593872070312e+01,-3.321271514892578125e+01,-3.121966171264648438e+01,-3.528145599365234375e+01,-3.970908355712890625e+01,-3.992200469970703125e+01,-4.005608367919921875e+01,-4.034098052978515625e+01,-4.106610107421875000e+01,-4.211560440063476562e+01,-2.854039382934570312e+01,-1.003007698059082031e+01,-8.673700332641601562e+00,-4.380261421203613281e+00,-7.261274337768554688e+00,-1.272811889648437500e+01,-1.022299480438232422e+01,-3.900534868240356445e+00,5.781907439231872559e-01,-1.862984418869018555e+00,4.084539413452148438e-02,8.328031301498413086e-01,1.145181775093078613e+00,1.879308700561523438e+00,3.743676662445068359e+00,1.745107054710388184e+00,3.199041604995727539e+00,8.259397745132446289e-01,-1.565359830856323242e+00,-2.123910188674926758e-01,4.406640052795410156e+00,1.555915474891662598e+00,-1.549574851989746094e+00,-1.928283214569091797e+00,-1.541909980773925781e+01,-2.789406013488769531e+01,-3.686586761474609375e+01,-2.588238143920898438e+01,-2.090354919433593750e+01,-2.776386642456054688e+01,-3.640988159179687500e+01,-2.576240921020507812e+01,-2.543259239196777344e+01,-2.616245269775390625e+01,-3.096710777282714844e+01,-3.695507049560546875e+01,-2.420390701293945312e+01,-1.454527091979980469e+01,-1.275042915344238281e+01,-1.332467842102050781e+01,-2.334534454345703125e+01,-3.092111968994140625e+01,-3.962450408935546875e+01,-4.634804534912109375e+01,-4.810325622558593750e+01,-4.166130065917968750e+01,-2.712449264526367188e+01,-2.484626197814941406e+01,-2.683940505981445312e+01,-3.123634910583496094e+01,-2.921687316894531250e+01,-2.313921737670898438e+01,-1.648077774047851562e+01,-1.257620239257812500e+01,-9.839066505432128906e+00,-7.602799415588378906e+00,-1.856249618530273438e+01,-2.307764625549316406e+01,-1.964319610595703125e+01,-1.409755802154541016e+01,-1.809200668334960938e+01,-1.701884269714355469e+01,-1.668601608276367188e+01,-1.929980087280273438e+01,-2.050411224365234375e+01,-1.925452423095703125e+01,-1.849930572509765625e+01,-1.747587585449218750e+01,-2.423466110229492188e+01,-2.177509689331054688e+01,-2.013037490844726562e+01,-2.278255081176757812e+01,-2.527967453002929688e+01,-2.473162078857421875e+01,-2.327569198608398438e+01,-2.884604454040527344e+01,-2.827634811401367188e+01,-2.170461463928222656e+01,-1.498298549652099609e+01,-8.411755561828613281e+00,-8.451892852783203125e+00,-4.367211341857910156e+00,-7.590456008911132812e+00,-1.909016036987304688e+01,-1.722894859313964844e+01,-1.201640796661376953e+01,-8.192086219787597656e+00,-1.428012943267822266e+01,-1.135565948486328125e+01,-1.237518692016601562e+01,-2.407174491882324219e+01,-2.896362686157226562e+01,-2.900431442260742188e+01,-2.938698577880859375e+01,-2.545773124694824219e+01,-2.267656517028808594e+01,-1.558419227600097656e+01,-3.309210777282714844e+00,-8.284780979156494141e-01,-3.490761756896972656e+00,-1.473440456390380859e+01,-2.607844924926757812e+01,-2.010680389404296875e+01,-9.261526107788085938e+00,-6.684677124023437500e+00,-1.018350243568420410e+00,1.305208325386047363e+00,6.260920047760009766e+00,6.617705345153808594e+00,4.302732467651367188e+00,5.642749786376953125e+00,1.225737762451171875e+01,1.256843757629394531e+01,4.860733985900878906e+00,-8.830888748168945312e+00,-6.956580638885498047e+00,-4.677051067352294922e+00,-7.758543014526367188e+00,-5.302096843719482422e+00,-2.223099899291992188e+01,-1.803449440002441406e+01,-1.555522632598876953e+01,-2.465260314941406250e+01,-2.425712585449218750e+01,-1.328748893737792969e+01,-5.440432071685791016e+00,-1.301533728837966919e-01,-9.173313140869140625e+00,-2.425574684143066406e+01,-2.608805847167968750e+01,-1.824358940124511719e+01,-1.687855911254882812e+01,-1.439247798919677734e+01,-7.227682590484619141e+00,-3.984942436218261719e+00,-4.397496223449707031e+00,-5.466767311096191406e+00,-2.517141342163085938e+00,-6.232383728027343750e+00,-1.495186805725097656e+01,-1.573671627044677734e+01,-1.997052383422851562e+01,-2.141342163085937500e+01,-1.819796562194824219e+01,-5.269142627716064453e+00,-1.178861021995544434e+00,1.997559666633605957e-01,-1.282464790344238281e+01,-1.804234504699707031e+01,-3.233882904052734375e+01,-3.785491943359375000e+01,-3.853150939941406250e+01,-4.090406799316406250e+01,-4.304893493652343750e+01,-4.384929275512695312e+01,-4.348411560058593750e+01,-3.810145950317382812e+01,-2.690264129638671875e+01,-2.288905334472656250e+01,-2.019051170349121094e+01,-1.698377799987792969e+01,-1.646155929565429688e+01,-1.889358901977539062e+01,-1.580449104309082031e+01,-2.026243209838867188e+01,-2.006942939758300781e+01,-1.255076694488525391e+01,-8.988222122192382812e+00,-1.238123512268066406e+01,-1.457500934600830078e+01,-1.226762390136718750e+01,-1.118302345275878906e+01,-7.019856452941894531e+00,-9.345489501953125000e+00,-7.837800025939941406e+00,-1.040924263000488281e+01,-8.994638442993164062e+00,2.554043292999267578e+00,2.227941513061523438e+00,-2.466380596160888672e-02,-1.909523725509643555e+00,2.723620891571044922e+00,-6.976473927497863770e-01,-5.534568309783935547e+00,-5.585336685180664062e+00,-1.168460845947265625e+00,8.195099830627441406e+00,9.226427078247070312e+00,9.370445251464843750e+00,8.436326980590820312e+00,3.981667518615722656e+00,-1.958053857088088989e-01,1.936385035514831543e+00,7.409405708312988281e+00,-3.755381822586059570e+00,-7.024467468261718750e+00,-7.322666168212890625e+00,-7.170284271240234375e+00,-7.943332672119140625e+00,-5.698656558990478516e+00,-8.222979545593261719e+00,-1.495983505249023438e+01,-1.355284404754638672e+01,-2.591635894775390625e+01,-3.499351882934570312e+01,-3.998900604248046875e+01,-2.933595275878906250e+01,-1.834221076965332031e+01,-1.154114055633544922e+01,-5.180865764617919922e+00,5.018595457077026367e-01,-1.393441677093505859e+00,-6.457152366638183594e+00,-1.375057792663574219e+01,-2.131676292419433594e+01,-2.340129852294921875e+01,-2.951534652709960938e+01,-3.750024414062500000e+01,-3.702098846435546875e+01,-3.521541595458984375e+01,-2.987522697448730469e+01,-2.528409004211425781e+01,-2.348543548583984375e+01,-1.614339447021484375e+01,-1.042923259735107422e+01,-1.861768341064453125e+01,-2.972740173339843750e+01,-3.286496353149414062e+01,-2.366241455078125000e+01,-2.480771255493164062e+01,-2.583352661132812500e+01,-2.637865066528320312e+01,-3.414408874511718750e+01,-2.694459533691406250e+01,-2.163291549682617188e+01,-1.261034965515136719e+01,-7.665981292724609375e+00,-1.154147720336914062e+01,-1.486812591552734375e+01,-1.431252193450927734e+01,-1.394237995147705078e+01,-1.902682876586914062e+01,-1.724861907958984375e+01,-1.296587109565734863e+00,-4.232033729553222656e+00,-4.838392734527587891e+00,-1.309763550758361816e+00,-5.688731193542480469e+00,-1.766288185119628906e+01,-2.192921066284179688e+01,-1.583123207092285156e+01,-8.065788269042968750e+00,-7.362953662872314453e+00,-1.375371360778808594e+01,-1.325170707702636719e+01,-9.427650451660156250e+00,-1.545291614532470703e+01,-1.053223419189453125e+01,-7.260485887527465820e-01,4.998741149902343750e+00,7.711812019348144531e+00,8.581012725830078125e+00,1.722827076911926270e+00,9.835014939308166504e-01,3.403283119201660156e+00,5.185613632202148438e+00,2.894975423812866211e+00,3.731169223785400391e+00,4.520941734313964844e+00,6.271431922912597656e+00,5.227562904357910156e+00,1.836603522300720215e+00,-2.105802774429321289e+00,-1.627154159545898438e+01,-1.929508972167968750e+01,-2.000888442993164062e+01,-1.900484085083007812e+01,-1.803255081176757812e+01,-2.588988494873046875e+01,-2.265198135375976562e+01,-1.376083946228027344e+01,-3.573698520660400391e+00,1.618926525115966797e+00,5.243391990661621094e+00,-7.271252632141113281e+00,-1.521513938903808594e+01,-1.204872894287109375e+01,-1.161598491668701172e+01,-5.367599964141845703e+00,1.341565132141113281e+00,1.530780911445617676e+00,-1.520372271537780762e+00,5.070660591125488281e+00,3.421657085418701172e+00,5.081262588500976562e+00,4.675785064697265625e+00,-2.582739353179931641e+00,-3.581241130828857422e+00,-1.813077569007873535e+00,-1.188469767570495605e+00,3.244519233703613281e-01,5.497065186500549316e-01,-2.091968917846679688e+01,-2.988374137878417969e+01,-2.206990051269531250e+01,-1.498365783691406250e+01,-1.125114440917968750e+01,-9.849510192871093750e+00,-1.513802051544189453e+01,-1.432760238647460938e+01,-2.992020130157470703e+00,2.644019603729248047e+00,6.739814758300781250e+00,1.194609069824218750e+01,1.103262710571289062e+01,6.016301631927490234e+00,5.806934833526611328e+00,8.074663162231445312e+00,1.123430156707763672e+01,-1.687408065795898438e+01,-2.948944854736328125e+01,-1.356514263153076172e+01,-1.577534556388854980e+00,-6.863219261169433594e+00,-1.627246475219726562e+01,-1.679938507080078125e+01,-1.310289192199707031e+01,-1.035795402526855469e+01,-1.461630630493164062e+01,-1.432902145385742188e+01,-8.913653373718261719e+00,-4.222123622894287109e+00,2.999954700469970703e+00,4.698034286499023438e+00,7.775860786437988281e+00,-1.235725164413452148e+00,-1.118986606597900391e+01,-1.919418907165527344e+01,-1.708346557617187500e+01,-1.162793540954589844e+01,-9.705510139465332031e+00,-1.066419219970703125e+01,-8.108186721801757812e+00,-9.968986511230468750e+00,-1.540918731689453125e+01,-2.464237594604492188e+01,-3.112143325805664062e+01,-2.312433242797851562e+01,-2.031933212280273438e+01,-1.298889923095703125e+01,-2.449761199951171875e+01,-3.312737655639648438e+01,-3.152314376831054688e+01,-1.845568847656250000e+01,-1.097757148742675781e+01,-1.805803489685058594e+01,-2.029313850402832031e+01,-1.889831924438476562e+01,-1.742265510559082031e+01,-1.432348823547363281e+01,-8.960255622863769531e+00,-6.857298851013183594e+00,-3.997170209884643555e+00,-1.623306989669799805e+00,-4.804309368133544922e+00,-8.547536849975585938e+00,-6.869620323181152344e+00,7.445818901062011719e+00,2.412207603454589844e+00,-1.658922958374023438e+01,-3.566640853881835938e+01,-3.023336601257324219e+01,-2.797784805297851562e+01,-2.972171020507812500e+01,-3.475984954833984375e+01,-3.112818717956542969e+01,-2.902514839172363281e+01,-3.219007873535156250e+01,-3.188698577880859375e+01,-2.671084976196289062e+01,-1.612496566772460938e+01,-4.962134838104248047e+00,-4.878153324127197266e+00,-2.852681398391723633e+00,1.652116775512695312e+00,7.045232295989990234e+00,5.066256523132324219e+00,2.614533901214599609e+00,3.049313068389892578e+00,-3.842956304550170898e+00,-1.275553321838378906e+01,-2.051210021972656250e+01,-2.278597259521484375e+01,-1.633991432189941406e+01,-1.438891983032226562e+01,-1.630821418762207031e+01,-1.833778381347656250e+01,-1.802891731262207031e+01,-1.794659042358398438e+01,-1.695251464843750000e+01,-1.510336685180664062e+01,-1.367420291900634766e+01,-1.404920387268066406e+01,-1.360880851745605469e+01,-7.007027626037597656e+00,-5.043529510498046875e+00,-8.420284271240234375e+00,-1.652384948730468750e+01,-1.378959846496582031e+01,-9.485264778137207031e+00,-1.023238563537597656e+01,-1.009250545501708984e+01,-3.297185420989990234e+00,8.153718709945678711e-01,-1.250669121742248535e+00,-5.674524307250976562e+00,-9.506240844726562500e+00,-9.438948631286621094e+00,-1.084421348571777344e+01,-9.669178009033203125e+00,-4.201841831207275391e+00,9.108818173408508301e-01,-1.201447248458862305e+00,4.025950908660888672e+00,2.721855640411376953e+00,2.160926342010498047e+00,-8.605057001113891602e-01,3.819711685180664062e+00,1.365043878555297852e+00,6.874986648559570312e+00,8.556728363037109375e+00,7.326083183288574219e+00,7.227489471435546875e+00,8.191106796264648438e+00,1.048640441894531250e+01,5.566753387451171875e+00,4.780481338500976562e+00,8.526087760925292969e+00,6.057184219360351562e+00,-6.130582809448242188e+00,-1.294732475280761719e+01,-3.078152847290039062e+01,-4.324048233032226562e+01,-3.843031311035156250e+01,-2.912930297851562500e+01,-3.651765441894531250e+01,-3.260865783691406250e+01,-1.453846836090087891e+01,-1.755360031127929688e+01,-2.157712936401367188e+01,-1.632464218139648438e+01,-1.073708248138427734e+01,-1.958969497680664062e+01,-2.114719009399414062e+01,-2.057242584228515625e+01,-2.239142990112304688e+01,-1.874210548400878906e+01,-1.935697174072265625e+01,-2.900960540771484375e+01,-3.008043289184570312e+01,-2.326758575439453125e+01,-2.112044525146484375e+01,-2.077924346923828125e+01,-1.673581123352050781e+01,-2.270188140869140625e+01,-2.366838073730468750e+01,-2.256131362915039062e+01,-1.403004074096679688e+01,-3.899020195007324219e+00,-3.848601818084716797e+00,-1.465439414978027344e+01,-2.562010955810546875e+01,-2.042063140869140625e+01,-1.630873870849609375e+01,-2.176797485351562500e+01,-2.016549682617187500e+01,-1.900385475158691406e+01,-2.116687011718750000e+01,-1.982015419006347656e+01,-1.385951995849609375e+01,-2.207710742950439453e+00,-1.733140563964843750e+01,-2.169633865356445312e+01,-2.046723937988281250e+01,-1.260803699493408203e+01,-7.164903640747070312e+00,-5.603489875793457031e+00,-4.297392845153808594e+00,-8.234894752502441406e+00,-1.188478755950927734e+01,-1.151441955566406250e+01,-8.266596794128417969e+00,4.045497894287109375e+00,7.908284187316894531e+00,5.761839151382446289e-01,-2.750414609909057617e-02,6.533192992210388184e-01,-1.051372885704040527e+00,-6.999187946319580078e+00,-1.221437644958496094e+01,-1.278707599639892578e+01,-1.654446029663085938e+01,-1.814708709716796875e+01,-1.835315704345703125e+01,-1.127907562255859375e+01,-8.798931121826171875e+00,-8.985095977783203125e+00,-1.895921325683593750e+01,-2.173727989196777344e+01,-1.855810928344726562e+01,-1.531073188781738281e+01,-1.614507293701171875e+01,-1.911530303955078125e+01,-2.028045654296875000e+01,-1.941175270080566406e+01,-2.140822792053222656e+01,-1.696697616577148438e+01,-1.757106781005859375e+01,-1.550429153442382812e+01,-1.257066726684570312e+01,-9.738832473754882812e+00,-9.863446235656738281e+00,-1.684860229492187500e+01,-1.835285568237304688e+01,-1.899872970581054688e+01,-2.145988845825195312e+01,-2.061194992065429688e+01,-2.046497726440429688e+01,-1.275584697723388672e+01,-5.284696578979492188e+00,-8.103055000305175781e+00,-1.493035507202148438e+01,-3.863770246505737305e+00,-1.581348299980163574e+00,-1.316813850402832031e+01,-1.304134845733642578e+01,-1.301638507843017578e+01,-4.127429962158203125e+00,-2.961223840713500977e+00,-1.546054363250732422e+00,3.224435567855834961e+00,-1.122667884826660156e+01,-2.211494064331054688e+01,-2.356384849548339844e+01,-3.093545913696289062e+01,-3.944437026977539062e+01,-4.279936981201171875e+01,-3.643265914916992188e+01,-2.509553909301757812e+01,-1.894860076904296875e+01,-1.232136344909667969e+01,-1.189718246459960938e+01,-8.981269836425781250e+00,-3.271540403366088867e+00,-2.736464500427246094e+00,-4.203305721282958984e+00,-4.296257019042968750e+00,-8.106330871582031250e+00,-1.541828918457031250e+01,-2.155060768127441406e+01,-2.011580276489257812e+01,-2.117602539062500000e+01,-2.581013488769531250e+01,-2.728533935546875000e+01,-2.783683776855468750e+01,-2.190207290649414062e+01,-1.473872280120849609e+01,-2.200633430480957031e+01,-2.545230102539062500e+01,-2.694361686706542969e+01,-2.744944381713867188e+01,-2.086195564270019531e+01,-2.174327659606933594e+01,-1.836533737182617188e+01,-1.447158050537109375e+01,-1.354226112365722656e+01,-1.480766296386718750e+01,-1.570609664916992188e+01,-1.279155349731445312e+01,-2.169478988647460938e+01,-2.672513008117675781e+01,-2.763790130615234375e+01,-2.885453033447265625e+01,-2.214237976074218750e+01,-1.731459808349609375e+01,-2.282037734985351562e+01,-2.350460052490234375e+01,-3.165089035034179688e+01,-2.635356521606445312e+01,-1.393606948852539062e+01,-5.675065040588378906e+00,-4.419750690460205078e+00,-3.157109737396240234e+00,-1.122622108459472656e+01,-2.056068229675292969e+01,-2.529513359069824219e+01,-2.007147979736328125e+01,-1.665841865539550781e+01,-1.146165657043457031e+01,-8.825292587280273438e+00,-8.371592521667480469e+00,-7.381335258483886719e+00,-5.710081100463867188e+00,-2.034429931640625000e+01,-2.442093467712402344e+01,-2.075033569335937500e+01,-2.725248336791992188e+01,-2.644611549377441406e+01,-2.383779907226562500e+01,-1.414615821838378906e+01,-1.871253585815429688e+01,-2.773142242431640625e+01,-2.279512023925781250e+01,-1.810659217834472656e+01,-1.822168350219726562e+01,-1.973148918151855469e+01,-2.627270507812500000e+01,-2.483559989929199219e+01,-2.484518623352050781e+01,-2.517877769470214844e+01,-2.868029403686523438e+01,-2.654897880554199219e+01,-2.666069793701171875e+01,-2.703302001953125000e+01,-2.893151855468750000e+01,-3.106995773315429688e+01,-3.094301605224609375e+01,-2.831840515136718750e+01,-2.631013107299804688e+01,-1.608946800231933594e+01,-5.019630432128906250e+00,-1.369435214996337891e+01,-2.124308204650878906e+01,-1.740079116821289062e+01,-1.553433036804199219e+01,-1.622447776794433594e+01,-6.257130622863769531e+00,3.901320397853851318e-01,-4.589266300201416016e+00,-3.578670263290405273e+00,5.394574403762817383e-01,5.943866729736328125e+00,6.281336307525634766e+00,5.546110153198242188e+00,5.278431892395019531e+00,6.930949211120605469e+00,1.117791271209716797e+01,8.265699386596679688e+00,6.299948692321777344e+00,1.081650543212890625e+01,1.097618484497070312e+01,3.879853963851928711e+00,2.173721075057983398e+00,2.271751880645751953e+00,2.503547668457031250e+00,3.346680641174316406e+00,2.128560543060302734e-01,-2.761083841323852539e+00,-2.076804399490356445e+00,2.450510263442993164e+00,7.524206161499023438e+00,4.354952812194824219e+00,4.573596954345703125e+00,5.173447608947753906e+00,3.043335437774658203e+00,4.250285625457763672e+00,5.256041526794433594e+00,5.608301162719726562e+00,6.559517383575439453e-01,-5.191121101379394531e+00,-7.321707725524902344e+00,4.030657768249511719e+00,5.001267433166503906e+00,-8.115234375000000000e+00,-2.429722213745117188e+01,-3.408767700195312500e+01,-3.506076049804687500e+01,-4.052238845825195312e+01,-3.958724212646484375e+01,-3.641439437866210938e+01,-3.382908630371093750e+01,-2.666910362243652344e+01,-2.494302368164062500e+01,-2.419799995422363281e+01,-2.535774993896484375e+01,-1.861227035522460938e+01,-2.163562774658203125e+01,-2.362165832519531250e+01,-2.548377227783203125e+01,-2.648454666137695312e+01,-2.620187377929687500e+01,-1.647661781311035156e+01,-5.990015029907226562e+00,-2.962826728820800781e+00,-2.345716953277587891e+00,-2.805519342422485352e+00,-2.060735702514648438e+00,-7.916572093963623047e-01,-1.720463180541992188e+01,-2.256911087036132812e+01,-1.549802017211914062e+01,-1.632997512817382812e+01,-1.630416297912597656e+01,-4.389874458312988281e+00,2.704833984375000000e+00,-1.788865661621093750e+01,-3.313710021972656250e+01,-3.393231964111328125e+01,-1.742655372619628906e+01,-1.488089179992675781e+01,-2.125455093383789062e+01,-2.997810745239257812e+01,-3.005165863037109375e+01,-1.992633247375488281e+01,-9.825339317321777344e+00,-1.506199121475219727e+00,1.145767211914062500e+00,2.242320537567138672e+00,-3.870009899139404297e+00,-8.026197433471679688e+00,3.148596525192260742e+00,8.557765960693359375e+00,-4.193429946899414062e+00,-1.630549621582031250e+01,-2.096125221252441406e+01,-1.596376514434814453e+01,-4.997857093811035156e+00,-4.587371349334716797e+00,-4.186685085296630859e+00,-1.627645492553710938e+01,-1.659522247314453125e+01,-1.501211357116699219e+01,-5.177270412445068359e+00,7.978185653686523438e+00,1.328005599975585938e+01,8.868093490600585938e+00,6.544940471649169922e+00,-8.976102828979492188e+00,-2.748895835876464844e+01,-3.378662109375000000e+01,-3.295015716552734375e+01,-2.837553405761718750e+01,-2.078544998168945312e+01,-1.341198158264160156e+01,-8.692630767822265625e+00,-1.431542396545410156e+01,-1.247062873840332031e+01,-5.896684646606445312e+00,1.450916230678558350e-01,-1.883392810821533203e+00,-1.961639881134033203e+00,-2.419614791870117188e-01,2.945182323455810547e+00,5.305146217346191406e+00,-4.063080787658691406e+00,-1.560060596466064453e+01,-2.176356124877929688e+01,-2.921213912963867188e+01,-3.053579902648925781e+01,-1.696606826782226562e+01,-4.736561775207519531e-01,3.038752555847167969e+00,1.977856159210205078e+00,-3.544272184371948242e-01,-5.924653053283691406e+00,-1.049036598205566406e+01,-1.730159759521484375e+01,-1.852574157714843750e+01,-1.847670936584472656e+01,-1.235610008239746094e+01,-8.658104896545410156e+00,-1.395670413970947266e+00,-3.815832138061523438e-01,-7.191504478454589844e+00,-1.731981849670410156e+01,-2.346834564208984375e+01,-1.746876907348632812e+01,-9.072107315063476562e+00,-1.150090217590332031e+01,-1.033606910705566406e+01,-1.063026237487792969e+01,-2.050214004516601562e+01,-1.542332077026367188e+01,-1.128054714202880859e+01,-8.327381134033203125e+00,-5.860217571258544922e+00,-2.697570085525512695e+00,-8.115274429321289062e+00,-9.132111549377441406e+00,-1.468692588806152344e+01,-2.433934402465820312e+01,-2.698140335083007812e+01,-2.860218811035156250e+01,-2.553347778320312500e+01,-2.273164367675781250e+01,-2.317378997802734375e+01,-2.897734451293945312e+01,-2.541743469238281250e+01,-2.494406509399414062e+01,-2.438850784301757812e+01,-2.357657241821289062e+01,-2.058586502075195312e+01,-2.273624038696289062e+01,-2.275570487976074219e+01,-1.994685745239257812e+01,-1.704419326782226562e+01,-1.190035438537597656e+01,-3.935797214508056641e+00,-9.907024383544921875e+00,-1.100867748260498047e+01,-4.657347202301025391e+00,-1.869297981262207031e+00,-1.398428559303283691e+00,3.937606334686279297e+00,-5.289230346679687500e+00,-1.564042854309082031e+01,-6.424638748168945312e+00,7.447744369506835938e+00,4.278192043304443359e+00,1.859351634979248047e+00,9.127659797668457031e-01,4.505571365356445312e+00,6.367807388305664062e+00,9.302762985229492188e+00,8.938457489013671875e+00,1.001462173461914062e+01,5.353868484497070312e+00,2.971240282058715820e+00,-2.728701829910278320e-01,1.731919169425964355e+00,2.688930034637451172e+00,9.062060356140136719e+00,1.158261489868164062e+01,8.058827400207519531e+00,8.024976730346679688e+00,8.628397941589355469e+00,9.186866760253906250e+00,-8.049716949462890625e+00,-2.149677276611328125e+01,-2.789367294311523438e+01,-2.453188323974609375e+01,-2.205846023559570312e+01,-3.416889953613281250e+01,-3.797369384765625000e+01,-3.526915740966796875e+01,-2.831198501586914062e+01,-2.514989471435546875e+01,-2.464840698242187500e+01,-2.197641944885253906e+01,-2.416978645324707031e+01,-2.622325515747070312e+01,-1.190748214721679688e+01,-2.009321212768554688e+01,-2.250892257690429688e+01,-1.775395584106445312e+01,-1.106196212768554688e+01,-1.242287445068359375e+01,-2.138355445861816406e+01,-2.651015472412109375e+01,-3.227910232543945312e+01,-2.681311035156250000e+01,-1.662637710571289062e+01,-8.764383316040039062e+00,-1.392808723449707031e+01,-1.831930160522460938e+01,-1.645822525024414062e+01,-1.079179000854492188e+01,-1.061420249938964844e+01,-1.191853332519531250e+01,-1.884833335876464844e+01,-2.140203475952148438e+01,-1.790214347839355469e+01,-1.576958656311035156e+01,-1.054721450805664062e+01,-6.566227912902832031e+00,-1.442414522171020508e+00,-3.659255504608154297e+00,-2.625289678573608398e+00,-6.510270118713378906e+00,-1.021706295013427734e+01,-1.466876411437988281e+01,-1.476959228515625000e+01,-1.717093658447265625e+01,-1.894196891784667969e+01,-1.550453186035156250e+01,-1.300681400299072266e+01,-1.322490596771240234e+01,-2.011410713195800781e+01,-1.519892883300781250e+01,-1.298413848876953125e+01,-2.044670104980468750e+01,-2.830450057983398438e+01,-1.951215362548828125e+01,-7.038622379302978516e+00,-9.228258132934570312e+00,-1.368919086456298828e+01,-1.572629737854003906e+01,-1.362790489196777344e+01,-4.713232040405273438e+00,-2.038848400115966797e-01,-1.789880514144897461e+00,-5.532575130462646484e+00,-5.733063220977783203e+00,-4.910560607910156250e+00,-1.390192127227783203e+01,-2.009596633911132812e+01,-1.935983657836914062e+01,-2.430711364746093750e+01,-2.314407157897949219e+01,-2.371257972717285156e+01,-1.783047485351562500e+01,-1.251643562316894531e+01,-7.244188785552978516e+00,-3.855094909667968750e+00,-4.078606605529785156e+00,-1.048866558074951172e+01,-1.087956523895263672e+01,-1.051617190241813660e-01,-7.147117137908935547e+00,-9.104771614074707031e+00,-7.760922908782958984e+00,-1.102212047576904297e+01,-1.236265945434570312e+01,-1.166522598266601562e+01,-4.883306503295898438e+00,2.081815481185913086e+00,4.790042877197265625e+00,3.217899799346923828e+00,4.214703559875488281e+00,1.555193781852722168e+00,4.544171333312988281e+00,1.737701773643493652e+00,-1.926888465881347656e+00,-2.752895116806030273e+00,3.531168937683105469e+00,5.422087669372558594e+00,4.932006835937500000e+00,5.053559780120849609e+00,7.491653919219970703e+00,5.683475971221923828e+00,5.990308761596679688e+00,1.268168163299560547e+01,5.198440074920654297e+00,2.868614912033081055e+00,1.732308983802795410e+00,-1.255173683166503906e+01,-3.204733276367187500e+01,-3.815501785278320312e+01,-3.729087829589843750e+01,-3.127767181396484375e+01,-2.600403976440429688e+01,-2.614312362670898438e+01,-2.672992515563964844e+01,-2.396332168579101562e+01,-2.051978683471679688e+01,-1.557955360412597656e+01,-1.719749069213867188e+01,-3.391799163818359375e+01,-3.330059051513671875e+01,-3.076875305175781250e+01,-3.154349899291992188e+01,-3.635597229003906250e+01,-3.662599945068359375e+01,-3.622367858886718750e+01,-3.755730438232421875e+01,-3.870305633544921875e+01,-3.507952880859375000e+01,-3.401188278198242188e+01,-4.399553298950195312e+01,-3.377395629882812500e+01,-1.763377761840820312e+01,-1.471980667114257812e+01,-1.739124488830566406e+01,-1.567632293701171875e+01,-1.349748611450195312e+01,-1.452724647521972656e+01,-1.670811462402343750e+01,-2.946071243286132812e+01,-3.257169723510742188e+01,-3.005605697631835938e+01,-2.168592071533203125e+01,-1.960771560668945312e+01,-2.646289062500000000e+01,-3.651973724365234375e+01,-2.832703399658203125e+01,-2.036496353149414062e+01,-1.436252689361572266e+01,-6.404310226440429688e+00,-1.396686553955078125e+00,-1.991125702857971191e+00,-5.839602947235107422e+00,-1.207413101196289062e+01,-1.193268871307373047e+01,-1.143831157684326172e+01,-1.166466331481933594e+01,-1.096524238586425781e+01,-1.117410087585449219e+01,-1.481551933288574219e+01,-1.865308189392089844e+01,-1.855849266052246094e+01,-1.266839408874511719e+01,-3.718847513198852539e+00,-3.978414833545684814e-01,3.270936965942382812e+00,4.831006526947021484e+00,2.533277988433837891e+00,-7.277470588684082031e+00,-1.496826744079589844e+01,-2.195874404907226562e+01,-2.072287940979003906e+01,-9.854401588439941406e+00,-9.673400878906250000e+00,-8.378718376159667969e+00,-1.322986888885498047e+01,-2.088702774047851562e+01,-1.320484733581542969e+01,-4.191599845886230469e+00,-5.957086563110351562e+00,-1.443381690979003906e+01,-1.787210655212402344e+01,-1.353340148925781250e+01,-7.978766441345214844e+00,-1.659379959106445312e+01,-1.882584762573242188e+01,-1.756426048278808594e+01,-1.550552749633789062e+01,-1.548187541961669922e+01,-1.881360816955566406e+01,-1.432352828979492188e+01,-1.518341541290283203e+01,-1.644954681396484375e+01,-1.948572921752929688e+01,-2.448412132263183594e+01,-2.307259368896484375e+01,-1.741969299316406250e+01,-1.370434665679931641e+01,-1.334606933593750000e+01,-1.350082683563232422e+01,-1.016603469848632812e+01,-6.330618858337402344e+00,-7.011398315429687500e+00,-7.032816886901855469e+00,-1.887664604187011719e+01,-2.291928482055664062e+01,-1.860145187377929688e+01,-1.181944656372070312e+01,-5.578505039215087891e+00,-1.359754562377929688e+00,-4.135807037353515625e+00,-9.065490722656250000e+00,-1.003046607971191406e+01,-3.183579921722412109e+00,-3.529139280319213867e+00,-3.664135217666625977e+00,2.185359716415405273e+00,2.691530942916870117e+00,-2.430417537689208984e+00,-1.068010330200195312e-01,6.960120797157287598e-01,4.050797462463378906e+00,8.317082405090332031e+00,5.313814163208007812e+00,9.620931625366210938e+00,8.388059616088867188e+00,3.490056991577148438e+00,3.658497810363769531e+00,-9.149009704589843750e+00,-1.594342613220214844e+01,-1.503018569946289062e+01,-1.179527187347412109e+01,-9.662014007568359375e+00,-5.080362319946289062e+00,-1.763116073608398438e+01,-2.175711822509765625e+01,-2.536281967163085938e+01,-2.513132858276367188e+01,-2.425823020935058594e+01,-2.137324523925781250e+01,-2.218041610717773438e+01,-2.502747726440429688e+01,-2.240671920776367188e+01,-1.993277740478515625e+01,-1.939587402343750000e+01,-1.274304962158203125e+01,-1.115097999572753906e+01,-1.158829116821289062e+01,-1.155170345306396484e+01,-1.604901885986328125e+01,-2.057593154907226562e+01,-3.303143310546875000e+01,-2.771290588378906250e+01,-1.547635173797607422e+01,-2.285306167602539062e+01,-1.487808036804199219e+01,-7.744676113128662109e+00,-4.928595542907714844e+00,-7.803032398223876953e+00,-7.013671875000000000e+00,-3.517289161682128906e+00,-1.181988048553466797e+01,-1.761690139770507812e+01,-2.553679847717285156e+01,-3.756604003906250000e+01,-3.565533065795898438e+01,-2.093308639526367188e+01,-8.502318382263183594e+00,-1.985540866851806641e+00,-4.162637710571289062e+00,-4.115627765655517578e+00,-4.307407140731811523e-01,1.708864212036132812e+00,1.036074638366699219e+01,1.640741348266601562e+01,3.822287559509277344e+00,-2.611813783645629883e+00,-1.367377471923828125e+01,-1.543376731872558594e+01,-4.144451141357421875e+00,-1.630253982543945312e+01,-3.188322830200195312e+01,-2.566338920593261719e+01,-1.617231369018554688e+01,-1.436269760131835938e+01,-1.846188926696777344e+01,-2.313126945495605469e+01,-2.455570983886718750e+01,-2.128201293945312500e+01,-2.098846817016601562e+01,-1.344923114776611328e+01,4.478740692138671875e+00,9.500082969665527344e+00,8.774967193603515625e+00,8.226337432861328125e+00,7.929024696350097656e-01,-1.264556121826171875e+01,-2.164413833618164062e+01,-3.720126342773437500e+01,-3.934492492675781250e+01,-2.067340469360351562e+01,-1.179302692413330078e+01,-1.070935916900634766e+01,-1.661826324462890625e+01,-1.882776069641113281e+01,-1.374714374542236328e+01,-6.984756469726562500e+00,1.259386539459228516e-02,-5.499764680862426758e-01,-2.261652946472167969e+00,-5.368037700653076172e+00,-1.318875122070312500e+01,-1.552840232849121094e+01,-1.960012435913085938e+01,-2.037504196166992188e+01,-1.533472061157226562e+01,-1.531317043304443359e+01,-1.711964416503906250e+01,-1.590102767944335938e+01,-1.487603569030761719e+01,-1.363652229309082031e+01,-5.159007549285888672e+00,3.893529176712036133e-01,2.513835430145263672e+00,3.171797275543212891e+00,-5.255659818649291992e-01,1.880807638168334961e+00,-1.948518276214599609e+00,-1.187425422668457031e+01,-2.029232788085937500e+01,-2.438894271850585938e+01,-2.350658416748046875e+01,-8.884438514709472656e+00,1.936791181564331055e+00,-1.219449996948242188e+01,-2.605528640747070312e+01,-3.039009475708007812e+01,-2.482424163818359375e+01,-1.838134765625000000e+01,-1.283747673034667969e+01,-9.247131347656250000e+00,-1.099856567382812500e+01,-9.962746620178222656e+00,-1.538939356803894043e+00,-6.329973220825195312e+00,-1.321169376373291016e+01,-1.676884841918945312e+01,-1.042928028106689453e+01,-7.537497997283935547e+00,-1.237681031227111816e+00,-1.065813541412353516e+00,-9.684499740600585938e+00,-8.201450347900390625e+00,-4.173588752746582031e-01,-2.253113269805908203e+00,-4.067302644252777100e-01,6.724622249603271484e-01,-4.886358976364135742e-02,2.798604011535644531e+00,2.904243946075439453e+00,-2.224332809448242188e+00,-1.119230747222900391e+01,-6.403268814086914062e+00,-7.663862705230712891e+00,-1.603858947753906250e+01,-1.448508644104003906e+01,-1.332945442199707031e+01,-2.094690322875976562e+01,-3.025108528137207031e+01,-2.736453437805175781e+01,-2.503766250610351562e+01,-2.428746986389160156e+01,-2.579977607727050781e+01,-2.860224533081054688e+01,-2.601747131347656250e+01,-2.492634010314941406e+01,-2.447721099853515625e+01,-2.155850601196289062e+01,-1.848192787170410156e+01,-1.349764347076416016e+01,-1.213041496276855469e+01,-1.262738037109375000e+01,-1.829506111145019531e+01,-1.831198501586914062e+01,-1.634632492065429688e+01,-1.434405231475830078e+01,-1.141892623901367188e+01,-1.795193862915039062e+01,-1.597631263732910156e+01,-1.686720275878906250e+01,-1.563413619995117188e+01,-2.037289237976074219e+01,-2.387594985961914062e+01,-2.237311744689941406e+01,-2.391689491271972656e+01,-2.534366989135742188e+01,-2.022735214233398438e+01,-1.345804691314697266e+01,-9.792753219604492188e+00,-8.118012428283691406e+00,-7.055230617523193359e+00,-7.315663337707519531e+00,-9.970660209655761719e+00,-1.399736404418945312e+01,-1.474445915222167969e+01,-2.186274337768554688e+01,-1.799639320373535156e+01,-8.589203834533691406e+00,8.459516525268554688e+00,9.536170959472656250e+00,2.028259277343750000e+00,-9.824782609939575195e-01,-1.240801715850830078e+01,-1.862572288513183594e+01,-1.586554241180419922e+01,-2.777525711059570312e+01,-2.492457580566406250e+01,-2.498349380493164062e+01,-1.790611648559570312e+01,-1.596984386444091797e+01,-1.135012435913085938e+01,-3.075839996337890625e+00,-1.659294128417968750e+00,-2.496094703674316406e+00,-5.461815834045410156e+00,-1.534937667846679688e+01,-1.635352516174316406e+01,-1.217602920532226562e+01,-7.650272846221923828e+00,4.072573661804199219e+00,5.929975509643554688e+00,-1.419310450553894043e+00,-2.296603441238403320e+00,-4.111140727996826172e+00,-9.891122817993164062e+00,-1.440130615234375000e+01,-1.394349670410156250e+01,-1.866290283203125000e+01,-2.308817100524902344e+01,-2.000214767456054688e+01,-1.841050148010253906e+01,-2.944957542419433594e+01,-2.902141571044921875e+01,-2.277621841430664062e+01,-1.459468936920166016e+01,-1.907116699218750000e+01,-2.704248046875000000e+01,-2.037572860717773438e+01,-1.036763763427734375e+01,-2.533949661254882812e+01,-2.496620941162109375e+01,-1.163651847839355469e+01,-9.712339639663696289e-01,1.518421053886413574e+00,-6.551246643066406250e+00,-1.114678382873535156e+01,-1.507303237915039062e+01,-1.537023162841796875e+01,-1.064706134796142578e+01,-1.011720561981201172e+01,-1.211273384094238281e+01,-1.245977401733398438e+01,-1.307266998291015625e+01,-1.324689388275146484e+01,-1.562403106689453125e+01,-1.397740650177001953e+01,-8.203909873962402344e+00,-1.118191719055175781e+01,-7.609705924987792969e+00,-3.908968865871429443e-01,5.681052207946777344e+00,5.202954769134521484e+00,-1.499987125396728516e+00,-3.818155050277709961e+00,7.028014659881591797e-01,2.333655834197998047e+00,4.170495986938476562e+00,6.803889870643615723e-01,-3.330948829650878906e+00,-1.135207056999206543e+00,4.375014901161193848e-01,-3.596341609954833984e+00,-5.299959778785705566e-01,3.144258737564086914e+00,1.528501629829406738e+00,6.777102470397949219e+00,-5.299377441406250000e-01,-6.439579010009765625e+00,-7.692965507507324219e+00,-3.208199977874755859e+00,-5.059195995330810547e+00,4.882731437683105469e-01,3.326480388641357422e+00,3.478840351104736328e+00,-1.138570904731750488e+00,-1.186046791076660156e+01,-5.890310287475585938e+00,-3.750081539154052734e+00,-3.661526679992675781e+00,2.208752155303955078e+00,5.647165775299072266e+00,8.398506164550781250e+00,7.850543022155761719e+00,6.909563064575195312e+00,9.435718536376953125e+00,5.285041809082031250e+00,2.307606458663940430e+00,1.032783746719360352e+00,-7.811168670654296875e+00,-1.372826576232910156e+01,-1.131772232055664062e+01,-1.258759260177612305e+00,1.578734755516052246e+00,5.870065093040466309e-01,4.533828496932983398e-01,-8.452961921691894531e+00,-6.910746574401855469e+00,-5.508890151977539062e+00,-1.737174749374389648e+00,6.030534505844116211e-01,2.113459110260009766e+00,-1.336938738822937012e-01,2.588080644607543945e+00,1.000305414199829102e+00,1.789348602294921875e+00,1.483562469482421875e+00,-4.447882652282714844e+00,-1.379134750366210938e+01,-1.750629806518554688e+01,-1.466227531433105469e+01,-1.571193504333496094e+01,-2.341926193237304688e+01,-2.189024543762207031e+01,-1.934111404418945312e+01,-1.391424179077148438e+01,-1.173462867736816406e+01,-8.211385726928710938e+00,2.769001483917236328e+00,1.069836235046386719e+01,1.238431167602539062e+01,7.543373584747314453e+00,5.386457443237304688e+00,1.000300979614257812e+01,1.112311172485351562e+01,1.182436370849609375e+01,-5.387698650360107422e+00,-1.134140682220458984e+01,-1.132050895690917969e+01,-1.179464054107666016e+01,-1.137347412109375000e+01,-5.950641632080078125e+00,-8.345623970031738281e+00,-1.731975936889648438e+01,-9.302734375000000000e+00,2.425595998764038086e+00,2.380400657653808594e+00,-2.498716115951538086e-02,-7.371190547943115234e+00,-1.907752990722656250e+01,-1.995040702819824219e+01,-1.934132957458496094e+01,-1.990643310546875000e+01,-2.782852363586425781e+01,-2.673941802978515625e+01,-2.179012107849121094e+01,-1.939272880554199219e+01,-2.251341247558593750e+01,-2.262658309936523438e+01,-1.839970970153808594e+01,-2.049871444702148438e+01,-1.683140182495117188e+01,-1.717759323120117188e+01,-1.871266365051269531e+01,-1.500689697265625000e+01,-1.053672027587890625e+01,-9.658943176269531250e+00,-1.617273330688476562e+01,-3.113677406311035156e+01,-2.872336959838867188e+01,-2.863649368286132812e+01,-2.507176589965820312e+01,-1.961816215515136719e+01,-2.069421195983886719e+01,-1.825970077514648438e+01,-1.208507919311523438e+01,-1.199681568145751953e+01,-2.100877952575683594e+01,-2.647282028198242188e+01,-2.155617141723632812e+01,-1.106342792510986328e+01,-1.725420379638671875e+01,-3.002482986450195312e+01,-2.822861289978027344e+01,-2.081084442138671875e+01,-1.919301605224609375e+01,-1.445567607879638672e+01,-1.769936370849609375e+01,-1.987237930297851562e+01,-1.140121269226074219e+01,-1.206392288208007812e+01,-1.431569671630859375e+01,-3.824495315551757812e+00,-1.189640808105468750e+01,-1.917232131958007812e+01,-9.127400398254394531e+00,-7.326868057250976562e+00,-1.286515140533447266e+01,-1.417351913452148438e+01,-1.255806350708007812e+01,-1.259804344177246094e+01,-1.395487403869628906e+01,-1.448132801055908203e+01,-1.375520896911621094e+01,-1.528727436065673828e+01,-1.829718399047851562e+01,-1.209850502014160156e+01,-5.815559864044189453e+00,-9.414093494415283203e-01,-3.559358119964599609e+00,-1.070050716400146484e+01,-7.804912567138671875e+00,-9.195038795471191406e+00,-1.819968605041503906e+01,-1.839300155639648438e+01,-1.369879913330078125e+01,-1.731700658798217773e+00,3.933778285980224609e+00,3.812876224517822266e+00,4.937217831611633301e-01,-6.977568626403808594e+00,-1.423875999450683594e+01,-1.460313606262207031e+01,-1.418389511108398438e+01,-2.375824356079101562e+01,-2.434070777893066406e+01,-1.505788040161132812e+01,-9.638353347778320312e+00,-5.803450584411621094e+00,-1.472983360290527344e+01,-1.734870910644531250e+01,-1.390000724792480469e+01,-4.488027572631835938e+00,-2.260517328977584839e-01,5.233476758003234863e-01,2.171683073043823242e+00,-8.314520120620727539e-02,-2.427301406860351562e-01,-1.516672015190124512e+00,-1.381290793418884277e+00,8.332583904266357422e-01,5.016228675842285156e+00,4.841370582580566406e+00,4.478368282318115234e+00,1.420657634735107422e+00,6.551969051361083984e-01,2.676952838897705078e+00,1.638450813293457031e+01,1.618854713439941406e+01,1.049001026153564453e+01,3.604871034622192383e-01,-1.317354869842529297e+01,-1.271514129638671875e+01,-5.853161811828613281e+00,-8.152326583862304688e+00,-7.628776550292968750e+00,-8.049398422241210938e+00,-5.902715682983398438e+00,-2.273805141448974609e+00,4.560047984123229980e-01,-4.221371173858642578e+00,-1.439184379577636719e+01,-1.502593040466308594e+01,-1.032293891906738281e+01,-9.190881729125976562e+00,-1.051590347290039062e+01,-1.325304031372070312e+01,-2.021815681457519531e+01,-2.410774993896484375e+01,-2.207399749755859375e+01,-1.644034194946289062e+01,-1.458708572387695312e+01,-1.481150531768798828e+01,-1.237123298645019531e+01,-1.180681991577148438e+01,-9.475032806396484375e+00,-1.288690662384033203e+01,-2.021902084350585938e+01,-1.849518013000488281e+01,-1.041042900085449219e+01,-6.605578422546386719e+00,-4.721869468688964844e+00,-3.970431566238403320e+00,-5.285277366638183594e+00,-2.168105506896972656e+01,-2.762580490112304688e+01,-2.436131286621093750e+01,-2.130126762390136719e+01,-1.913052749633789062e+01,-2.037397384643554688e+01,-1.903600692749023438e+01,-1.815085029602050781e+01,-1.585880947113037109e+01,-1.441413497924804688e+01,-2.022031784057617188e+01,-2.275681877136230469e+01,-1.218167591094970703e+01,-3.944491624832153320e+00,-1.107543754577636719e+01,-2.215749549865722656e+01,-2.724274063110351562e+01,-2.932487487792968750e+01,-2.254509544372558594e+01,-1.377726554870605469e+01,-1.949364852905273438e+01,-2.158500671386718750e+01,-2.738845443725585938e+01,-2.185497474670410156e+01,-1.293723678588867188e+01,-1.910405158996582031e+01,-2.762261581420898438e+01,-3.342563629150390625e+01,-3.253033447265625000e+01,-2.446907424926757812e+01,-1.495989513397216797e+01,-1.304331398010253906e+01,-1.186531829833984375e+01,-5.011567115783691406e+00,1.773815155029296875e+00,6.826810359954833984e+00,1.142937469482421875e+01,1.220613288879394531e+01,8.374742507934570312e+00,1.197336673736572266e+00,-1.408849954605102539e+00,-5.066066741943359375e+00,-1.394411277770996094e+01,-2.380361938476562500e+01,-1.985596656799316406e+01,-1.554503250122070312e+01,-7.724772453308105469e+00,-1.142041587829589844e+01,-2.175188827514648438e+01,-2.319382858276367188e+01,-2.162185287475585938e+01,-2.136666679382324219e+01,-2.032666778564453125e+01,-2.270632934570312500e+01,-2.034905052185058594e+01,-2.254924774169921875e+01,-1.969902801513671875e+01,-1.384549140930175781e+01,-1.840108489990234375e+01,-2.256733703613281250e+01,-1.657670021057128906e+01,-1.590086364746093750e+01,-2.006686210632324219e+01,-1.939585876464843750e+01,-1.886560630798339844e+01,-1.772758674621582031e+01,-1.639421463012695312e+01,-1.656056213378906250e+01,-1.519839954376220703e+01,-1.625673675537109375e+01,-2.678324127197265625e+01,-3.151470184326171875e+01,-2.786150360107421875e+01,-2.197733688354492188e+01,-2.032166671752929688e+01,-1.871877670288085938e+01,-1.696722412109375000e+01,-1.570020389556884766e+01,-9.480610847473144531e+00,-3.058167219161987305e+00,7.507620453834533691e-01,-1.375599861145019531e+00,-5.842535972595214844e+00,-5.286848068237304688e+00,-2.832916736602783203e+00,-5.493718147277832031e+00,-1.016300010681152344e+01,-9.919443130493164062e+00,-5.689297676086425781e+00,-1.618630528450012207e+00,-1.733772873878479004e+00,1.523615598678588867e+00,9.573515892028808594e+00,2.610051393508911133e+00,7.663576602935791016e-01,-3.593758821487426758e+00,-4.265760421752929688e+00,-6.989025592803955078e+00,-1.310885047912597656e+01,-8.754532814025878906e+00,-6.090370655059814453e+00,-4.320915222167968750e+00,-1.227746582031250000e+01,-1.403312015533447266e+01,-7.388719558715820312e+00,-5.809952735900878906e+00,-3.590068340301513672e+00,-8.994739532470703125e+00,-1.449376487731933594e+01,-1.683070755004882812e+01,-3.646072387695312500e+01,-4.475457000732421875e+01,-3.797921371459960938e+01,-2.398712348937988281e+01,-2.216565322875976562e+01,-2.101371002197265625e+01,-2.465331649780273438e+01,-2.737257957458496094e+01,-3.099353027343750000e+01,-3.352309417724609375e+01,-3.182756042480468750e+01,-2.910571098327636719e+01,-2.769747161865234375e+01,-2.559596443176269531e+01,-2.202399635314941406e+01,-2.091035461425781250e+01,-2.869325637817382812e+01,-3.201153182983398438e+01,-3.142171478271484375e+01,-2.890574264526367188e+01,-2.746384620666503906e+01,-2.560168457031250000e+01,-3.218763732910156250e+01,-3.419242095947265625e+01,-3.843570327758789062e+01,-3.467255401611328125e+01,-2.650349235534667969e+01,-2.053884315490722656e+01,-1.322496891021728516e+01,-1.200891780853271484e+01,-1.098738861083984375e+01,-1.314933204650878906e+01,-2.389060592651367188e+01,-3.526954650878906250e+01,-4.213423156738281250e+01,-3.735615158081054688e+01,-3.013881301879882812e+01,-3.154646301269531250e+01,-3.056274795532226562e+01,-2.178844451904296875e+01,-1.684800529479980469e+01,-1.847579574584960938e+01,-1.574374103546142578e+01,-9.115532875061035156e+00,-4.466859340667724609e+00,-5.352445602416992188e+00,-8.321201324462890625e+00,-1.145013523101806641e+01,-1.370969581604003906e+01,-1.257751750946044922e+01,-1.354477310180664062e+01,-1.397319984436035156e+01,-1.361215972900390625e+01,-7.891456127166748047e+00,-9.721637725830078125e+00,-1.438426589965820312e+01,-7.457836151123046875e+00,-4.040752410888671875e+00,-1.115287017822265625e+01,-1.161991500854492188e+01,-1.751951980590820312e+01,-2.719935226440429688e+01,-2.573678588867187500e+01,-1.694223403930664062e+01,-9.989011764526367188e+00,-9.949203491210937500e+00,-2.912578964233398438e+01,-3.930128860473632812e+01,-4.310022735595703125e+01,-4.564972686767578125e+01,-4.842638397216796875e+01,-3.593099975585937500e+01,-2.705401992797851562e+01,-2.848736763000488281e+01,-3.753363037109375000e+01,-1.647266197204589844e+01,-9.222790718078613281e+00,-2.957016754150390625e+01,-4.197206497192382812e+01,-4.299548339843750000e+01,-4.228047943115234375e+01,-3.433878326416015625e+01,-4.010778808593750000e+01,-4.814943695068359375e+01,-4.679537963867187500e+01,-4.177407836914062500e+01,-3.333077239990234375e+01,-3.718271636962890625e+01,-4.141810607910156250e+01,-4.140007400512695312e+01,-3.598462677001953125e+01,-4.115189743041992188e+01,-5.116183090209960938e+01,-4.662215423583984375e+01,-3.558106231689453125e+01,-2.256969070434570312e+01,-1.591083908081054688e+01,-1.650256156921386719e+01,-2.053030014038085938e+01,-2.398748016357421875e+01,-2.836109542846679688e+01,-2.905444717407226562e+01,-3.489282989501953125e+01,-1.856489753723144531e+01,-1.207453441619873047e+01,-1.161700248718261719e+01,-1.804524803161621094e+01,-1.716315460205078125e+01,-2.021707153320312500e+01,-2.551189422607421875e+01,-2.592997741699218750e+01,-2.600482177734375000e+01,-2.906575202941894531e+01,-2.766105079650878906e+01,-2.665692710876464844e+01,-2.380224418640136719e+01,-2.983542060852050781e+01,-3.704806518554687500e+01,-2.415879821777343750e+01,-5.970098018646240234e+00,-8.751613616943359375e+00,-8.819867134094238281e+00,-1.021743965148925781e+01,-1.767190551757812500e+01,-1.320518016815185547e+01,-2.322918319702148438e+01,-4.900817108154296875e+01,-5.030202484130859375e+01,-3.873139953613281250e+01,-2.437040328979492188e+01,-2.026671981811523438e+01,-1.816131973266601562e+01,-1.674570274353027344e+01,-1.842963790893554688e+01,-1.787635612487792969e+01,-7.640254020690917969e+00,-5.293465614318847656e+00,-1.282837009429931641e+01,-2.703630828857421875e+01,-4.267063140869140625e+01,-4.623556518554687500e+01,-3.865528869628906250e+01,-2.531340789794921875e+01,-2.770635986328125000e+01,-3.288935852050781250e+01,-3.503116607666015625e+01,-3.406042098999023438e+01,-2.650236129760742188e+01,-1.871169090270996094e+01,-1.862301254272460938e+01,-1.639114952087402344e+01,-1.693315505981445312e+01,-1.437013053894042969e+01,-7.223553657531738281e+00,-3.444559097290039062e+00,-1.027690696716308594e+01,-1.535422992706298828e+01,-1.892728042602539062e+01,-2.035248184204101562e+01,-1.276376438140869141e+01,-1.636466979980468750e-01,-1.488902330398559570e+00,-7.791500091552734375e+00,-8.968765258789062500e+00,-1.255340099334716797e+01,-1.027539825439453125e+01,-5.327988624572753906e+00,-3.528596639633178711e+00,-6.762830257415771484e+00,-6.331396102905273438e+00,-3.240220308303833008e+00,2.035737514495849609e+00,-1.856184720993041992e+00,-7.317911148071289062e+00,-1.478713130950927734e+01,-1.770815849304199219e+01,-2.021372604370117188e+01,-1.927133941650390625e+01,-1.908235931396484375e+01,-8.663528442382812500e+00,-7.389344215393066406e+00,-3.152893257141113281e+01,-3.497416305541992188e+01,-2.579207992553710938e+01,-3.249279785156250000e+01,-3.561271286010742188e+01,-2.959590148925781250e+01,-3.527716064453125000e+01,-3.262888717651367188e+01,-2.867686462402343750e+01,-2.547007751464843750e+01,-2.022393035888671875e+01,-1.683533668518066406e+01,-1.813123512268066406e+01,-2.278738975524902344e+01,-1.939194679260253906e+01,-1.957351493835449219e+01,-1.390938949584960938e+01,-5.034565925598144531e+00,-2.636671066284179688e-03,2.094677925109863281e+00,8.506691932678222656e+00,5.222500801086425781e+00,3.686597347259521484e-01,-4.823628425598144531e+00,-5.099020481109619141e+00,-3.786908626556396484e+00,-2.672934341430664062e+01,-3.212366867065429688e+01,-3.258202743530273438e+01,-2.429305267333984375e+01,-2.738304138183593750e+01,-3.741869354248046875e+01,-3.247403335571289062e+01,-2.443789672851562500e+01,-2.000704574584960938e+01,-3.564859008789062500e+01,-3.209828567504882812e+01,-2.231224250793457031e+01,-2.696208572387695312e+01,-2.929954910278320312e+01,-2.530738067626953125e+01,-2.397255706787109375e+01,-1.478542327880859375e+01,-1.390253543853759766e+01,-1.409391784667968750e+01,-1.881233978271484375e+01,-2.062665557861328125e+01,-1.148284721374511719e+01,-1.779358744621276855e+00,-5.346673965454101562e+00,-1.594882774353027344e+01,-2.717843246459960938e+01,-3.672136688232421875e+01,-3.899650573730468750e+01,-3.442501068115234375e+01,-3.350882720947265625e+01,-2.509829330444335938e+01,-1.441261482238769531e+01,-1.178473663330078125e+01,-9.718389511108398438e+00,-5.335288524627685547e+00,-6.061307430267333984e+00,-1.083370304107666016e+01,-1.231492805480957031e+01,-1.621151542663574219e+01,-1.754250526428222656e+01,-1.561859130859375000e+01,-1.448598194122314453e+01,-1.276629829406738281e+01,-1.383803462982177734e+01,-1.565895843505859375e+01,-1.459188461303710938e+01,-1.515590381622314453e+01,-2.089499092102050781e+01,-2.013893127441406250e+01,-1.610434341430664062e+01,-1.578746414184570312e+01,-1.327475452423095703e+01,-5.851238727569580078e+00,-3.213403224945068359e+00,-2.352374792098999023e+00,-3.244652271270751953e+00,-2.635809898376464844e+00,-3.393528461456298828e+00,-4.597198486328125000e+00,-3.155545711517333984e+00,-7.534549236297607422e+00,-5.619632720947265625e+00,-5.704454421997070312e+00,-6.743462562561035156e+00,-5.369497299194335938e+00,-1.033397674560546875e+01,-7.978034019470214844e+00,-2.293957233428955078e+00,-2.865727901458740234e+00,-2.808516740798950195e+00,-2.169725418090820312e+00,1.429187417030334473e+00,-1.877085208892822266e+00,-7.219637870788574219e+00,-5.616199493408203125e+00,-3.752184867858886719e+00,-6.020981788635253906e+00,-1.979284524917602539e+00,-4.620562553405761719e+00,-4.128606796264648438e+00,-4.996033906936645508e-01,-1.239144206047058105e+00,-2.468642711639404297e+00,1.464169502258300781e+00,2.207637786865234375e+00,-3.351208209991455078e+00,-4.183210849761962891e+00,-1.678016304969787598e+00,-6.044834613800048828e+00,-1.730654907226562500e+01,-2.215094757080078125e+01,-2.016469955444335938e+01,-2.028789901733398438e+01,-2.367475318908691406e+01,-2.089719963073730469e+01,-2.237568664550781250e+01,-2.255309295654296875e+01,-2.447490310668945312e+01,-2.175360870361328125e+01,-1.632227706909179688e+01,-1.374425220489501953e+01,-9.352499961853027344e+00,-1.447317981719970703e+01,-2.352748107910156250e+01,-2.493832778930664062e+01,-2.171888542175292969e+01,-1.997184181213378906e+01,-1.491120719909667969e+01,-7.349320411682128906e+00,-2.672724008560180664e+00,-5.698169708251953125e+00,-5.314441680908203125e+00,-1.953114509582519531e+01,-2.849124908447265625e+01,-2.104189300537109375e+01,-5.547198772430419922e+00,-7.054857254028320312e+00,-9.618028640747070312e+00,-1.154831886291503906e+01,-1.300921058654785156e+01,-1.840195465087890625e+01,-2.965684318542480469e+01,-3.431888198852539062e+01,-2.700907897949218750e+01,-2.072560501098632812e+01,-1.760628890991210938e+01,-1.538840389251708984e+01,-2.094726562500000000e+01,-1.948577499389648438e+01,-1.375366973876953125e+01,-8.743326187133789062e+00,-1.137649536132812500e+01,-9.248374938964843750e+00,-3.535933971405029297e+00,-9.316572189331054688e+00,-1.456674385070800781e+01,-1.593679904937744141e+01,-1.384099578857421875e+01,-1.041096305847167969e+01,-1.222564315795898438e+01,-2.265607833862304688e+01,-3.016041564941406250e+01,-3.616477584838867188e+01,-2.832684135437011719e+01,-1.584786224365234375e+01,-1.894307708740234375e+01,-2.425178909301757812e+01,-1.746711158752441406e+01,-9.745345115661621094e+00,-9.313823699951171875e+00,-7.417434215545654297e+00,-1.316475868225097656e+01,-8.525449752807617188e+00,8.964380025863647461e-01,-3.878885984420776367e+00,-6.656684875488281250e+00,-1.037712931632995605e+00,3.220963478088378906e+00,2.289259910583496094e+00,-1.554850101470947266e+00,-6.787806510925292969e+00,-8.428144454956054688e+00,-1.040871047973632812e+01,-9.471279144287109375e+00,-1.057470417022705078e+01,-8.890147209167480469e+00,-6.815077781677246094e+00,-1.010581207275390625e+01,-1.146804428100585938e+01,-9.521961212158203125e+00,-5.131299972534179688e+00,-4.097702026367187500e+00,-2.814239978790283203e+00,-4.931433200836181641e+00,-1.822907209396362305e+00,-5.453117370605468750e+00,-1.605027961730957031e+01,-3.210463333129882812e+01,-3.425568389892578125e+01,-3.080643844604492188e+01,-1.978073501586914062e+01,-1.464556884765625000e+01,-2.795513534545898438e+01,-3.396304321289062500e+01,-3.232276535034179688e+01,-1.817272758483886719e+01,-2.806355953216552734e+00,-4.674452781677246094e+00,-6.146840095520019531e+00,-6.499842643737792969e+00,-5.295161247253417969e+00,2.566091418266296387e-01,5.465331077575683594e+00,7.240609645843505859e+00,6.824128150939941406e+00,-9.289848804473876953e-02,-1.291958045959472656e+01,-2.034364128112792969e+01,-1.746054077148437500e+01,-1.664625740051269531e+01,-1.226961898803710938e+01,-1.183790302276611328e+01,-7.438897609710693359e+00,-1.306421852111816406e+01,-1.618875885009765625e+01,-9.217376708984375000e+00,2.637788057327270508e-01,-3.824041604995727539e+00,-7.110339641571044922e+00,-5.698083877563476562e+00,1.731771588325500488e+00,3.000933170318603516e+00,-3.423968791961669922e+00,-8.338860511779785156e+00,-2.097240829467773438e+01,-1.811547088623046875e+01,-8.269525527954101562e+00,-3.247530698776245117e+00,1.674263238906860352e+00,3.400623798370361328e-02,-1.313263416290283203e+00,9.109888076782226562e-01,-2.737142562866210938e+00,-3.661851882934570312e+00,-1.249753570556640625e+01,-1.635556221008300781e+01,-2.982319641113281250e+01,-2.712155532836914062e+01,-2.848406410217285156e+01,-3.286721420288085938e+01,-3.505262756347656250e+01,-2.691712188720703125e+01,-1.658306884765625000e+01,-1.905831336975097656e+01,-1.429427242279052734e+01,-1.185449409484863281e+01,-9.192828178405761719e+00,-1.553963088989257812e+01,-1.845759582519531250e+01,-1.543438720703125000e+01,-1.098466110229492188e+01,-1.751800537109375000e+01,-2.288304519653320312e+01,-2.867274093627929688e+01,-2.897404861450195312e+01,-1.946624183654785156e+01,-9.042099952697753906e+00,-6.017457962036132812e+00,-7.552593708038330078e+00,-7.497836112976074219e+00,-4.640469551086425781e+00,1.483761310577392578e+00,1.367693662643432617e+00,-5.191854000091552734e+00,-1.076292228698730469e+01,-1.757187271118164062e+01,-2.957584762573242188e+01,-3.440081787109375000e+01,-3.463941192626953125e+01,-2.678743171691894531e+01,-1.573470497131347656e+01,-1.169728279113769531e+01,-1.026631927490234375e+01,-7.933544158935546875e+00,-4.574102401733398438e+00,-6.799758911132812500e+00,-1.453530788421630859e+01,-9.866868019104003906e+00,-4.668267726898193359e+00,-4.195613861083984375e+00,-1.362541103363037109e+01,-1.135513305664062500e+01,-8.037858963012695312e+00,-6.472387313842773438e+00,-3.009670019149780273e+00,9.634404778480529785e-01,-2.222372770309448242e+00,-3.790566682815551758e+00,-4.634747982025146484e+00,-1.035792922973632812e+01,-1.422502517700195312e+01,-9.339975357055664062e+00,-8.820852279663085938e+00,-3.504651546478271484e+00,-3.653347015380859375e+00,-7.172837257385253906e+00,-7.647122383117675781e+00,-8.447560310363769531e+00,-1.188522338867187500e+01,-1.076515674591064453e+01,-5.059556961059570312e+00,-1.153593540191650391e+01,-9.752107620239257812e+00,-5.357509136199951172e+00,-8.685409545898437500e+00,-5.778034210205078125e+00,-1.161731123924255371e+00,-8.384306907653808594e+00,-1.481257820129394531e+01,-8.302536010742187500e+00,-6.318264007568359375e+00,-1.491966438293457031e+01,-1.868522644042968750e+01,-2.625903320312500000e+01,-3.431850814819335938e+01,-3.505396270751953125e+01,-3.525897598266601562e+01,-4.100315856933593750e+01,-3.362377166748046875e+01,-2.573983383178710938e+01,-1.684769248962402344e+01,-1.061731815338134766e+01,-1.251853942871093750e+01,-2.234869384765625000e+01,-2.557440757751464844e+01,-2.270901107788085938e+01,-2.547712326049804688e+01,-2.037954330444335938e+01,-1.129703903198242188e+01,-9.353417396545410156e+00,-1.222800636291503906e+01,-2.417976856231689453e+00,3.913706779479980469e+00,1.077513694763183594e+01,1.306589889526367188e+01,7.980993270874023438e+00,1.069158744812011719e+01,-3.012763261795043945e+00,-1.384642696380615234e+01,-1.092304039001464844e+01,-4.592673301696777344e+00,1.086506128311157227e+00,-2.974755167961120605e-01,-5.347246170043945312e+00,-1.451434707641601562e+01,-2.474728775024414062e+01,-2.697870254516601562e+01,-1.316589164733886719e+01,-1.572053790092468262e+00,-9.545993804931640625e+00,-1.489056968688964844e+01,-1.750754928588867188e+01,-1.651460266113281250e+01,-1.115405464172363281e+01,-6.358583450317382812e+00,3.568508327007293701e-01,6.673394680023193359e+00,-3.078696727752685547e+00,-1.398801326751708984e+01,-8.287874221801757812e+00,-1.841531991958618164e-01,1.466201543807983398e-01,4.291553497314453125e-01,-1.702190399169921875e+00,-9.917092323303222656e+00,-1.818301773071289062e+01,-2.736896133422851562e+01,-1.556564617156982422e+01,-1.548913717269897461e+00,-9.533137321472167969e+00,-1.139642524719238281e+01,-9.930597305297851562e+00,-1.147359371185302734e+01,-6.233696460723876953e+00,-4.974631309509277344e+00,-3.841928005218505859e+00,-6.230188369750976562e+00,3.798540592193603516e+00,6.325954914093017578e+00,4.677723646163940430e-01,-1.861008286476135254e+00,4.592302322387695312e+00,4.512609481811523438e+00,3.090083003044128418e-01,-1.297610473632812500e+01,-1.566747570037841797e+01,-1.664447021484375000e+01,-1.201367378234863281e+01,-5.690497398376464844e+00,-2.239089727401733398e+00,2.715895175933837891e+00,-4.266687393188476562e+00,-1.467801856994628906e+01,-1.749678802490234375e+01,-1.836878967285156250e+01,-1.774386596679687500e+01,-1.682086181640625000e+01,-1.482311248779296875e+01,-1.767534637451171875e+01,-1.607080078125000000e+01,-1.655327606201171875e+01,-2.636972999572753906e+01,-3.887666320800781250e+01,-3.617855834960937500e+01,-2.056117820739746094e+01,-1.198654174804687500e+01,-6.313153743743896484e+00,2.982845783233642578e+00,8.082911491394042969e+00,5.039708614349365234e+00,1.568715333938598633e+00,2.929070711135864258e+00,6.115049839019775391e+00,-1.100799465179443359e+01,-2.319830322265625000e+01,-3.045541000366210938e+01,-2.492050743103027344e+01,-1.492127227783203125e+01,-1.797937393188476562e+01,-2.197874832153320312e+01,-1.082508850097656250e+01,-2.178874254226684570e+00,-1.718926906585693359e+00,-5.682609081268310547e+00,-1.281283187866210938e+01,-1.651345443725585938e+01,-1.289773178100585938e+01,-9.118092536926269531e+00,-9.510362625122070312e+00,-1.228356456756591797e+01,-1.922246170043945312e+01,-2.450449752807617188e+01,-2.772298240661621094e+01,-2.640587234497070312e+01,-1.414978790283203125e+01,-1.602317810058593750e+01,-1.667921829223632812e+01,-1.240955162048339844e+01,-6.368134021759033203e+00,-7.660960674285888672e+00,-1.435574340820312500e+01,-1.080181694030761719e+01,-1.133055591583251953e+01,-8.950616836547851562e+00,-1.004655361175537109e+01,-2.478229999542236328e+00,-2.745989322662353516e+00,-3.730627059936523438e+00,-8.368865966796875000e+00,-1.357788801193237305e+00,-3.954609870910644531e+00,-1.565623188018798828e+01,-2.283858489990234375e+01,-1.185907554626464844e+01,-6.712546348571777344e+00,-4.731103897094726562e+00,4.931050539016723633e-01,-4.803262710571289062e+00,-6.366274833679199219e+00,-2.422615051269531250e+00,1.144897937774658203e-02,-5.012311935424804688e+00,-8.991247177124023438e+00,-6.360771179199218750e+00,-3.572858333587646484e+00,-1.662001037597656250e+01,-2.836865615844726562e+01,-3.069374084472656250e+01,-2.433730125427246094e+01,-2.097516632080078125e+01,-1.732281494140625000e+01,-1.058384513854980469e+01,-1.178269577026367188e+01,-1.124962043762207031e+01,-1.674820327758789062e+01,-1.488115024566650391e+01,-1.471785545349121094e+01,-9.423817634582519531e+00,-6.308673858642578125e+00,-7.134098052978515625e+00,-8.711832046508789062e+00,-1.769237041473388672e+00,2.741195201873779297e+00,5.895488262176513672e-01,-3.327032327651977539e+00,-7.580245971679687500e+00,-6.462789535522460938e+00,-6.052122116088867188e+00,-8.522190093994140625e+00,-1.218447494506835938e+01,-1.143674468994140625e+01,-6.828258991241455078e+00,-9.485778808593750000e-01,8.102167844772338867e-01,-6.494264602661132812e+00,-7.073106288909912109e+00,-4.847318172454833984e+00,-1.011314010620117188e+01,-1.226198196411132812e+01,-1.101617431640625000e+01,-1.005353546142578125e+01,-1.104679489135742188e+01,-9.015396118164062500e+00,-1.209505081176757812e+01,-9.565187454223632812e+00,-7.426034927368164062e+00,-8.282805442810058594e+00,-7.050693511962890625e+00,-7.026816368103027344e+00,-1.102786636352539062e+01,-1.049531936645507812e+01,-8.039640426635742188e+00,-7.116440296173095703e+00,-1.264757728576660156e+01,-7.278723716735839844e+00,-6.283998489379882812e+00,-2.204689502716064453e+00,3.050008416175842285e-01,-3.664744615554809570e+00,-2.824176788330078125e+00,-3.178915739059448242e+00,-2.189096927642822266e+00,-9.829931259155273438e+00,-1.141751098632812500e+01,-6.778970718383789062e+00,-1.625168561935424805e+00,-5.675407052040100098e-01,-8.891526460647583008e-01,-8.324934005737304688e+00,-8.737239837646484375e+00,-3.537903547286987305e+00,-7.946629524230957031e+00,-7.310182571411132812e+00,-1.567962884902954102e+00,-1.851130604743957520e+00,-3.332623720169067383e+00,-6.307058334350585938e+00,-1.255559444427490234e+01,-1.120749473571777344e+01,-5.559261322021484375e+00,-1.454478168487548828e+01,-2.055164337158203125e+01,-1.678345108032226562e+01,-1.474153327941894531e+01,-1.824098968505859375e+01,-1.891920280456542969e+01,-1.371259307861328125e+01,-1.188258934020996094e+01,-1.018443107604980469e+01,-8.571753501892089844e+00,-9.405567169189453125e+00,-1.279057312011718750e+01,-7.410521507263183594e+00,1.885944128036499023e+00,1.888286113739013672e+00,1.200077891349792480e+00,-2.184051704406738281e+01,-3.549879455566406250e+01,-4.060175323486328125e+01,-4.060346221923828125e+01,-4.158253479003906250e+01,-3.200284194946289062e+01,-3.403653717041015625e+01,-3.960061645507812500e+01,-3.334290313720703125e+01,-2.966993522644042969e+01,-4.302323913574218750e+01,-5.561987304687500000e+01,-5.840417480468750000e+01,-5.626765060424804688e+01,-4.624246597290039062e+01,-4.021585083007812500e+01,-4.173291778564453125e+01,-3.751791000366210938e+01,-3.619637680053710938e+01,-3.377367401123046875e+01,-4.360451126098632812e+01,-4.847449874877929688e+01,-4.287137985229492188e+01,-2.981298446655273438e+01,-2.073225784301757812e+01,-1.428002166748046875e+01,-1.134058761596679688e+01,-1.323515319824218750e+01,-1.659973907470703125e+01,-1.989381027221679688e+01,-2.409775924682617188e+01,-3.015480422973632812e+01,-2.670778274536132812e+01,-2.262737274169921875e+01,-2.434194183349609375e+01,-2.958849906921386719e+01,-2.967174720764160156e+01,-3.448745727539062500e+01,-3.430713653564453125e+01,-2.955520820617675781e+01,-1.881929397583007812e+01,-2.082804107666015625e+01,-2.707916259765625000e+01,-2.806201934814453125e+01,-2.868775558471679688e+01,-2.653054809570312500e+01,-3.080607986450195312e+01,-3.162768173217773438e+01,-2.190075683593750000e+01,-1.486846351623535156e+01,-2.769672775268554688e+01,-2.838057518005371094e+01,-1.991161727905273438e+01,-1.064426517486572266e+01,-1.144061470031738281e+01,-1.450739479064941406e+01,-1.339758110046386719e+01,-1.685225677490234375e+01,-2.144144821166992188e+01,-1.805193328857421875e+01,-3.339599132537841797e+00,-2.420984268188476562e+00,-5.581197261810302734e+00,-2.464723348617553711e+00,-5.668319702148437500e+00,-3.872017383575439453e+00,-6.308603763580322266e+00,-8.416544914245605469e+00,-1.460960769653320312e+01,-1.173564529418945312e+01,2.694198787212371826e-01,2.342827796936035156e+00,-3.151993274688720703e+00,-8.830533981323242188e+00,-1.320395374298095703e+01,-2.739548492431640625e+01,-2.607766723632812500e+01,-2.111212539672851562e+01,-1.503678512573242188e+01,-1.331006145477294922e+01,-1.265109443664550781e+01,-1.673103523254394531e+01,-1.993935012817382812e+01,-1.946526908874511719e+01,-1.965871047973632812e+01,-1.987218093872070312e+01,-1.876928138732910156e+01,-1.970658111572265625e+01,-2.116475296020507812e+01,-2.387453842163085938e+01,-2.637578964233398438e+01,-2.199849128723144531e+01,-1.845878601074218750e+01,-1.004685783386230469e+01,-3.580829143524169922e+00,-2.300327682495117188e+01,-2.306670379638671875e+01,-9.202792167663574219e+00,-1.364910602569580078e+00,-1.265326142311096191e-02,-5.535174369812011719e+00,-9.457129478454589844e+00,-1.406991291046142578e+01,-1.789466285705566406e+01,-9.655956268310546875e+00,3.474740743637084961e+00,4.048464775085449219e+00,-2.022428512573242188e+00,-1.378478050231933594e+01,-1.432397079467773438e+01,-5.834053993225097656e+00,1.027443313598632812e+01,-8.848986029624938965e-02,-1.569233131408691406e+01,-1.072280120849609375e+01,-1.076564979553222656e+01,-8.888780593872070312e+00,-1.397405719757080078e+01,-2.188077163696289062e+01,-2.321780014038085938e+01,-1.835498046875000000e+01,-7.333364963531494141e+00,-6.278813838958740234e+00,-7.107766151428222656e+00,-1.205899333953857422e+01,-1.411652088165283203e+01,-7.435989379882812500e+00,1.224164962768554688e+00,4.914000034332275391e+00,2.582622051239013672e+00,-3.627036809921264648e-01,1.745660006999969482e-01,2.350419998168945312e+00,8.975769042968750000e+00,1.425694465637207031e+01,1.040842437744140625e+01,1.111261963844299316e+00,-1.239870548248291016e+01,-1.324865627288818359e+01,-6.336931228637695312e+00,-1.271665811538696289e+00,3.814280033111572266e-01,5.676254272460937500e+00,-7.213246822357177734e+00,-1.304950904846191406e+01,-2.100005722045898438e+01,-2.337269020080566406e+01,-2.084326553344726562e+01,-2.563377380371093750e+01,-2.917459487915039062e+01,-3.208594512939453125e+01,-2.537409591674804688e+01,-2.539970397949218750e+01,-2.131803894042968750e+01,-1.656585502624511719e+01,-1.557543563842773438e+01,-1.932260131835937500e+01,-1.774244308471679688e+01,-1.460655879974365234e+01,-5.596240043640136719e+00,-2.310414075851440430e+00,1.235749721527099609e+00,3.954561471939086914e+00,-3.612977981567382812e+00,-1.024888038635253906e+01,-1.474197864532470703e+01,-1.716361999511718750e+01,-1.685921859741210938e+01,-1.530356979370117188e+01,-1.639659309387207031e+01,-1.547689533233642578e+01,-1.616609573364257812e+01,-1.460283660888671875e+01,-1.654595756530761719e+01,-1.254475688934326172e+01,-4.736680984497070312e+00,-1.252474427223205566e+00,1.107851624488830566e+00,-1.422284317016601562e+01,-2.655318260192871094e+01,-2.689951705932617188e+01,-2.562405586242675781e+01,-2.259761810302734375e+01,-1.935721397399902344e+01,-1.410596084594726562e+01,-7.565092563629150391e+00,-9.415176391601562500e+00,-1.815015411376953125e+01,-1.498203086853027344e+01,-2.634594535827636719e+01,-3.555227661132812500e+01,-3.215057373046875000e+01,-2.982855224609375000e+01,-3.790543746948242188e+01,-4.239988708496093750e+01,-3.891490173339843750e+01,-3.114649772644042969e+01,-2.648517608642578125e+01,-1.840176200866699219e+01,-1.646382904052734375e+01,-2.214062309265136719e+01,-3.317597198486328125e+01,-4.160867309570312500e+01,-4.511543273925781250e+01,-4.388233184814453125e+01,-3.970831298828125000e+01,-3.260499572753906250e+01,-4.220167541503906250e+01,-4.732978057861328125e+01,-5.122145080566406250e+01,-5.112183380126953125e+01,-4.542572784423828125e+01,-3.115556526184082031e+01,-2.086862754821777344e+01,-2.731900405883789062e+01,-3.161729049682617188e+01,-3.630120849609375000e+01,-3.482402801513671875e+01,-3.055097579956054688e+01,-2.733047103881835938e+01,-2.562639999389648438e+01,-2.816005706787109375e+01,-2.756736373901367188e+01,-2.213472366333007812e+01,-2.572632980346679688e+01,-2.113675117492675781e+01,-1.242122840881347656e+01,-3.115341949462890625e+01,-4.118602752685546875e+01,-4.235556030273437500e+01,-3.790588378906250000e+01,-2.993786811828613281e+01,-4.238610839843750000e+01,-5.551200103759765625e+01,-4.778018188476562500e+01,-3.173011398315429688e+01,-2.104557228088378906e+01,-1.477261924743652344e+01,-1.332687759399414062e+01,-1.163288497924804688e+01,-1.200197410583496094e+01,-2.024213790893554688e+01,-2.870296859741210938e+01,-3.113279724121093750e+01,-2.685321044921875000e+01,-2.114758682250976562e+01,-2.724550247192382812e+01,-2.510740661621093750e+01,-1.857687759399414062e+01,-1.322685432434082031e+01,-1.237091064453125000e+01,-1.495218563079833984e+01,-2.073071670532226562e+01,-1.684197616577148438e+01,-1.370399093627929688e+01,-2.165092468261718750e+01,-2.168525695800781250e+01,-1.734172821044921875e+01,-1.977454376220703125e+01,-2.065872764587402344e+01,-1.801121520996093750e+01,-2.168331909179687500e+01,-2.624824905395507812e+01,-3.358601760864257812e+01,-3.425960922241210938e+01,-2.066062927246093750e+01,-1.991374206542968750e+01,-2.073056793212890625e+01,-1.534882545471191406e+01,-3.269312977790832520e-01,3.828324794769287109e+00,-6.627223014831542969e+00,-2.214348602294921875e+01,-2.682144737243652344e+01,-2.128459548950195312e+01,-1.767628288269042969e+01,-1.902352905273437500e+01,-2.172988510131835938e+01,-1.881310462951660156e+01,-1.343792724609375000e+01,-1.465923690795898438e+01,-2.260878753662109375e+01,-2.754637908935546875e+01,-2.755660247802734375e+01,-2.687048721313476562e+01,-2.034972000122070312e+01,-8.305444717407226562e+00,-3.252523183822631836e+00,4.358857274055480957e-01,-5.233932018280029297e+00,-6.513363838195800781e+00,-5.012643814086914062e+00,-5.040529251098632812e+00,-5.901168823242187500e+00,-9.439886808395385742e-01,-1.141042351722717285e+00,-2.652346372604370117e+00,-8.317346572875976562e+00,-1.294037246704101562e+01,-4.719899177551269531e+00,-5.272491931915283203e+00,-3.121087312698364258e+00,3.726666569709777832e-01,-1.394906878471374512e+00,-1.209446144104003906e+01,-5.499748229980468750e+00,4.136240005493164062e+00,-2.467587709426879883e+00,-8.102543830871582031e+00,-2.200028991699218750e+01,-4.770851898193359375e+01,-5.190988922119140625e+01,-3.928136444091796875e+01,-2.910976028442382812e+01,-3.158600616455078125e+01,-3.361049270629882812e+01,-2.472238922119140625e+01,-1.327368354797363281e+01,-2.113849639892578125e+01,-2.885654449462890625e+01,-2.805517196655273438e+01,-2.358010482788085938e+01,-1.808734130859375000e+01,-3.293640899658203125e+01,-4.188536071777343750e+01,-3.015401458740234375e+01,-1.482025337219238281e+01,-1.800688171386718750e+01,-3.812744903564453125e+01,-5.541585159301757812e+01,-5.189257049560546875e+01,-2.583783340454101562e+01,-9.918637275695800781e+00,-1.207129764556884766e+01,-1.280991744995117188e+01,-2.423117637634277344e+01,-3.340375900268554688e+01,-3.275376510620117188e+01,-2.676229286193847656e+01,-2.123542404174804688e+01,-1.618889427185058594e+01,-2.071491050720214844e+01,-2.379164123535156250e+01,-1.707988357543945312e+01,-2.191456985473632812e+01,-3.805991363525390625e+01,-4.828398513793945312e+01,-5.190773010253906250e+01,-5.131844711303710938e+01,-4.819303131103515625e+01,-4.456150436401367188e+01,-3.619003677368164062e+01,-2.611320495605468750e+01,-2.648029327392578125e+01,-3.099955368041992188e+01,-2.955297851562500000e+01,-2.286775016784667969e+01,-1.516930389404296875e+01,-1.577702331542968750e+01,-2.639662170410156250e+01,-3.100234985351562500e+01,-2.029441833496093750e+01,-4.056595802307128906e+00,1.689368009567260742e+00,-1.594451218843460083e-01,-3.270473480224609375e+00,-1.060662651062011719e+01,-1.977804183959960938e+01,-1.877744102478027344e+01,-6.883674621582031250e+00,-6.885340690612792969e+00,-9.330676078796386719e+00,-5.472791671752929688e+00,-3.104412555694580078e+00,-7.891491889953613281e+00,-2.634388732910156250e+01,-3.255979156494140625e+01,-3.393838119506835938e+01,-3.678217315673828125e+01,-4.303860855102539062e+01,-4.307350158691406250e+01,-4.151609802246093750e+01,-3.507030105590820312e+01,-3.029509735107421875e+01,-2.775176620483398438e+01,-2.436214065551757812e+01,-2.583787536621093750e+01,-2.690900611877441406e+01,-3.495389938354492188e+01,-3.260128784179687500e+01,-1.891411590576171875e+01,-1.106582164764404297e+01,-1.555355834960937500e+01,-3.155617523193359375e+01,-3.961452865600585938e+01,-3.425963592529296875e+01,-3.268092346191406250e+01,-4.290481185913085938e+01,-4.065715026855468750e+01,-3.465148162841796875e+01,-2.818312835693359375e+01,-2.298944091796875000e+01,-2.082105636596679688e+01,-1.037522411346435547e+01,-4.115351200103759766e+00,-1.804996252059936523e+00,-2.694385051727294922e+00,1.020258665084838867e-01,-2.797844648361206055e+00,-1.884709930419921875e+01,-2.493099594116210938e+01,-2.355096817016601562e+01,-1.830907249450683594e+01,-1.605855941772460938e+01,-1.600488281250000000e+01,-2.007723236083984375e+01,-2.838345718383789062e+01,-2.898484802246093750e+01,-3.193763732910156250e+01,-4.015636444091796875e+01,-4.607293701171875000e+01,-4.401163101196289062e+01,-3.558240127563476562e+01,-2.232877540588378906e+01,-1.782155609130859375e+01,-1.533608245849609375e+01,-2.155469894409179688e+01,-2.593208312988281250e+01,-2.342484092712402344e+01,-2.230884170532226562e+01,-2.040705490112304688e+01,-1.692585754394531250e+01,-2.018836975097656250e+01,-1.833393096923828125e+01,-9.756715774536132812e+00,-5.447790622711181641e+00,-3.973897457122802734e+00,-7.856621742248535156e+00,-6.855617046356201172e+00,-4.335201263427734375e+00,1.254580914974212646e-01,-3.357776165008544922e+00,-7.784175872802734375e+00,-5.271648406982421875e+00,-2.380075454711914062e+00,9.058380126953125000e-01,2.466108322143554688e+00,3.694119930267333984e+00,8.163336515426635742e-01,3.790193200111389160e-01,-8.741387128829956055e-01,3.799429893493652344e+00,3.981570720672607422e+00,1.643319725990295410e+00,-3.169633448123931885e-01,-1.130450487136840820e+00,-5.350782394409179688e+00,-1.673939132690429688e+01,-2.102786064147949219e+01,-1.891294670104980469e+01,-1.781173324584960938e+01,-1.238752746582031250e+01,-9.195573806762695312e+00,-1.066370391845703125e+01,-1.189595031738281250e+01,-8.575442314147949219e+00,-1.093551254272460938e+01,-1.008008766174316406e+01,-3.751873254776000977e+00,-8.905274868011474609e-01,2.876678943634033203e+00,1.582772850990295410e+00,4.641622066497802734e+00,-1.063945102691650391e+01,-4.872274017333984375e+01,-5.889875793457031250e+01,-6.656092071533203125e+01,-7.170649719238281250e+01,-7.022474670410156250e+01,-6.950364685058593750e+01,-6.755528259277343750e+01,-5.580883407592773438e+01,-4.671691894531250000e+01,-3.964085388183593750e+01,-3.752760314941406250e+01,-3.843085479736328125e+01,-4.180593872070312500e+01,-3.885202026367187500e+01,-3.023369216918945312e+01,-2.487801361083984375e+01,-2.924337005615234375e+01,-3.377900695800781250e+01,-2.973804092407226562e+01,-2.690719604492187500e+01,-1.918040847778320312e+01,-8.666641235351562500e+00,-2.363856124877929688e+01,-4.015310668945312500e+01,-4.163188171386718750e+01,-3.869530105590820312e+01,-3.805566406250000000e+01,-3.734844589233398438e+01,-3.606576538085937500e+01,-3.813817596435546875e+01,-3.455389404296875000e+01,-2.431786727905273438e+01,-1.643537330627441406e+01,-2.691177368164062500e+01,-2.728239059448242188e+01,-3.063350105285644531e+01,-3.845321655273437500e+01,-3.691279602050781250e+01,-2.682019615173339844e+01,-2.543672180175781250e+01,-3.627227783203125000e+01,-4.617174530029296875e+01,-4.173994827270507812e+01,-3.349289703369140625e+01,-2.088882064819335938e+01,-1.657807159423828125e+01,-1.918611717224121094e+01,-2.963741111755371094e+01,-4.140509796142578125e+01,-5.079795837402343750e+01,-4.539045715332031250e+01,-3.881829071044921875e+01,-3.575158691406250000e+01,-3.528222656250000000e+01,-3.947063446044921875e+01,-4.168923568725585938e+01,-3.849600219726562500e+01,-3.411746978759765625e+01,-2.983883666992187500e+01,-2.621380615234375000e+01,-1.171264076232910156e+01,-9.378536224365234375e+00,-1.313277721405029297e+01,-9.184725761413574219e+00,-8.360406875610351562e+00,-1.503429508209228516e+01,-1.585027122497558594e+01,-1.829378890991210938e+01,-2.227570343017578125e+01,-3.424149322509765625e+01,-4.484853363037109375e+01,-4.518390274047851562e+01,-4.011160278320312500e+01,-3.158647155761718750e+01,-2.448261451721191406e+01,-1.698483276367187500e+01,-2.296444320678710938e+01,-3.068988990783691406e+01,-3.096600723266601562e+01,-2.576857757568359375e+01,-2.077150344848632812e+01,-1.859460830688476562e+01,-1.652960205078125000e+01,-1.438017272949218750e+01,-7.528146743774414062e+00,-4.425097465515136719e+00,1.485067248344421387e+00,2.178736686706542969e+00,-2.219633579254150391e+00,1.477734804153442383e+00,4.048695564270019531e+00,6.006687164306640625e+00,1.124317359924316406e+01,1.590149307250976562e+01,1.400191688537597656e+01,1.695106697082519531e+01,1.046932601928710938e+01,3.190884590148925781e+00,3.823877573013305664e+00,4.806494712829589844e+00,7.669200897216796875e+00,9.948785781860351562e+00,8.779610633850097656e+00,6.961595535278320312e+00,7.212343692779541016e+00,3.972828388214111328e+00,4.118639945983886719e+00,6.051225662231445312e+00,6.504828453063964844e+00,8.229032516479492188e+00,5.590203285217285156e+00,4.794882774353027344e+00,6.270077705383300781e+00,4.629932403564453125e+00,5.023207664489746094e+00,6.950169563293457031e+00,1.107570075988769531e+01,5.110903739929199219e+00,-1.927738761901855469e+01,-3.130027770996093750e+01,-1.942111778259277344e+01,-2.145219421386718750e+01,-3.304237365722656250e+01,-4.252726364135742188e+01,-3.154489707946777344e+01,-1.157801437377929688e+01,-3.000899124145507812e+01,-5.423601913452148438e+01,-5.756147003173828125e+01,-4.877415466308593750e+01,-2.243744659423828125e+01,-1.434684371948242188e+01,-1.327468013763427734e+01,-1.840597915649414062e+01,-2.447841644287109375e+01,-2.658421325683593750e+01,-2.778968048095703125e+01,-2.218339347839355469e+01,-2.749224090576171875e+01,-3.815510177612304688e+01,-4.341616439819335938e+01,-4.657923126220703125e+01,-4.633174133300781250e+01,-4.501004409790039062e+01,-4.952042388916015625e+01,-4.513068389892578125e+01,-3.316577911376953125e+01,-3.063261413574218750e+01,-3.704492187500000000e+01,-3.890773010253906250e+01,-3.682141113281250000e+01,-2.979744338989257812e+01,-2.979538154602050781e+01,-3.739928436279296875e+01,-4.641695404052734375e+01,-4.776858520507812500e+01,-4.331203460693359375e+01,-3.444361114501953125e+01,-2.627463340759277344e+01,-2.217754745483398438e+01,-1.627330398559570312e+01,-1.351176452636718750e+01,-1.272682666778564453e+01,-5.349642753601074219e+00,-2.004963397979736328e+00,-8.884342193603515625e+00,-9.744277000427246094e+00,-9.087512016296386719e+00,-9.169418334960937500e+00,-5.611736297607421875e+00,-9.275928497314453125e+00,-9.048354148864746094e+00,-5.856839179992675781e+00,-3.020882129669189453e+00,-4.224835395812988281e+00,-2.477255821228027344e+00,3.367676258087158203e+00,-1.675917983055114746e+00,1.627101421356201172e+00,9.854348897933959961e-01,-2.111304759979248047e+00,-5.936573982238769531e+00,-4.677976131439208984e+00,3.249773502349853516e+00,4.019042968750000000e+00,8.820310592651367188e+00,1.122495746612548828e+01,6.495537281036376953e+00,-4.651823997497558594e+00,-9.930494308471679688e+00,-1.417181682586669922e+01,-8.241267204284667969e+00,-1.769380807876586914e+00,-3.206823348999023438e+01,-3.921184921264648438e+01,-3.520154571533203125e+01,-3.126817321777343750e+01,-2.488185882568359375e+01,-1.780800056457519531e+01,-1.518376541137695312e+01,-2.592348480224609375e+01,-4.379058837890625000e+01,-3.724897766113281250e+01,-2.396039581298828125e+01,-1.673547363281250000e+01,-1.105315017700195312e+01,-7.050900459289550781e+00,-9.672992706298828125e+00,-9.671758651733398438e+00,-4.635502338409423828e+00,7.339694499969482422e+00,3.838906288146972656e+00,-7.251129627227783203e+00,-1.831380462646484375e+01,-8.533752441406250000e+00,-3.937761068344116211e+00,-1.281077623367309570e+00,1.020646572113037109e+01,3.388705730438232422e+00,4.388326168060302734e+00,-1.022853255271911621e+00,-1.471591186523437500e+01,-1.287914466857910156e+01,-8.514305114746093750e+00,-2.867352962493896484e+00,-3.179008007049560547e+00,-7.569427490234375000e+00,-1.047353076934814453e+01,-1.547671318054199219e+01,-2.077436065673828125e+01,-2.914613533020019531e+01,-3.589603424072265625e+01,-3.714806365966796875e+01,-4.012073135375976562e+01,-3.331602478027343750e+01,-3.123425102233886719e+01,-2.176829910278320312e+01,-1.530599021911621094e+01,-1.061805534362792969e+01,-1.181287288665771484e+01,-1.743339920043945312e+01,-2.401513481140136719e+01,-3.763148117065429688e+01,-3.439356994628906250e+01,-2.850319290161132812e+01,-3.430390930175781250e+01,-2.991254043579101562e+01,-1.773651885986328125e+01,-1.302603149414062500e+01,-7.650072097778320312e+00,-3.468248844146728516e+00,-2.463466644287109375e+01,-2.917086410522460938e+01,-2.145997810363769531e+01,-1.228222942352294922e+01,-1.100204753875732422e+01,-1.219299888610839844e+01,-9.568773269653320312e+00,-4.641073226928710938e+00,-1.887152194976806641e+00,-3.777759790420532227e+00,-4.032712936401367188e+00,-1.927150154113769531e+01,-2.721428489685058594e+01,-2.536107254028320312e+01,-1.667499160766601562e+01,-1.114750289916992188e+01,-1.285749340057373047e+01,-1.384422588348388672e+01,-1.043247604370117188e+01,-6.710011005401611328e+00,-8.420661926269531250e+00,-1.826164627075195312e+01,-1.533084487915039062e+01,-1.419464302062988281e+01,-2.123175239562988281e+01,-4.915557098388671875e+01,-5.366001129150390625e+01,-4.940300369262695312e+01,-4.254839324951171875e+01,-4.041508865356445312e+01,-4.513541412353515625e+01,-4.615316009521484375e+01,-4.295981597900390625e+01,-3.883655548095703125e+01,-3.015050125122070312e+01,-2.290169906616210938e+01,-2.604344558715820312e+01,-2.690501403808593750e+01,-3.069844245910644531e+01,-3.316580963134765625e+01,-3.635737609863281250e+01,-2.873359298706054688e+01,-2.128485870361328125e+01,-1.559959697723388672e+01,-1.214998435974121094e+01,-1.949477005004882812e+01,-3.572444152832031250e+01,-4.695767211914062500e+01,-4.129341888427734375e+01,-2.833637809753417969e+01,-2.851947784423828125e+01,-3.174426269531250000e+01,-3.279674148559570312e+01,-3.472133636474609375e+01,-3.306441116333007812e+01,-2.516048622131347656e+01,-1.519361686706542969e+01,-9.647455215454101562e+00,-7.252540588378906250e+00,-1.006624889373779297e+01,-3.451717376708984375e+01,-3.369721221923828125e+01,-2.347748947143554688e+01,-2.367124748229980469e+01,-2.274428558349609375e+01,-2.420374298095703125e+01,-2.657003974914550781e+01,-1.651017379760742188e+01,-4.132159423828125000e+01,-4.379179763793945312e+01,-3.381832122802734375e+01,-4.291617584228515625e+01,-5.366603851318359375e+01,-4.774735641479492188e+01,-3.964141082763671875e+01,-4.091637420654296875e+01,-3.652370071411132812e+01,-2.764721298217773438e+01,-2.385473632812500000e+01,-2.592840576171875000e+01,-2.313774490356445312e+01,-2.126676177978515625e+01,-2.225340461730957031e+01,-2.642419052124023438e+01,-2.197028160095214844e+01,-2.569273567199707031e+01,-2.815480041503906250e+01,-3.368981170654296875e+01,-3.559629058837890625e+01,-3.696881103515625000e+01,-3.633713150024414062e+01,-3.268011856079101562e+01,-3.280584716796875000e+01,-2.273064041137695312e+01,-2.727085876464843750e+01,-2.555505371093750000e+01,-1.943608093261718750e+01,-1.406062507629394531e+01,-1.172366333007812500e+01,-8.405365943908691406e+00,-1.399360466003417969e+01,-2.636684036254882812e+01,-3.118172836303710938e+01,-3.975812530517578125e+01,-3.746947479248046875e+01,-2.719480895996093750e+01,-2.073064422607421875e+01,-2.292825698852539062e+01,-2.268159103393554688e+01,-2.160239791870117188e+01,-2.194772338867187500e+01,-2.291977310180664062e+01,-1.900771141052246094e+01,-2.230660247802734375e+01,-2.589058303833007812e+01,-2.494476509094238281e+01,-1.888626098632812500e+01,-1.882752227783203125e+01,-1.854899787902832031e+01,-1.960366058349609375e+01,-1.896654129028320312e+01,-1.552618598937988281e+01,-1.459882736206054688e+01,-1.651287841796875000e+01,-1.638955688476562500e+01,-1.860824012756347656e+01,-1.799999237060546875e+01,-1.182554340362548828e+01,-4.427633762359619141e+00,-4.312355518341064453e+00,-6.215426445007324219e+00,-1.072774696350097656e+01,-1.681649780273437500e+01,-2.358013725280761719e+01,-2.261952972412109375e+01,-2.678664016723632812e+01,-2.814272880554199219e+01,-2.353373908996582031e+01,-2.717225837707519531e+01,-3.830420684814453125e+01,-4.023680496215820312e+01,-3.853439331054687500e+01,-3.795247650146484375e+01,-4.184521865844726562e+01,-3.902632522583007812e+01,-3.123820114135742188e+01,-2.790461349487304688e+01,-2.351859855651855469e+01,-1.175611305236816406e+01,-5.539313316345214844e+00,-5.151657104492187500e+00,-1.123984146118164062e+01,-1.543922424316406250e+01,-1.481793212890625000e+01,-9.159759521484375000e+00,-2.610595226287841797e+00,-2.701046943664550781e+00,-4.975728988647460938e+00,-1.943579316139221191e+00,-1.723723649978637695e+00,-9.957456588745117188e-01,-4.783930778503417969e-01,3.009187459945678711e+00,-3.705915808677673340e-01,-3.104000568389892578e+00,-1.541391134262084961e+00,7.623530626296997070e-01,3.067388772964477539e+00,-4.404745101928710938e-01,-2.663935899734497070e+00,-4.710136890411376953e+00,-1.785254240036010742e+00,-1.614595055580139160e-01,-2.267156243324279785e-01,6.299644708633422852e-02,-2.484120130538940430e+00,-5.443699836730957031e+00,1.998311996459960938e+00,4.879362583160400391e+00,5.582897186279296875e+00,2.648048877716064453e+00,-6.345436573028564453e+00,-2.369238662719726562e+01,-3.385977172851562500e+01,-4.578314208984375000e+01,-4.129235839843750000e+01,-3.248949432373046875e+01,-2.942720413208007812e+01,-2.686595344543457031e+01,-2.805031204223632812e+01,-2.892197799682617188e+01,-2.424737167358398438e+01,-2.337421989440917969e+01,-2.318009567260742188e+01,-1.579207420349121094e+01,-4.609304428100585938e+00,-2.086645126342773438e+01,-3.256000518798828125e+01,-3.133095932006835938e+01,-2.336882400512695312e+01,-1.626022720336914062e+01,-1.481970596313476562e+01,-1.060198402404785156e+01,-7.406876087188720703e+00,-9.133790969848632812e+00,-2.282589721679687500e+01,-2.366524124145507812e+01,-1.992764282226562500e+01,-2.342914581298828125e+01,-2.223305892944335938e+01,-2.011175537109375000e+01,-3.331604766845703125e+01,-4.209485244750976562e+01,-4.139293670654296875e+01,-3.730838012695312500e+01,-3.214843368530273438e+01,-2.637518692016601562e+01,-2.765096282958984375e+01,-2.698414611816406250e+01,-2.006102943420410156e+01,-2.235941696166992188e+01,-2.178447341918945312e+01,-1.678110504150390625e+01,-1.793434143066406250e+01,-1.621403694152832031e+01,-2.987943840026855469e+01,-4.049816894531250000e+01,-3.291009902954101562e+01,-2.049561691284179688e+01,-1.416447639465332031e+01,-8.611251831054687500e+00,-5.498773097991943359e+00,-4.324321269989013672e+00,-8.808389663696289062e+00,-5.920268058776855469e+00,7.000710964202880859e+00,1.350717353820800781e+01,1.399201965332031250e+01,3.260093688964843750e+00,3.747312426567077637e-01,9.844335556030273438e+00,-2.413565635681152344e+00,-9.617299079895019531e+00,-6.130430221557617188e+00,-1.502350807189941406e+01,-1.630769538879394531e+01,-1.640964889526367188e+01,-1.613899230957031250e+01,-2.058270072937011719e+01,-2.725028991699218750e+01,-4.086208343505859375e+01,-4.218276596069335938e+01,-2.619750595092773438e+01,-2.274078178405761719e+01,-2.888348770141601562e+01,-2.385028457641601562e+01,-1.839277076721191406e+01,-2.094871902465820312e+01,-2.398941421508789062e+01,-3.926817321777343750e+01,-4.125856018066406250e+01,-3.387336730957031250e+01,-2.745789909362792969e+01,-2.205633926391601562e+01,-1.767429733276367188e+01,-2.531106948852539062e+01,-2.821418762207031250e+01,-2.541643905639648438e+01,-1.873783493041992188e+01,-1.973804473876953125e+01,-2.120602798461914062e+01,-1.939447402954101562e+01,-2.103682327270507812e+01,-2.468130111694335938e+01,-3.045337104797363281e+01,-2.794939613342285156e+01,-2.340794372558593750e+01,-2.807599639892578125e+01,-2.961738395690917969e+01,-3.132455825805664062e+01,-3.447175979614257812e+01,-3.127010154724121094e+01,-2.204539680480957031e+01,-1.856835556030273438e+01,-2.055773925781250000e+01,-2.574083328247070312e+01,-3.031667137145996094e+01,-3.416854858398437500e+01,-3.757993316650390625e+01,-3.888260650634765625e+01,-4.081519317626953125e+01,-4.179153442382812500e+01,-4.138490295410156250e+01,-3.833867263793945312e+01,-2.945556640625000000e+01,-2.266164398193359375e+01,-1.278167247772216797e+01,-8.259195327758789062e+00,-1.029074287414550781e+01,-2.533779144287109375e+01,-3.192328262329101562e+01,-3.389238357543945312e+01,-2.855939483642578125e+01,-2.415106964111328125e+01,-1.647442054748535156e+01,-8.555110931396484375e+00,-2.517707109451293945e+00,3.453143119812011719e+00,-3.821999549865722656e+00,-2.875314950942993164e+00,-7.958189010620117188e+00,-7.460224628448486328e+00,-9.217003822326660156e+00,-9.163708686828613281e+00,-5.569606304168701172e+00,-4.042567729949951172e+00,-3.909629583358764648e+00,-4.257133960723876953e+00,-2.461085796356201172e+00,1.866335391998291016e+00,-1.167929172515869141e-01,-3.528563022613525391e+00,-1.657745242118835449e+00,2.859259605407714844e+00,2.739206790924072266e+00,5.329904079437255859e+00,4.781603813171386719e+00,6.699200153350830078e+00,1.068271827697753906e+01,7.643275737762451172e+00,8.529383659362792969e+00,-8.700318336486816406e+00,-1.640041351318359375e+01,-1.260898113250732422e+01,-9.545176625251770020e-01,4.065062522888183594e+00,-3.648049235343933105e-01,-3.653498888015747070e-01,1.309896755218505859e+01,9.731935501098632812e+00,-7.267488479614257812e+00,-2.531600952148437500e+01,-2.944027709960937500e+01,-2.406914138793945312e+01,-1.248574447631835938e+01,-1.125083732604980469e+01,-1.318237113952636719e+01,-1.586443328857421875e+01,-2.047394371032714844e+01,-1.660668563842773438e+01,-9.923340797424316406e+00,-1.369363665580749512e+00,-3.599370479583740234e+00,-2.207559347152709961e+00,-1.847445726394653320e+00,-6.962504386901855469e+00,-9.894178390502929688e+00,-1.198123741149902344e+01,-9.302141189575195312e+00,-1.110080337524414062e+01,-1.374138069152832031e+01,-1.219713973999023438e+01,-1.764734268188476562e+01,-1.832455825805664062e+01,-2.059946441650390625e+01,-1.883091735839843750e+01,-8.248378753662109375e+00,-7.085566520690917969e+00,-1.430915164947509766e+01,-1.987553405761718750e+01,-3.687651062011718750e+01,-3.482741928100585938e+01,-3.549031066894531250e+01,-3.711029434204101562e+01,-4.121301651000976562e+01,-3.844518280029296875e+01,-3.256003570556640625e+01,-2.706206893920898438e+01,-3.802523040771484375e+01,-3.023676490783691406e+01,-1.878063583374023438e+01,-5.125150680541992188e+00,-1.704318523406982422e-01,7.100409507751464844e+00,8.784303665161132812e+00,8.588359832763671875e+00,2.366702318191528320e+00,-6.952918529510498047e+00,-6.148103713989257812e+00,1.585951447486877441e-01,4.164588928222656250e+00,3.410761356353759766e+00,6.498192787170410156e+00,6.768773078918457031e+00,3.796327114105224609e+00,2.056473493576049805e+00,1.411832809448242188e+00,-5.400781035423278809e-01,9.061168432235717773e-01,-5.977539062500000000e+00,-1.014278793334960938e+01,1.037595152854919434e+00,-2.343666553497314453e+00,-1.407844734191894531e+01,-1.041405677795410156e+01,-9.373245239257812500e+00,-1.204868507385253906e+01,-3.838055372238159180e+00,-2.826994657516479492e+00,-3.634785175323486328e+00,-3.910036087036132812e+00,-4.752561569213867188e+00,-4.361497163772583008e-01,-4.021659374237060547e+00,-1.106288790702819824e+00,3.937165737152099609e+00,6.626716613769531250e+00,6.260545253753662109e+00,4.323336601257324219e+00,-1.433073163032531738e+00,-9.452812194824218750e+00,-3.417403793334960938e+01,-3.332197189331054688e+01,-3.006700897216796875e+01,-2.415088844299316406e+01,-1.330942153930664062e+01,-9.170930862426757812e+00,-1.177494716644287109e+01,-2.142898559570312500e+01,-3.250989151000976562e+01,-3.789794540405273438e+01,-4.499166870117187500e+01,-4.335198974609375000e+01,-3.542108917236328125e+01,-3.378601074218750000e+01,-3.004843521118164062e+01,-2.132519531250000000e+01,-1.419874572753906250e+01,-1.547237014770507812e+01,-2.065615463256835938e+01,-1.788807678222656250e+01,-1.930104446411132812e+01,-2.135030364990234375e+01,-1.927672958374023438e+01,-1.439579868316650391e+01,-1.361335563659667969e+01,-1.348981952667236328e+01,-1.072770977020263672e+01,-1.541391181945800781e+01,-1.591896629333496094e+01,-1.996834373474121094e+01,-2.400575256347656250e+01,-2.102309799194335938e+01,-2.326180839538574219e+01,-3.689704132080078125e+01,-3.440784835815429688e+01,-3.656706619262695312e+01,-4.357740020751953125e+01,-4.293769836425781250e+01,-3.374988174438476562e+01,-3.194381332397460938e+01,-3.287315368652343750e+01,-3.541437149047851562e+01,-3.772402954101562500e+01,-4.310755920410156250e+01,-4.612738800048828125e+01,-4.657861328125000000e+01,-4.388707733154296875e+01,-3.524827575683593750e+01,-2.232521820068359375e+01,-4.298226833343505859e+00,1.832203507423400879e+00,-6.449972152709960938e+00,-1.103824234008789062e+01,-8.420207023620605469e+00,-5.485888481140136719e+00,-3.876029729843139648e+00,-7.790592193603515625e+00,-7.162133216857910156e+00,-4.110982894897460938e+00,-1.769531488418579102e+00,-6.297252178192138672e-01,2.113296031951904297e+00,1.719908905029296875e+01,9.881891250610351562e+00,3.008799076080322266e+00,4.012222290039062500e-01,-6.890964508056640625e+00,-2.047850608825683594e+00,-1.532732772827148438e+01,-2.496800613403320312e+01,-2.623846435546875000e+01,-2.153401947021484375e+01,-1.947101020812988281e+01,-9.548244476318359375e+00,-7.754657268524169922e-01,-7.849225997924804688e-01,-1.632201576232910156e+01,-2.974401092529296875e+01,-3.518348693847656250e+01,-3.486628723144531250e+01,-3.588739776611328125e+01,-3.739403533935546875e+01,-3.012840080261230469e+01,-2.571144104003906250e+01,-2.489879608154296875e+01,-1.772939682006835938e+01,-7.023806571960449219e+00,-1.364609718322753906e+01,-1.444239997863769531e+01,-9.730048179626464844e+00,3.147214055061340332e-01,-1.043939018249511719e+01,-2.110122871398925781e+01,-1.861493301391601562e+01,-2.524462699890136719e+01,-2.522149658203125000e+01,-1.659409332275390625e+01,-9.932806968688964844e+00,1.484603881835937500e+00,1.108012866973876953e+01,9.069608688354492188e+00,6.675862789154052734e+00,-3.281154155731201172e+00,-1.091487026214599609e+01,-1.012106227874755859e+01,-1.323364257812500000e+01,-9.723836898803710938e+00,-1.147288322448730469e+01,-1.064286231994628906e+01,-9.058334350585937500e+00,-2.217517852783203125e+00,-1.742111682891845703e+00,-6.859306335449218750e+00,-1.201584815979003906e+01,-1.823751831054687500e+01,-1.917509460449218750e+01,-1.493815708160400391e+01,-1.681015586853027344e+01,-2.130396652221679688e+01,-2.049894142150878906e+01,-1.073342514038085938e+01,-3.169717025756835938e+01,-2.043569183349609375e+01,-1.518112373352050781e+01,-9.567714691162109375e+00,-6.617735862731933594e+00,-4.169023633003234863e-01,-1.192709922790527344e+00,-7.781756401062011719e+00,-1.132645606994628906e+01,-1.642811775207519531e+01,-1.521245384216308594e+01,-1.505038833618164062e+01,-9.548133850097656250e+00,-2.503234863281250000e+01,-2.578327560424804688e+01,-1.889292144775390625e+01,-1.295299720764160156e+01,-6.247584342956542969e+00,-1.917364001274108887e+00,8.057287335395812988e-01,-6.234147071838378906e+00,-1.101942443847656250e+01,-1.596452713012695312e+01,-1.306165409088134766e+01,-1.671125411987304688e+01,-1.398752212524414062e+01,-1.204871177673339844e+01,-1.089183521270751953e+01,-1.750609588623046875e+01,-2.159732437133789062e+01,-2.113034439086914062e+01,-2.863230323791503906e+01,-3.526821136474609375e+01,-3.031176376342773438e+01,-2.447850036621093750e+01,-2.756560897827148438e+01,-2.663987159729003906e+01,-2.506193542480468750e+01,-3.236005783081054688e+01,-3.153493309020996094e+01,-1.966313171386718750e+01,-2.353179550170898438e+01,-4.143221282958984375e+01,-4.666650772094726562e+01,-3.189646530151367188e+01,-2.655508422851562500e+01,-2.755015945434570312e+01,-2.155887985229492188e+01,-8.594954490661621094e+00,-7.833428382873535156e+00,-8.895538330078125000e+00,-4.715675830841064453e+00,-9.516864776611328125e+00,-3.209442520141601562e+01,-3.411323928833007812e+01,-3.489035797119140625e+01,-2.998926925659179688e+01,-2.605611038208007812e+01,-2.547929763793945312e+01,-2.424425888061523438e+01,-2.833434295654296875e+01,-2.891854667663574219e+01,-3.354601669311523438e+01,-3.070586204528808594e+01,-1.393360042572021484e+01,-1.172697448730468750e+01,-1.459445858001708984e+01,-6.611502647399902344e+00,-2.523560047149658203e+00,-3.314377975463867188e+01,-4.326760864257812500e+01,-3.750800704956054688e+01,-2.869899559020996094e+01,-2.635914993286132812e+01,-2.607792091369628906e+01,-1.846865081787109375e+01,-7.158307075500488281e+00,3.790172338485717773e+00,4.202795028686523438e+00,-8.483539581298828125e+00,-2.952458953857421875e+01,-3.104278182983398438e+01,-2.493484497070312500e+01,-1.664099693298339844e+01,-1.267689037322998047e+01,-8.885339736938476562e+00,-1.341893386840820312e+01,-1.018764591217041016e+01,-8.202787399291992188e+00,-9.020025253295898438e+00,-8.537971496582031250e+00,-5.662142753601074219e+00,-2.731088876724243164e+00,5.471324920654296875e-02,4.907351732254028320e-01,6.892690658569335938e-01,-4.117100238800048828e+00,-7.230382919311523438e+00,-3.286585330963134766e+00,-1.606399536132812500e+00,-4.247522354125976562e+00,-4.784745693206787109e+00,-1.692681908607482910e+00,-1.039107561111450195e+00,-9.565370559692382812e+00,-7.718797206878662109e+00,1.600691318511962891e+00,-1.862457990646362305e+00,-5.344832539558410645e-01,-4.765526652336120605e-01,-8.634311676025390625e+00,-1.081847953796386719e+01,-6.466201782226562500e+00,-6.655914783477783203e+00,-6.384965896606445312e+00,-4.074343681335449219e+00,-3.539014339447021484e+00,7.206371784210205078e+00,7.483330726623535156e+00,2.919046878814697266e+00,5.157027244567871094e+00,2.024419307708740234e+00,-5.317367553710937500e+00,-1.496353340148925781e+01,-2.491452980041503906e+01,-3.188121986389160156e+01,-3.299033355712890625e+01,-3.922048950195312500e+01,-3.179856109619140625e+01,-3.488222885131835938e+01,-4.167924499511718750e+01,-3.752991867065429688e+01,-3.366909790039062500e+01,-3.850593566894531250e+01,-4.079250717163085938e+01,-3.424185562133789062e+01,-3.211905288696289062e+01,-3.953546905517578125e+01,-4.398096466064453125e+01,-4.560572814941406250e+01,-3.975582885742187500e+01,-2.831932449340820312e+01,-2.481921768188476562e+01,-2.015399551391601562e+01,-1.420205688476562500e+01,-1.386291217803955078e+01,-1.598170280456542969e+01,-3.153533172607421875e+01,-3.583767700195312500e+01,-2.387748718261718750e+01,-7.463764190673828125e+00,-4.111196398735046387e-01,-6.501121044158935547e+00,-1.205445671081542969e+01,-9.266624450683593750e+00,-7.369993686676025391e+00,-4.237071990966796875e+00,-3.242506504058837891e+00,-3.821730852127075195e+00,-1.632190322875976562e+01,-2.265585899353027344e+01,-2.122938919067382812e+01,-1.566828536987304688e+01,-1.782180976867675781e+01,-2.491341590881347656e+01,-3.557189941406250000e+01,-3.981836318969726562e+01,-3.844719696044921875e+01,-4.667445755004882812e+01,-4.784913253784179688e+01,-4.571765136718750000e+01,-4.158148574829101562e+01,-3.262497711181640625e+01,-2.596911239624023438e+01,-1.997086715698242188e+01,-1.706208229064941406e+01,-1.450450325012207031e+01,-1.116311931610107422e+01,-1.880483818054199219e+01,-1.874273681640625000e+01,-1.085973358154296875e+01,-9.570999145507812500e+00,-2.757067108154296875e+01,-3.312833023071289062e+01,-3.409806823730468750e+01,-3.311338806152343750e+01,-2.318111419677734375e+01,-1.878204727172851562e+01,-1.546387386322021484e+01,-1.440549659729003906e+01,-1.351266765594482422e+01,-1.241438674926757812e+01,-1.321258926391601562e+01,-1.644882392883300781e+01,-1.642053031921386719e+01,-1.387582778930664062e+01,-1.028370952606201172e+01,-1.360873699188232422e+01,-1.647577095031738281e+01,-1.102197265625000000e+01,-6.405647277832031250e+00,-7.269585609436035156e+00,-1.172824668884277344e+01,-1.321183776855468750e+01,-1.510678482055664062e+01,-1.772975540161132812e+01,-1.755325698852539062e+01,-1.740556526184082031e+01,-2.823917007446289062e+01,-3.264174652099609375e+01,-2.147341918945312500e+01,-1.345934104919433594e+01,-1.340785217285156250e+01,-1.306426906585693359e+01,-1.155223751068115234e+01,-8.956153869628906250e+00,-8.685682296752929688e+00,-1.469099712371826172e+01,-1.722425460815429688e+01,-2.352756881713867188e+01,-2.478866958618164062e+01,-2.764830017089843750e+01,-3.504926681518554688e+01,-2.971908187866210938e+01,-1.794265365600585938e+01,-8.523787498474121094e+00,5.942727923393249512e-01,1.035148262977600098e+00,8.806913375854492188e+00,1.056930923461914062e+01,7.284619331359863281e+00,7.540126323699951172e+00,-3.984791755676269531e+00,-4.646658897399902344e+00,7.005635738372802734e+00,-7.800774574279785156e+00,-1.985372734069824219e+01,-2.065282821655273438e+01,-1.368758964538574219e+01,-1.784955739974975586e+00,-1.227914524078369141e+01,-1.355740928649902344e+01,-1.145966529846191406e+01,-1.129790401458740234e+01,-8.388171195983886719e+00,-4.057659149169921875e+00,9.296980500221252441e-01,-5.315566062927246094e+00,-1.881925392150878906e+01,-2.367202186584472656e+01,-2.708116531372070312e+01,-4.003334808349609375e+01,-4.170907211303710938e+01,-3.822785186767578125e+01,-3.417137908935546875e+01,-2.679753494262695312e+01,-2.691583633422851562e+01,-3.868645477294921875e+01,-3.621527862548828125e+01,-2.148617362976074219e+01,-2.628016471862792969e+01,-2.983597183227539062e+01,-2.434524917602539062e+01,-1.981601333618164062e+01,-1.823254966735839844e+01,-1.650229072570800781e+01,-1.183969879150390625e+01,-9.643160820007324219e+00,-8.884305000305175781e+00,-8.169914245605468750e+00,-7.699094772338867188e+00,-4.925492763519287109e+00,-4.434265613555908203e+00,1.437191724777221680e+00,-7.020238041877746582e-01,-5.778222084045410156e-01,-3.056239366531372070e+00,-5.889340877532958984e+00,-5.999907493591308594e+00,-5.453802585601806641e+00,-1.487721443176269531e+00,-3.763425827026367188e+00,-3.141473293304443359e+00,1.981003522872924805e+00,6.860711097717285156e+00,1.018400764465332031e+01,1.187261962890625000e+01,8.703068733215332031e+00,9.687646865844726562e+00,4.964825153350830078e+00,4.356513977050781250e+00,-2.650731277465820312e+01,-3.716000366210937500e+01,-5.290012359619140625e+01,-4.610245895385742188e+01,-3.915515136718750000e+01,-2.359485244750976562e+01,-6.942786216735839844e+00,-4.901073932647705078e+00,-6.378926277160644531e+00,-2.136580085754394531e+01,-2.456601142883300781e+01,-1.313564491271972656e+01,-7.217371940612792969e+00,-7.482224464416503906e+00,-5.195456504821777344e+00,-8.894474983215332031e+00,-1.417111587524414062e+01,-2.397284698486328125e+01,-2.715563964843750000e+01,-2.869184875488281250e+01,-3.542124176025390625e+01,-3.401925659179687500e+01,-3.090912246704101562e+01,-3.645523834228515625e+01,-3.329368591308593750e+01,-3.931061553955078125e+01,-3.067188262939453125e+01,-7.999937057495117188e+00,-7.869811058044433594e+00,-2.424030303955078125e+01,-2.988200378417968750e+01,-2.870784759521484375e+01,-2.516177749633789062e+01,-1.592718696594238281e+01,-1.121330833435058594e+01,-2.096088790893554688e+01,-1.884389686584472656e+01,-1.604048728942871094e+01,-2.004028701782226562e+01,-2.599925613403320312e+01,-2.950627899169921875e+01,-2.653150367736816406e+01,-2.043862533569335938e+01,-2.148051261901855469e+01,-1.621465682983398438e+01,-1.163928794860839844e+01,-6.178661346435546875e+00,-3.665503263473510742e+00,-6.341711997985839844e+00,-6.905073165893554688e+00,-2.873877906799316406e+01,-3.044986724853515625e+01,-2.337910842895507812e+01,-2.240367889404296875e+01,-1.433767700195312500e+01,-1.560699558258056641e+01,-8.289710998535156250e+00,-1.041961669921875000e+01,-1.448033714294433594e+01,-1.226003932952880859e+01,-1.813270568847656250e+01,-2.936565589904785156e+01,-2.872051429748535156e+01,-1.915127182006835938e+01,-1.458402824401855469e+01,-9.739984512329101562e+00,-7.112224578857421875e+00,-5.419337272644042969e+00,-4.056323528289794922e+00,-7.228404998779296875e+00,-9.217024803161621094e+00,-1.193767547607421875e+01,-1.265459632873535156e+01,-9.475851058959960938e+00,-1.127371788024902344e+01,-1.251073741912841797e+01,-1.324490356445312500e+01,-1.261098480224609375e+01,-1.199660396575927734e+01,-1.189078330993652344e+01,-1.066792678833007812e+01,-8.335140228271484375e+00,-1.013242530822753906e+01,-6.494174957275390625e+00,1.070950269699096680e+00,-1.397094726562500000e+00,4.674850702285766602e-01,-2.131713867187500000e+00,-2.029765844345092773e+00,-3.472248077392578125e+00,3.470850944519042969e+00,4.935572624206542969e+00,3.465452432632446289e+00,6.288530349731445312e+00,6.035253047943115234e+00,2.137853622436523438e+00,3.829861402511596680e+00,5.152997970581054688e+00,6.542552947998046875e+00,4.573764801025390625e+00,-4.240283012390136719e+00,-9.663598060607910156e+00,-8.657073974609375000e+00,-1.787584781646728516e+00,-1.752269029617309570e+00,-2.495921373367309570e+00,-2.293132209777832031e+01,-2.243702316284179688e+01,-2.010981369018554688e+01,-2.706470489501953125e+01,-3.390102386474609375e+01,-3.074634552001953125e+01,-3.177745246887207031e+01,-2.568295288085937500e+01,-1.201218223571777344e+01,-2.447170257568359375e+00,3.768453001976013184e-01,-5.777035236358642578e+00,-2.107800674438476562e+01,-2.829266738891601562e+01,-3.129260063171386719e+01,-3.217446899414062500e+01,-3.584071350097656250e+01,-3.539015579223632812e+01,-3.973152160644531250e+01,-4.040589904785156250e+01,-3.200469589233398438e+01,-2.429978561401367188e+01,-2.265809249877929688e+01,-2.588943862915039062e+01,-2.198342132568359375e+01,-1.522647571563720703e+01,-1.383151149749755859e+01,-1.718871116638183594e+01,-2.071346282958984375e+01,-2.564261817932128906e+01,-2.797210693359375000e+01,-2.131926345825195312e+01,-1.493544960021972656e+01,-1.804942321777343750e+01,-1.817940139770507812e+01,-1.763040924072265625e+01,-1.197774028778076172e+01,-5.312984466552734375e+00,-3.638101577758789062e+00,-6.285227298736572266e+00,-1.426275634765625000e+01,-1.611850357055664062e+01,-1.049603939056396484e+01,-1.168949127197265625e+01,-1.790897369384765625e+01,-1.131813812255859375e+01,-1.794955062866210938e+01,-2.351053237915039062e+01,-2.909595870971679688e+01,-2.141211318969726562e+01,-2.210407066345214844e+01,-2.207806396484375000e+01,-2.415232276916503906e+01,-2.726039505004882812e+01,-2.580623626708984375e+01,-2.668418502807617188e+01,-2.159649276733398438e+01,-1.501823616027832031e+01,-1.864511108398437500e+01,-2.140492248535156250e+01,-1.801200866699218750e+01,-1.194164752960205078e+01,-1.654763793945312500e+01,-2.190075683593750000e+01,-2.601388549804687500e+01,-1.662621307373046875e+01,-4.260634899139404297e+00,5.014558792114257812e+00,8.793420791625976562e+00,5.366756916046142578e+00,5.446452140808105469e+00,7.176201820373535156e+00,4.834115028381347656e+00,3.840172886848449707e-01,1.127816200256347656e+00,2.506842851638793945e+00,6.056958198547363281e+00,9.310525894165039062e+00,8.538145065307617188e+00,3.582335948944091797e+00,-3.569805026054382324e-01,-5.295467376708984375e-02,4.249464035034179688e+00,6.970273971557617188e+00,7.587684631347656250e+00,8.525976181030273438e+00,9.620578765869140625e+00,1.058635711669921875e+01,9.360877990722656250e+00,6.593547821044921875e+00,6.486104011535644531e+00,5.748334884643554688e+00,-1.454572319984436035e+00,-2.695121574401855469e+01,-3.916735076904296875e+01,-3.460676193237304688e+01,-2.703967666625976562e+01,-2.236221313476562500e+01,-1.848989486694335938e+01,-2.876316833496093750e+01,-3.283320999145507812e+01,-2.888829421997070312e+01,-2.310343170166015625e+01,-2.062054061889648438e+01,-8.952566146850585938e+00,4.086943626403808594e+00,7.045128822326660156e+00,3.118002176284790039e+00,2.068255424499511719e+00,4.566778182983398438e+00,3.006740570068359375e+00,-2.988694310188293457e-01,-7.724143028259277344e+00,-8.726664543151855469e+00,-4.379609107971191406e+00,-3.051422357559204102e+00,-2.669607162475585938e+00,-6.551995754241943359e+00,-2.099357843399047852e+00,1.130049824714660645e+00,2.313726663589477539e+00,3.159291744232177734e+00,-4.883291721343994141e+00,-1.452967453002929688e+01,-8.119969367980957031e+00,5.444699764251708984e+00,7.427349090576171875e+00,9.023364067077636719e+00,2.234163045883178711e+00,-2.434650039672851562e+01,-3.417407989501953125e+01,-2.123297309875488281e+01,-1.096965026855468750e+01,-7.261450767517089844e+00,-3.375952482223510742e+00,1.428344368934631348e+00,2.928074598312377930e+00,-2.351840972900390625e+00,-1.350781250000000000e+01,-2.461198043823242188e+01,-3.055439949035644531e+01,-3.442031860351562500e+01,-3.342910385131835938e+01,-2.862808990478515625e+01,-1.930918884277343750e+01,-2.179357147216796875e+01,-2.441499328613281250e+01,-2.028627777099609375e+01,-1.968145751953125000e+01,-2.303181838989257812e+01,-1.933029747009277344e+01,-6.443655490875244141e+00,-2.391627788543701172e+00,-3.005229473114013672e+00,-9.669834136962890625e+00,-8.304454803466796875e+00,-7.360537528991699219e+00,-1.471362304687500000e+01,-2.421043395996093750e+01,-2.118269157409667969e+01,-1.326162528991699219e+01,-1.336596107482910156e+01,-2.362403869628906250e+01,-3.005991744995117188e+01,-2.729594039916992188e+01,-2.718183135986328125e+01,-4.575311660766601562e+01,-5.325532150268554688e+01,-4.921879959106445312e+01,-4.399138259887695312e+01,-3.464617919921875000e+01,-2.579474258422851562e+01,-2.255049324035644531e+01,-2.002611541748046875e+01,-2.084139442443847656e+01,-1.759795761108398438e+01,-1.255691146850585938e+01,-8.256095886230468750e+00,-2.056662750244140625e+01,-2.766352081298828125e+01,-2.558518218994140625e+01,-2.391371154785156250e+01,-1.770040130615234375e+01,-8.502893447875976562e+00,7.265096187591552734e+00,5.074254035949707031e+00,3.559690952301025391e+00,-5.081131458282470703e-01,-1.775838661193847656e+01,-2.725302505493164062e+01,-1.693468856811523438e+01,1.420856475830078125e+00,-1.290442657470703125e+01,-2.354626464843750000e+01,-2.306577110290527344e+01,-2.506377029418945312e+01,-2.398815536499023438e+01,-2.383879661560058594e+01,-2.323650550842285156e+01,-1.583905410766601562e+01,-1.619924926757812500e+01,-3.254919433593750000e+01,-1.671402359008789062e+01,-6.537533760070800781e+00,-7.606807708740234375e+00,-1.689351654052734375e+01,-1.763055801391601562e+01,-1.723731803894042969e+01,-2.221633911132812500e+01,-2.973612594604492188e+01,-3.152754211425781250e+01,-2.106444740295410156e+01,-1.085337543487548828e+01,-9.176824569702148438e+00,-2.117354583740234375e+01,-2.098076629638671875e+01,-2.668604660034179688e+01,-2.872784042358398438e+01,-2.248461914062500000e+01,-1.589351654052734375e+01,-1.715949630737304688e+01,-1.309836006164550781e+01,-1.464411163330078125e+01,-2.920937919616699219e+01,-4.240763092041015625e+01,-4.193169021606445312e+01,-4.007908630371093750e+01,-3.421092987060546875e+01,-2.789528083801269531e+01,-1.876343536376953125e+01,-1.814268493652343750e+01,-2.234674072265625000e+01,-1.906837463378906250e+01,-1.769286918640136719e+01,-1.040446853637695312e+01,-7.907894134521484375e+00,-1.023421478271484375e+01,-4.057837009429931641e+00,-1.217380762100219727e+00,-9.942670822143554688e+00,-1.304925918579101562e+01,-1.047807312011718750e+01,-3.945540904998779297e+00,-2.765199661254882812e+00,-1.145446395874023438e+01,-3.051250076293945312e+01,-4.024192810058593750e+01,-3.519770812988281250e+01,-1.627212142944335938e+01,-7.554921150207519531e+00,-1.479166984558105469e+01,-3.150635719299316406e+01,-3.603081130981445312e+01,-2.622337341308593750e+01,-1.703591346740722656e+01,-2.002605628967285156e+01,-2.403612136840820312e+01,-3.306705474853515625e+01,-3.826808166503906250e+01,-3.018161010742187500e+01,-1.545451927185058594e+01,-1.707790756225585938e+01,-2.003347969055175781e+01,-1.946916198730468750e+01,-2.248184967041015625e+01,-3.446615600585937500e+01,-4.646615600585937500e+01,-4.737616729736328125e+01,-3.556254959106445312e+01,-2.725037384033203125e+01,-2.004479598999023438e+01,-1.404858398437500000e+01,-1.199343872070312500e+01,-1.035893344879150391e+01,-1.101228427886962891e+01,-1.239878654479980469e+01,-1.590363121032714844e+01,-1.075721931457519531e+01,-6.719541549682617188e+00,-3.800027608871459961e+00,1.853813529014587402e+00,-2.255364418029785156e+00,-5.727935791015625000e+00,-2.586737155914306641e+00,-1.687520027160644531e+00,-6.699150085449218750e+00,-5.742668151855468750e+00,-3.934581279754638672e+00,1.000358581542968750e+00,4.233163833618164062e+00,1.661695361137390137e+00,-1.212229728698730469e-01,2.011984109878540039e+00,3.961967468261718750e+00,2.132933139801025391e+00,-5.784830570220947266e+00,-2.170653343200683594e+01,-3.445858001708984375e+01,-3.636297988891601562e+01,-2.908961486816406250e+01,-2.365008544921875000e+01,-1.584671401977539062e+01,-1.326826286315917969e+01,-1.670332145690917969e+01,-9.254114151000976562e+00,-1.109351921081542969e+01,-2.054177856445312500e+01,-2.420130157470703125e+01,-2.193002510070800781e+01,-2.788480377197265625e+01,-3.386904907226562500e+01,-2.886314964294433594e+01,-1.389288330078125000e+01,-1.678347206115722656e+01,-1.435756683349609375e+01,-1.849961280822753906e+01,-2.266054153442382812e+01,-2.153894042968750000e+01,-1.196194744110107422e+01,-9.279771804809570312e+00,-3.511937713623046875e+01,-4.210972595214843750e+01,-3.068344116210937500e+01,-1.914733505249023438e+01,-7.050821304321289062e+00,-5.019610404968261719e+00,-4.245771408081054688e+00,-3.864361286163330078e+00,2.028296947479248047e+00,3.677690744400024414e+00,-8.005024909973144531e+00,-1.199877357482910156e+01,-1.938654327392578125e+01,-2.483777618408203125e+01,-2.654436492919921875e+01,-2.025173377990722656e+01,-1.796210861206054688e+01,-2.526088333129882812e+01,-1.830312728881835938e+01,-1.425736045837402344e+01,-1.796792602539062500e+01,-2.030828094482421875e+01,-1.872148323059082031e+01,-2.245766448974609375e+01,-2.887702560424804688e+01,-2.808355331420898438e+01,-2.456594467163085938e+01,-1.969913864135742188e+01,-1.706807899475097656e+01,-1.724421691894531250e+01,-1.732426834106445312e+01,-1.480813407897949219e+01,-1.389281654357910156e+01,-1.063766765594482422e+01,-1.049839401245117188e+01,-2.192870712280273438e+01,-2.392669486999511719e+01,-2.244304084777832031e+01,-2.221761703491210938e+01,-1.644655990600585938e+01,-7.651169776916503906e+00,-9.289714813232421875e+00,-1.043069648742675781e+01,-1.170473289489746094e+01,-1.738756561279296875e+01,-1.926809501647949219e+01,-1.752896881103515625e+01,-2.829751968383789062e+01,-3.888166427612304688e+01,-4.275773620605468750e+01,-4.138673400878906250e+01,-3.139120864868164062e+01,-2.433567047119140625e+01,-1.962419128417968750e+01,-2.083249664306640625e+01,-2.246611785888671875e+01,-1.443429756164550781e+01,-1.420232677459716797e+01,-2.872212600708007812e+01,-4.210408782958984375e+01,-3.775949096679687500e+01,-2.672828674316406250e+01,-9.058403015136718750e+00,-7.580314636230468750e+00,-1.153934288024902344e+01,-1.105964660644531250e+01,-1.314006233215332031e+01,-1.687641525268554688e+01,-1.737827682495117188e+01,-1.150370216369628906e+01,-2.507254028320312500e+01,-2.999634170532226562e+01,-2.649594116210937500e+01,-1.447093009948730469e+01,-9.199110031127929688e+00,-1.369005203247070312e+01,-1.076099872589111328e+01,-5.652266025543212891e+00,-2.603615570068359375e+01,-2.847709274291992188e+01,-1.445822334289550781e+01,-6.357477664947509766e+00,-1.136127567291259766e+01,-1.332609367370605469e+01,-7.431165695190429688e+00,-3.540229082107543945e+00,-3.621123313903808594e+00,-1.759134531021118164e+00,-1.937091588973999023e+00,-4.302475929260253906e+00,-2.503525972366333008e+00,1.697410464286804199e+00,1.088057041168212891e+00,2.284089088439941406e+00,-2.402673482894897461e+00,-6.617071151733398438e+00,-6.228940963745117188e+00,-3.114837455749511719e+01,-4.571346282958984375e+01,-4.519355010986328125e+01,-4.043903350830078125e+01,-3.097835350036621094e+01,-3.079260635375976562e+01,-4.164241027832031250e+01,-4.268944931030273438e+01,-3.837845993041992188e+01,-3.417954254150390625e+01,-2.623592758178710938e+01,-8.317850112915039062e+00,6.497769951820373535e-01,-1.948916912078857422e-02,-1.204158973693847656e+01,-2.887279129028320312e+01,-3.137742233276367188e+01,-3.376399993896484375e+01,-3.274158859252929688e+01,-3.357227325439453125e+01,-3.182182693481445312e+01,-1.908938980102539062e+01,-1.767668533325195312e+01,-4.323268413543701172e+00,1.084858417510986328e+00,1.241851925849914551e+00,1.806877136230468750e+00,5.032808780670166016e-01,2.731163501739501953e+00,5.239184379577636719e+00,-5.099249839782714844e+00,-1.720773315429687500e+01,-1.635253906250000000e+01,-2.195965957641601562e+01,-2.618245697021484375e+01,-2.094724273681640625e+01,-1.090255737304687500e+01,-9.827310562133789062e+00,-2.020449829101562500e+01,-2.570341110229492188e+01,-3.296510314941406250e+01,-3.008638000488281250e+01,-2.730039596557617188e+01,-2.629898452758789062e+01,-3.094429779052734375e+01,-2.179362106323242188e+01,-1.456003856658935547e+01,-1.885112190246582031e+01,-2.301553726196289062e+01,-2.238408279418945312e+01,-2.261332702636718750e+01,-2.205839538574218750e+01,-2.677251052856445312e+01,-2.368124771118164062e+01,-1.505926704406738281e+01,-1.977270889282226562e+01,-1.589020919799804688e+01,-7.705614089965820312e+00,-2.174024581909179688e+00,1.463452577590942383e-01,1.753683090209960938e+00,1.534686207771301270e+00,-1.133284091949462891e+00,-1.014607906341552734e+01,-1.964499092102050781e+01,-2.014399719238281250e+01,-1.911328506469726562e+01,-1.267487716674804688e+01,-1.177099990844726562e+01,-7.679714202880859375e+00,-2.907586097717285156e+00,-4.356248855590820312e+00,1.445973396301269531e+00,3.075514793395996094e+00,-2.858107566833496094e+00,5.337242603302001953e+00,1.120222282409667969e+01,4.552254676818847656e+00,3.243791103363037109e+00,7.681744098663330078e+00,8.515139579772949219e+00,6.510598182678222656e+00,1.208515167236328125e+01,1.597532510757446289e+00,-3.005851507186889648e+00,3.204948425292968750e+00,5.064200401306152344e+00,3.404170513153076172e+00,8.327937126159667969e-01,9.399472475051879883e-01,2.021802186965942383e+00,7.654266834259033203e+00,5.143060684204101562e+00,5.435768127441406250e+00,5.734647750854492188e+00,5.369565963745117188e+00,2.205705881118774414e+00,3.613660812377929688e+00,4.834604263305664062e+00,5.910552978515625000e+00,6.708068370819091797e+00,4.822590827941894531e+00,1.117163085937500000e+01,1.176870727539062500e+01,5.359477043151855469e+00,6.575449943542480469e+00,5.335346221923828125e+00,4.522466659545898438e+00,1.245117568969726562e+01,1.449019432067871094e+01,1.081439781188964844e+01,1.274289131164550781e+01,1.292736911773681641e+01,5.983834266662597656e+00,1.455321073532104492e+00,3.725096225738525391e+00,2.631823778152465820e+00,-1.958320999145507812e+01,-2.911736297607421875e+01,-3.787865447998046875e+01,-4.497162628173828125e+01,-4.014488220214843750e+01,-3.529876708984375000e+01,-2.691633796691894531e+01,-2.454893875122070312e+01,-2.315754699707031250e+01,-1.852639198303222656e+01,-1.418751907348632812e+01,-2.060612869262695312e+01,-3.199034118652343750e+01,-3.762413024902343750e+01,-4.332999038696289062e+01,-3.221227645874023438e+01,-2.991184806823730469e+01,-3.321315765380859375e+01,-3.922505187988281250e+01,-3.004815292358398438e+01,-2.404347610473632812e+01,-2.335589981079101562e+01,-2.523112106323242188e+01,-2.553007888793945312e+01,-1.801665115356445312e+01,-4.374825477600097656e+00,-6.566111564636230469e+00,-5.718611717224121094e+00,-3.315955162048339844e+00,6.758853912353515625e+00,2.163839578628540039e+00,-1.024533653259277344e+01,-7.834511756896972656e+00,-6.262780189514160156e+00,-1.135445594787597656e+00,2.559101581573486328e-02,-7.468697547912597656e+00,-2.363900661468505859e+00,-8.455526351928710938e+00,-1.704644775390625000e+01,-2.189198684692382812e+01,-1.993104553222656250e+01,-2.565930938720703125e+01,-3.032448577880859375e+01,-3.243743896484375000e+01,-2.133647918701171875e+01,-1.102284622192382812e+01,-2.510777711868286133e+00,2.344214916229248047e-02,-1.864753723144531250e+00,-8.187979698181152344e+00,-6.572594165802001953e+00,8.234495520591735840e-01,9.497442245483398438e-01,2.234093666076660156e+00,3.561841011047363281e+00,-5.532448887825012207e-01,-1.624142646789550781e+01,-1.768922805786132812e+01,-1.466266441345214844e+01,-1.269400978088378906e+01,-1.277484035491943359e+01,-1.139022636413574219e+01,-1.186122703552246094e+01,-1.544497680664062500e+01,-1.775576019287109375e+01,-2.063202667236328125e+01,-8.930174827575683594e+00,-3.943854093551635742e+00,-4.039615631103515625e+00,-1.610522031784057617e+00,2.539766311645507812e+00,5.158035755157470703e+00,5.770035743713378906e+00,2.472981452941894531e+00,2.551181316375732422e-01,2.587351799011230469e+00,4.306796550750732422e+00,-9.615787506103515625e+00,-9.842264175415039062e+00,-5.376510620117187500e+00,-4.422421455383300781e+00,-4.624205112457275391e+00,-1.029643058776855469e+01,-2.681350708007812500e+01,-2.161386299133300781e+01,-6.825004577636718750e+00,-8.041129708290100098e-01,-7.989653587341308594e+00,-9.226534843444824219e+00,-4.454127311706542969e+00,-1.165001678466796875e+01,-1.710434722900390625e+01,-3.007244300842285156e+01,-3.776528930664062500e+01,-3.204557037353515625e+01,-2.643848800659179688e+01,-1.785988998413085938e+01,-1.713579559326171875e+01,-1.476906967163085938e+01,-2.148472547531127930e+00,-5.716409206390380859e+00,-8.848989486694335938e+00,-6.685037612915039062e+00,-2.543748855590820312e+01,-3.364923858642578125e+01,-2.994100761413574219e+01,-2.161798286437988281e+01,-1.506433296203613281e+01,-1.319100189208984375e+01,-1.269358539581298828e+01,-1.420441436767578125e+01,-2.587997436523437500e+01,-3.002723312377929688e+01,-3.464077758789062500e+01,-2.041404724121093750e+01,-2.797035598754882812e+01,-3.122608184814453125e+01,-2.711854171752929688e+01,-1.611979675292968750e+01,-7.873023033142089844e+00,-7.846224308013916016e+00,-1.879375267028808594e+01,-3.029611396789550781e+01,-2.952550506591796875e+01,-1.826276779174804688e+01,-1.460038948059082031e+01,-1.276665115356445312e+01,-1.180461692810058594e+01,-1.151082420349121094e+01,-6.705893993377685547e+00,-3.009991645812988281e+00,6.252580881118774414e-01,5.465123653411865234e+00,3.703656196594238281e-01,-9.710403442382812500e+00,-9.313280105590820312e+00,-1.038802909851074219e+01,-1.022469139099121094e+01,-6.950593948364257812e+00,-1.725432276725769043e+00,7.606146335601806641e+00,3.366884469985961914e+00,3.330156207084655762e-01,2.112464427947998047e+00,-1.714524507522583008e+00,1.346871018409729004e+00,-8.614853024482727051e-01,-6.269178390502929688e+00,-2.924796581268310547e+00,-4.671485900878906250e+00,1.435599684715270996e+00,1.054300594329833984e+01,1.175409603118896484e+01,5.840953826904296875e+00,6.571597099304199219e+00,8.546352386474609375e+00,9.684263229370117188e+00,1.164710998535156250e+01,3.918094873428344727e+00,1.435563564300537109e+00,3.146783113479614258e+00,-5.628728866577148438e+00,-2.217469215393066406e+01,-2.089919662475585938e+01,-1.397816467285156250e+01,-6.106261253356933594e+00,-2.662109375000000000e+00,7.511533498764038086e-01,7.031352043151855469e+00,1.709903335571289062e+01,1.671628952026367188e+01,9.583301544189453125e+00,1.058878326416015625e+01,6.837677955627441406e+00,7.868234157562255859e+00,5.286269187927246094e+00,-2.989424514770507812e+01,-3.676060104370117188e+01,-2.762736511230468750e+01,-1.383249664306640625e+01,-1.582728672027587891e+01,-1.081067085266113281e+01,-6.570915699005126953e+00,-2.006100654602050781e+00,-1.270344257354736328e-01,8.805597305297851562e+00,9.495121002197265625e+00,7.193431854248046875e+00,7.592984676361083984e+00,6.732716083526611328e+00,3.007367849349975586e-01,-2.648788392543792725e-01,2.425201654434204102e+00,-2.212771797180175781e+01,-3.220812988281250000e+01,-3.144441986083984375e+01,-3.176720809936523438e+01,-2.276725769042968750e+01,-2.058495521545410156e+01,-1.188382911682128906e+01,-6.784032344818115234e+00,-9.483163833618164062e+00,-1.293498420715332031e+01,-1.209077644348144531e+01,-3.904426097869873047e+00,2.660795688629150391e+00,4.677404403686523438e+00,-3.618022441864013672e+00,-1.248812294006347656e+01,-1.847049140930175781e+01,-2.275209617614746094e+01,-2.236127471923828125e+01,-2.157213592529296875e+01,-2.082950401306152344e+01,-2.171726608276367188e+01,-2.814669418334960938e+01,-2.737306404113769531e+01,-2.644121551513671875e+01,-2.289745330810546875e+01,-2.142034912109375000e+01,-1.390734100341796875e+01,-7.313009262084960938e+00,-4.356099128723144531e+00,-5.056455135345458984e+00,-9.782892227172851562e+00,-3.118432235717773438e+01,-3.408450698852539062e+01,-2.630620956420898438e+01,-2.537421035766601562e+01,-2.394855117797851562e+01,-1.588684844970703125e+01,-2.063922119140625000e+01,-1.413180732727050781e+01,-4.623831748962402344e+00,-1.373057126998901367e+00,1.194015443325042725e-01,-8.185161352157592773e-01,-9.663071632385253906e+00,-2.387470626831054688e+01,-3.163307762145996094e+01,-2.797223854064941406e+01,-2.333227920532226562e+01,-1.287430191040039062e+01,-6.254316568374633789e-01,3.231746196746826172e+00,-8.718594312667846680e-01,-2.288335084915161133e+00,-1.682121086120605469e+01,-2.752678298950195312e+01,-2.032904052734375000e+01,-1.168655681610107422e+01,-1.160951614379882812e+01,-2.181235122680664062e+01,-2.791505622863769531e+01,-2.586692810058593750e+01,-2.157915115356445312e+01,-1.176262664794921875e+01,-6.162364006042480469e+00,-9.692560195922851562e+00,-1.367488098144531250e+01,-1.453362083435058594e+01,-1.373542404174804688e+01,-9.556835174560546875e+00,2.641146779060363770e-01,-1.681438636779785156e+01,-1.754049873352050781e+01,-6.645613670349121094e+00,-3.306418180465698242e+00,-6.196977615356445312e+00,-9.103610992431640625e+00,-1.013001632690429688e+01,-1.197321128845214844e+01,-1.209484195709228516e+01,-1.705413055419921875e+01,-1.632335662841796875e+01,-1.729297637939453125e+01,-1.698615074157714844e+01,-1.829216003417968750e+01,-1.511078739166259766e+01,-6.427905082702636719e+00,5.244672298431396484e+00,9.957309722900390625e+00,3.173537254333496094e+00,-3.108529806137084961e+00,-3.957979202270507812e+00,-3.464620590209960938e+00,-6.412819862365722656e+00,-4.923037052154541016e+00,-7.855980873107910156e+00,-9.233787536621093750e+00,-7.073918819427490234e+00,-8.301271438598632812e+00,-7.883850097656250000e+00,-8.987073898315429688e+00,-8.449223518371582031e+00,-4.536050319671630859e+00,-3.157928586006164551e-01,6.288382530212402344e+00,9.144410133361816406e+00,1.108150863647460938e+01,8.667402267456054688e+00,8.651770591735839844e+00,1.285867404937744141e+01,1.383649253845214844e+01,1.294556427001953125e+01,9.143920898437500000e+00,4.849305152893066406e+00,4.488453865051269531e+00,3.852513074874877930e+00,-9.671432495117187500e+00,-2.326757049560546875e+01,-2.395374298095703125e+01,-2.417332077026367188e+01,-1.768455123901367188e+01,-1.328117179870605469e+01,-1.319213676452636719e+01,-1.251880264282226562e+01,-8.078277587890625000e+00,-1.024483108520507812e+01,-1.197897338867187500e+01,-8.883344650268554688e+00,-7.244033813476562500e+00,-1.603397607803344727e+00,-5.592250823974609375e-01,4.425002336502075195e-01,-5.143722057342529297e+00,-2.038946914672851562e+01,-2.029476928710937500e+01,-1.545123863220214844e+01,-1.031060218811035156e+01,-4.499498367309570312e+00,3.284183740615844727e+00,5.335736274719238281e+00,3.310143470764160156e+00,1.321338057518005371e+00,-5.161373138427734375e+00,-7.750011444091796875e+00,-4.925956726074218750e+00,-3.149217605590820312e+00,6.374428868293762207e-01,3.141725301742553711e+00,5.691639184951782227e-01,-6.544417142868041992e-01,4.804717540740966797e+00,7.383429527282714844e+00,5.509376525878906250e+00,5.846499443054199219e+00,3.628607511520385742e+00,4.959771156311035156e+00,1.215150642395019531e+01,1.138386535644531250e+01,6.453757286071777344e+00,3.163988351821899414e+00,3.707681298255920410e-01,-2.207576274871826172e+00,-6.418215751647949219e+00,-8.613840103149414062e+00,-1.214174652099609375e+01,-9.526767730712890625e+00,-1.241560363769531250e+01,-2.949812316894531250e+01,-3.433451461791992188e+01,-3.354068756103515625e+01,-3.315370941162109375e+01,-2.722735595703125000e+01,-2.115707778930664062e+01,-2.779015159606933594e+01,-3.506501007080078125e+01,-3.127524757385253906e+01,-2.545942687988281250e+01,-2.323001098632812500e+01,-2.348763275146484375e+01,-2.686748123168945312e+01,-2.688615798950195312e+01,-2.466416549682617188e+01,-2.486860847473144531e+01,-1.947638320922851562e+01,-2.030150985717773438e+01,-2.317863082885742188e+01,-2.066488265991210938e+01,-1.446117401123046875e+01,-1.206612014770507812e+01,-1.325105667114257812e+01,-1.435165786743164062e+01,-2.361113929748535156e+01,-2.370711135864257812e+01,-1.989335632324218750e+01,-1.986839485168457031e+01,-2.217020034790039062e+01,-2.254784965515136719e+01,-2.785748672485351562e+01,-2.337124252319335938e+01,-2.049575805664062500e+01,-1.503666305541992188e+01,-1.329331111907958984e+01,-8.579448699951171875e+00,-6.695134639739990234e+00,-5.497216224670410156e+00,-5.091522216796875000e+00,-2.181848526000976562e+00,-8.493115425109863281e+00,-8.933906555175781250e+00,-5.664237499237060547e+00,-2.687352657318115234e+00,-1.425137233734130859e+01,-1.933653259277343750e+01,-1.831424331665039062e+01,-2.078614807128906250e+01,-2.452906417846679688e+01,-2.254951095581054688e+01,-2.125132369995117188e+01,-2.048817062377929688e+01,-1.682216835021972656e+01,-8.778604507446289062e+00,-1.105144309997558594e+01,-1.678072929382324219e+01,-2.702843856811523438e+01,-2.392394065856933594e+01,-7.571488857269287109e+00,-8.063146591186523438e+00,-1.727305984497070312e+01,-2.064611625671386719e+01,-2.113054656982421875e+01,-2.264854431152343750e+01,-1.861837387084960938e+01,-1.169595909118652344e+01,-1.650099563598632812e+01,-3.252192306518554688e+01,-3.033220863342285156e+01,5.591732978820800781e+00,1.600797653198242188e+01,5.888378143310546875e+00,2.040325641632080078e+00,-6.150575637817382812e+00,-1.474491596221923828e+01,-2.304771995544433594e+01,-3.593165969848632812e+01,-3.162980079650878906e+01,-1.872898864746093750e+01,-1.943091201782226562e+01,-2.365439605712890625e+01,-1.858201599121093750e+01,-5.240480899810791016e+00,-1.269307899475097656e+01,-1.995020484924316406e+01,-3.176976013183593750e+01,-2.661119079589843750e+01,-1.024953174591064453e+01,-5.545890331268310547e+00,-2.768636703491210938e+01,-3.873152542114257812e+01,-4.103232192993164062e+01,-2.969740867614746094e+01,-1.468000793457031250e+01,-6.560598373413085938e+00,-6.583890914916992188e+00,-1.083899784088134766e+01,-2.201807403564453125e+01,-3.634782409667968750e+01,-3.504418945312500000e+01,-2.134919929504394531e+01,-1.459373283386230469e+01,-1.607786941528320312e+01,-1.902727890014648438e+01,-2.230224609375000000e+01,-1.852841567993164062e+01,-1.829161834716796875e+01,-1.642156219482421875e+01,-1.740779495239257812e+01,-1.610921478271484375e+01,-1.790258979797363281e+01,-2.096238327026367188e+01,-2.008280181884765625e+01,-1.850954437255859375e+01,-2.098358535766601562e+01,-1.909328079223632812e+01,-1.172576808929443359e+01,-9.323490142822265625e+00,-5.352364540100097656e+00,-8.260238647460937500e+00,-1.714842987060546875e+01,-1.640664863586425781e+01,-4.615766525268554688e+00,3.061796903610229492e+00,6.844825744628906250e+00,6.286638259887695312e+00,3.298187017440795898e+00,-1.291347146034240723e-01,1.231792211532592773e+00,8.022129058837890625e+00,9.106906890869140625e+00,-1.025590538978576660e+00,-3.552320241928100586e+00,-1.870467066764831543e+00,-2.410642623901367188e+00,-9.267783164978027344e+00,-1.021238517761230469e+01,-2.320540618896484375e+01,-3.362174224853515625e+01,-3.460420608520507812e+01,-2.724592590332031250e+01,-2.530797195434570312e+01,-3.202091979980468750e+01,-3.655777740478515625e+01,-3.209711074829101562e+01,-2.550372695922851562e+01,-1.965591430664062500e+01,-1.897127342224121094e+01,-2.115486717224121094e+01,-2.437791442871093750e+01,-1.447323226928710938e+01,-1.424948692321777344e+01,-2.060160064697265625e+01,-1.790754699707031250e+01,-2.063845252990722656e+01,-3.045395088195800781e+01,-3.528342437744140625e+01,-3.642021560668945312e+01,-3.565139007568359375e+01,-2.984270095825195312e+01,-2.780792999267578125e+01,-2.530075454711914062e+01,-2.340102767944335938e+01,-2.024774932861328125e+01,-1.607073974609375000e+01,-2.162188529968261719e+01,-3.390832519531250000e+01,-3.021228027343750000e+01,-1.915616226196289062e+01,-9.768389701843261719e+00,-7.535430908203125000e+00,-4.322039604187011719e+00,-1.103614807128906250e+00,-1.573244690895080566e+00,-1.683169245719909668e+00,1.245606184005737305e+00,7.217214107513427734e-01,-1.447504711151123047e+01,-1.456880569458007812e+01,-4.018726348876953125e+00,-6.997386932373046875e+00,-7.276127338409423828e+00,-9.854981422424316406e+00,-1.060089015960693359e+01,-1.333552837371826172e+01,-1.232419967651367188e+01,-1.496119880676269531e+01,-1.562049293518066406e+01,-1.027297782897949219e+01,-4.141576766967773438e+00,1.513820290565490723e+00,-1.096093773841857910e+00,-1.667475891113281250e+01,-2.202291870117187500e+01,-2.314923858642578125e+01,-1.786139869689941406e+01,-1.845335006713867188e+01,-1.294824695587158203e+01,-6.799427032470703125e+00,-2.289136409759521484e+00,-3.794756174087524414e+00,-7.697883129119873047e+00,-7.483334541320800781e+00,-2.995122909545898438e+00,1.028820276260375977e+00,-2.206870555877685547e+00,-3.595517396926879883e+00,-5.255874633789062500e+00,-1.379085922241210938e+01,-5.173467636108398438e+00,4.097558259963989258e-01,9.551817178726196289e-02,2.153802871704101562e+00,8.638492226600646973e-02,-2.419181108474731445e+00,-2.127523899078369141e+00,3.307113409042358398e+00,8.177799224853515625e+00,4.652367591857910156e+00,-1.950656622648239136e-02,-3.900191307067871094e+00,1.769882678985595703e+00,5.502388954162597656e+00,4.306128025054931641e+00,2.512842655181884766e+00,-4.312580108642578125e+00,-7.539051771163940430e-01,1.863529682159423828e+00,9.629667997360229492e-01,8.465372920036315918e-01,-2.880976200103759766e+00,-5.894858837127685547e+00,-3.524689674377441406e+00,6.504338979721069336e-02,2.093750000000000000e+00,2.106112718582153320e+00,-1.980962157249450684e+00,-2.928195476531982422e+00,1.334605097770690918e+00,3.238020420074462891e+00,1.688902616500854492e+00,6.119287490844726562e+00,4.586515426635742188e+00,3.637890815734863281e+00,2.899767637252807617e+00,2.355108261108398438e+00,-8.394758701324462891e-01,4.758695960044860840e-01,5.774414062500000000e+00,6.407266616821289062e+00,-2.344563007354736328e+00,-2.326727294921875000e+01,-2.708296203613281250e+01,-2.061293411254882812e+01,-1.367159461975097656e+01,-1.188491535186767578e+01,-1.017560577392578125e+01,-3.863040685653686523e+00,-1.115972423553466797e+01,-2.173374938964843750e+01,-2.650270080566406250e+01,-2.356521987915039062e+01,-2.152716064453125000e+01,-1.697723197937011719e+01,-1.043119430541992188e+01,-1.565302276611328125e+01,-1.516526794433593750e+01,-3.012562179565429688e+01,-3.464041900634765625e+01,-3.096457099914550781e+01,-3.232950973510742188e+01,-3.072194671630859375e+01,-2.542608261108398438e+01,-2.752323532104492188e+01,-2.286125946044921875e+01,-1.849953269958496094e+01,-3.256699371337890625e+01,-4.476113128662109375e+01,-4.701861953735351562e+01,-4.290774154663085938e+01,-3.616046905517578125e+01,-2.954252624511718750e+01,-2.267286682128906250e+01,-1.676824188232421875e+01,-3.092823028564453125e+01,-4.168155288696289062e+01,-3.720853424072265625e+01,-3.872760772705078125e+01,-4.013137054443359375e+01,-4.090020751953125000e+01,-3.261249542236328125e+01,-2.166649627685546875e+01,-4.213910675048828125e+01,-5.284766387939453125e+01,-5.002525329589843750e+01,-4.756585693359375000e+01,-3.738645172119140625e+01,-2.348689842224121094e+01,-2.301228904724121094e+01,-2.108069610595703125e+01,-2.045857238769531250e+01,-2.172581100463867188e+01,-2.020630264282226562e+01,-2.222149276733398438e+01,-2.968893814086914062e+01,-3.067781829833984375e+01,-2.570018196105957031e+01,-2.473414039611816406e+01,-2.870747566223144531e+01,-2.346771621704101562e+01,-1.823097229003906250e+01,-1.321777915954589844e+01,-1.243566894531250000e+01,-2.065127372741699219e+01,-1.394533538818359375e+01,-9.871784210205078125e+00,-1.464889717102050781e+01,-1.736143684387207031e+01,-1.821167373657226562e+01,-2.298150253295898438e+01,-2.480909729003906250e+01,-1.847240257263183594e+01,-1.211234283447265625e+01,-1.866204071044921875e+01,-2.662720489501953125e+01,-2.441533851623535156e+01,-1.883912849426269531e+01,-1.500971984863281250e+01,-1.404834747314453125e+01,-6.528882980346679688e+00,-2.904321670532226562e+00,-3.235357666015625000e+01,-3.693447113037109375e+01,-3.469604492187500000e+01,-3.805580139160156250e+01,-3.199051666259765625e+01,-3.314236450195312500e+01,-3.130390739440917969e+01,-2.770407867431640625e+01,-2.343163871765136719e+01,-2.654818725585937500e+01,-2.441069412231445312e+01,-1.782626152038574219e+01,-2.020834350585937500e+01,-2.037948226928710938e+01,-1.855216979980468750e+01,-3.295145034790039062e+01,-2.720567512512207031e+01,-1.830762481689453125e+01,-1.570167350769042969e+01,-1.589658546447753906e+01,-1.423636054992675781e+01,-9.512908935546875000e+00,-3.293225526809692383e+00,-1.877628326416015625e+00,-1.379855537414550781e+01,-2.520871925354003906e+01,-2.471537017822265625e+01,-1.688331222534179688e+01,-1.554095649719238281e+01,-1.074938869476318359e+01,-7.312298297882080078e+00,-5.413549423217773438e+00,-3.956272840499877930e+00,-4.531996726989746094e+00,-1.996667027473449707e+00,-3.918302059173583984e-01,6.611260771751403809e-01,2.412511825561523438e+00,1.005729079246520996e+00,3.343215227127075195e+00,6.154134750366210938e+00,7.631264686584472656e+00,1.184026718139648438e+01,7.975319862365722656e+00,-7.586449623107910156e+00,-3.634367752075195312e+01,-4.076061630249023438e+01,-3.557460021972656250e+01,-2.527935981750488281e+01,-9.096634864807128906e+00,-1.230928707122802734e+01,-2.361240577697753906e+01,-2.868849945068359375e+01,-2.906266593933105469e+01,-2.583572006225585938e+01,-2.390690231323242188e+01,-2.278683662414550781e+01,-1.894284439086914062e+01,-1.988692474365234375e+01,-1.524364852905273438e+01,-1.834406852722167969e+01,-1.169569396972656250e+01,-6.379365921020507812e+00,-6.519395351409912109e+00,-2.388982772827148438e+00,6.946082592010498047e+00,-1.437503433227539062e+01,-3.341992187500000000e+01,-3.796086120605468750e+01,-2.997286605834960938e+01,-1.442207145690917969e+01,-6.515301227569580078e+00,-2.862687587738037109e+00,-1.575094699859619141e+00,-3.078272819519042969e+00,-8.476753234863281250e+00,-1.671773529052734375e+01,-2.005022048950195312e+01,-1.763757896423339844e+01,-1.066506195068359375e+01,-4.035779953002929688e+00,-1.785239982604980469e+01,-2.615069007873535156e+01,-2.142264556884765625e+01,-2.356815528869628906e+01,-2.729110336303710938e+01,-1.543406105041503906e+01,-1.148621559143066406e+01,-5.731053352355957031e+00,-8.201068878173828125e+00,-1.230439758300781250e+01,-1.436330032348632812e+01,-5.210772037506103516e+00,7.455447912216186523e-01,-2.227123260498046875e+00,-9.657180786132812500e+00,-1.584363174438476562e+01,-1.361435508728027344e+01,-1.172201061248779297e+01,-2.879417037963867188e+01,-2.276229667663574219e+01,-1.387059116363525391e+01,-1.065292644500732422e+01,-1.090802192687988281e+01,-7.227070808410644531e+00,-6.684958934783935547e+00,-1.062463951110839844e+01,-8.921665191650390625e+00,-1.187707519531250000e+01,-1.908911514282226562e+01,-2.181666564941406250e+01,-3.560590744018554688e+01,-4.172608947753906250e+01,-4.071022796630859375e+01,-3.958567810058593750e+01,-3.562071990966796875e+01,-2.789761734008789062e+01,-2.970962524414062500e+01,-1.552001380920410156e+01,-3.246898174285888672e+00,-2.845981121063232422e+00,-2.773772430419921875e+01,-3.770794296264648438e+01,-2.591186904907226562e+01,-1.205360412597656250e+01,-4.462651252746582031e+00,3.005860447883605957e-01,-8.689563274383544922e-01,-6.638493537902832031e-01,2.493958950042724609e+00,5.369044303894042969e+00,1.038344502449035645e+00,3.694631099700927734e+00,7.667826652526855469e+00,9.192029953002929688e+00,1.049371910095214844e+01,1.128023338317871094e+01,-1.259417724609375000e+01,-2.377330970764160156e+01,-2.745507431030273438e+01,-2.440109634399414062e+01,-3.160220718383789062e+01,-3.276758575439453125e+01,-2.489820098876953125e+01,-2.460929489135742188e+01,-2.181354522705078125e+01,-1.897223281860351562e+01,-2.716774177551269531e+01,-2.705213165283203125e+01,-2.704567337036132812e+01,-2.349217224121093750e+01,-2.231364440917968750e+01,-1.323044395446777344e+01,-1.280783653259277344e+01,-1.493007183074951172e+01,-1.971627235412597656e+01,-2.080109977722167969e+01,-3.681267547607421875e+01,-3.938674163818359375e+01,-3.167184448242187500e+01,-2.103153991699218750e+01,-1.304485321044921875e+01,-5.835657596588134766e+00,-1.446319770812988281e+01,-2.326538658142089844e+01,-2.190457916259765625e+01,-1.775089836120605469e+01,-1.215814018249511719e+01,-1.323071479797363281e+01,-3.286163806915283203e+00,3.698836863040924072e-01,-3.555660486221313477e+00,-1.557116317749023438e+01,-1.895183563232421875e+01,-1.566862106323242188e+01,-2.036828041076660156e+01,-1.247005271911621094e+01,-9.953053474426269531e+00,-1.381631946563720703e+01,-6.782402992248535156e+00,-1.055992126464843750e+01,-2.150693702697753906e+01,-2.982701301574707031e+01,-3.435275268554687500e+01,-4.213685607910156250e+01,-4.145791625976562500e+01,-3.775146484375000000e+01,-4.051015472412109375e+01,-3.806985473632812500e+01,-2.877620887756347656e+01,-1.857046127319335938e+01,-1.673584175109863281e+01,-2.437889671325683594e+01,-3.179609298706054688e+01,-2.997280883789062500e+01,-2.732520484924316406e+01,-3.880725097656250000e+01,-4.174280548095703125e+01,-3.820828247070312500e+01,-3.606941986083984375e+01,-3.484152984619140625e+01,-3.718929672241210938e+01,-3.314682769775390625e+01,-2.895596694946289062e+01,-2.901371574401855469e+01,-2.617921066284179688e+01,-1.597555160522460938e+01,-1.136376857757568359e+01,-1.296305465698242188e+01,-1.399857902526855469e+01,-7.510379791259765625e+00,-4.681080818176269531e+00,-9.288801193237304688e+00,-1.128969955444335938e+01,-7.679370880126953125e+00,-5.767822265625000000e+00,-5.940055370330810547e+00,-6.639918804168701172e+00,-6.666707992553710938e+00,-9.122837066650390625e+00,-7.072214126586914062e+00,3.177285194396972656e-01,4.353583812713623047e+00,1.841535568237304688e+00,-1.899612665176391602e+00,6.611127853393554688e-01,1.547432780265808105e+00,2.713105678558349609e+00,-4.361797809600830078e+00,-3.471198797225952148e+00,1.875934004783630371e+00,1.233699321746826172e+00,-4.040133953094482422e+00,-7.408433914184570312e+00,-9.870472908020019531e+00,-2.168502044677734375e+01,-2.171928024291992188e+01,-1.492254066467285156e+01,-6.994854927062988281e+00,-2.603062868118286133e+00,-2.089727401733398438e+00,-1.070562171936035156e+01,-2.201494407653808594e+01,-2.402971267700195312e+01,-2.212081527709960938e+01,-3.130863761901855469e+01,-3.235524749755859375e+01,-3.198283767700195312e+01,-2.527072906494140625e+01,-2.624957847595214844e+01,-2.311529541015625000e+01,-1.774724960327148438e+01,-1.012294769287109375e+01,-1.125247573852539062e+01,-3.504287719726562500e+01,-4.135651397705078125e+01,-4.040064239501953125e+01,-3.786339187622070312e+01,-2.763389396667480469e+01,-1.609451484680175781e+01,-1.421829795837402344e+01,-2.867780494689941406e+01,-3.009126472473144531e+01,-1.805090713500976562e+01,-1.478524208068847656e+00,4.751453399658203125e+00,1.236917686462402344e+01,1.697959899902343750e+01,1.895400810241699219e+01,1.598832035064697266e+01,1.726414489746093750e+01,-1.048114395141601562e+01,-1.667749977111816406e+01,-1.613504409790039062e+01,-2.643611145019531250e+01,-2.950278472900390625e+01,-2.485982513427734375e+01,-2.064030456542968750e+01,-3.032551956176757812e+01,-3.389422607421875000e+01,-1.983399963378906250e+01,9.870931506156921387e-01,7.928970336914062500e+00,1.089145660400390625e+01,9.695974349975585938e+00,1.597255516052246094e+01,7.389945983886718750e+00,-1.004174232482910156e+00,-1.338127517700195312e+01,-2.122957038879394531e+01,-1.688272857666015625e+01,-9.315071105957031250e+00,-1.490057373046875000e+01,-1.905544281005859375e+01,-1.454257392883300781e+01,-1.023901748657226562e+01,-1.138538360595703125e+01,-1.928784942626953125e+01,-2.299840164184570312e+01,-2.481274223327636719e+01,-2.821646499633789062e+01,-2.809843063354492188e+01,-4.023088455200195312e+01,-4.464747619628906250e+01,-3.058654022216796875e+01,-3.131576347351074219e+01,-3.225222778320312500e+01,-3.091711425781250000e+01,-1.980042648315429688e+01,-1.466917037963867188e+01,-1.323384094238281250e+01,-2.670876502990722656e+01,-4.121527099609375000e+01,-4.362638854980468750e+01,-3.825424194335937500e+01,-3.719558334350585938e+01,-3.769058227539062500e+01,-3.856818008422851562e+01,-3.649392700195312500e+01,-3.379172515869140625e+01,-3.249991607666015625e+01,-2.979058265686035156e+01,-2.855723381042480469e+01,-2.873439788818359375e+01,-2.879424285888671875e+01,-2.965460586547851562e+01,-2.432745933532714844e+01,-2.214750289916992188e+01,-2.071398162841796875e+01,-1.631505584716796875e+01,-1.399969482421875000e+01,-3.465769577026367188e+01,-4.719256210327148438e+01,-4.305213546752929688e+01,-3.278887176513671875e+01,-3.828975677490234375e+01,-3.950887298583984375e+01,-3.937962341308593750e+01,-2.885090065002441406e+01,-2.060259246826171875e+01,-9.564008712768554688e+00,-3.404584884643554688e+00,-7.259267330169677734e+00,-5.356081962585449219e+00,-6.012988090515136719e+00,-5.504361152648925781e+00,-7.704339027404785156e+00,-8.350877761840820312e+00,-1.143319702148437500e+01,-1.354716873168945312e+01,-8.070988655090332031e+00,-8.803715705871582031e+00,-5.917292118072509766e+00,2.013769149780273438e+00,2.370650529861450195e+00,-4.370475769042968750e+00,-8.001745223999023438e+00,-1.272061252593994141e+01,-1.819911956787109375e+01,-2.611285400390625000e+01,-2.176573181152343750e+01,-1.412107086181640625e+01,-1.446212673187255859e+01,-2.944399261474609375e+01,-3.839501190185546875e+01,-3.950843048095703125e+01,-3.570816040039062500e+01,-3.379352951049804688e+01,-2.944551658630371094e+01,-2.942986679077148438e+01,-2.577008056640625000e+01,-2.664913558959960938e+01,-2.305323410034179688e+01,-1.902320289611816406e+01,-2.006126594543457031e+01,-1.093754291534423828e+01,-1.003054046630859375e+01,-2.202194976806640625e+01,-3.455104064941406250e+01,-3.694958877563476562e+01,-3.631660079956054688e+01,-2.777399826049804688e+01,-2.851526069641113281e+01,-2.409671783447265625e+01,-2.552946472167968750e+01,-1.852195739746093750e+01,-1.101645278930664062e+01,-6.673688888549804688e+00,-3.686090946197509766e+00,4.221027374267578125e+00,-1.063169479370117188e+01,-1.941724967956542969e+01,-1.520850372314453125e+01,-1.023021125793457031e+01,-1.178617858886718750e+01,-1.321317481994628906e+01,-4.047582626342773438e+00,-5.520039558410644531e+00,-5.245143413543701172e+00,-8.562083244323730469e+00,-2.129510116577148438e+01,-2.625342941284179688e+01,-1.988175582885742188e+01,-1.503233909606933594e+01,-1.098450469970703125e+01,-1.085804176330566406e+01,-1.510974788665771484e+01,-1.275549888610839844e+01,-7.851994991302490234e+00,-1.431219673156738281e+01,-1.932474136352539062e+01,-2.360164260864257812e+01,-3.013521003723144531e+01,-3.627946853637695312e+01,-3.442365264892578125e+01,-3.426109313964843750e+01,-3.237432861328125000e+01,-2.605117416381835938e+01,-1.912152099609375000e+01,-1.776029205322265625e+01,-1.608396148681640625e+01,-1.231665802001953125e+01,-1.350618934631347656e+01,-9.873483657836914062e+00,-9.839046478271484375e+00,-1.236447525024414062e+01,-1.553906631469726562e+01,-1.355957508087158203e+01,-1.595979309082031250e+01,-1.707069396972656250e+01,-1.031074237823486328e+01,-4.310823440551757812e+00,-4.989951133728027344e+00,1.125524759292602539e+00,-1.241809844970703125e+00,-1.377375721931457520e+00,9.035229682922363281e-01,-5.949407577514648438e+00,-1.216457176208496094e+01,-8.803331375122070312e+00,-8.238039016723632812e+00,-7.072663307189941406e+00,-1.868487238883972168e+00,-2.002101659774780273e+00,-2.226205825805664062e+00,4.083353996276855469e+00,4.778493881225585938e+00,1.003671050071716309e+00,2.322204589843750000e+00,1.703814983367919922e+00,-3.866344451904296875e+01,-4.657404327392578125e+01,-4.325632858276367188e+01,-4.092798614501953125e+01,-2.611011886596679688e+01,-6.882266521453857422e+00,-6.939961433410644531e+00,-2.632919692993164062e+01,-3.522400283813476562e+01,-3.650756454467773438e+01,-2.874530792236328125e+01,-2.867394065856933594e+01,-3.401863861083984375e+01,-3.990209960937500000e+01,-4.968882751464843750e+01,-4.979275894165039062e+01,-4.129578399658203125e+01,-3.064694023132324219e+01,-2.755060958862304688e+01,-2.561188888549804688e+01,-1.186028289794921875e+01,-6.364086151123046875e+00,-9.784582138061523438e+00,-1.020116043090820312e+01,-1.480712890625000000e+01,-1.866820907592773438e+01,-1.753172683715820312e+01,-1.458933544158935547e+01,-3.164535903930664062e+01,-3.658364868164062500e+01,-3.131214904785156250e+01,-2.665570831298828125e+01,-1.705144309997558594e+01,-6.777065277099609375e+00,-2.762448310852050781e+00,-8.576077222824096680e-01,-6.341343879699707031e+00,-5.141212940216064453e+00,7.339167594909667969e-01,3.144715547561645508e+00,1.029961585998535156e+01,7.946546554565429688e+00,-1.611294746398925781e+00,-1.566949081420898438e+01,-2.182151412963867188e+01,-2.155430793762207031e+01,-2.430908393859863281e+01,-2.015393447875976562e+01,-7.336555957794189453e+00,-2.397008705139160156e+01,-3.905009841918945312e+01,-3.748154449462890625e+01,-3.247798538208007812e+01,-2.992116928100585938e+01,-3.063825607299804688e+01,-3.168638610839843750e+01,-2.599203491210937500e+01,-2.140737915039062500e+01,-1.211425971984863281e+01,-1.133955669403076172e+01,-1.258916950225830078e+01,-2.677694702148437500e+01,-3.125346374511718750e+01,-2.835358238220214844e+01,-2.826421356201171875e+01,-2.344477844238281250e+01,-9.626646041870117188e+00,-7.534375190734863281e+00,-8.626158714294433594e+00,-2.362831115722656250e+01,-2.625537109375000000e+01,-3.205708694458007812e+01,-3.840817642211914062e+01,-3.623908233642578125e+01,-3.866647338867187500e+01,-3.877651214599609375e+01,-3.233517456054687500e+01,-1.476688957214355469e+01,-7.742408275604248047e+00,-9.515798568725585938e+00,-1.584601640701293945e+00,4.182896137237548828e+00,5.389263153076171875e+00,5.424250602722167969e+00,3.268969774246215820e+00,5.393335342407226562e+00,4.144299983978271484e+00,-6.914549827575683594e+00,-9.002266883850097656e+00,-7.854028701782226562e+00,-3.438749074935913086e+00,-3.711151838302612305e+00,-8.020163536071777344e+00,-1.185145854949951172e+01,-7.690786838531494141e+00,5.390497684478759766e+00,3.237008333206176758e+00,6.496753692626953125e-01,4.937404155731201172e+00,-4.631152629852294922e+00,-2.493333053588867188e+01,-2.483416748046875000e+01,-1.540704345703125000e+01,-7.446717262268066406e+00,-4.961735725402832031e+00,-5.437177658081054688e+00,-1.782040476799011230e+00,-4.017086982727050781e+00,-8.755155563354492188e+00,-1.530145072937011719e+01,-1.994190406799316406e+01,-2.167295074462890625e+01,-1.532135486602783203e+01,-1.235700035095214844e+01,-1.130353355407714844e+01,-9.538158416748046875e+00,-6.571744918823242188e+00,-1.501524734497070312e+01,-2.492023468017578125e+01,-2.125873947143554688e+01,-2.699165725708007812e+01,-2.283458137512207031e+01,-2.052301788330078125e+01,-1.674418258666992188e+01,-1.381799316406250000e+01,-1.599900054931640625e+01,-1.811259078979492188e+01,-1.463521003723144531e+01,-8.099225997924804688e+00,-1.013317584991455078e+01,-8.335205078125000000e+00,-4.817963123321533203e+00,-4.008626937866210938e+00,-6.916597366333007812e+00,-2.386939811706542969e+01,-3.270776748657226562e+01,-3.609363937377929688e+01,-3.277511596679687500e+01,-3.000707626342773438e+01,-2.498012161254882812e+01,-2.235047149658203125e+01,-2.783964729309082031e+01,-2.704042434692382812e+01,-2.112650299072265625e+01,-1.940787887573242188e+01,-1.745051956176757812e+01,-1.816283988952636719e+01,-1.700632858276367188e+01,-9.684447288513183594e+00,-1.136786651611328125e+01,-1.709288787841796875e+01,-2.821356391906738281e+01,-2.683004951477050781e+01,-1.949603652954101562e+01,-2.213253402709960938e+01,-3.541291809082031250e+01,-3.382795715332031250e+01,-2.969256210327148438e+01,-3.300563812255859375e+01,-3.411529541015625000e+01,-3.134959602355957031e+01,-2.254036331176757812e+01,-1.630504608154296875e+01,-1.409441757202148438e+01,-1.193381881713867188e+01,-8.090962409973144531e+00,-1.194556427001953125e+01,-9.658236503601074219e+00,-6.237881183624267578e+00,-7.130674362182617188e+00,-8.964803695678710938e+00,-1.258811092376708984e+01,-8.432616233825683594e+00,-2.248886108398437500e+01,-3.635330963134765625e+01,-3.318730926513671875e+01,-2.867248153686523438e+01,-2.392804527282714844e+01,-2.262711334228515625e+01,-1.773498153686523438e+01,-2.451897430419921875e+01,-2.628672409057617188e+01,-1.901232719421386719e+01,1.638353824615478516e+00,-1.591316342353820801e+00,-2.077465248107910156e+01,-1.886122703552246094e+01,-1.996235275268554688e+01,-3.168450355529785156e+01,-3.027146148681640625e+01,-2.530320358276367188e+01,-1.444243240356445312e+01,-1.200234603881835938e+01,-2.128454208374023438e+01,-2.935053253173828125e+01,-2.486839675903320312e+01,-1.860894966125488281e+01,-1.831179046630859375e+01,-2.208393478393554688e+01,-2.448037338256835938e+01,-2.529606437683105469e+01,-2.781535911560058594e+01,-2.816978454589843750e+01,-2.140507507324218750e+01,-2.006356430053710938e+01,-2.163317680358886719e+01,-2.617845153808593750e+01,-2.372221374511718750e+01,-2.062649536132812500e+01,-1.556851196289062500e+01,-1.383852767944335938e+01,-1.379551410675048828e+01,-3.055546188354492188e+01,-2.425550270080566406e+01,-1.661726379394531250e+01,-1.249581146240234375e+01,-8.614146232604980469e+00,-3.597136735916137695e-01,1.156570434570312500e+00,-6.735600471496582031e+00,-8.778608322143554688e+00,-1.448950767517089844e+01,-2.275369644165039062e+01,-2.892082023620605469e+01,-3.132423400878906250e+01,-2.990839767456054688e+01,-2.183358764648437500e+01,-1.598057937622070312e+01,-8.483467102050781250e+00,-5.367482185363769531e+00,-4.159636974334716797e+00,-2.507363796234130859e+00,2.141744613647460938e+00,5.061195373535156250e+00,-2.229167556762695312e+01,-3.614821243286132812e+01,-2.715845298767089844e+01,-1.836247825622558594e+01,-2.677154922485351562e+01,-2.690321350097656250e+01,-2.624747467041015625e+01,-2.692686080932617188e+01,-2.359309005737304688e+01,-1.509208965301513672e+01,-9.930167198181152344e-01,4.673838615417480469e-02,-2.530512809753417969e+00,-5.808896064758300781e+00,-1.221797180175781250e+01,-2.074792098999023438e+01,-2.846450042724609375e+01,-3.722201538085937500e+01,-3.254471206665039062e+01,-2.175061416625976562e+01,-9.429091453552246094e+00,-5.973684787750244141e+00,3.904977738857269287e-01,7.030591964721679688e+00,5.381865978240966797e+00,8.661363601684570312e+00,7.300945281982421875e+00,-1.159500837326049805e+00,2.078853130340576172e+00,5.632158279418945312e+00,6.065071105957031250e+00,2.873918533325195312e+00,4.207516908645629883e-01,-7.440716028213500977e-02,8.169432878494262695e-01,-1.817743420600891113e+00,-1.134965419769287109e+00,5.304268836975097656e+00,1.014396190643310547e+00,1.189528346061706543e+00,6.584710121154785156e+00,7.546968460083007812e+00,5.145980834960937500e+00,5.714985847473144531e+00,5.802732467651367188e+00,5.384754657745361328e+00,-9.558013916015625000e+00,-2.094482994079589844e+01,-2.551914978027343750e+01,-2.075695228576660156e+01,-3.600436210632324219e+00,3.352240562438964844e+00,3.863434076309204102e+00,9.913566589355468750e+00,2.042999649047851562e+01,8.137857437133789062e+00,-1.245523834228515625e+01,-1.378762722015380859e+01,-1.011743736267089844e+01,-3.455613613128662109e+00,-8.965353012084960938e+00,-1.650642204284667969e+01,-1.107043170928955078e+01,2.296304702758789062e-02,4.553810119628906250e+00,9.013713836669921875e+00,-8.987443923950195312e+00,-2.147390365600585938e+01,-2.047567176818847656e+01,-2.123921203613281250e+01,-1.607553291320800781e+01,-1.392289161682128906e+01,-1.870963287353515625e+01,-2.956859970092773438e+01,-3.374832153320312500e+01,-3.285713577270507812e+01,-1.997547531127929688e+01,-1.074882698059082031e+01,-1.173208236694335938e+01,-1.098367500305175781e+01,-1.137864685058593750e+01,-1.747725486755371094e+01,-1.414502143859863281e+01,-1.596340465545654297e+01,-2.391617584228515625e+01,-2.197537040710449219e+01,-1.335832881927490234e+01,-3.420886993408203125e+01,-4.256890487670898438e+01,-4.116030502319335938e+01,-3.525080871582031250e+01,-2.964153289794921875e+01,-3.176414489746093750e+01,-3.770159530639648438e+01,-2.636672592163085938e+01,-2.609275436401367188e+01,-2.485074615478515625e+01,-2.084745216369628906e+01,-6.188215255737304688e+00,1.884020268917083740e-01,-4.561144351959228516e+00,-7.663755416870117188e+00,-7.352341651916503906e+00,-3.626449584960937500e+00,-1.785871982574462891e+00,-2.032808065414428711e+00,-1.784301757812500000e+00,-2.310523271560668945e+00,-5.697688579559326172e+00,-1.359453582763671875e+01,-2.371763610839843750e+01,-3.432275390625000000e+01,-3.974592590332031250e+01,-4.022548675537109375e+01,-3.411268615722656250e+01,-2.584881973266601562e+01,-2.864696693420410156e+01,-2.719585418701171875e+01,-1.745940780639648438e+01,-6.962527275085449219e+00,-9.260372161865234375e+00,-1.741369628906250000e+01,-2.034206008911132812e+01,-2.056895065307617188e+01,-1.253639984130859375e+01,-1.257496261596679688e+01,-1.157367134094238281e+01,-1.793787956237792969e+01,-2.439261627197265625e+01,-2.263254356384277344e+01,-1.698106384277343750e+01,-1.315460968017578125e+01,-1.380053234100341797e+01,-1.524889183044433594e+01,-1.653637504577636719e+01,-1.987316131591796875e+01,-2.440917205810546875e+01,-2.854754638671875000e+01,-3.036416244506835938e+01,-2.471971702575683594e+01,-1.450979709625244141e+01,-9.671373367309570312e+00,-1.454963779449462891e+01,-1.146262931823730469e+01,-9.342139244079589844e+00,-6.886755943298339844e+00,-5.630258560180664062e+00,-5.954305648803710938e+00,-7.186899662017822266e+00,-9.860345840454101562e+00,-7.961396217346191406e+00,-6.531592369079589844e+00,-8.039293289184570312e+00,-1.375782871246337891e+01,-1.567934799194335938e+01,-1.390322303771972656e+01,-1.103592586517333984e+01,-1.519983673095703125e+01,-1.569654369354248047e+01,-1.450211715698242188e+01,-1.037800407409667969e+01,-3.002473592758178711e+00,1.069843888282775879e+00,1.723256111145019531e+00,4.181762695312500000e+00,-1.728520393371582031e-01,-1.030843830108642578e+01,-2.133196067810058594e+01,-2.254266166687011719e+01,-3.338097763061523438e+01,-3.369380187988281250e+01,-3.331144714355468750e+01,-3.811820983886718750e+01,-4.172113037109375000e+01,-3.628569030761718750e+01,-2.626621627807617188e+01,-1.806921768188476562e+01,-1.528873634338378906e+01,-2.099040031433105469e+01,-1.679876899719238281e+01,-1.179335594177246094e+01,-1.177083778381347656e+01,-1.258894348144531250e+01,-1.543081283569335938e+01,-9.595396041870117188e+00,-1.749860525131225586e+00,-4.837313175201416016e+00,-1.306647014617919922e+01,-1.464249229431152344e+01,-1.068689727783203125e+01,-1.664635777473449707e+00,-1.004387950897216797e+01,-2.141060829162597656e+01,-2.076717948913574219e+01,-2.034046173095703125e+01,-1.887071609497070312e+01,-1.464048099517822266e+01,-1.165249824523925781e+01,-2.295893859863281250e+01,-3.196829986572265625e+01,-3.206902694702148438e+01,-2.170260238647460938e+01,-1.865794563293457031e+01,-2.498519515991210938e+01,-4.877081298828125000e+01,-4.809008026123046875e+01,-4.792517852783203125e+01,-4.927371978759765625e+01,-4.903947067260742188e+01,-4.088310241699218750e+01,-3.562084579467773438e+01,-4.926314544677734375e+01,-5.722784042358398438e+01,-5.583900451660156250e+01,-4.756712722778320312e+01,-2.947601127624511719e+01,-2.404889297485351562e+01,-3.376148223876953125e+01,-4.676658630371093750e+01,-4.586502838134765625e+01,-3.950337219238281250e+01,-3.548553466796875000e+01,-3.168802642822265625e+01,-3.170607566833496094e+01,-2.067502593994140625e+01,-2.667097663879394531e+01,-3.737340545654296875e+01,-4.142382431030273438e+01,-4.007844543457031250e+01,-2.045491790771484375e+01,-1.891371154785156250e+01,-2.275782012939453125e+01,-2.391443252563476562e+01,-1.583339500427246094e+01,-7.164054870605468750e+00,-1.604478073120117188e+01,-1.822922706604003906e+01,-1.417413520812988281e+01,-9.263873100280761719e+00,-8.390964508056640625e+00,-6.664012670516967773e-01,1.982475757598876953e+00,-4.625634193420410156e+00,-1.613421630859375000e+01,-2.059484100341796875e+01,-2.026971817016601562e+01,-2.249398040771484375e+01,-1.399969291687011719e+01,-1.328723239898681641e+01,-1.715850257873535156e+01,-1.254952239990234375e+01,1.639593005180358887e+00,-1.025566673278808594e+01,-2.814826583862304688e+01,-3.037084579467773438e+01,-2.099243164062500000e+01,-1.432965660095214844e+01,-1.201518726348876953e+01,-8.939714431762695312e+00,-8.932058334350585938e+00,-6.357952594757080078e+00,4.941503524780273438e+00,-2.801719307899475098e-01,-5.457514286041259766e+00,-1.660573840141296387e+00,1.296195387840270996e+00,-1.661338567733764648e+00,-1.825532913208007812e+00,-3.213836669921875000e+00,-4.758086204528808594e+00,-7.895980834960937500e+00,-6.393388748168945312e+00,-6.657815933227539062e+00,-7.464197158813476562e+00,-4.762932777404785156e+00,-5.018146991729736328e+00,6.674242615699768066e-01,5.774009704589843750e+00,1.055920600891113281e+01,3.409686565399169922e+00,-1.620813751220703125e+01,-2.580158424377441406e+01,-3.096940422058105469e+01,-2.519749450683593750e+01,-2.705381202697753906e+01,-3.201444244384765625e+01,-2.868352890014648438e+01,-2.535612869262695312e+01,-2.361956405639648438e+01,-1.762840270996093750e+01,-2.170460891723632812e+01,-2.478068733215332031e+01,-2.879447746276855469e+01,-3.825642776489257812e+01,-3.662067413330078125e+01,-4.008033752441406250e+01,-3.354874420166015625e+01,-2.584056854248046875e+01,-2.534257507324218750e+01,-3.817947387695312500e+01,-4.022810363769531250e+01,-3.515219879150390625e+01,-2.957030487060546875e+01,-2.032320785522460938e+01,-1.524320411682128906e+01,-1.605857467651367188e+01,-2.390864562988281250e+01,-2.536848831176757812e+01,-3.025817489624023438e+01,-2.307472229003906250e+01,-1.624629592895507812e+01,-1.882427978515625000e+01,-2.707707786560058594e+01,-2.426589393615722656e+01,-1.592472457885742188e+01,-1.703739547729492188e+01,-1.709951972961425781e+01,-1.528905487060546875e+01,-3.841295957565307617e+00,-1.546681022644042969e+01,-2.057084274291992188e+01,-2.230436706542968750e+01,-2.163523101806640625e+01,-1.631179237365722656e+01,-1.756954574584960938e+01,-2.207081222534179688e+01,-1.968829345703125000e+01,-1.073868179321289062e+01,-5.531052589416503906e+00,-7.309709548950195312e+00,-1.355407428741455078e+01,-1.807484436035156250e+01,-1.687005424499511719e+01,-1.431504631042480469e+01,-7.269118785858154297e+00,9.897550940513610840e-02,-9.831550121307373047e-01,-3.109222888946533203e+00,-1.546245670318603516e+01,-2.297521591186523438e+01,-2.206145286560058594e+01,-2.247957992553710938e+01,-2.679870796203613281e+01,-4.188466644287109375e+01,-4.775068283081054688e+01,-3.570793914794921875e+01,-2.546075439453125000e+01,-1.975739669799804688e+01,-2.137117767333984375e+01,-2.463262939453125000e+01,-1.621153450012207031e+01,-5.208064079284667969e+00,-7.933561801910400391e+00,-1.744145965576171875e+01,-1.437294578552246094e+01,-4.274552822113037109e+00,-7.270696640014648438e+00,-3.466452407836914062e+01,-4.922721099853515625e+01,-4.988356781005859375e+01,-5.279336547851562500e+01,-6.041738510131835938e+01,-5.335594177246093750e+01,-4.842862319946289062e+01,-4.403829956054687500e+01,-4.576677703857421875e+01,-4.239748382568359375e+01,-3.550668334960937500e+01,-1.933169746398925781e+01,-8.787637710571289062e+00,-1.250985622406005859e+01,-1.876021957397460938e+01,-1.627016830444335938e+01,-1.340890884399414062e+01,-1.435589218139648438e+01,-2.705902481079101562e+01,-3.818690872192382812e+01,-2.930141639709472656e+01,-2.130685997009277344e+01,-1.736803054809570312e+01,-1.715438842773437500e+01,-1.680290603637695312e+01,-1.252594947814941406e+01,-1.781499481201171875e+01,-3.515201187133789062e+01,-3.591677856445312500e+01,-2.495090293884277344e+01,-2.045427322387695312e+01,-1.741395568847656250e+01,-1.668583679199218750e+01,-2.076397705078125000e+01,-1.666203880310058594e+01,-1.367135334014892578e+01,-9.411282539367675781e+00,-1.061769104003906250e+01,-8.487597465515136719e+00,-1.235236072540283203e+01,-1.601671600341796875e+01,-1.692362976074218750e+01,-2.394897270202636719e+01,-2.339659118652343750e+01,-2.446785354614257812e+01,-3.347983169555664062e+01,-2.562268066406250000e+01,-2.654713821411132812e+01,-3.201203918457031250e+01,-3.019836997985839844e+01,-2.041584587097167969e+01,-1.757929229736328125e+01,-1.151465797424316406e+01,-6.617205619812011719e+00,-3.637790679931640625e+00,-2.461392974853515625e+01,-3.345753479003906250e+01,-2.888126182556152344e+01,-1.640343856811523438e+01,-1.157309913635253906e+01,-7.542058467864990234e+00,-9.618351936340332031e+00,-1.325561523437500000e+01,-1.021418762207031250e+01,-1.240349578857421875e+01,-2.325575065612792969e+01,-1.936063957214355469e+01,-7.566412448883056641e+00,2.731807947158813477e+00,6.565538048744201660e-01,7.584028244018554688e-01,1.030590891838073730e+00,3.744384646415710449e-01,2.925098180770874023e+00,1.325489711761474609e+01,8.789545059204101562e+00,1.082378005981445312e+01,1.358337020874023438e+01,5.144086360931396484e+00,-7.706744670867919922e+00,-9.099468231201171875e+00,-6.190389633178710938e+00,-3.792835712432861328e+00,-2.756835222244262695e+00,1.407340764999389648e+00,9.988512992858886719e+00,1.498605918884277344e+01,1.405890274047851562e+01,1.373758888244628906e+01,8.144883155822753906e+00,6.297632217407226562e+00,4.446623802185058594e+00,7.304449558258056641e+00,1.108754634857177734e+01,9.570611953735351562e+00,6.373215675354003906e+00,3.719318866729736328e+00,8.521732330322265625e+00,1.140377426147460938e+01,9.886951446533203125e+00,1.087107563018798828e+01,9.287447929382324219e+00,7.372834205627441406e+00,4.879981040954589844e+00,-3.429919433593750000e+01,-4.915185928344726562e+01,-5.087451171875000000e+01,-5.353182220458984375e+01,-4.827968597412109375e+01,-4.505857086181640625e+01,-4.446777725219726562e+01,-4.146939849853515625e+01,-3.459919357299804688e+01,-2.621692657470703125e+01,-2.786392974853515625e+01,-2.366447257995605469e+01,-2.484105491638183594e+01,-2.513478469848632812e+01,-2.001700210571289062e+01,-1.184882259368896484e+01,-7.681131839752197266e+00,-3.563961267471313477e+00,-2.515381813049316406e+00,-2.831414937973022461e+00,-1.155346584320068359e+01,-1.732483673095703125e+01,-2.228698921203613281e+01,-2.322898483276367188e+01,-1.828974723815917969e+01,-1.105615615844726562e+01,-2.489519882202148438e+01,-3.152525711059570312e+01,-1.626978492736816406e+01,-9.201281547546386719e+00,-1.515250587463378906e+01,-2.759273719787597656e+01,-4.554682159423828125e+01,-5.176632308959960938e+01,-3.871467971801757812e+01,-2.251264762878417969e+01,-2.172565650939941406e+01,-2.808039474487304688e+01,-2.574292945861816406e+01,-2.115718078613281250e+01,-2.293043136596679688e+01,-2.073291206359863281e+01,-1.652565002441406250e+01,-1.450496292114257812e+01,-1.305250930786132812e+01,-1.235232734680175781e+01,-1.554409408569335938e+01,-1.205732631683349609e+01,-8.831277847290039062e+00,-7.662237167358398438e+00,-6.328944206237792969e+00,-3.897971630096435547e+00,-2.941034555435180664e+00,-1.958700299263000488e+00,3.350096940994262695e-01,4.834670066833496094e+00,5.201251983642578125e+00,1.146067333221435547e+01,1.170451354980468750e+01,-6.127374172210693359e+00,-2.688755416870117188e+01,-3.878977203369140625e+01,-3.589179611206054688e+01,-1.506549930572509766e+01,-3.342251300811767578e+00,-5.895573616027832031e+00,-5.080074787139892578e+00,-2.624924468994140625e+01,-3.618835830688476562e+01,-3.164779090881347656e+01,-2.721158790588378906e+01,-2.968141365051269531e+01,-3.012057113647460938e+01,-1.759367752075195312e+01,-1.010830688476562500e+01,-1.153704929351806641e+01,-1.580994796752929688e+01,-1.188953208923339844e+01,-1.416784381866455078e+01,-1.922750473022460938e+01,-1.890888977050781250e+01,-2.005067062377929688e+01,-2.129855728149414062e+01,-1.952684783935546875e+01,-2.143175888061523438e+01,-2.776289749145507812e+01,-3.881142807006835938e+01,-4.450429534912109375e+01,-4.319816970825195312e+01,-1.968554687500000000e+01,5.201622009277343750e+00,4.513766288757324219e+00,-2.023442077636718750e+01,-3.884265899658203125e+01,-3.677363967895507812e+01,-2.882581329345703125e+01,-2.359153556823730469e+01,-2.472776794433593750e+01,-2.278252983093261719e+01,-2.400773239135742188e+01,-2.497318649291992188e+01,-2.359230613708496094e+01,-2.393297195434570312e+01,-2.622397613525390625e+01,-2.964297866821289062e+01,-3.910868072509765625e+01,-4.265697479248046875e+01,-4.143554687500000000e+01,-2.912099647521972656e+01,-2.720410346984863281e+01,-3.855165863037109375e+01,-4.129920196533203125e+01,-2.774471282958984375e+01,-1.794379615783691406e+01,-1.424479198455810547e+01,-1.733501434326171875e+01,-2.039352035522460938e+01,-1.684885025024414062e+01,-1.216210556030273438e+01,-8.429056167602539062e+00,-8.987753868103027344e+00,-1.124261283874511719e+01,-1.355178451538085938e+01,-1.222822952270507812e+01,-8.902561187744140625e+00,-1.340500473976135254e+00,2.083310365676879883e+00,-1.161691427230834961e+00,6.924155950546264648e-01,9.121443748474121094e+00,5.618618965148925781e+00,-1.305574655532836914e+00,-9.595981597900390625e+00,-1.354240322113037109e+01,-2.282959461212158203e+00,-1.109472274780273438e+01,-1.672710418701171875e+01,-1.873560905456542969e+01,-1.526572513580322266e+01,-1.295704460144042969e+01,-2.158577346801757812e+01,-2.730802154541015625e+01,-2.447369956970214844e+01,-2.441304779052734375e+01,-2.096909904479980469e+01,-2.162569427490234375e+01,-2.138997650146484375e+01,-1.988323593139648438e+01,-2.123091506958007812e+01,-1.966354560852050781e+01,-2.247336196899414062e+01,-3.621260833740234375e+01,-3.868358612060546875e+01,-3.169946098327636719e+01,-2.612656402587890625e+01,-2.294198989868164062e+01,-2.487330055236816406e+01,-2.189094161987304688e+01,-1.340028572082519531e+01,-1.223074340820312500e+01,-2.766171646118164062e+01,-2.343845176696777344e+01,-1.956727981567382812e+01,-1.041701889038085938e+01,-4.503191947937011719e+00,-1.076574897766113281e+01,-1.754716110229492188e+01,-1.661520195007324219e+01,-1.747553825378417969e+01,-1.323729324340820312e+01,-1.120053005218505859e+01,-1.627601242065429688e+01,-1.657157897949218750e+01,-1.437045860290527344e+01,-1.412044334411621094e+01,-1.493157386779785156e+01,-1.770495223999023438e+01,-1.641325569152832031e+01,-2.019035720825195312e+01,-2.242749786376953125e+01,-1.903708648681640625e+01,-2.631645393371582031e+01,-2.410458755493164062e+01,-1.957512283325195312e+01,-2.396579360961914062e+01,-2.859618759155273438e+01,-3.072315979003906250e+01,-3.109562873840332031e+01,-3.631572723388671875e+01,-2.998775863647460938e+01,-2.007184600830078125e+01,-1.028327751159667969e+01,-8.030487060546875000e+00,-1.265381622314453125e+01,-2.580171585083007812e+01,-2.423246765136718750e+01,-1.019136619567871094e+01,8.485172986984252930e-01,5.162681579589843750e+00,8.677169799804687500e+00,1.025252151489257812e+01,1.642412948608398438e+01,1.750229644775390625e+01,1.298409938812255859e+01,1.389449501037597656e+01,1.191644859313964844e+01,6.053502559661865234e+00,-1.637296104431152344e+01,-1.837924766540527344e+01,-6.433944225311279297e+00,6.126403808593750000e+00,9.442111968994140625e+00,1.536283111572265625e+01,1.394229316711425781e+01,2.696880817413330078e+00,-3.393253982067108154e-01,-6.277230262756347656e+00,-1.099765872955322266e+01,-1.276267623901367188e+01,-1.324619388580322266e+01,-2.066951942443847656e+01,-2.242153167724609375e+01,-1.725180244445800781e+01,-1.451572227478027344e+01,-1.739327621459960938e+01,-1.832925605773925781e+01,-6.294480323791503906e+00,-4.011865854263305664e-01,-1.180295467376708984e+00,-3.109708786010742188e+00,-1.429800152778625488e+00,-1.464235544204711914e+00,-4.150996685028076172e+00,-1.995186042785644531e+01,-3.442295074462890625e+01,-3.252774810791015625e+01,-2.288758277893066406e+01,-1.488052368164062500e+01,-1.323728752136230469e+01,-1.612067031860351562e+01,-1.535733509063720703e+01,-1.487944984436035156e+01,-1.645699691772460938e+01,-1.469431304931640625e+01,-6.847313880920410156e+00,-1.436660051345825195e+00,-5.822299003601074219e+00,-8.794326782226562500e+00,-1.539672851562500000e+01,-1.152867507934570312e+01,4.867789268493652344e+00,2.494439125061035156e+00,-3.605828523635864258e+00,-9.957254409790039062e+00,-1.355185127258300781e+01,-4.904307365417480469e+00,-2.023121356964111328e+00,-3.570572853088378906e+00,-4.103025913238525391e+00,-4.753113746643066406e+00,-5.720520019531250000e+00,-5.871822834014892578e+00,-3.644533157348632812e+00,-3.613593101501464844e+00,-1.960972428321838379e+00,-1.172761440277099609e+00,1.474541544914245605e+00,7.752959251403808594e+00,1.083415031433105469e+01,3.351541996002197266e+00,3.889849483966827393e-01,1.038329362869262695e+00,6.108061790466308594e+00,9.109472274780273438e+00,9.845983505249023438e+00,5.567570686340332031e+00,6.551265239715576172e+00,8.395698547363281250e+00,2.713417530059814453e+00,-6.949557304382324219e+00,-1.385182762145996094e+01,-1.857390213012695312e+01,-1.241867733001708984e+01,-1.209762954711914062e+01,-1.341314125061035156e+01,-1.335188674926757812e+01,-1.696694755554199219e+01,-1.249898910522460938e+01,9.301567673683166504e-01,7.778393268585205078e+00,9.384067535400390625e+00,9.013117790222167969e+00,1.397002410888671875e+01,1.409260272979736328e+01,9.458398818969726562e+00,1.070872688293457031e+01,1.106380176544189453e+01,5.544258117675781250e+00,3.610943317413330078e+00,6.192064762115478516e+00,9.142298698425292969e+00,3.097232341766357422e+00,-1.733919084072113037e-01,-7.544527053833007812e+00,2.328585147857666016e+00,1.877860450744628906e+01,1.140173530578613281e+01,1.482884979248046875e+01,1.847656631469726562e+01,8.428480148315429688e+00,1.035520458221435547e+01,1.744446182250976562e+01,1.903608703613281250e+01,1.800978469848632812e+01,1.879585456848144531e+01,8.433833122253417969e+00,-2.834937095642089844e+00,2.265294551849365234e+00,-1.693745255470275879e+00,-1.953120803833007812e+01,-1.388084220886230469e+01,-5.777774810791015625e+00,-8.536150932312011719e+00,-1.610447311401367188e+01,-1.730547332763671875e+01,-1.299517154693603516e+01,-1.348905181884765625e+01,-9.463534355163574219e+00,-4.654941558837890625e+00,-2.960074901580810547e+00,4.508762359619140625e+00,2.909894943237304688e+00,-2.474424600601196289e+00,6.351852416992187500e-01,-5.537394285202026367e-01,-3.116312503814697266e+00,-8.637050628662109375e+00,-7.619193553924560547e+00,-3.781590700149536133e+00,3.197366476058959961e+00,3.215779781341552734e+00,1.627007293701171875e+01,1.242645454406738281e+01,5.540838241577148438e+00,1.092896938323974609e+00,2.003497123718261719e+00,-1.460488319396972656e+00,-3.790808916091918945e-01,-8.417229652404785156e+00,-4.963967323303222656e+00,-1.914225220680236816e+00,4.837271690368652344e+00,7.190954685211181641e+00,7.781019687652587891e+00,1.139520072937011719e+01,1.123382091522216797e+01,1.306636905670166016e+01,1.137473678588867188e+01,1.081116485595703125e+01,1.178537178039550781e+01,5.415544509887695312e+00,1.439074397087097168e+00,-8.871644973754882812e+00,-1.519511604309082031e+01,-4.133801937103271484e+00,3.828038215637207031e+00,7.550523757934570312e+00,1.023389053344726562e+01,7.327202796936035156e+00,6.300642967224121094e+00,3.561513125896453857e-01,-1.361397361755371094e+01,-1.536883926391601562e+01,-1.923260879516601562e+01,-2.193436050415039062e+01,-7.482996940612792969e+00,-1.096049427986145020e+00,-1.916653442382812500e+01,-1.592816352844238281e+01,-1.228941154479980469e+01,-2.292512702941894531e+01,-1.983425521850585938e+01,-1.150053024291992188e+01,-6.062775135040283203e+00,1.686735749244689941e-01,6.145942687988281250e+00,-1.285758876800537109e+01,-2.249731826782226562e+01,-2.039819335937500000e+01,-1.066404914855957031e+01,-9.512079238891601562e+00,-7.924643039703369141e+00,-4.126607894897460938e+00,-2.604274988174438477e+00,-1.053601980209350586e+00,6.211192607879638672e-01,1.445271492004394531e+00,3.025062084197998047e-01,1.041218042373657227e+00,4.571587562561035156e+00,5.617320060729980469e+00,4.104606628417968750e+00,1.274998903274536133e+00,-3.984970092773437500e+00,-3.881679534912109375e+00,-5.751604080200195312e+00,-4.465712547302246094e+00,-2.473281621932983398e+00,3.650708198547363281e+00,5.239107131958007812e+00,1.706076383590698242e+00,5.284496784210205078e+00,5.562614917755126953e+00,-9.646976590156555176e-01,-1.566269516944885254e+00,-2.884708642959594727e+00,-2.719164133071899414e+00,-5.284996032714843750e+00,-6.296533107757568359e+00,-3.374561667442321777e-01,3.582472801208496094e+00,3.239111900329589844e+00,6.409367561340332031e+00,8.873773574829101562e+00,7.528156280517578125e+00,7.813611984252929688e+00,7.489708423614501953e+00,1.374974822998046875e+01,-1.229366111755371094e+01,-4.495053482055664062e+01,-5.315954208374023438e+01,-4.986930084228515625e+01,-4.611108016967773438e+01,-4.470103454589843750e+01,-3.861273574829101562e+01,-2.858664131164550781e+01,-2.479573440551757812e+01,-2.885163497924804688e+01,-2.507422637939453125e+01,-2.000767517089843750e+01,-1.941474914550781250e+01,-2.388147163391113281e+01,-2.214527511596679688e+01,-1.062874126434326172e+01,-7.070256233215332031e+00,-2.258442306518554688e+01,-3.454636764526367188e+01,-3.091510009765625000e+01,-3.335221099853515625e+01,-4.244516372680664062e+01,-3.815661239624023438e+01,-2.213524055480957031e+01,-1.703779983520507812e+01,-1.578090763092041016e+01,-1.613635635375976562e+01,-1.605432701110839844e+01,-2.307855033874511719e+01,-1.644018936157226562e+01,-1.110170936584472656e+01,-4.801562309265136719e+00,2.981533765792846680e+00,8.359737396240234375e+00,9.541456222534179688e+00,-2.370236873626708984e+00,-3.494605541229248047e+00,-2.961317300796508789e+00,-7.598921775817871094e+00,-7.744039535522460938e+00,-9.320438385009765625e+00,-9.211822509765625000e+00,-1.063218116760253906e+01,-8.796187400817871094e+00,-6.496251583099365234e+00,6.056756973266601562e-01,-4.217132568359375000e+00,-9.980809688568115234e-01,-1.234750509262084961e+00,-1.566191291809082031e+01,-2.216687774658203125e+01,-2.028151321411132812e+01,-1.221326828002929688e+01,-5.773688316345214844e+00,-8.965897560119628906e+00,-9.673706054687500000e+00,-1.085149574279785156e+01,-1.370539855957031250e+01,-8.810030937194824219e+00,-8.049987792968750000e+00,-9.472664833068847656e+00,-1.341978073120117188e+01,-1.664364624023437500e+01,-8.596787452697753906e+00,-6.523951530456542969e+00,-9.866608619689941406e+00,-1.147856330871582031e+01,-1.654146003723144531e+01,-1.636787414550781250e+01,-1.219416046142578125e+01,-5.717783927917480469e+00,4.517511367797851562e+00,8.378965377807617188e+00,-1.124386596679687500e+01,-2.865227508544921875e+01,-3.713504791259765625e+01,-3.523452758789062500e+01,-3.146047210693359375e+01,-2.789428710937500000e+01,-2.022429084777832031e+01,-2.212843322753906250e+01,-3.353056335449218750e+01,-4.108266067504882812e+01,-3.641991043090820312e+01,-1.828642845153808594e+01,-1.097504043579101562e+01,-8.680814743041992188e+00,-6.171134948730468750e+00,-4.124738693237304688e+00,-4.185627937316894531e+00,-8.056109428405761719e+00,-7.150481700897216797e+00,-4.248779296875000000e+00,-8.558237075805664062e+00,-7.864136219024658203e+00,-8.192561149597167969e+00,-5.929794788360595703e+00,-4.790635108947753906e+00,8.770900964736938477e-01,2.610753536224365234e+00,2.108315825462341309e-01,9.464910030364990234e-01,3.342547416687011719e+00,2.068787574768066406e+00,7.679513931274414062e+00,1.082523536682128906e+01,5.766561508178710938e+00,2.595723867416381836e-01,-2.990249633789062500e+00,-2.666885375976562500e+00,-7.116846084594726562e+00,-1.653031158447265625e+01,-2.116907310485839844e+01,-1.914854812622070312e+01,-1.236931037902832031e+01,-1.593568420410156250e+01,-2.074376296997070312e+01,-1.674497795104980469e+01,-2.122564506530761719e+01,-3.275944519042968750e+01,-3.773622894287109375e+01,-2.909427642822265625e+01,-2.377737426757812500e+01,-2.746566581726074219e+01,-2.090910530090332031e+01,-2.100792694091796875e+01,-2.439356613159179688e+01,-2.142719268798828125e+01,-1.904418754577636719e+01,-2.316987991333007812e+01,-3.186842727661132812e+01,-4.236106109619140625e+01,-4.602542877197265625e+01,-4.087021636962890625e+01,-3.274530029296875000e+01,-2.783339500427246094e+01,-1.860089302062988281e+01,-1.391546916961669922e+01,-1.474354934692382812e+01,-9.841414451599121094e+00,-1.986683654785156250e+01,-2.527719116210937500e+01,-1.649474716186523438e+01,-8.533307075500488281e+00,-7.702728271484375000e+00,-4.773447990417480469e+00,-4.645423889160156250e+00,-2.959767341613769531e+00,-1.175528144836425781e+01,-2.314880371093750000e+01,-2.552276802062988281e+01,-1.815367698669433594e+01,-1.047847938537597656e+01,-3.838478803634643555e+00,-7.189817428588867188e-01,-5.505149841308593750e+00,-6.987254142761230469e+00,-1.126960086822509766e+01,-1.262069511413574219e+01,-5.077649593353271484e+00,-5.326151371002197266e+00,-1.131784439086914062e+01,-4.946622371673583984e+00,-1.530149269104003906e+01,-2.086951828002929688e+01,-3.486140060424804688e+01,-2.141700363159179688e+01,-1.710224342346191406e+01,-1.676768779754638672e+00,1.893519401550292969e+00,2.137820005416870117e+00,-1.918917536735534668e+00,4.785126686096191406e+00,4.828617095947265625e+00,1.975768566131591797e+00,6.941866874694824219e+00,1.002572631835937500e+01,6.076026916503906250e+00,1.513775587081909180e+00,2.840332508087158203e+00,5.399783134460449219e+00,7.062568664550781250e-01,-3.618014335632324219e+00,5.102645158767700195e-01,-6.917210817337036133e-01,-2.322236776351928711e+00,2.795433998107910156e+00,4.100732803344726562e+00,4.740147590637207031e+00,3.872779846191406250e+00,-1.210378408432006836e+00,-1.085403680801391602e+00,4.258597373962402344e+00,3.466354370117187500e+00,3.146862506866455078e+00,2.161193370819091797e+00,7.927814483642578125e+00,8.032795906066894531e+00,5.542358398437500000e+00,3.632236003875732422e+00,6.925194740295410156e+00,3.343260765075683594e+00,6.106729507446289062e+00,4.351049900054931641e+00
8.852959632873535156e+00,1.134320259094238281e+01,1.183483409881591797e+01,1.054652595520019531e+01,1.312305450439453125e+01,1.712110137939453125e+01,5.104398727416992188e+00,-2.820916414260864258e+00,-2.966107845306396484e+00,3.482229471206665039e+00,9.744764328002929688e+00,1.384378814697265625e+01,1.467872238159179688e+01,1.269416809082031250e+01,1.100364494323730469e+01,7.386854648590087891e+00,8.024665832519531250e+00,1.640228652954101562e+01,3.476504564285278320e+00,-1.106795597076416016e+01,-2.082431411743164062e+01,-2.310138320922851562e+01,-1.823638916015625000e+01,-1.470426368713378906e+01,-1.239856338500976562e+01,-1.376014137268066406e+01,-1.200824356079101562e+01,-9.118997573852539062e+00,1.223106622695922852e+00,1.364490413665771484e+01,1.898954391479492188e+01,1.117149925231933594e+01,1.467020988464355469e+00,-6.895207405090332031e+00,-8.253834724426269531e+00,-1.261512851715087891e+01,-1.463639831542968750e+01,-1.746916770935058594e+01,-2.351243591308593750e+01,-2.648431587219238281e+01,-1.251405906677246094e+01,-2.661891460418701172e+00,5.485191345214843750e+00,5.164403915405273438e+00,9.758448600769042969e-01,-1.125051975250244141e+00,7.489373207092285156e+00,1.355681800842285156e+01,8.004555702209472656e+00,3.633168458938598633e+00,8.739349365234375000e+00,2.227072477340698242e+00,-8.251060485839843750e+00,1.948543310165405273e+00,6.379318237304687500e+00,1.267082595825195312e+01,1.129059600830078125e+01,9.177621841430664062e+00,1.041265392303466797e+01,1.127615356445312500e+01,1.167285728454589844e+01,8.152355194091796875e+00,4.803270339965820312e+00,1.908663153648376465e+00,-1.496617347002029419e-01,-2.550748348236083984e+00,-4.525917053222656250e+00,1.682914257049560547e+00,1.167815303802490234e+01,5.604999542236328125e+00,-2.103175878524780273e+00,-3.637104988098144531e+00,-2.494284629821777344e+00,-5.803907871246337891e+00,-2.247468471527099609e+00,2.823635578155517578e+00,3.365769386291503906e+00,-1.238965272903442383e+00,1.769309043884277344e-01,-1.564766883850097656e+00,-3.906483411788940430e+00,-1.138304138183593750e+01,-5.279158592224121094e+00,-2.810235023498535156e-01,7.083950042724609375e+00,1.286669540405273438e+01,2.177667236328125000e+01,2.404397583007812500e+01,2.488753890991210938e+01,2.169677352905273438e+01,1.969777297973632812e+01,1.699453735351562500e+01,1.364243507385253906e+01,8.441461563110351562e+00,8.452951431274414062e+00,8.024200439453125000e+00,1.636985969543457031e+01,2.105290985107421875e+01,1.811624526977539062e+01,1.041814327239990234e+01,6.622815608978271484e+00,1.104231262207031250e+01,1.589183616638183594e+01,1.429060363769531250e+01,1.264179420471191406e+01,1.353662490844726562e+01,9.647491455078125000e+00,6.959175109863281250e+00,1.519748878479003906e+01,1.899298858642578125e+01,1.722880744934082031e+01,9.372407913208007812e+00,1.258037567138671875e+01,1.296074485778808594e+01,1.599163532257080078e+01,2.534326934814453125e+01,2.333426475524902344e+01,1.775046157836914062e+01,1.196017932891845703e+01,1.329167366027832031e+01,1.359524631500244141e+01,1.076892852783203125e+01,8.218597412109375000e+00,1.313768768310546875e+01,1.090950393676757812e+01,1.129646682739257812e+01,1.671012878417968750e+01,1.549764823913574219e+01,1.247416305541992188e+01,1.469051551818847656e+01,9.914493560791015625e+00,1.346538543701171875e+01,1.059080314636230469e+01,1.257323026657104492e+00,2.998782157897949219e+00,7.175775527954101562e+00,-9.754978418350219727e-01,-1.068438434600830078e+01,-9.671149253845214844e+00,6.844377040863037109e+00,1.104421615600585938e+01,8.641990661621093750e+00,2.175183057785034180e+00,-7.137122154235839844e+00,-1.455154228210449219e+01,-1.093135643005371094e+01,-5.125321388244628906e+00,-2.534689426422119141e+00,1.891265153884887695e+00,6.394553184509277344e+00,8.844044685363769531e+00,1.258754539489746094e+01,1.002544879913330078e+01,5.818456649780273438e+00,1.156599998474121094e+00,3.077921867370605469e+00,7.888164520263671875e+00,1.533176994323730469e+01,2.000050354003906250e+01,1.925838470458984375e+01,1.870984840393066406e+01,2.102228927612304688e+01,1.871053123474121094e+01,1.721235656738281250e+01,2.581892776489257812e+01,1.885648345947265625e+01,1.578458786010742188e+01,2.246550178527832031e+01,2.619997787475585938e+01,2.843308258056640625e+01,2.792547607421875000e+01,3.230445098876953125e+01,3.449581146240234375e+01,3.389771270751953125e+01,3.567373657226562500e+01,2.997513389587402344e+01,1.707713699340820312e+01,1.016028118133544922e+01,9.884529113769531250e+00,1.277093315124511719e+01,1.376917171478271484e+01,1.302265262603759766e+01,1.622206878662109375e+01,5.232924461364746094e+00,-8.619118690490722656e+00,-1.160573291778564453e+01,-3.722600936889648438e+00,2.954488754272460938e+00,-2.472480535507202148e+00,-8.843551635742187500e+00,-1.123930740356445312e+01,-1.579790878295898438e+01,-1.472536277770996094e+01,-1.143941497802734375e+01,-1.694990277290344238e+00,9.301980972290039062e+00,5.414544105529785156e+00,-1.358628082275390625e+01,-2.415573120117187500e+01,-2.224614715576171875e+01,-1.864704513549804688e+01,-1.387188529968261719e+01,-9.247104644775390625e+00,-1.945219612121582031e+01,-1.276152133941650391e+01,1.343718886375427246e+00,7.691685199737548828e+00,3.691793680191040039e+00,-4.905908107757568359e+00,-1.174338912963867188e+01,-1.367241382598876953e+01,-1.668591880798339844e+01,-1.451948165893554688e+01,-1.703469657897949219e+01,-1.846250343322753906e+01,-1.864776229858398438e+01,-1.669574737548828125e+01,-1.598217964172363281e+01,-9.473026275634765625e+00,2.997547864913940430e+00,1.562696552276611328e+01,2.991324234008789062e+01,3.490995788574218750e+01,3.255074310302734375e+01,2.700487518310546875e+01,2.249135971069335938e+01,1.948865318298339844e+01,1.613805007934570312e+01,1.161604690551757812e+01,1.007325649261474609e+01,1.302476119995117188e+01,1.504151344299316406e+01,2.305786514282226562e+01,2.524262237548828125e+01,2.128575515747070312e+01,2.094502639770507812e+01,1.739125633239746094e+01,1.500382423400878906e+01,1.026040267944335938e+01,-1.567108726501464844e+01,-2.460984802246093750e+01,-9.740036010742187500e+00,7.519821166992187500e+00,1.196425914764404297e+01,-1.870133996009826660e+00,-1.932175445556640625e+01,-2.117885208129882812e+01,-1.711753845214843750e+01,-2.063033103942871094e+01,-2.644652938842773438e+01,-2.031255340576171875e+01,-1.349795627593994141e+01,-1.338700008392333984e+01,-1.074478340148925781e+01,-1.805198287963867188e+01,-2.527122879028320312e+01,-3.032690811157226562e+01,-3.020594978332519531e+01,-2.169964218139648438e+01,-1.187883949279785156e+01,-3.072660923004150391e+00,4.478399753570556641e-01,1.016483902931213379e+00,5.907999038696289062e+00,-1.791932821273803711e+00,-1.980823326110839844e+01,-1.233623218536376953e+01,2.625474214553833008e+00,5.994327545166015625e+00,2.977752089500427246e-01,-1.090849018096923828e+01,-2.116488265991210938e+01,-2.872084856033325195e+00,-4.496356964111328125e+00,-9.088829040527343750e+00,-5.967426300048828125e+00,-5.844537019729614258e-01,-4.401734352111816406e+00,-7.830452919006347656e+00,7.011745452880859375e+00,8.654671669006347656e+00,-3.864274024963378906e+00,-5.531143188476562500e+00,5.510624885559082031e+00,9.021276473999023438e+00,7.770463466644287109e+00,5.964665412902832031e+00,-3.478682041168212891e-02,-1.559875774383544922e+01,-2.057202148437500000e+01,-3.478967666625976562e+00,4.763202667236328125e+00,1.117183017730712891e+01,1.304465293884277344e+01,1.013972091674804688e+01,1.155157470703125000e+01,9.137979507446289062e+00,7.500927925109863281e+00,9.293536186218261719e+00,9.513649940490722656e+00,1.500633239746093750e+01,1.948770523071289062e+01,1.972948837280273438e+01,1.461297988891601562e+01,9.452253341674804688e+00,-4.442108869552612305e-01,-6.073570728302001953e+00,-6.925037860870361328e+00,3.020277976989746094e+00,6.154650211334228516e+00,1.207419967651367188e+01,1.383087348937988281e+01,1.292957687377929688e+01,1.680282020568847656e+01,1.453184509277343750e+01,1.802132987976074219e+01,1.357135772705078125e+01,1.511244201660156250e+01,1.403277778625488281e+01,1.007741737365722656e+01,1.477987170219421387e+00,5.166134357452392578e+00,7.920759201049804688e+00,8.156949043273925781e+00,1.206427192687988281e+01,7.013743400573730469e+00,6.116076469421386719e+00,1.278075122833251953e+01,1.211079120635986328e+01,1.055984687805175781e+01,1.230904197692871094e+01,1.224243164062500000e+01,1.169038105010986328e+01,1.855473709106445312e+01,1.069312095642089844e+01,-1.275630474090576172e+01,-1.779501724243164062e+01,-6.201567649841308594e+00,5.744331359863281250e+00,7.947107791900634766e+00,5.406867980957031250e+00,7.278676509857177734e+00,8.524118423461914062e+00,1.308109283447265625e+01,1.484221744537353516e+01,1.539920997619628906e+01,1.380259799957275391e+01,1.119543266296386719e+01,1.378128528594970703e+01,3.001514673233032227e+00,1.577775239944458008e+00,-1.019036293029785156e+00,-2.207784652709960938e+00,-5.634770393371582031e+00,-1.395571899414062500e+01,-2.230484199523925781e+01,-2.355485153198242188e+01,-1.497109031677246094e+01,-1.645563125610351562e+01,-1.953571701049804688e+01,-1.879264450073242188e+01,6.397858262062072754e-01,1.221542644500732422e+01,1.868743896484375000e+01,1.451247978210449219e+01,-3.777881860733032227e-01,-1.134229469299316406e+01,-1.428205966949462891e+00,-1.146032452583312988e+00,-1.956783890724182129e+00,-7.180955410003662109e-01,-2.642374992370605469e+00,-1.376315975189208984e+01,-1.818968963623046875e+01,-1.481532478332519531e+01,-1.065491485595703125e+01,-7.526009559631347656e+00,9.084878921508789062e+00,2.196423339843750000e+01,2.383482742309570312e+01,2.176924324035644531e+01,2.192287445068359375e+01,2.171434783935546875e+01,1.927755737304687500e+01,1.519369316101074219e+01,9.555509567260742188e+00,8.069390296936035156e+00,7.689358711242675781e+00,9.035872459411621094e+00,2.185026359558105469e+01,2.534824180603027344e+01,2.198653793334960938e+01,1.758883285522460938e+01,1.352880191802978516e+01,8.609476089477539062e+00,-1.991797089576721191e+00,-1.171107292175292969e+00,8.530418395996093750e+00,3.455049037933349609e+00,1.417635917663574219e+00,5.954139232635498047e-01,5.533390045166015625e+00,1.183057212829589844e+01,1.839252853393554688e+01,1.548301696777343750e+01,9.603349685668945312e+00,9.436708450317382812e+00,4.460549831390380859e+00,6.205882549285888672e+00,1.626687622070312500e+01,2.022937774658203125e+01,2.109605026245117188e+01,2.100609016418457031e+01,2.672823143005371094e+01,2.196609115600585938e+01,2.644665908813476562e+01,2.272386741638183594e+01,1.247591209411621094e+01,1.422557544708251953e+01,1.260497760772705078e+01,7.313485145568847656e+00,5.105118155479431152e-01,-1.548903942108154297e+00,-1.620244598388671875e+01,-2.001668930053710938e+01,-2.178203582763671875e+01,-1.886456680297851562e+01,-1.588714790344238281e+01,-3.569604396820068359e+00,-8.480968475341796875e+00,-1.499815177917480469e+01,-1.301851081848144531e+01,-1.600789260864257812e+01,-9.757972717285156250e+00,-1.435496568679809570e+00,4.831345558166503906e+00,-5.797164440155029297e+00,-2.432922744750976562e+01,-2.914144134521484375e+01,-2.676517486572265625e+01,-2.528666687011718750e+01,-1.430707645416259766e+01,-4.204201698303222656e-01,8.720169067382812500e+00,8.856719017028808594e+00,3.531408548355102539e+00,-5.465498924255371094e+00,-3.125971984863281250e+01,-3.431142807006835938e+01,-2.872191429138183594e+01,-2.357679557800292969e+01,-1.165038299560546875e+01,-5.482754230499267578e+00,-1.980971145629882812e+01,-2.865618705749511719e+01,-2.738330459594726562e+01,-2.344042587280273438e+01,-1.651746749877929688e+01,-1.274138259887695312e+01,-1.357576656341552734e+01,-2.161196899414062500e+01,-2.669793319702148438e+01,-2.117068481445312500e+01,-1.032971286773681641e+01,-4.835145175457000732e-01,8.556291580200195312e+00,1.831945610046386719e+01,8.813609123229980469e+00,-1.291839981079101562e+01,-2.327441787719726562e+01,-5.579193115234375000e+00,3.309828042984008789e+00,7.444050312042236328e+00,5.567827224731445312e+00,9.058324694633483887e-01,-7.466220259666442871e-01,-7.257264614105224609e+00,-1.303597640991210938e+01,-4.256101131439208984e+00,5.157608032226562500e+00,-6.645153760910034180e-01,7.766070365905761719e+00,1.685543060302734375e+01,1.761072540283203125e+01,1.161786079406738281e+01,-6.464561462402343750e+00,-1.510194206237792969e+01,-3.983958482742309570e+00,6.438609123229980469e+00,1.171045494079589844e+01,1.366209602355957031e+01,1.644797134399414062e+01,2.251724624633789062e+01,2.222163009643554688e+01,1.208650970458984375e+01,1.421072483062744141e+00,1.689981520175933838e-01,1.096285629272460938e+01,1.797564697265625000e+01,2.245765113830566406e+01,2.576806640625000000e+01,2.147075080871582031e+01,1.919092941284179688e+01,1.970969772338867188e+01,1.945253753662109375e+01,1.605059432983398438e+01,7.019153594970703125e+00,-3.323398590087890625e+00,-3.340902090072631836e+00,4.975210189819335938e+00,1.166321754455566406e+01,-3.495092988014221191e-01,-1.599650669097900391e+01,-2.016758537292480469e+01,-2.426202392578125000e+01,-1.755321884155273438e+01,-1.336194229125976562e+01,-1.472143936157226562e+01,-1.149261093139648438e+01,-2.696869850158691406e+00,-3.167534470558166504e-01,-5.066535949707031250e+00,-1.175656223297119141e+01,-1.376578140258789062e+01,-6.767589569091796875e+00,6.177654266357421875e-01,5.241331100463867188e+00,7.578239917755126953e+00,-1.503003478050231934e+00,-1.099805355072021484e+01,-7.658338546752929688e+00,-4.848940372467041016e-01,-7.553005218505859375e-01,-3.117681741714477539e+00,9.218131303787231445e-01,3.347130537033081055e+00,-7.878963947296142578e-01,-1.270107030868530273e+00,-2.157104969024658203e+00,3.256234645843505859e+00,1.016014385223388672e+01,1.820191383361816406e+01,1.680588531494140625e+01,1.317515754699707031e+01,1.282559776306152344e+01,1.267844104766845703e+01,9.183105468750000000e+00,8.545211791992187500e+00,6.472575187683105469e+00,3.502668857574462891e+00,3.204975605010986328e+00,3.214059829711914062e+00,2.501546859741210938e+00,7.232773303985595703e+00,4.964479446411132812e+00,4.456847190856933594e+00,4.846355438232421875e+00,8.402196884155273438e+00,1.211507987976074219e+01,1.387596130371093750e+01,1.338306236267089844e+01,1.374314594268798828e+01,-2.828869438171386719e+01,-4.149586486816406250e+01,-4.021763610839843750e+01,-2.960187721252441406e+01,-1.879912948608398438e+01,-1.337180519104003906e+01,-9.292293548583984375e+00,-4.533716440200805664e-01,1.608600974082946777e+00,-7.218110084533691406e+00,5.091248512268066406e+00,1.239626884460449219e+01,6.843889236450195312e+00,3.235374927520751953e+00,6.338224411010742188e+00,5.322660446166992188e+00,4.766281604766845703e+00,3.071359634399414062e+00,-3.378143906593322754e-01,-2.510439634323120117e+00,1.084166145324707031e+01,1.424584388732910156e+01,1.254304313659667969e+01,7.387137413024902344e+00,6.898221969604492188e+00,4.305986404418945312e+00,-6.224298477172851562e+00,7.100475430488586426e-01,6.832182884216308594e+00,1.249475002288818359e+01,1.770930290222167969e+01,7.393100738525390625e+00,-6.807070732116699219e+00,-9.013303756713867188e+00,4.285039901733398438e+00,9.685845375061035156e+00,1.216454887390136719e+01,9.647161483764648438e+00,1.126752853393554688e+01,1.428330421447753906e+01,1.144387817382812500e+01,2.989474058151245117e+00,3.304799079895019531e+00,6.268823623657226562e+00,1.182396125793457031e+01,1.032376956939697266e+01,6.428653240203857422e+00,3.837083816528320312e+00,-6.079149246215820312e+00,-1.841249084472656250e+01,-1.764386177062988281e+01,-2.670744419097900391e+00,1.127453613281250000e+01,1.409236526489257812e+01,1.216651630401611328e+01,1.580996322631835938e+01,2.030237960815429688e+01,2.014608764648437500e+01,4.548817634582519531e+00,-5.614050388336181641e+00,-3.674159765243530273e+00,-6.750797033309936523e-01,1.518906593322753906e+00,8.597894906997680664e-01,-7.837012410163879395e-01,1.907694458961486816e+00,-1.549014329910278320e+00,-7.903832435607910156e+00,-1.568370819091796875e+01,-1.537738227844238281e+01,-9.208736419677734375e+00,-9.791541099548339844e+00,-2.395907974243164062e+01,-1.678385543823242188e+01,-5.169284343719482422e-02,1.172761535644531250e+01,9.718006134033203125e+00,4.763899803161621094e+00,9.424564361572265625e+00,1.011066818237304688e+01,7.852334976196289062e+00,9.869514465332031250e+00,3.694070816040039062e+00,2.113214880228042603e-01,1.092390298843383789e+00,1.503874778747558594e+01,2.037798690795898438e+01,2.510514831542968750e+01,2.457681846618652344e+01,1.801990127563476562e+01,8.782869338989257812e+00,1.605107545852661133e+00,-2.473698377609252930e+00,-5.078538060188293457e-01,4.704744338989257812e+00,3.551107168197631836e+00,-2.440699577331542969e+00,-1.322606468200683594e+01,-1.692688751220703125e+01,-1.445172405242919922e+01,-1.348826789855957031e+01,-1.397613906860351562e+01,-1.219391822814941406e+01,-7.393914222717285156e+00,3.873299121856689453e+00,1.422356796264648438e+01,2.440392494201660156e+01,3.112219619750976562e+01,2.864278411865234375e+01,2.543337631225585938e+01,2.345020294189453125e+01,1.428698253631591797e+01,8.077596664428710938e+00,3.139642477035522461e+00,-1.141154766082763672e-02,1.148568868637084961e+00,4.497877597808837891e+00,4.225464344024658203e+00,4.043401718139648438e+00,5.333573818206787109e+00,6.032877922058105469e+00,2.331804752349853516e+00,7.589491844177246094e+00,1.231394004821777344e+01,6.349697113037109375e+00,6.611474990844726562e+00,8.779481887817382812e+00,8.690694808959960938e+00,1.099888515472412109e+01,1.028682231903076172e+01,7.656252861022949219e+00,9.157953262329101562e+00,4.011285781860351562e+00,2.005671024322509766e+00,8.270754814147949219e+00,1.400355720520019531e+01,9.037515640258789062e+00,2.132932424545288086e+00,2.652918577194213867e+00,4.100058555603027344e+00,7.014895439147949219e+00,8.234734535217285156e+00,8.759855270385742188e+00,1.048801612854003906e+01,1.055832672119140625e+01,1.170080566406250000e+01,1.332886505126953125e+01,1.216170120239257812e+01,1.502671909332275391e+01,6.914065361022949219e+00,-9.890900254249572754e-01,-2.221099138259887695e+00,5.749150514602661133e-01,7.465114116668701172e+00,9.912837028503417969e+00,3.961878418922424316e-01,-1.033641624450683594e+01,-1.668262290954589844e+01,-1.388270187377929688e+01,-6.039502143859863281e+00,1.217954754829406738e-01,4.233007907867431641e+00,3.453404903411865234e+00,-1.784439086914062500e+00,-8.967680931091308594e+00,-1.433279418945312500e+01,-1.122006416320800781e+01,-1.004127979278564453e+01,2.103556394577026367e+00,6.780363082885742188e+00,6.465516567230224609e+00,7.251013755798339844e+00,1.070994663238525391e+01,1.351597213745117188e+01,6.109526634216308594e+00,-8.667345046997070312e+00,-1.547221565246582031e+01,-1.488595199584960938e+01,-1.140522193908691406e+01,-7.823568344116210938e+00,-7.208916664123535156e+00,-7.789512634277343750e+00,-2.904477834701538086e+00,1.487265706062316895e+00,7.155830383300781250e+00,8.936306953430175781e+00,1.168298339843750000e+01,1.258449363708496094e+01,1.231783485412597656e+01,1.484515762329101562e+01,1.525200939178466797e+01,1.096230697631835938e+01,9.470396995544433594e+00,4.085821151733398438e+00,1.469167232513427734e+00,3.012007713317871094e+00,9.757913589477539062e+00,1.374109268188476562e+01,1.609979629516601562e+01,1.767871093750000000e+01,1.891745758056640625e+01,1.519289207458496094e+01,1.514652252197265625e+00,-6.502597808837890625e+00,-1.609480667114257812e+01,-1.355201435089111328e+01,-6.440774917602539062e+00,-3.489809513092041016e+00,-2.203115224838256836e+00,-2.044700622558593750e+00,-6.103640556335449219e+00,-1.320209884643554688e+01,-1.798118209838867188e+01,-1.043211936950683594e+01,-1.629006505012512207e+00,-2.908172369003295898e+00,-8.856969833374023438e+00,-1.269657135009765625e+01,-4.638890743255615234e+00,-1.960384750366210938e+01,-2.972652053833007812e+01,-2.465549087524414062e+01,-1.877071571350097656e+01,-8.778072357177734375e+00,-5.097459554672241211e-01,-1.503334999084472656e+00,-1.177926182746887207e+00,-7.928965568542480469e+00,-2.634799194335937500e+01,-2.952532577514648438e+01,-2.280641937255859375e+01,-2.767526245117187500e+01,-2.518357276916503906e+01,-1.353299713134765625e+01,-6.872410297393798828e+00,-3.231354951858520508e-01,9.032343864440917969e+00,1.361211204528808594e+01,1.355007934570312500e+01,1.427119827270507812e+01,1.403262710571289062e+01,8.490427017211914062e+00,1.060407638549804688e+01,7.293405532836914062e+00,-3.257685661315917969e+00,-8.541009902954101562e+00,-5.724324226379394531e+00,-1.304851531982421875e+00,-8.073428153991699219e+00,-6.400228023529052734e+00,1.042882347106933594e+01,1.518969345092773438e+01,1.377802276611328125e+01,1.284815406799316406e+01,1.679964637756347656e+01,1.681734085083007812e+01,1.309000968933105469e+01,1.467452621459960938e+01,1.839226531982421875e+01,1.846843719482421875e+01,1.118986320495605469e+01,8.326741218566894531e+00,7.867518424987792969e+00,1.216173171997070312e+01,2.402809858322143555e+00,-7.893986701965332031e+00,-1.642872810363769531e+01,-2.032731628417968750e+01,-2.482315635681152344e+01,-2.331165122985839844e+01,-2.057214927673339844e+01,-2.040027236938476562e+01,-2.104231452941894531e+01,-2.388214874267578125e+01,-2.715992927551269531e+01,-2.112866592407226562e+01,-5.678621768951416016e+00,4.162424564361572266e+00,5.387053489685058594e+00,7.957737922668457031e+00,9.040765762329101562e+00,8.544883728027343750e+00,2.464891433715820312e+00,-1.093884468078613281e+00,-5.042601108551025391e+00,7.804144382476806641e+00,2.107545661926269531e+01,2.279347038269042969e+01,1.960523223876953125e+01,2.073785400390625000e+01,2.302140426635742188e+01,2.393008613586425781e+01,2.387528610229492188e+01,2.444245529174804688e+01,2.402338027954101562e+01,2.505972290039062500e+01,1.809900856018066406e+01,5.541069030761718750e+00,-4.909291267395019531e-01,2.322664737701416016e+00,5.472715377807617188e+00,-5.009524345397949219e+00,-1.536418724060058594e+01,-1.032100868225097656e+01,2.559697151184082031e+00,8.206110000610351562e+00,8.708047866821289062e+00,1.328393173217773438e+01,9.299325942993164062e+00,8.388229370117187500e+00,1.457891178131103516e+01,1.525366401672363281e+01,8.332019805908203125e+00,-2.115626716613769531e+01,-2.948551940917968750e+01,-2.833742332458496094e+01,-2.723684883117675781e+01,-2.519782257080078125e+01,-2.066164779663085938e+01,-1.002909469604492188e+01,6.476817131042480469e-01,-2.334576368331909180e+00,-1.628896713256835938e+01,-1.941962432861328125e+01,-2.120260620117187500e+01,-1.724505615234375000e+01,-2.462604141235351562e+01,-3.049862670898437500e+01,-3.441277313232421875e+01,-3.406732940673828125e+01,-1.357714080810546875e+01,-1.828383803367614746e+00,6.034161567687988281e+00,3.669267177581787109e+00,4.009036123752593994e-01,-1.881708264350891113e+00,-2.446964263916015625e+00,-1.198899555206298828e+01,-1.372551727294921875e+01,-1.545853042602539062e+01,-1.828115463256835938e+01,-2.129818344116210938e+01,-2.118941879272460938e+01,-1.853014564514160156e+01,-2.181514739990234375e+01,-2.336128616333007812e+01,-2.050474166870117188e+01,-1.674690628051757812e+01,-1.421265411376953125e+01,-5.975436210632324219e+00,-3.600062608718872070e+00,-2.586505413055419922e+00,-1.241788744926452637e+00,-1.548304319381713867e+00,-8.655447006225585938e+00,-6.420119285583496094e+00,3.489828586578369141e+00,5.022205352783203125e+00,8.783533096313476562e+00,1.146733283996582031e+01,1.148242187500000000e+01,1.220877838134765625e+01,1.401759910583496094e+01,1.013645076751708984e+01,-2.642273902893066406e-02,-1.395227241516113281e+01,-1.535891342163085938e+01,-6.185498714447021484e+00,7.466866970062255859e-01,3.066897392272949219e+00,-1.311297178268432617e+00,-1.146683120727539062e+01,-1.869279861450195312e+01,-1.719540023803710938e+01,-1.628926086425781250e+01,-1.189021492004394531e+01,-2.998406887054443359e+00,1.017867946624755859e+01,1.068038463592529297e+01,2.663348913192749023e+00,-7.605147361755371094e+00,-9.196949005126953125e+00,7.367641925811767578e-01,-1.327254652976989746e+00,-1.738669633865356445e+00,-1.173152923583984375e+01,-1.861994743347167969e+01,-1.687085723876953125e+01,-2.630914688110351562e+01,-2.665097808837890625e+01,-1.555261802673339844e+01,-1.587787437438964844e+01,-2.037111663818359375e+01,-2.269258880615234375e+01,-1.897297286987304688e+01,-5.980279445648193359e+00,-1.624617004394531250e+01,-1.110872173309326172e+01,-5.132655143737792969e+00,2.086166620254516602e+00,1.472145318984985352e+00,3.723431110382080078e+00,4.885407924652099609e+00,3.615807056427001953e+00,6.428252220153808594e+00,8.334476470947265625e+00,8.106546401977539062e+00,1.183230209350585938e+01,1.019571495056152344e+01,1.243099975585937500e+01,1.827196502685546875e+01,1.397765350341796875e+01,1.261073303222656250e+01,1.155143737792968750e+01,9.164743423461914062e+00,5.240653038024902344e+00,4.261420726776123047e+00,9.715345382690429688e+00,1.446846866607666016e+01,1.936912536621093750e+01,1.330320262908935547e+01,9.879825592041015625e+00,7.264273643493652344e+00,6.746269702911376953e+00,4.261998653411865234e+00,4.003675460815429688e+00,8.121440887451171875e+00,1.393590354919433594e+01,1.769453239440917969e+01,1.562315368652343750e+01,1.834825897216796875e+01,-4.422519683837890625e+00,-3.110420989990234375e+01,-3.286209106445312500e+01,-2.761472129821777344e+01,-1.304593563079833984e+01,1.783806681632995605e-01,1.033195781707763672e+01,1.360176467895507812e+01,3.847860336303710938e+00,7.496680259704589844e+00,1.471569633483886719e+01,1.729118347167968750e+01,1.551476573944091797e+01,1.656192016601562500e+01,1.595999717712402344e+01,1.418503379821777344e+01,1.470374774932861328e+01,1.019702911376953125e+01,-5.528834342956542969e+00,-1.552366924285888672e+01,-1.540140724182128906e+01,-1.220248413085937500e+01,-1.147082138061523438e+01,-6.696691036224365234e+00,4.330551147460937500e+00,8.646933555603027344e+00,6.353961944580078125e+00,2.317844867706298828e+00,-2.306976556777954102e+00,-6.810269355773925781e+00,-4.990706443786621094e+00,-1.017520427703857422e+00,-1.723612546920776367e+00,-1.319931221008300781e+01,-1.485162639617919922e+01,-7.946034431457519531e+00,2.399037599563598633e+00,6.322888374328613281e+00,-9.432101249694824219e-01,-7.225975990295410156e+00,-8.542842864990234375e+00,-4.384139060974121094e+00,3.317995786666870117e+00,1.331034660339355469e+01,1.133908367156982422e+01,5.159448623657226562e+00,-1.823742389678955078e+00,4.863024353981018066e-01,5.749743461608886719e+00,1.158078193664550781e+01,1.017954730987548828e+01,6.024841308593750000e+00,5.357168197631835938e+00,3.214751720428466797e+00,6.848931789398193359e+00,4.452748775482177734e+00,-8.545640945434570312e+00,-1.697666931152343750e+01,-2.362804031372070312e+01,-1.748790550231933594e+01,1.892306089401245117e+00,3.150985717773437500e+00,-4.915737628936767578e+00,-1.969997596740722656e+01,-2.377433586120605469e+01,-2.350399017333984375e+01,-1.922577285766601562e+01,-2.043346977233886719e+01,-1.772886657714843750e+01,-1.169135856628417969e+01,-1.070747375488281250e+01,-3.879274129867553711e+00,1.124580383300781250e+00,8.016970634460449219e+00,1.530615425109863281e+01,1.461673450469970703e+01,6.454380035400390625e+00,-2.299136638641357422e+00,-2.859096050262451172e+00,-1.951227760314941406e+01,-2.577330398559570312e+01,-2.249581909179687500e+01,-1.202138233184814453e+01,-4.627967834472656250e+00,-1.002430915832519531e+00,-7.158629417419433594e+00,-1.443084812164306641e+01,-1.535725402832031250e+01,-1.538180255889892578e+01,-2.014034461975097656e+01,-1.996943092346191406e+01,-6.778680801391601562e+00,4.688199758529663086e-01,2.829900741577148438e+00,2.227588176727294922e+00,-3.437395095825195312e+00,-4.706780433654785156e+00,-3.195933818817138672e+00,5.514814376831054688e+00,1.789971351623535156e+01,1.699144363403320312e+01,1.367410659790039062e+01,1.041241645812988281e+01,8.655138015747070312e+00,1.034592533111572266e+01,1.027026557922363281e+01,3.775738477706909180e+00,6.360711097717285156e+00,9.121301651000976562e+00,7.703064918518066406e+00,6.142221450805664062e+00,6.146811962127685547e+00,9.398979187011718750e+00,6.299432754516601562e+00,8.001221656799316406e+00,8.156485557556152344e+00,9.227371215820312500e+00,7.032056808471679688e+00,7.557274341583251953e+00,1.266657829284667969e+01,9.159389495849609375e+00,5.489987373352050781e+00,7.110093593597412109e+00,5.569049358367919922e+00,1.252386093139648438e+01,1.673089599609375000e+01,1.802012443542480469e+01,1.488087368011474609e+01,1.302965164184570312e+01,8.596196174621582031e+00,1.356585121154785156e+01,1.529261970520019531e+01,1.390346908569335938e+01,-5.487261414527893066e-01,-4.785002708435058594e+00,-2.541401624679565430e+00,1.906645298004150391e+00,1.005182147026062012e+00,3.597585678100585938e+00,1.814637660980224609e+00,-1.137572288513183594e+00,-4.270651817321777344e+00,-1.070567846298217773e+00,3.147045135498046875e+00,1.214852333068847656e+01,2.390843200683593750e+01,2.320869064331054688e+01,2.453124237060546875e+01,2.934540557861328125e+01,2.525958633422851562e+01,6.912278175354003906e+00,5.858345508575439453e+00,7.649931907653808594e+00,1.392005538940429688e+01,1.734552383422851562e+01,2.318804931640625000e+01,2.508462905883789062e+01,1.995063209533691406e+01,7.475625038146972656e+00,-6.282953262329101562e+00,-2.144860267639160156e+00,1.158873438835144043e+00,4.767954826354980469e+00,2.382220268249511719e+00,-1.527641534805297852e+00,-1.191990470886230469e+01,-9.998436927795410156e+00,-5.865168571472167969e+00,-1.411828637123107910e+00,5.151779651641845703e-01,-3.418390274047851562e+00,-9.082770347595214844e+00,-1.193206596374511719e+01,-1.268810939788818359e+01,-1.680200958251953125e+01,-1.888788223266601562e+01,-1.652336502075195312e+01,-1.137267112731933594e+01,-1.727123641967773438e+01,-1.635486221313476562e+01,-1.534104537963867188e+01,-1.213198661804199219e+01,-1.041251468658447266e+01,4.297603607177734375e+00,2.735998392105102539e+00,4.530104398727416992e-01,-2.836727857589721680e+00,-2.483205318450927734e+00,8.114383697509765625e+00,1.514348697662353516e+01,1.529276371002197266e+01,8.520433425903320312e+00,7.378276824951171875e+00,9.465641021728515625e+00,1.372494697570800781e+01,1.174177074432373047e+01,1.373773574829101562e+01,6.692464828491210938e+00,-8.798702359199523926e-01,6.606523513793945312e+00,1.251950073242187500e+01,1.725864410400390625e+01,1.576934051513671875e+01,9.646924972534179688e+00,6.855500698089599609e+00,5.641651153564453125e+00,-1.042259120941162109e+01,-1.587068748474121094e+01,-6.991186618804931641e+00,-7.763596057891845703e+00,-2.190549087524414062e+01,-2.453779029846191406e+01,-2.250341033935546875e+01,-1.951708221435546875e+01,-1.099691486358642578e+01,4.912366867065429688e+00,1.250733375549316406e+01,5.518674850463867188e+00,6.824289560317993164e-01,9.297332763671875000e+00,1.494611549377441406e+01,1.314529991149902344e+01,1.256889057159423828e+01,1.167357063293457031e+01,-1.566110515594482422e+01,-3.090563392639160156e+01,-3.252737426757812500e+01,-2.921180343627929688e+01,-3.025010299682617188e+01,-3.519717407226562500e+01,-3.394986724853515625e+01,-2.876822662353515625e+01,-2.805935668945312500e+01,-2.348953628540039062e+01,-1.808972167968750000e+01,-1.080834388732910156e+01,-1.062888622283935547e+00,7.235484123229980469e+00,8.281260490417480469e+00,6.367700576782226562e+00,9.748949050903320312e+00,1.138278198242187500e+01,6.913769245147705078e-01,-7.977174758911132812e+00,-7.791490554809570312e+00,-2.690340280532836914e+00,-8.928148269653320312e+00,-1.498542022705078125e+01,-1.095956611633300781e+01,-3.058870792388916016e+00,-3.468715429306030273e+00,3.326360464096069336e+00,7.145159244537353516e+00,8.281873703002929688e+00,6.009951591491699219e+00,-3.854673385620117188e+00,-1.042506980895996094e+01,-1.953510522842407227e+00,4.716568946838378906e+00,4.161944389343261719e+00,3.255867958068847656e-01,-8.474819183349609375e+00,-2.071495819091796875e+01,-1.828236389160156250e+01,-1.500180244445800781e+01,-1.260647010803222656e+01,-1.092498970031738281e+01,-4.273085594177246094e+00,-4.950380802154541016e+00,-1.635711288452148438e+01,-1.311965179443359375e+01,-4.829550743103027344e+00,1.360412001609802246e+00,5.486328125000000000e+00,9.337306976318359375e+00,8.823111534118652344e+00,1.629012489318847656e+01,2.761844253540039062e+01,2.596981430053710938e+01,1.810274124145507812e+01,1.072139739990234375e+01,1.212088966369628906e+01,8.779311180114746094e+00,1.293378448486328125e+01,1.199715709686279297e+01,1.678366851806640625e+01,1.700817108154296875e+01,1.572353363037109375e+01,1.365985870361328125e+01,9.715721130371093750e+00,1.450815773010253906e+01,1.188964176177978516e+01,1.131904888153076172e+01,1.899069213867187500e+01,2.346036148071289062e+01,2.563756561279296875e+01,2.614868927001953125e+01,2.042461585998535156e+01,2.770542144775390625e+00,-9.401268959045410156e+00,-1.863064193725585938e+01,-2.330884170532226562e+01,-2.710033226013183594e+01,-2.019067764282226562e+01,-1.691786193847656250e+01,-1.459989547729492188e+01,-1.381572341918945312e+01,-8.217018127441406250e+00,-8.057560920715332031e+00,-1.210510015487670898e+00,9.470977783203125000e+00,1.172485542297363281e+01,-2.360734939575195312e+00,-1.408841896057128906e+01,-2.222316551208496094e+01,-2.168420791625976562e+01,-2.082706832885742188e+01,-2.545541763305664062e+01,-3.133621406555175781e+01,-2.466352081298828125e+01,-1.499140071868896484e+01,-1.587441563606262207e+00,9.331378936767578125e+00,9.169050216674804688e+00,6.322037220001220703e+00,2.228633880615234375e+00,3.462649583816528320e+00,5.835835456848144531e+00,7.049087524414062500e+00,-5.995398521423339844e+00,-5.155229091644287109e+00,-1.652706861495971680e+00,-1.513986229896545410e+00,3.239372968673706055e-01,3.864401340484619141e+00,3.737606406211853027e-01,8.721612930297851562e+00,2.029179382324218750e+01,2.949213027954101562e+01,3.055658721923828125e+01,2.326226234436035156e+01,1.037727260589599609e+01,9.634678840637207031e+00,1.284873008728027344e+01,1.179518508911132812e+01,1.319732475280761719e+01,1.158172225952148438e+01,1.296388506889343262e+00,-2.362605333328247070e+00,-3.548840522766113281e+00,-7.996608734130859375e+00,-1.197354888916015625e+01,-1.949128341674804688e+01,-1.714999198913574219e+01,-8.638523101806640625e+00,-1.194499206542968750e+01,-1.196640872955322266e+01,-1.034473800659179688e+01,-1.146877861022949219e+01,-1.259645271301269531e+01,-5.133021354675292969e+00,-2.088718175888061523e+00,-7.642702460289001465e-01,3.474589109420776367e+00,5.762009620666503906e+00,1.215377807617187500e+01,1.908236122131347656e+01,2.551492118835449219e+01,3.286613845825195312e+01,2.030066490173339844e+01,7.494191169738769531e+00,7.241102695465087891e+00,9.622202873229980469e+00,9.351086616516113281e+00,7.072771549224853516e+00,8.520088195800781250e+00,8.878313064575195312e+00,2.629650592803955078e+00,1.124960780143737793e+00,5.689258575439453125e+00,-3.965372085571289062e+00,-1.228674316406250000e+01,-9.479061126708984375e+00,-6.283829212188720703e+00,-7.529697418212890625e-01,9.989871978759765625e-01,1.385975837707519531e+00,4.823021411895751953e+00,7.837820053100585938e+00,1.624152755737304688e+01,2.362701034545898438e+01,2.804180145263671875e+01,3.091464424133300781e+01,2.111424636840820312e+01,-4.327898025512695312e+00,-2.071149635314941406e+01,-2.546880722045898438e+01,-2.146777343750000000e+01,-2.130683135986328125e+01,-3.065961074829101562e+01,-3.728538513183593750e+01,-3.352900695800781250e+01,-2.702154159545898438e+01,-2.498618888854980469e+01,-2.801482772827148438e+01,-3.110332107543945312e+01,-2.451004600524902344e+01,-9.731546401977539062e+00,-4.736302375793457031e+00,-1.072374534606933594e+01,-9.129037857055664062e+00,-4.718020439147949219e+00,3.227591514587402344e-02,-1.040642619132995605e+00,-1.662426376342773438e+01,-1.899081420898437500e+01,-1.881613159179687500e+01,-9.606149673461914062e+00,3.576252937316894531e+00,8.143226623535156250e+00,8.626075744628906250e+00,3.822229862213134766e+00,-9.749984741210937500e+00,-2.824360275268554688e+01,-2.552479171752929688e+01,-1.766598129272460938e+01,-1.703389358520507812e+01,-1.421032524108886719e+01,-4.245350837707519531e+00,-5.301590919494628906e+00,1.265415430068969727e+00,5.771860122680664062e+00,2.734270095825195312e+00,4.845829963684082031e+00,8.816824913024902344e+00,1.610231781005859375e+01,2.576945495605468750e+01,3.191399192810058594e+01,2.700967788696289062e+01,1.733459091186523438e+01,1.963985824584960938e+01,1.386387634277343750e+01,-5.738764762878417969e+00,-1.366367149353027344e+01,-1.776455688476562500e+01,-1.507671451568603516e+01,3.459760665893554688e+00,1.471941375732421875e+01,2.374189567565917969e+01,2.517573165893554688e+01,2.004891204833984375e+01,1.681046676635742188e+01,1.752857208251953125e+01,1.146573257446289062e+01,-5.642238140106201172e+00,-1.321535682678222656e+01,-1.680869293212890625e+01,-1.219311809539794922e+01,-4.166760444641113281e+00,-7.422049641609191895e-01,5.273412704467773438e+00,5.137020111083984375e+00,-2.125461339950561523e+00,-1.208289718627929688e+01,-5.168174743652343750e+00,-2.252177000045776367e-01,4.790917873382568359e+00,4.905014038085937500e+00,5.202919244766235352e-02,-9.574785232543945312e+00,-1.711665916442871094e+01,-1.402256774902343750e+01,-1.653971481323242188e+01,-2.618033981323242188e+01,-2.765437126159667969e+01,-1.380544853210449219e+01,1.499204993247985840e+00,3.533225536346435547e+00,6.678417205810546875e+00,1.380302047729492188e+01,1.622206497192382812e+01,1.131582260131835938e+01,8.439100265502929688e+00,5.351313591003417969e+00,4.320474624633789062e+00,-7.883639335632324219e-01,1.199570775032043457e+00,-1.932071208953857422e+00,-1.820445775985717773e+00,-2.325730562210083008e+00,-2.893656969070434570e+00,2.277320861816406250e+00,1.152319908142089844e+01,1.407549571990966797e+01,6.371869087219238281e+00,6.482338428497314453e+00,1.166711044311523438e+01,1.338711166381835938e+01,1.283663749694824219e+01,7.359252452850341797e+00,6.829451560974121094e+00,8.760643959045410156e+00,1.133349037170410156e+01,-1.606736421585083008e+00,-3.118960952758789062e+01,-2.867454528808593750e+01,-2.524161529541015625e+01,-1.670828628540039062e+01,-1.920553207397460938e+01,-1.725000000000000000e+01,-3.127811908721923828e+00,1.431588172912597656e+01,2.422757339477539062e+01,2.458384132385253906e+01,1.600422096252441406e+01,8.418247222900390625e+00,9.026546478271484375e+00,-2.090799808502197266e-02,-3.081002950668334961e+00,-6.986672878265380859e+00,-1.762661361694335938e+01,-1.601570844650268555e+00,1.252448177337646484e+01,1.229532718658447266e+01,2.249061822891235352e+00,-5.581071853637695312e+00,-1.448328208923339844e+01,-1.547691345214843750e+01,-1.710937881469726562e+01,-1.422840499877929688e+01,-1.460069656372070312e+01,-1.554810142517089844e+01,-7.234456062316894531e+00,-6.119103431701660156e+00,-4.457741737365722656e+00,-4.420153141021728516e+00,7.745182514190673828e-01,-2.869314670562744141e+00,-1.206246566772460938e+01,-1.308124732971191406e+01,-8.958875656127929688e+00,-1.066635131835937500e+01,-9.003196716308593750e+00,-6.690692305564880371e-01,8.139517784118652344e+00,1.162212753295898438e+01,1.531957435607910156e+01,2.061928939819335938e+01,2.644450187683105469e+01,2.752235031127929688e+01,2.163476181030273438e+01,2.271694660186767578e+00,-7.276218414306640625e+00,-2.746979951858520508e+00,-4.126422882080078125e+00,-6.768446445465087891e+00,-8.884069919586181641e-01,9.903036952018737793e-01,6.950043678283691406e+00,9.394584655761718750e+00,7.065739631652832031e+00,-2.676698446273803711e+00,-7.068770885467529297e+00,-7.240887641906738281e+00,1.271390199661254883e+00,1.493580436706542969e+01,9.813044548034667969e+00,6.943880081176757812e+00,1.077157497406005859e+00,1.928342819213867188e+00,8.297709465026855469e+00,1.036263084411621094e+01,3.558588266372680664e+00,-3.401830673217773438e+00,-9.355728149414062500e+00,-1.155014419555664062e+01,-1.287922286987304688e+01,-1.619372177124023438e+01,-1.208651351928710938e+01,-9.031744003295898438e+00,-1.416477584838867188e+01,-2.321440124511718750e+01,-1.994183349609375000e+01,-1.348362541198730469e+01,-9.522409439086914062e+00,-5.942959308624267578e+00,9.093410491943359375e+00,1.096147441864013672e+01,1.997677993774414062e+01,2.365657043457031250e+01,1.648803329467773438e+01,7.949700355529785156e+00,-2.253333568572998047e+00,-5.114516735076904297e+00,-9.187769889831542969e+00,-1.518303394317626953e+01,-4.956376075744628906e+00,-2.094594955444335938e+00,-2.356725454330444336e+00,-1.332890415191650391e+01,-2.271054840087890625e+01,-1.998204040527343750e+01,-1.195470237731933594e+01,-1.333932876586914062e+01,-2.151902389526367188e+01,-2.537419891357421875e+01,-2.670708274841308594e+01,-2.580974960327148438e+01,-2.856618881225585938e+01,-1.665390777587890625e+01,5.963049888610839844e+00,5.548973083496093750e+00,1.452363610267639160e+00,-2.293877792358398438e+01,-3.739835357666015625e+01,-3.095824623107910156e+01,-2.536253929138183594e+01,-2.723552322387695312e+01,-1.476106071472167969e+01,-3.146358966827392578e+00,-4.630368232727050781e+00,-1.177718830108642578e+01,-1.850251197814941406e+01,-1.255241012573242188e+01,-5.121227264404296875e+00,-7.113183498382568359e+00,-1.075487327575683594e+01,-1.508193492889404297e+01,-1.226038646697998047e+01,-7.626050472259521484e+00,-5.827511310577392578e+00,-4.997438430786132812e+00,-1.654971599578857422e+00,-1.610853433609008789e+00,-1.015499973297119141e+01,-2.472539520263671875e+01,-4.411193466186523438e+01,-3.701613616943359375e+01,-1.014027595520019531e+01,-2.324509024620056152e-01,-3.462154865264892578e+00,-2.037999725341796875e+01,-3.417446136474609375e+01,-3.723263549804687500e+01,-3.550994873046875000e+01,-2.555639648437500000e+01,-1.604210472106933594e+01,-1.843548202514648438e+01,-1.876939582824707031e+01,-7.303540229797363281e+00,3.241614341735839844e+00,6.856556892395019531e+00,4.178331851959228516e+00,-4.052357673645019531e+00,-1.462025833129882812e+01,-1.909050559997558594e+01,-1.645254516601562500e+01,-4.386294364929199219e+00,1.085329818725585938e+01,2.366523361206054688e+01,2.497607421875000000e+01,2.033703231811523438e+01,1.753778457641601562e+01,1.105974197387695312e+01,6.522174835205078125e+00,3.120175123214721680e+00,1.804860234260559082e+00,1.904862642288208008e+00,-1.097604513168334961e+00,-6.617705821990966797e+00,-7.363563537597656250e+00,2.515456914901733398e+00,1.189589309692382812e+01,1.635226821899414062e+01,1.481741523742675781e+01,1.226697540283203125e+01,9.594073295593261719e+00,1.223551559448242188e+01,1.854702377319335938e+01,1.828857040405273438e+01,1.307412910461425781e+01,1.206860923767089844e+01,1.112824630737304688e+01,1.356059265136718750e+01,1.214224243164062500e+01,9.791870117187500000e+00,9.732057571411132812e+00,1.062859535217285156e+01,6.083049297332763672e+00,4.186849594116210938e-01,6.049951553344726562e+00,1.220374488830566406e+01,1.121972656250000000e+01,1.258704757690429688e+01,1.323779964447021484e+01,8.760285377502441406e+00,1.094992733001708984e+01,1.440325927734375000e+01,6.324903488159179688e+00,1.045723342895507812e+01,1.526937007904052734e+01,1.266598796844482422e+01,8.982450485229492188e+00,9.783690452575683594e+00,1.134259986877441406e+01,1.607355880737304688e+01,1.931494140625000000e+01,1.839757156372070312e+01,-7.163418769836425781e+00,-1.481698226928710938e+01,-1.455230236053466797e+01,-1.205097293853759766e+01,-1.465596008300781250e+01,-1.861562347412109375e+01,-1.495377445220947266e+01,8.963353157043457031e+00,2.358757781982421875e+01,2.441879272460937500e+01,1.542463684082031250e+01,8.663743972778320312e+00,-1.555575609207153320e+00,-1.452387809753417969e+01,-1.702426147460937500e+01,-1.603405380249023438e+01,-1.913714599609375000e+01,-1.845989418029785156e+01,-1.518920516967773438e+01,-5.098305702209472656e+00,7.915333747863769531e+00,2.184736824035644531e+01,3.366752624511718750e+01,3.698308944702148438e+01,3.438486099243164062e+01,3.352338790893554688e+01,3.300354003906250000e+01,2.476560592651367188e+01,2.214703750610351562e+01,2.604991149902343750e+01,2.559938812255859375e+01,2.261144256591796875e+01,2.451642990112304688e+01,2.629750823974609375e+01,1.873114776611328125e+01,1.401852416992187500e+01,1.721459197998046875e+01,1.943693923950195312e+01,9.828649520874023438e+00,2.095376253128051758e+00,5.610867500305175781e+00,1.308214092254638672e+01,1.378799057006835938e+01,1.065283679962158203e+01,1.074485588073730469e+01,1.039619445800781250e+01,8.714088439941406250e+00,5.740493774414062500e+00,6.265440940856933594e+00,9.407943725585937500e+00,1.114401721954345703e+01,1.371277427673339844e+01,2.424397659301757812e+01,3.107440185546875000e+01,2.724190521240234375e+01,1.343482017517089844e+01,5.924300670623779297e+00,1.826670074462890625e+01,1.265472030639648438e+01,3.959400892257690430e+00,5.884953141212463379e-01,1.309356689453125000e+01,1.626074981689453125e+01,1.526231193542480469e+01,7.024731636047363281e+00,-2.312123060226440430e+00,-1.820387959480285645e+00,-8.683336257934570312e+00,-2.195367813110351562e+01,-2.466930770874023438e+01,-1.734782981872558594e+01,-1.092795467376708984e+01,-7.795714855194091797e+00,-9.016290664672851562e+00,-8.595915436744689941e-01,1.911455154418945312e+00,2.193582534790039062e+00,1.278029251098632812e+01,1.505346202850341797e+01,1.007525062561035156e+01,5.407341003417968750e+00,-4.358885884284973145e-01,-2.392764329910278320e+00,3.325720310211181641e+00,8.518690109252929688e+00,1.237746715545654297e+01,1.328169822692871094e+01,1.526542091369628906e+01,7.844768524169921875e+00,7.856743812561035156e+00,7.180419921875000000e+00,8.865900039672851562e+00,9.838418006896972656e+00,1.043556976318359375e+01,1.048460197448730469e+01,7.322450637817382812e+00,1.017375183105468750e+01,1.445850372314453125e+01,1.388316059112548828e+01,9.502978324890136719e+00,-5.295079231262207031e+00,-1.797501373291015625e+01,-1.419647216796875000e+01,-9.225236892700195312e+00,-3.968457221984863281e+00,-1.600436091423034668e+00,1.045845603942871094e+01,1.808423233032226562e+01,1.251592063903808594e+01,4.400789260864257812e+00,-8.424530029296875000e+00,-1.588128852844238281e+01,-1.633927536010742188e+01,-1.917754745483398438e+01,-1.433500766754150391e+01,5.000591278076171875e-01,6.848587989807128906e+00,1.098283767700195312e+01,1.394299697875976562e+01,1.624765205383300781e+01,8.006851196289062500e+00,-1.384791946411132812e+01,-2.579303741455078125e+01,-2.724980735778808594e+01,-2.167275238037109375e+01,-1.582865715026855469e+01,-2.201253128051757812e+01,-1.787401771545410156e+01,-1.456737899780273438e+01,-1.729106903076171875e+01,-1.892417335510253906e+01,-1.362792587280273438e+01,-1.659116744995117188e+01,-2.200979232788085938e+01,-2.420544433593750000e+01,-1.365686893463134766e+01,-5.496836185455322266e+00,-1.759267687797546387e+00,-7.843819618225097656e+00,-1.429498481750488281e+01,-1.336533355712890625e+01,-1.066851234436035156e+01,-1.061278343200683594e+01,-1.308609008789062500e+01,-1.158156108856201172e+01,-6.141670703887939453e+00,-1.208173274993896484e+00,3.197061538696289062e+00,9.225921630859375000e+00,5.477741718292236328e+00,6.886529922485351562e+00,6.203335285186767578e+00,4.536397457122802734e+00,5.479583740234375000e+00,2.064993667602539062e+01,2.198940658569335938e+01,1.726124763488769531e+01,1.573742198944091797e+01,4.828121185302734375e+00,1.402168750762939453e+00,1.993785619735717773e+00,-5.901896357536315918e-01,-1.626857280731201172e+00,-3.150310993194580078e+00,-1.583471679687500000e+01,-1.532634830474853516e+01,2.665009975433349609e+00,1.725363540649414062e+01,2.238905334472656250e+01,2.039974784851074219e+01,1.339953899383544922e+01,1.319536018371582031e+01,1.512722682952880859e+01,1.521570777893066406e+01,1.770371627807617188e+01,1.443823528289794922e+01,1.253620910644531250e+01,7.432660102844238281e+00,-1.643898391723632812e+01,-1.565360450744628906e+01,-5.991944313049316406e+00,-8.473051071166992188e+00,1.422458887100219727e+00,1.477754306793212891e+01,1.771315193176269531e+01,1.482179927825927734e+01,1.287630844116210938e+01,1.521351528167724609e+01,1.683543586730957031e+01,6.838698387145996094e+00,1.060676670074462891e+01,1.409412384033203125e+01,2.032182693481445312e+01,1.855319976806640625e+01,8.797820091247558594e+00,8.668871521949768066e-01,3.454566717147827148e+00,1.372521781921386719e+01,1.564196491241455078e+01,5.354748249053955078e+00,5.460753440856933594e+00,9.287759780883789062e+00,1.292940902709960938e+01,1.298231124877929688e+01,1.097242164611816406e+01,1.343629264831542969e+01,1.318928337097167969e+01,1.225091552734375000e+01,1.658958816528320312e+01,1.153217983245849609e+01,7.396982192993164062e+00,1.305238914489746094e+01,1.595153808593750000e+01,9.422872543334960938e+00,8.708084106445312500e+00,9.821531295776367188e+00,1.305594253540039062e+01,1.077472305297851562e+01,9.533742904663085938e+00,1.335744857788085938e+01,1.199523258209228516e+01,-5.956858634948730469e+00,-1.918355941772460938e+01,-3.104489898681640625e+01,-2.739424514770507812e+01,-8.455123901367187500e+00,3.148159265518188477e+00,3.154896974563598633e+00,-5.364453315734863281e+00,-2.007076263427734375e+01,-1.648811721801757812e+01,-5.332358479499816895e-01,2.730381786823272705e-01,2.514837265014648438e+00,-8.615154027938842773e-01,-6.527155399322509766e+00,3.652180194854736328e+00,8.051778793334960938e+00,-1.075422763824462891e-01,7.521944642066955566e-01,-4.626913070678710938e+00,-1.249977874755859375e+01,-1.389046192169189453e+01,-1.724816703796386719e+01,-1.510388946533203125e+01,6.799381256103515625e+00,1.679189491271972656e+01,1.405434417724609375e+01,1.094025802612304688e+01,9.400078773498535156e+00,1.342323017120361328e+01,1.433422088623046875e+01,1.420191764831542969e+01,1.196853637695312500e+01,1.016271591186523438e+01,2.171958351135253906e+01,1.670231628417968750e+01,7.305363655090332031e+00,1.484934568405151367e+00,-3.044841289520263672e+00,-3.081567764282226562e+00,4.498081684112548828e+00,1.916355895996093750e+01,2.693225860595703125e+01,1.886780166625976562e+01,1.459359550476074219e+01,1.547402954101562500e+01,1.739760971069335938e+01,8.095915794372558594e+00,-4.115361213684082031e+00,-3.611766815185546875e+00,2.118705749511718750e+00,-4.106453895568847656e+00,-2.465226888656616211e+00,4.096740484237670898e-02,-7.955860137939453125e+00,-1.207422447204589844e+01,-8.545794486999511719e+00,-3.867858886718750000e+00,8.326318740844726562e+00,1.445613479614257812e+01,1.338598060607910156e+01,6.524557113647460938e+00,2.194112539291381836e+00,1.206967926025390625e+01,2.081888198852539062e+01,2.057965469360351562e+01,1.800489234924316406e+01,1.965200042724609375e+01,1.972440338134765625e+01,1.059779357910156250e+01,5.152618408203125000e+00,6.692603111267089844e+00,7.736044883728027344e+00,1.004861640930175781e+01,4.098224639892578125e+00,-8.500344753265380859e-01,2.142199516296386719e+00,1.206452178955078125e+01,1.971205711364746094e+01,1.899667358398437500e+01,1.439196395874023438e+01,1.551122093200683594e+01,1.596461677551269531e+01,1.449511718750000000e+01,1.317556667327880859e+01,1.773707580566406250e+01,1.646706199645996094e+01,1.293972396850585938e+01,1.618315505981445312e+01,1.788339805603027344e+01,1.485705566406250000e+01,1.562774848937988281e+01,1.607674026489257812e+01,1.925354576110839844e+01,1.640867424011230469e+01,1.422086811065673828e+01,9.969093322753906250e+00,3.981783390045166016e+00,2.104950428009033203e+00,7.385581016540527344e+00,1.356860160827636719e+01,1.554845237731933594e+01,1.843365073204040527e+00,-4.148107528686523438e+00,-4.379840850830078125e+00,-9.712730407714843750e+00,-1.437018013000488281e+01,-1.703530120849609375e+01,-1.729082489013671875e+01,-1.239041900634765625e+01,-8.272288322448730469e+00,-9.198009490966796875e+00,9.809955954551696777e-02,5.676200389862060547e+00,4.405324935913085938e+00,9.187241554260253906e+00,1.343336677551269531e+01,5.908538818359375000e+00,1.201022529602050781e+01,2.244111633300781250e+01,2.312611770629882812e+01,1.304847717285156250e+01,1.316967391967773438e+01,1.830754089355468750e+01,2.304347610473632812e+01,3.156407356262207031e+01,3.430721282958984375e+01,2.800769424438476562e+01,2.122892761230468750e+01,4.339820861816406250e+00,-2.462329268455505371e-01,8.265607833862304688e+00,1.344794464111328125e+01,1.054231262207031250e+01,7.432544708251953125e+00,5.097722053527832031e+00,5.074881553649902344e+00,9.902238845825195312e+00,1.147673702239990234e+01,9.036973953247070312e+00,8.302135467529296875e+00,7.525386333465576172e+00,8.183908462524414062e+00,8.957477569580078125e+00,1.122760677337646484e+01,7.862107276916503906e+00,6.921868801116943359e+00,8.006458282470703125e+00,9.577448844909667969e+00,9.605057716369628906e+00,9.342245101928710938e+00,9.576462745666503906e+00,1.613178634643554688e+01,1.419354057312011719e+01,1.419820022583007812e+01,1.527750778198242188e+01,1.642680740356445312e+01,1.152289581298828125e+01,1.721967697143554688e+01,1.742051124572753906e+01,-7.127946853637695312e+00,-1.559959316253662109e+01,-1.317185878753662109e+01,-1.297052669525146484e+01,-2.124989032745361328e+00,6.174362182617187500e+00,3.037391185760498047e+00,-3.210342526435852051e-01,-2.346257448196411133e+00,-1.914530563354492188e+01,-2.481684494018554688e+01,-2.444061851501464844e+01,-1.461599445343017578e+01,-2.273922920227050781e+00,3.377480983734130859e+00,2.571073055267333984e+00,-3.710835933685302734e+00,-4.922687530517578125e+00,4.126157283782958984e+00,6.746871948242187500e+00,-3.660704851150512695e+00,-1.735418891906738281e+01,-2.341474533081054688e+01,-2.186019515991210938e+01,-1.448079395294189453e+01,-1.669985198974609375e+01,-1.159296417236328125e+01,-4.166804313659667969e+00,-1.255776762962341309e+00,9.142024993896484375e+00,-2.876619815826416016e+00,-1.025797462463378906e+01,-8.627824783325195312e+00,-2.045007944107055664e-01,-5.996232628822326660e-01,-3.829379796981811523e+00,-7.406906127929687500e+00,-8.933500289916992188e+00,-8.744436264038085938e+00,-8.468320846557617188e+00,-1.071875381469726562e+01,1.375876188278198242e+00,6.744616031646728516e+00,3.907420396804809570e+00,-4.416025876998901367e-01,3.148474693298339844e+00,6.538719177246093750e+00,1.044993877410888672e+01,1.270660591125488281e+01,7.371072292327880859e+00,-2.653878688812255859e+00,-1.264693260192871094e+01,-2.350233840942382812e+01,-2.343134689331054688e+01,-2.314632225036621094e+01,-1.546362876892089844e+01,-1.918071746826171875e+01,-2.608004760742187500e+01,-2.313889312744140625e+01,-2.082924079895019531e+01,-2.159919357299804688e+01,-2.571508026123046875e+01,-1.516543006896972656e+01,2.527759790420532227e+00,1.979373550415039062e+01,2.452315139770507812e+01,2.144244766235351562e+01,1.509844017028808594e+01,-2.515941858291625977e+00,-8.369679450988769531e+00,-9.964620590209960938e+00,-4.885540008544921875e+00,-5.949163436889648438e+00,-4.251770973205566406e+00,1.012694931030273438e+01,2.187111663818359375e+01,2.908985137939453125e+01,3.437661743164062500e+01,3.356412887573242188e+01,3.249489593505859375e+01,3.247002410888671875e+01,3.110195922851562500e+01,2.861417961120605469e+01,2.479604339599609375e+01,2.161248016357421875e+01,2.092501068115234375e+01,1.581906700134277344e+01,2.713770294189453125e+01,3.293005371093750000e+01,3.246660232543945312e+01,2.329454040527343750e+01,1.333414268493652344e+01,1.464091491699218750e+01,1.012103557586669922e+01,1.022780799865722656e+01,9.875564575195312500e+00,-4.184530973434448242e-01,-6.536140441894531250e+00,-5.397095680236816406e+00,1.272768378257751465e+00,1.201707959175109863e+00,3.859237670898437500e+00,6.100291252136230469e+00,5.309949874877929688e+00,6.689722061157226562e+00,9.578935623168945312e+00,7.476499557495117188e+00,4.283318042755126953e+00,7.278755187988281250e+00,7.975819110870361328e+00,6.057129383087158203e+00,1.859935045242309570e+00,7.649437785148620605e-01,-2.633063793182373047e+00,-4.286283016204833984e+00,2.420556306838989258e+00,9.132333755493164062e+00,2.953926563262939453e+00,6.256487846374511719e+00,9.675136566162109375e+00,1.501781845092773438e+01,1.831523895263671875e+00,-2.024119949340820312e+01,-2.203391265869140625e+01,-1.068307495117187500e+01,2.349989891052246094e+00,1.021622276306152344e+01,1.344482898712158203e+01,1.140544891357421875e+01,2.847508192062377930e+00,-2.154275894165039062e+00,-7.711017608642578125e+00,-1.028721618652343750e+01,-6.146177291870117188e+00,-6.318327426910400391e+00,-2.599524974822998047e+00,1.425393462181091309e+00,1.081656265258789062e+01,8.666975021362304688e+00,8.655490875244140625e+00,4.283301353454589844e+00,6.507617473602294922e+00,9.474241256713867188e+00,9.508157730102539062e+00,7.230592250823974609e+00,2.842156887054443359e+00,9.006156921386718750e+00,8.867412567138671875e+00,6.424306869506835938e+00,4.173276424407958984e+00,5.425211906433105469e+00,6.918972015380859375e+00,7.392035484313964844e+00,1.265647506713867188e+01,9.894751548767089844e+00,1.488889884948730469e+01,1.413738059997558594e+01,1.260490989685058594e+01,1.146148109436035156e+01,1.279814243316650391e+01,1.673008537292480469e+01,1.645989418029785156e+01,2.047345733642578125e+01,2.115649414062500000e+01,2.393586921691894531e+01,2.148778343200683594e+01,1.552320575714111328e+01,1.316097450256347656e+01,1.455414962768554688e+01,2.280804443359375000e+01,2.602127838134765625e+01,2.557911109924316406e+01,2.635233879089355469e+01,2.455286407470703125e+01,2.114723396301269531e+01,2.002785491943359375e+01,2.565108489990234375e+01,2.974096298217773438e+01,2.794754791259765625e+01,1.278238677978515625e+01,-2.072718143463134766e+00,-6.140974044799804688e+00,-6.194783210754394531e+00,2.313097953796386719e+00,6.202415466308593750e+00,2.883431911468505859e+00,1.587790608406066895e+00,3.592088222503662109e-01,6.892927169799804688e+00,2.091405868530273438e+01,2.376553535461425781e+01,1.843997001647949219e+01,1.269959068298339844e+01,1.180276584625244141e+01,1.362272357940673828e+01,1.409150886535644531e+01,1.521869659423828125e+01,9.314841270446777344e+00,6.105357170104980469e+00,-2.140571117401123047e+00,-6.101327896118164062e+00,-8.806755542755126953e-01,-2.060862302780151367e+00,3.334798336029052734e+00,1.103824043273925781e+01,1.298015880584716797e+01,-3.145600557327270508e+00,-1.475185012817382812e+01,-1.085125350952148438e+01,-5.069345474243164062e+00,-1.307054877281188965e+00,2.444655299186706543e-01,7.372773289680480957e-01,-4.029626846313476562e+00,-1.104278659820556641e+01,-5.191676139831542969e+00,-1.609564125537872314e-01,-1.407652759552001953e+01,-2.082006263732910156e+01,-2.633251380920410156e+01,-3.124330902099609375e+01,-3.170508193969726562e+01,-3.279274368286132812e+01,-2.362871551513671875e+01,-3.150638580322265625e+00,1.278662681579589844e+01,2.122900962829589844e+01,1.392389774322509766e+01,9.780928611755371094e+00,1.001478958129882812e+01,1.632803344726562500e+01,1.812960052490234375e+01,1.950088119506835938e+01,1.208011245727539062e+01,7.095934867858886719e+00,7.089527130126953125e+00,8.871413230895996094e+00,9.584177017211914062e+00,1.126527976989746094e+01,1.241488265991210938e+01,1.260989952087402344e+01,1.464674186706542969e+01,1.373377418518066406e+01,1.247367286682128906e+01,8.204056739807128906e+00,3.034953594207763672e+00,4.768902301788330078e+00,1.864522552490234375e+01,2.475064849853515625e+01,2.581070327758789062e+01,2.034617805480957031e+01,1.486492156982421875e+01,4.539485454559326172e+00,-7.405284404754638672e+00,-1.267327880859375000e+01,-9.701082229614257812e+00,-1.074489593505859375e+01,-4.901098728179931641e+00,4.567919731140136719e+00,8.304595947265625000e+00,6.108143806457519531e+00,3.228044986724853516e+00,6.928083419799804688e+00,5.179040908813476562e+00,3.864061117172241211e+00,5.043624401092529297e+00,8.434223175048828125e+00,1.002108383178710938e+01,1.347855186462402344e+01,1.464253616333007812e+01,7.276509284973144531e+00,-9.646706581115722656e-01,-2.114893794059753418e-01,7.144159674644470215e-01,5.881941795349121094e+00,1.186062240600585938e+01,2.239690780639648438e+00,8.075878143310546875e+00,1.664649391174316406e+01,2.471439743041992188e+01,2.769607925415039062e+01,3.337800598144531250e+01,2.757433319091796875e+01,1.452380371093750000e+01,4.496454238891601562e+00,-6.098450660705566406e+00,-6.038154602050781250e+00,-1.382038831710815430e+00,-1.540592193603515625e+00,-1.049105644226074219e+01,-1.307385444641113281e+01,1.869243979454040527e-01,1.547417068481445312e+01,2.053060913085937500e+01,1.709326553344726562e+01,7.716007709503173828e+00,6.092335224151611328e+00,1.006371688842773438e+01,7.465671539306640625e+00,6.988288879394531250e+00,1.342843437194824219e+01,1.871650695800781250e+01,2.310980987548828125e+01,2.466630554199218750e+01,2.159473037719726562e+01,1.592845249176025391e+01,1.326455116271972656e+01,1.288064002990722656e+01,1.079673194885253906e+01,1.450578308105468750e+01,1.108436965942382812e+01,-5.506308555603027344e+00,-3.027043342590332031e+00,3.896637439727783203e+00,1.022200012207031250e+01,1.142581272125244141e+01,9.047996520996093750e+00,2.434580802917480469e+00,1.181456804275512695e+00,2.605367422103881836e+00,1.247483730316162109e+01,2.096465301513671875e+01,1.880116653442382812e+01,1.124214649200439453e+01,1.703116226196289062e+01,2.237177848815917969e+01,1.427696418762207031e+01,3.362811803817749023e+00,7.752199649810791016e+00,1.048226165771484375e+01,9.950609207153320312e+00,1.147057056427001953e+01,1.354253959655761719e+01,1.574141883850097656e+01,1.137331295013427734e+01,8.064561843872070312e+00,8.472322463989257812e+00,4.788092136383056641e+00,-1.015417671203613281e+01,-2.415810394287109375e+01,-2.175974655151367188e+01,-4.380417823791503906e+00,1.753742027282714844e+01,2.521237945556640625e+01,2.466092300415039062e+01,2.340363502502441406e+01,2.002025794982910156e+01,2.139398574829101562e+01,9.276849746704101562e+00,5.569264888763427734e+00,6.945652008056640625e+00,2.137581253051757812e+01,3.686302947998046875e+01,3.758221435546875000e+01,2.339088630676269531e+01,4.108614921569824219e+00,1.109354019165039062e+01,1.863381576538085938e+01,2.185873794555664062e+01,2.508585739135742188e+01,2.805054664611816406e+01,3.167094612121582031e+01,3.956686019897460938e+01,4.085725784301757812e+01,3.222370529174804688e+01,2.443981552124023438e+01,2.037760925292968750e+01,2.450349235534667969e+01,2.346686172485351562e+01,1.344149208068847656e+01,8.974740028381347656e+00,9.585908889770507812e+00,1.418161964416503906e+01,1.735343360900878906e+01,1.632643508911132812e+01,1.616185379028320312e+01,1.610896682739257812e+01,9.169384956359863281e+00,-1.277274250984191895e+00,-2.433116912841796875e+00,-3.445658922195434570e+00,-1.560448169708251953e+00,2.622199773788452148e+00,6.389552116394042969e+00,4.915851116180419922e+00,1.213754415512084961e-01,-3.289246559143066406e+00,-2.226423740386962891e+00,1.263686180114746094e+00,3.624335289001464844e+00,6.862376213073730469e+00,5.443351745605468750e+00,3.904420137405395508e+00,9.679995179176330566e-01,2.890145778656005859e-01,3.544139862060546875e-02,9.021464586257934570e-01,4.700354099273681641e+00,6.514836311340332031e+00,8.253625869750976562e+00,5.533047199249267578e+00,9.008565902709960938e+00,1.063191986083984375e+01,1.214915275573730469e+01,1.451362800598144531e+01,1.561769676208496094e+01,1.116116809844970703e+01,1.176942443847656250e+01,1.576722526550292969e+01,1.237204933166503906e+01,7.599201202392578125e+00,7.993927001953125000e+00,1.023089981079101562e+01,1.850116491317749023e+00,-2.950061321258544922e+00,-5.986209869384765625e+00,5.402362346649169922e-01,1.278884220123291016e+01,1.256464004516601562e+01,-1.629700660705566406e+00,-4.765237808227539062e+00,-5.908170700073242188e+00,-3.140173554420471191e-01,-1.287761449813842773e+00,-6.704215526580810547e+00,-5.091196060180664062e+00,4.838485717773437500e+00,4.224211215972900391e+00,-7.542653083801269531e+00,-1.444367313385009766e+01,-1.355272674560546875e+01,-1.236385536193847656e+01,-3.989830493927001953e+00,5.525793075561523438e+00,1.082994461059570312e+01,6.806516647338867188e+00,2.611074924468994141e+00,2.632936716079711914e+00,-8.713884353637695312e+00,-1.529831600189208984e+01,-1.044573974609375000e+01,-4.560349941253662109e+00,-9.818403244018554688e+00,-5.044323444366455078e+00,9.505556106567382812e+00,1.252752876281738281e+01,9.320241928100585938e+00,1.414029693603515625e+01,1.069493293762207031e+01,9.588541030883789062e+00,1.598275089263916016e+01,1.925326156616210938e+01,1.792843818664550781e+01,1.170017242431640625e+01,5.328335762023925781e+00,1.294525337219238281e+01,1.233071899414062500e+01,1.129376125335693359e+01,1.519717788696289062e+01,1.331037330627441406e+01,7.511396408081054688e+00,-1.207480669021606445e+00,-8.510446548461914062e+00,-1.428820323944091797e+01,-1.351336669921875000e+01,-1.184062194824218750e+01,-7.716207981109619141e+00,-8.889310836791992188e+00,-1.616833305358886719e+01,-1.370500659942626953e+01,-3.830648958683013916e-01,8.094887733459472656e+00,7.569115638732910156e+00,-1.504194140434265137e-01,2.102584838867187500e+00,7.570368766784667969e+00,1.044416809082031250e+01,1.235769081115722656e+01,1.230632781982421875e+01,9.467814445495605469e+00,4.356518745422363281e+00,1.808076500892639160e+00,4.944283485412597656e+00,1.206056356430053711e+00,-2.469031810760498047e-01,9.740403890609741211e-01,7.493700385093688965e-01,8.093180656433105469e-01,7.324955463409423828e-01,2.825930118560791016e-01,-5.989050865173339844e-02,-2.503105878829956055e+00,-4.948297142982482910e-01,-1.508715271949768066e+00,-7.043391704559326172e+00,-1.667740631103515625e+01,-1.954168510437011719e+01,-1.637523460388183594e+01,-1.381475067138671875e+01,-1.091945648193359375e+01,-7.199505805969238281e+00,-3.930650234222412109e+00,1.380073189735412598e+00,-6.244003772735595703e-03,-9.326543807983398438e+00,-1.555434703826904297e+01,-1.007885742187500000e+01,-1.534426689147949219e+01,-2.418053245544433594e+01,-2.030941200256347656e+01,-1.566525840759277344e+01,-4.101879596710205078e+00,-6.878125190734863281e+00,-1.743247795104980469e+01,-1.170119857788085938e+01,-2.081801223754882812e+01,-3.007454872131347656e+01,-2.528657531738281250e+01,-1.142170715332031250e+01,-2.429093122482299805e+00,5.488306522369384766e+00,2.220837020874023438e+01,3.109389686584472656e+01,2.939503097534179688e+01,2.729022789001464844e+01,2.344529724121093750e+01,2.503360557556152344e+01,2.895284461975097656e+01,2.836013793945312500e+01,2.533128356933593750e+01,2.459521484375000000e+01,2.366799545288085938e+01,1.620321083068847656e+01,5.513422966003417969e+00,-5.073345303535461426e-01,-3.473663806915283203e+00,-8.827068328857421875e+00,-1.296506786346435547e+01,-1.851245880126953125e+01,-1.413275432586669922e+01,-7.991148948669433594e+00,-2.972165584564208984e+00,-1.867188140749931335e-02,2.189409732818603516e+00,4.562197685241699219e+00,4.885613918304443359e+00,2.146531820297241211e+00,-6.853663921356201172e+00,-7.205552101135253906e+00,-7.009495735168457031e+00,-7.935637950897216797e+00,-8.799207687377929688e+00,-5.848252296447753906e+00,-5.188611149787902832e-01,-2.761797428131103516e+00,-4.188294410705566406e+00,-3.945425033569335938e+00,-5.580418705940246582e-01,-2.551895618438720703e+00,5.249104022979736328e+00,8.371172904968261719e+00,8.420458793640136719e+00,1.637716865539550781e+01,2.482923507690429688e+01,2.899006271362304688e+01,2.721585273742675781e+01,2.982125473022460938e+01,3.128405761718750000e+01,2.964967727661132812e+01,1.269158554077148438e+01,4.868070125579833984e+00,1.006525230407714844e+01,1.049355697631835938e+01,1.024167633056640625e+01,9.349884033203125000e+00,5.458572506904602051e-01,-1.720395207405090332e+00,1.533043479919433594e+01,3.195403289794921875e+01,3.940883636474609375e+01,2.840681457519531250e+01,1.166800498962402344e+01,1.109639739990234375e+01,1.484208869934082031e+01,1.711377143859863281e+01,1.061753082275390625e+01,8.045634269714355469e+00,9.260772705078125000e+00,5.210878252983093262e-01,-8.652705192565917969e+00,-1.420788884162902832e+00,4.979762077331542969e+00,1.059440612792968750e+01,1.891389846801757812e+01,2.053288269042968750e+01,2.004471778869628906e+01,1.951169586181640625e+01,1.829947853088378906e+01,2.289944458007812500e+01,1.671108245849609375e+01,6.434504508972167969e+00,1.112504005432128906e+01,1.342738533020019531e+01,1.693001174926757812e+01,2.018644332885742188e+01,2.233102416992187500e+01,2.496740531921386719e+01,3.448714447021484375e+01,3.998051452636718750e+01,3.291445159912109375e+01,1.827401351928710938e+01,2.840542793273925781e+01,3.379437255859375000e+01,3.277020645141601562e+01,2.397001075744628906e+01,1.802982521057128906e+01,2.024335098266601562e+01,1.898413848876953125e+01,1.799303817749023438e+01,1.567315292358398438e+01,1.328006076812744141e+01,1.358962440490722656e+01,1.244435024261474609e+01,1.252459526062011719e+01,1.272602462768554688e+01,9.635728836059570312e+00,9.752281188964843750e+00,1.325055885314941406e+01,1.336764907836914062e+01,1.293952655792236328e+01,1.470364379882812500e+01,8.989535331726074219e+00,4.462807655334472656e+00,4.324531555175781250e+00,8.213748931884765625e+00,9.661294937133789062e+00,7.933191299438476562e+00,1.103066062927246094e+01,1.170691108703613281e+01,1.187866783142089844e+01,1.212057304382324219e+01,9.095823287963867188e+00,6.865920543670654297e+00,1.040748214721679688e+01,9.474147796630859375e+00,1.230912017822265625e+01,1.152613925933837891e+01,1.629088521003723145e+00,-1.596135854721069336e+00,7.858740806579589844e+00,1.275212097167968750e+01,1.402049350738525391e+01,1.254291915893554688e+01,1.178633880615234375e+01,4.414409160614013672e+00,5.644004344940185547e-01,-6.972198486328125000e+00,-8.906555175781250000e+00,-6.653700351715087891e+00,-6.484884738922119141e+00,-6.049164295196533203e+00,5.178473472595214844e+00,1.925159645080566406e+01,3.120842742919921875e+01,3.842598342895507812e+01,3.493425750732421875e+01,2.652239608764648438e+01,1.453951358795166016e+01,3.528808116912841797e+00,-6.562516212463378906e+00,-6.886583566665649414e-01,6.229402542114257812e+00,1.792908477783203125e+01,2.764405441284179688e+01,3.461674499511718750e+01,2.538937377929687500e+01,1.840541458129882812e+01,1.701059341430664062e+01,1.730267715454101562e+01,9.650395393371582031e+00,5.396101951599121094e+00,2.467774868011474609e+00,-5.483216047286987305e-02,-4.569298744201660156e+00,-2.233039379119873047e+00,7.426928520202636719e+00,2.847517585754394531e+01,3.378733062744140625e+01,3.332647323608398438e+01,3.216846847534179688e+01,2.972028923034667969e+01,3.051363372802734375e+01,3.304647827148437500e+01,2.673092651367187500e+01,1.954139709472656250e+01,2.545427703857421875e+01,4.133469390869140625e+01,4.087027740478515625e+01,3.451409912109375000e+01,2.789106750488281250e+01,3.290621566772460938e+01,3.278891372680664062e+01,2.380132484436035156e+01,1.617613410949707031e+01,1.921619415283203125e+01,2.412952423095703125e+01,2.202755355834960938e+01,1.806585884094238281e+01,1.491115665435791016e+01,1.370304298400878906e+01,1.138573837280273438e+01,6.971074104309082031e+00,1.356049633026123047e+01,1.912650299072265625e+01,1.188506317138671875e+01,6.192064881324768066e-01,-2.993251800537109375e+00,-4.728271961212158203e+00,-2.784422159194946289e+00,8.374462127685546875e+00,1.423217010498046875e+01,2.100131225585937500e+01,2.851544189453125000e+01,3.077448654174804688e+01,3.429962158203125000e+01,3.502824401855468750e+01,3.453870010375976562e+01,3.310771179199218750e+01,3.041166687011718750e+01,3.016233062744140625e+01,2.227807235717773438e+01,1.304174232482910156e+01,2.274320125579833984e+00,2.494787216186523438e+00,1.295900917053222656e+01,1.911532211303710938e+01,1.958961105346679688e+01,1.011383342742919922e+01,2.987697422504425049e-01,6.338071823120117188e+00,4.303548336029052734e+00,-9.841222763061523438e-01,-6.073354244232177734e+00,-5.039422512054443359e+00,-7.231408596038818359e+00,-7.198847770690917969e+00,-1.064473533630371094e+01,-9.154362678527832031e+00,-4.759584903717041016e+00,4.808672904968261719e+00,8.692123413085937500e+00,1.615593194961547852e+00,-6.454367637634277344e+00,-2.415395498275756836e+00,9.242671966552734375e+00,1.125326728820800781e+01,1.439311313629150391e+01,8.690090179443359375e+00,2.583406925201416016e+00,2.812113046646118164e+00,4.001476764678955078e-01,-1.183464241027832031e+01,-1.114911365509033203e+01,-6.296170234680175781e+00,4.126060009002685547e+00,7.584162712097167969e+00,4.322268962860107422e+00,2.456704139709472656e+00,1.211118578910827637e+00,2.707539081573486328e+00,5.472173690795898438e+00,9.936544418334960938e+00,1.132245635986328125e+01,1.499033355712890625e+01,1.633706855773925781e+01,1.558790493011474609e+01,1.297244644165039062e+01,6.986706733703613281e+00,3.459090471267700195e+00,4.855708122253417969e+00,7.169742107391357422e+00,7.943475246429443359e+00,1.258180427551269531e+01,1.693212509155273438e+01,1.656173896789550781e+01,1.748939323425292969e+01,1.123586940765380859e+01,6.232807636260986328e+00,2.077499198913574219e+01,2.380893325805664062e+01,2.498940467834472656e+01,2.112830352783203125e+01,1.519102096557617188e+01,1.267778968811035156e+01,1.261123752593994141e+01,1.242157936096191406e+01,1.329514503479003906e+01,1.788360595703125000e+01,1.491869354248046875e+01,1.501191616058349609e+01,1.610134887695312500e+01,1.430418395996093750e+01,1.281839752197265625e+01,1.503889179229736328e+01,1.537443923950195312e+01,1.390611648559570312e+01,1.528382492065429688e+01,1.127896785736083984e+01,7.173439025878906250e+00,7.989004135131835938e+00,1.274976921081542969e+01,-5.600819587707519531e+00,-9.682685852050781250e+00,-1.504272460937500000e+01,-1.670216941833496094e+01,-1.438107681274414062e+01,-1.099908828735351562e+01,-5.120604515075683594e+00,5.798959732055664062e-01,8.457036972045898438e+00,1.231841278076171875e+01,2.372876167297363281e+00,-1.854680776596069336e+00,-3.251456022262573242e+00,-3.863985538482666016e+00,-1.367960691452026367e+00,5.089343070983886719e+00,9.602926254272460938e+00,1.621259307861328125e+01,2.154289627075195312e+01,2.243060684204101562e+01,2.217453765869140625e+01,2.326486968994140625e+01,2.149795150756835938e+01,2.588910293579101562e+01,2.301346015930175781e+01,1.024160385131835938e+01,2.148470401763916016e+00,-2.470639228820800781e+00,-1.306338787078857422e+00,1.589905738830566406e+00,3.670046091079711914e+00,-2.485327243804931641e+00,-5.439331054687500000e+00,-5.972941875457763672e+00,-6.491526603698730469e+00,-1.852454662322998047e+00,1.901429414749145508e+00,2.314343214035034180e+00,-7.383414506912231445e-01,-4.440415382385253906e+00,-2.198615312576293945e+00,-3.119149923324584961e+00,-1.713962912559509277e+00,5.666830062866210938e+00,1.019689464569091797e+01,1.147496604919433594e+01,1.515680313110351562e+01,1.410149574279785156e+01,6.814824104309082031e+00,3.892098903656005859e+00,-3.827111721038818359e+00,-4.570215225219726562e+00,-2.705089569091796875e+00,-5.052570343017578125e+00,-1.144051933288574219e+01,-1.488355827331542969e+01,-9.355129241943359375e+00,-7.572710037231445312e+00,-8.012311935424804688e+00,-6.363523006439208984e+00,-9.500926971435546875e+00,-8.969307899475097656e+00,-3.430277585983276367e+00,-9.438398480415344238e-02,1.241283774375915527e+00,2.091752529144287109e+00,2.492789745330810547e+00,-1.891564846038818359e+00,-5.956841468811035156e+00,-2.892304420471191406e+00,-9.712766647338867188e+00,-1.680327796936035156e+01,-1.185348510742187500e+01,-7.039575576782226562e+00,2.368751764297485352e+00,-1.253796696662902832e+00,-9.234699249267578125e+00,-2.043607139587402344e+01,-2.861038970947265625e+01,-2.817497634887695312e+01,-1.845486640930175781e+01,-9.279876708984375000e+00,-1.555718183517456055e+00,2.737639904022216797e+00,4.831269264221191406e+00,1.123600292205810547e+01,8.260162353515625000e+00,1.499570131301879883e+00,-1.635228395462036133e+00,-5.286632776260375977e-01,-2.198617219924926758e+00,-4.224760055541992188e+00,-4.162275791168212891e+00,-2.024759531021118164e+00,-1.483896970748901367e+00,1.486858248710632324e+00,4.071293354034423828e+00,8.003259658813476562e+00,1.021985435485839844e+01,1.684352111816406250e+01,1.537866783142089844e+01,1.679765129089355469e+01,1.472439765930175781e+01,1.553540039062500000e+01,1.527084255218505859e+01,1.750541305541992188e+01,2.049893569946289062e+01,2.015362167358398438e+01,9.295221328735351562e+00,6.344014167785644531e+00,8.292623519897460938e+00,1.039430999755859375e+01,4.697582244873046875e+00,-5.155312061309814453e+00,-7.043014526367187500e+00,-4.249670028686523438e+00,-4.124005317687988281e+00,-7.689060688018798828e+00,-1.752841377258300781e+01,-2.142202568054199219e+01,-1.312715435028076172e+01,-6.234693527221679688e+00,-2.536191463470458984e+00,-2.035255908966064453e+00,6.011034965515136719e+00,9.816204071044921875e+00,1.446668052673339844e+01,1.287277984619140625e+01,-3.646528720855712891e+00,-2.386265945434570312e+01,-2.588325119018554688e+01,-1.034541130065917969e+00,1.227242565155029297e+01,2.067381286621093750e+01,1.506016063690185547e+01,7.674022674560546875e+00,1.364930343627929688e+01,1.213448905944824219e+01,4.247707366943359375e+00,5.221823692321777344e+00,1.130773735046386719e+01,1.364420318603515625e+01,1.333381271362304688e+01,3.589409351348876953e+00,3.420746803283691406e+00,2.663460254669189453e+00,2.254230690002441406e+01,3.451461410522460938e+01,3.726345825195312500e+01,2.647871780395507812e+01,1.803196716308593750e+01,5.412754058837890625e+00,-9.169072151184082031e+00,-7.461277961730957031e+00,-4.911980628967285156e+00,-8.694284558296203613e-01,1.262846946716308594e+00,1.656784534454345703e+00,-3.298710346221923828e+00,-4.925227642059326172e+00,-3.671515226364135742e+00,-2.560642957687377930e+00,-2.834445476531982422e+00,2.761267185211181641e+00,1.064787387847900391e+01,9.175378799438476562e+00,9.164463043212890625e+00,1.691769790649414062e+01,2.070510864257812500e+01,2.794094848632812500e+01,2.812932968139648438e+01,2.567139816284179688e+01,1.645062828063964844e+01,1.092951774597167969e+00,8.464466333389282227e-01,-1.187114715576171875e+00,1.257538318634033203e+00,1.032426834106445312e+01,1.577578639984130859e+01,2.229627418518066406e+01,2.454014968872070312e+01,2.660223579406738281e+01,3.055788040161132812e+01,2.706547927856445312e+01,1.645034408569335938e+01,1.536034011840820312e+01,1.506914901733398438e+01,1.716616439819335938e+01,1.540166664123535156e+01,6.588611602783203125e+00,-6.317306518554687500e+00,-1.638450813293457031e+01,-1.759314727783203125e+01,-8.242900848388671875e+00,-1.205281829833984375e+01,-1.292788696289062500e+01,-2.095574188232421875e+01,-2.206452941894531250e+01,-2.045774459838867188e+01,-2.078956604003906250e+01,-1.623309707641601562e+01,-1.841339874267578125e+01,-2.211705780029296875e+01,-2.360688781738281250e+01,-2.325151062011718750e+01,-2.216400909423828125e+01,-2.189694404602050781e+01,-1.891283416748046875e+01,-1.452775001525878906e+01,-4.685591697692871094e+00,-1.718405604362487793e+00,-3.210478425025939941e-01,4.565809726715087891e+00,4.732187271118164062e+00,3.284656047821044922e+00,3.964039802551269531e+00,7.433798789978027344e+00,9.909242630004882812e+00,1.011451148986816406e+01,1.281830501556396484e+01,1.534245872497558594e+01,1.434247875213623047e+01,9.734745025634765625e+00,8.109804153442382812e+00,9.763984680175781250e+00,9.103940010070800781e+00,9.355173110961914062e+00,1.639357376098632812e+01,1.282261466979980469e+01,4.332895278930664062e+00,-1.548814296722412109e+00,-6.978090763092041016e+00,-7.508571624755859375e+00,9.611318111419677734e-01,4.704202651977539062e+00,9.290571212768554688e-01,-1.199072647094726562e+01,-2.466960144042968750e+01,-2.140229606628417969e+01,-1.253516006469726562e+01,-9.958207130432128906e+00,-1.298817253112792969e+01,-1.170379924774169922e+01,-7.680086135864257812e+00,-8.085463523864746094e+00,-8.878212928771972656e+00,-1.219679832458496094e+01,-1.686447525024414062e+01,-1.712609481811523438e+01,-9.546813964843750000e+00,-2.060879945755004883e+00,-3.338056802749633789e-01,5.467460632324218750e+00,1.302936363220214844e+01,1.816015625000000000e+01,1.825343704223632812e+01,1.357186317443847656e+01,1.758099746704101562e+01,2.315666198730468750e+01,2.298406600952148438e+01,2.025308036804199219e+01,5.157435894012451172e+00,-3.277520656585693359e+00,-1.772547721862792969e+00,4.681694030761718750e+00,9.755426406860351562e+00,1.564826393127441406e+01,2.098500442504882812e+01,2.380947494506835938e+01,2.385565948486328125e+01,2.210892295837402344e+01,2.050646209716796875e+01,1.609739303588867188e+01,1.107070446014404297e+01,1.088180923461914062e+01,1.001217269897460938e+01,1.429361915588378906e+01,2.951742744445800781e+01,3.908260345458984375e+01,4.041471862792968750e+01,2.956277847290039062e+01,2.344335556030273438e+01,1.362663841247558594e+01,9.512716293334960938e+00,3.779959201812744141e+00,-2.893541336059570312e+00,1.866109609603881836e+00,1.088747787475585938e+01,1.305740165710449219e+01,1.717864227294921875e+01,1.543233776092529297e+01,1.468178749084472656e+01,9.039725303649902344e+00,5.521243572235107422e+00,1.080376529693603516e+01,1.013176536560058594e+01,1.058823585510253906e+01,7.498369216918945312e+00,3.439136505126953125e+00,3.667618751525878906e+00,-8.901181221008300781e-01,-5.052021503448486328e+00,2.858604192733764648e-01,7.183214187622070312e+00,1.072329902648925781e+01,8.330370903015136719e+00,6.208746910095214844e+00,3.506886005401611328e+00,-2.309911549091339111e-01,-6.457707405090332031e+00,-7.309270858764648438e+00,-3.932951927185058594e+00,4.047903060913085938e+00,1.120232963562011719e+01,2.969193458557128906e+01,3.410009384155273438e+01,3.097315216064453125e+01,2.873384094238281250e+01,2.732572174072265625e+01,2.248011779785156250e+01,1.455195808410644531e+01,1.930734634399414062e+01,1.248554706573486328e+01,4.961564540863037109e+00,1.412413239479064941e+00,4.241069793701171875e+00,1.162374877929687500e+01,1.283087730407714844e+01,1.106647014617919922e+01,1.127587032318115234e+01,1.888744354248046875e+01,2.761921310424804688e+01,2.510936737060546875e+01,1.939886093139648438e+01,1.388881206512451172e+01,6.361371517181396484e+00,4.733855247497558594e+00,5.733952522277832031e+00,4.809679031372070312e+00,-2.084939479827880859e+00,-4.368537425994873047e+00,-1.137118721008300781e+01,-1.851324844360351562e+01,-2.083479309082031250e+01,-1.379401206970214844e+01,-4.431189894676208496e-01,1.239113450050354004e+00,-6.067805886268615723e-01,-2.933281064033508301e-01,1.882557868957519531e+00,1.006242752075195312e+01,1.052178192138671875e+01,9.314992904663085938e+00,1.169887065887451172e+01,1.079316711425781250e+01,5.659494400024414062e+00,8.748726844787597656e+00,8.765202522277832031e+00,3.885260105133056641e+00,6.329451560974121094e+00,4.103049278259277344e+00,3.317766666412353516e+00,8.443685531616210938e+00,1.202966594696044922e+01,1.922894477844238281e+01,2.632602691650390625e+01,2.892765426635742188e+01,2.312179946899414062e+01,1.454507160186767578e+01,7.171166419982910156e+00,1.021015548706054688e+01,1.611681747436523438e+01,1.098953247070312500e+01,-3.428013324737548828e-01,-8.964604377746582031e+00,-1.476046466827392578e+01,-6.123738288879394531e+00,-2.908959388732910156e-01,-5.618666410446166992e-01,-3.814491987228393555e+00,-1.911432981491088867e+00,-2.563827514648437500e+00,-4.400477886199951172e+00,-1.985106468200683594e+00,7.652401924133300781e+00,1.283105087280273438e+01,1.703615951538085938e+01,1.354604625701904297e+01,1.004714775085449219e+01,1.305831527709960938e+01,1.786752891540527344e+01,1.407396793365478516e+01,2.076136016845703125e+01,2.519303321838378906e+01,2.609845733642578125e+01,2.593513107299804688e+01,1.876918220520019531e+01,1.534545326232910156e+01,1.851025390625000000e+01,1.419106292724609375e+01,1.084492683410644531e+01,1.351941490173339844e+01,2.039448928833007812e+01,2.565063095092773438e+01,2.365229606628417969e+01,1.451352310180664062e+01,9.358016967773437500e+00,9.237340927124023438e+00,1.295361137390136719e+01,1.131161308288574219e+01,-2.611065864562988281e+00,-1.467224788665771484e+01,-1.885483169555664062e+01,-1.848618698120117188e+01,-1.884553527832031250e+01,-1.742143249511718750e+01,-7.633063316345214844e+00,2.443856716156005859e+00,1.512819766998291016e+01,2.548629188537597656e+01,2.644983291625976562e+01,1.733537101745605469e+01,3.688930034637451172e+00,2.525873661041259766e+00,1.912091076374053955e-01,6.796656847000122070e-01,1.362893486022949219e+01,2.215605354309082031e+01,2.536737060546875000e+01,2.578157806396484375e+01,2.619568252563476562e+01,1.234930133819580078e+01,-1.671578884124755859e+00,-9.575355529785156250e+00,4.177619934082031250e+00,1.768293762207031250e+01,2.350765991210937500e+01,2.677145767211914062e+01,2.420878982543945312e+01,2.102161788940429688e+01,9.370721817016601562e+00,-5.118157863616943359e-01,2.062630653381347656e+00,1.061685562133789062e+01,1.755618667602539062e+01,1.713242149353027344e+01,1.313548278808593750e+01,7.622996330261230469e+00,1.083580780029296875e+01,1.673160171508789062e+01,7.919190406799316406e+00,1.417463779449462891e+01,2.103073883056640625e+01,2.086325263977050781e+01,1.828283691406250000e+01,5.454133033752441406e+00,-8.055698394775390625e+00,-1.819925689697265625e+01,-1.890434265136718750e+01,-1.628516197204589844e+01,-1.329902076721191406e+01,7.868947386741638184e-01,6.738148689270019531e+00,1.139597320556640625e+01,1.398455810546875000e+01,1.558914756774902344e+01,1.768932914733886719e+01,2.050650024414062500e+01,1.434619617462158203e+01,9.908700942993164062e+00,5.591783523559570312e+00,1.482177138328552246e+00,4.895697832107543945e-01,-8.007994890213012695e-01,5.975362777709960938e+00,6.182336330413818359e+00,1.581126570701599121e+00,6.458832740783691406e+00,1.136095809936523438e+01,1.132207679748535156e+01,1.550399398803710938e+01,2.082325553894042969e+01,1.977904510498046875e+01,2.146889495849609375e+01,1.853078079223632812e+01,8.734798431396484375e+00,1.026496791839599609e+01,1.688966751098632812e+01,1.785778236389160156e+01,1.549179840087890625e+01,1.048840045928955078e+01,1.079736137390136719e+01,1.465500926971435547e+01,1.663255882263183594e+01,1.316103744506835938e+01,1.289478874206542969e+01,5.079760551452636719e+00,6.575383663177490234e+00,7.934512138366699219e+00,1.352115726470947266e+01,1.066063022613525391e+01,1.068626594543457031e+01,1.062538337707519531e+01,1.463498687744140625e+01,1.233055114746093750e+01,1.402359294891357422e+01,1.545112228393554688e+01,1.618044662475585938e+01,1.457050323486328125e+01,1.727953338623046875e+01,1.810822486877441406e+01,1.645464515686035156e+01,2.663160324096679688e+01,2.940052413940429688e+01,2.410797500610351562e+01,1.374997329711914062e+01,2.265151977539062500e+01,3.198258781433105469e+01,2.381390762329101562e+01,1.605073165893554688e+01,2.423789024353027344e+01,3.269379425048828125e+01,3.885836029052734375e+01,3.493434143066406250e+01,2.658476257324218750e+01,2.518999290466308594e+01,2.697650527954101562e+01,2.656188392639160156e+01,2.401779556274414062e+01,2.664315462112426758e+00,-1.609641075134277344e+01,-1.594403076171875000e+01,-7.529420852661132812e+00,1.730515062808990479e-02,1.205403137207031250e+01,2.109070587158203125e+01,1.866035461425781250e+01,2.123352432250976562e+01,2.051854324340820312e+01,1.962754440307617188e+01,1.567824745178222656e+01,1.345766258239746094e+01,7.619228363037109375e+00,6.755402565002441406e+00,8.280691146850585938e+00,9.723535537719726562e+00,1.889931106567382812e+01,2.396699142456054688e+01,2.226852226257324219e+01,2.199454116821289062e+01,2.914895057678222656e+01,2.967954635620117188e+01,2.896799468994140625e+01,2.608040618896484375e+01,7.327023983001708984e+00,1.300638914108276367e-01,7.569916248321533203e-01,6.178890228271484375e+00,4.097849369049072266e+00,3.906565427780151367e+00,5.636031150817871094e+00,-8.958109617233276367e-01,6.621596217155456543e-01,1.105537605285644531e+01,2.324676513671875000e+01,2.048022079467773438e+01,1.156984329223632812e+01,7.727032661437988281e+00,1.641820144653320312e+01,2.028728866577148438e+01,1.414770030975341797e+01,1.303541564941406250e+01,1.354613113403320312e+01,6.639453887939453125e+00,1.563292741775512695e+00,5.998601436614990234e+00,1.102751922607421875e+01,7.136656284332275391e+00,6.100942611694335938e+00,3.414635181427001953e+00,-5.472438335418701172e+00,-1.034930801391601562e+01,-6.079210281372070312e+00,-6.102891921997070312e+00,-2.940036773681640625e+00,9.344751358032226562e+00,1.127342224121093750e+01,3.667572021484375000e+00,6.148500919342041016e+00,8.262883186340332031e+00,4.207359313964843750e+00,-1.174671649932861328e+00,-5.832861065864562988e-01,1.161390185356140137e+00,4.766016006469726562e+00,1.035270690917968750e+01,1.434518241882324219e+01,1.291534423828125000e+01,9.937726974487304688e+00,1.091957092285156250e+01,1.204887008666992188e+01,7.102038383483886719e+00,2.700908660888671875e+00,4.026968002319335938e+00,-4.196395874023437500e+00,-5.956002235412597656e+00,-3.684342861175537109e+00,-2.286456346511840820e+00,2.005865573883056641e+00,-1.358538269996643066e-01,-7.828625202178955078e+00,-1.575183105468750000e+01,-1.935991477966308594e+01,-2.331575965881347656e+01,-1.721460342407226562e+01,-5.019995212554931641e+00,-1.306643486022949219e-01,-4.179801940917968750e+00,3.439935207366943359e+00,5.907825946807861328e+00,8.532982826232910156e+00,3.458557605743408203e+00,-6.658308029174804688e+00,-8.023545265197753906e+00,3.551951169967651367e+00,1.813883972167968750e+01,2.214378738403320312e+01,1.513092708587646484e+01,8.612567901611328125e+00,7.466980218887329102e-01,-7.656330108642578125e+00,-1.484006500244140625e+01,-9.012733459472656250e+00,-6.039059162139892578e+00,1.689126729965209961e+00,4.829848289489746094e+00,-2.205232620239257812e+00,1.752206444740295410e+00,7.124754905700683594e+00,1.111945343017578125e+01,1.449682044982910156e+01,1.172281837463378906e+01,7.638236999511718750e+00,8.539784431457519531e+00,1.106930923461914062e+01,1.437174224853515625e+01,1.009097671508789062e+01,1.001798248291015625e+01,1.013692188262939453e+01,7.806493282318115234e+00,7.862458229064941406e+00,1.061406803131103516e+01,4.044050693511962891e+00,2.785579442977905273e+00,1.767457389831542969e+01,2.341922760009765625e+01,2.491214752197265625e+01,2.575197982788085938e+01,2.251325988769531250e+01,1.922085762023925781e+01,2.014223861694335938e+01,2.138877105712890625e+01,9.601140975952148438e+00,6.691456794738769531e+00,1.273118209838867188e+01,1.395219707489013672e+01,1.148945236206054688e+01,8.968637466430664062e+00,9.728556632995605469e+00,1.546324157714843750e+01,3.736825466156005859e+00,-6.697840690612792969e+00,-6.223096847534179688e+00,-6.365710496902465820e-01,-6.235556602478027344e+00,-1.066194343566894531e+01,-1.246229934692382812e+01,-1.182262039184570312e+01,-9.125581741333007812e+00,-6.839395046234130859e+00,-1.161822509765625000e+01,-1.798453140258789062e+01,-1.952099227905273438e+01,-1.641560935974121094e+01,-1.601473236083984375e+01,-8.551084518432617188e+00,-1.363447785377502441e+00,2.160086154937744141e+00,6.699958801269531250e+00,7.647944927215576172e+00,7.244607448577880859e+00,1.117835998535156250e+01,1.483844947814941406e+01,1.242861747741699219e+01,1.297813796997070312e+01,1.812111282348632812e+01,3.081317138671875000e+01,3.616321563720703125e+01,3.705642700195312500e+01,3.366582870483398438e+01,2.230523681640625000e+01,1.076150512695312500e+01,8.277548789978027344e+00,8.949955940246582031e+00,9.781345367431640625e+00,4.886179924011230469e+00,2.056565761566162109e+00,7.623645782470703125e+00,1.281768798828125000e+01,8.962097167968750000e+00,7.443913459777832031e+00,8.198911666870117188e+00,5.567759513854980469e+00,-1.606617569923400879e+00,4.798892021179199219e+00,-5.401083946228027344e+00,-8.182861328125000000e+00,6.557874381542205811e-02,4.282874107360839844e+00,1.492879772186279297e+01,2.344754028320312500e+01,2.227981948852539062e+01,1.959274291992187500e+01,1.111032295227050781e+01,5.582373619079589844e+00,1.506439685821533203e+00,5.430498123168945312e+00,7.222243309020996094e+00,1.476061248779296875e+01,1.240856266021728516e+01,6.808323860168457031e+00,7.873820304870605469e+00,1.820741295814514160e+00,3.230982422828674316e-01,-2.180222749710083008e+00,2.487287044525146484e+00,9.966436386108398438e+00,1.521044158935546875e+01,1.301972579956054688e+01,1.270412063598632812e+01,7.287311553955078125e+00,1.683108520507812500e+01,1.983565902709960938e+01,1.736261749267578125e+01,7.546779155731201172e+00,2.535352230072021484e+00,1.727332234382629395e+00,7.272920012474060059e-01,6.095744132995605469e+00,1.289969825744628906e+01,1.917496109008789062e+01,2.054055595397949219e+01,2.390843963623046875e+01,1.944688034057617188e+01,1.966380691528320312e+01,5.254674911499023438e+00,5.657311439514160156e+00,4.848972797393798828e+00,7.300343513488769531e+00,1.583129119873046875e+01,1.717697143554687500e+01,8.951534271240234375e+00,6.769806146621704102e-01,-1.259551882743835449e+00,3.423128604888916016e+00,2.984209537506103516e+00,-1.039679169654846191e+00,-3.035728216171264648e+00,-1.188429355621337891e+00,1.154476165771484375e+00,2.500781059265136719e+00,4.230200767517089844e+00,8.680421829223632812e+00,7.446745872497558594e+00,5.339962959289550781e+00,6.479478836059570312e+00,1.136514282226562500e+01,1.203058433532714844e+01,1.236303138732910156e+01,8.376523971557617188e+00,4.684081077575683594e+00,6.037718772888183594e+00,1.131770896911621094e+01,1.888371086120605469e+01,1.528585815429687500e+01,1.231592941284179688e+01,1.603208923339843750e+01,1.153402900695800781e+01,9.870290756225585938e+00,1.239191818237304688e+01,1.412962532043457031e+01,1.299385738372802734e+01,1.619492721557617188e+01,1.310769462585449219e+01,7.358884811401367188e+00,1.275763702392578125e+01,9.511242866516113281e+00,7.829413414001464844e+00,1.293654346466064453e+01,1.562570858001708984e+01,2.221522521972656250e+01,2.221450805664062500e+01,1.691115188598632812e+01,5.836869239807128906e+00,-5.717256069183349609e+00,-8.419419288635253906e+00,-2.158684134483337402e-01,-2.017430305480957031e+00,-2.285985708236694336e+00,1.695946574211120605e+00,6.838791847229003906e+00,7.127486228942871094e+00,1.106151962280273438e+01,1.607592010498046875e+01,1.711612510681152344e+01,1.135719490051269531e+01,3.143598556518554688e+00,-4.645814895629882812e-01,4.176750779151916504e-01,-2.948782920837402344e+00,-7.732681751251220703e+00,-7.354486465454101562e+00,-8.696163177490234375e+00,-1.432416534423828125e+01,-1.629731369018554688e+01,-3.910692930221557617e-01,1.431799602508544922e+01,1.830393218994140625e+01,1.767505645751953125e+01,7.869377613067626953e+00,-9.225928187370300293e-01,2.719414949417114258e+00,6.032409667968750000e+00,4.588377952575683594e+00,1.504210472106933594e+00,-2.741477251052856445e+00,-5.066341400146484375e+00,-7.955533027648925781e+00,-1.045172500610351562e+01,-9.546523094177246094e+00,-9.429946899414062500e+00,-6.662568092346191406e+00,-7.920247554779052734e+00,-5.675240516662597656e+00,-5.285873413085937500e+00,-1.702267885208129883e+00,6.646406054496765137e-01,2.989436149597167969e+00,4.168260574340820312e+00,3.443561077117919922e+00,2.365531325340270996e-01,3.987088918685913086e+00,5.925209045410156250e+00,2.730291843414306641e+00,1.436029195785522461e+00,1.432344675064086914e+00,1.033332347869873047e+00,4.162993431091308594e+00,3.651873588562011719e+00,-1.767173409461975098e-03,4.789659500122070312e+00,7.907855987548828125e+00,3.744747877120971680e+00,-2.459200024604797363e-01,-4.969778060913085938e+00,-1.648344039916992188e+01,-1.928886413574218750e+01,-2.105927658081054688e+01,-1.391405677795410156e+01,-5.175923347473144531e+00,4.788204193115234375e+00,4.997017860412597656e+00,1.032781791687011719e+01,1.135703086853027344e+01,-9.956208229064941406e+00,-2.560557174682617188e+01,-2.626352882385253906e+01,-1.670528030395507812e+01,-1.304348754882812500e+01,-1.370510005950927734e+01,-1.369697284698486328e+01,-8.963951110839843750e+00,-1.085288047790527344e+01,-2.429561614990234375e+01,-3.636119079589843750e+01,-4.176608276367187500e+01,-2.952234268188476562e+01,-1.770793533325195312e+01,-9.909610748291015625e+00,-5.505724430084228516e+00,-5.240886688232421875e+00,1.810779690742492676e+00,7.028358936309814453e+00,1.256678390502929688e+01,1.990231704711914062e+01,1.984413719177246094e+01,7.967098712921142578e+00,-1.586823940277099609e+00,-4.510663986206054688e+00,-8.803865432739257812e+00,-1.741750335693359375e+01,-1.149763202667236328e+01,8.417957305908203125e+00,1.073612403869628906e+01,5.709206581115722656e+00,1.095167541503906250e+01,9.981389999389648438e+00,7.143332481384277344e+00,8.706126213073730469e+00,1.107617759704589844e+01,1.233952045440673828e+01,1.087425613403320312e+01,7.853309631347656250e+00,4.740980148315429688e+00,3.264441013336181641e+00,6.076309204101562500e+00,1.812771224975585938e+01,2.949436950683593750e+01,2.885666656494140625e+01,2.956984901428222656e+01,3.141717529296875000e+01,2.088020706176757812e+01,8.273079872131347656e+00,1.693972015380859375e+01,2.069288253784179688e+01,2.452414321899414062e+01,2.468930816650390625e+01,1.759133529663085938e+01,9.921857833862304688e+00,-1.454133510589599609e+00,-1.054001808166503906e+00,3.462545633316040039e+00,7.035300254821777344e+00,1.110038661956787109e+01,9.966495513916015625e+00,6.902172088623046875e+00,8.208160400390625000e+00,8.473257064819335938e+00,9.774608612060546875e-01,-3.601087093353271484e+00,-2.872673749923706055e+00,-2.843227386474609375e+00,-3.037922143936157227e+00,-1.905178546905517578e+00,-4.823000907897949219e+00,-5.645678043365478516e+00,-6.612840652465820312e+00,-1.193866634368896484e+01,-5.347373485565185547e+00,1.720752906799316406e+01,3.175288391113281250e+01,3.459263610839843750e+01,3.504809570312500000e+01,2.974335289001464844e+01,2.761899948120117188e+01,2.655591583251953125e+01,2.578251457214355469e+01,2.082655334472656250e+01,1.745545959472656250e+01,3.193445777893066406e+01,3.827668762207031250e+01,2.576942253112792969e+01,1.302833747863769531e+01,1.717435836791992188e+01,2.659389686584472656e+01,1.135602951049804688e+01,-1.394152402877807617e+00,-7.837531089782714844e+00,-9.362450599670410156e+00,-1.004108238220214844e+01,-1.409351253509521484e+01,-1.504068183898925781e+01,-1.576840209960937500e+01,-1.603911590576171875e+01,-1.058593940734863281e+01,-9.720970153808593750e+00,-4.077293872833251953e-01,2.958988189697265625e+00,8.641917228698730469e+00,1.230946350097656250e+01,1.053635025024414062e+01,1.506793403625488281e+01,1.771338653564453125e+01,1.562419700622558594e+01,8.276242256164550781e+00,8.544397354125976562e+00,6.039020538330078125e+00,-3.382012128829956055e+00,4.097306728363037109e+00,-1.190047860145568848e+00,-5.537155151367187500e+00,4.361834526062011719e+00,1.004143714904785156e+01,8.028093338012695312e+00,4.668849945068359375e+00,3.963214159011840820e+00,6.678092956542968750e+00,8.848115921020507812e+00,1.003898715972900391e+01,8.355597496032714844e+00,9.658296585083007812e+00,1.019411563873291016e+01,3.464864015579223633e+00,-2.938998222351074219e+00,-3.336663484573364258e+00,1.553197979927062988e+00,4.518233299255371094e+00,6.244718551635742188e+00,-2.545389652252197266e+00,-9.395093917846679688e+00,-3.231050968170166016e+00,9.014963150024414062e+00,1.935523986816406250e+01,2.329251289367675781e+01,1.371021461486816406e+01,-3.389102458953857422e+00,-1.867344665527343750e+01,-1.914273452758789062e+01,-1.560726737976074219e+01,-6.806243896484375000e+00,-8.880501389503479004e-01,6.942587375640869141e+00,1.584384632110595703e+01,1.886376380920410156e+01,1.933384132385253906e+01,2.043310165405273438e+01,4.048551559448242188e+00,-2.333198738098144531e+01,-2.699075317382812500e+01,-2.040356063842773438e+01,-1.897844314575195312e+01,-1.677565765380859375e+01,-1.130849266052246094e+01,-1.632997751235961914e+00,8.277535438537597656e+00,1.354070091247558594e+01,1.619869995117187500e+01,2.086202812194824219e+01,2.840195655822753906e+01,2.915822601318359375e+01,1.843328857421875000e+01,9.335502624511718750e+00,-3.854918956756591797e+00,2.488433837890625000e+00,1.055806255340576172e+01,1.357579994201660156e+01,1.592033386230468750e+01,1.264062023162841797e+01,1.977010345458984375e+01,2.600312805175781250e+01,3.214117050170898438e+01,3.418194961547851562e+01,3.461549377441406250e+01,3.591777038574218750e+01,2.980313491821289062e+01,2.547186279296875000e+01,2.175792694091796875e+01,2.242898559570312500e+01,1.642222595214843750e+01,1.495527935028076172e+01,2.226951980590820312e+01,2.472596168518066406e+01,2.419631958007812500e+01,2.718610763549804688e+01,2.282103729248046875e+01,1.729604339599609375e+01,1.480014228820800781e+01,1.738850975036621094e+01,1.622629928588867188e+01,1.052527427673339844e+01,1.149231052398681641e+01,1.351257133483886719e+01,1.117497634887695312e+01,7.456898212432861328e+00,4.341155052185058594e+00,7.975203037261962891e+00,6.486594676971435547e+00,2.318465232849121094e+00,5.002151966094970703e+00,4.648560047149658203e+00,6.083446502685546875e+00,7.506715774536132812e+00,9.267465591430664062e+00,1.193241310119628906e+01,6.201605319976806641e+00,4.793389797210693359e+00,8.849143981933593750e+00,8.095855712890625000e+00,7.675921440124511719e+00,1.242724609375000000e+01,9.124691963195800781e+00,4.026665687561035156e+00,8.655411720275878906e+00,1.998405933380126953e+00,2.442658424377441406e+00,4.219108104705810547e+00,7.140336036682128906e+00,6.520589828491210938e+00,-4.776238799095153809e-01,-6.169424057006835938e-01,-4.145113468170166016e+00,-1.156195735931396484e+01,-1.205631637573242188e+01,-1.060338687896728516e+01,-3.928169250488281250e+00,1.911591887474060059e+00,8.026460647583007812e+00,1.607359313964843750e+01,2.015780639648437500e+01,1.264616394042968750e+01,-1.038904190063476562e+00,-9.582854270935058594e+00,-1.493659782409667969e+01,-1.587173461914062500e+01,-2.076429367065429688e+01,-1.918863868713378906e+01,-2.551709938049316406e+01,-3.074285697937011719e+01,-2.485391235351562500e+01,-1.289356231689453125e+01,-7.073653697967529297e+00,-5.184615135192871094e+00,-8.257459402084350586e-01,7.912884712219238281e+00,1.310721158981323242e+00,-9.120758056640625000e+00,-1.714802169799804688e+01,-1.998392868041992188e+01,-1.986676406860351562e+01,-2.353325080871582031e+01,-3.171376228332519531e+01,-3.016608428955078125e+01,-2.842787933349609375e+01,-6.643655776977539062e+00,1.386620140075683594e+01,1.267345619201660156e+01,5.017266273498535156e+00,8.918165206909179688e+00,1.327417492866516113e+00,-8.536790847778320312e+00,-1.270068740844726562e+01,-8.868806838989257812e+00,-1.025107383728027344e+01,-1.347872734069824219e+00,1.443206667900085449e-01,-3.430011749267578125e+00,-8.183125495910644531e+00,-7.047312259674072266e+00,-8.498369455337524414e-01,2.096999645233154297e+00,5.692708969116210938e+00,7.078969001770019531e+00,4.752611160278320312e+00,-7.625239372253417969e+00,-1.683594322204589844e+01,-1.294789791107177734e+01,-7.946605682373046875e+00,-1.514600181579589844e+01,-1.974917602539062500e+01,-2.638380813598632812e+01,-2.685863113403320312e+01,-2.632782363891601562e+01,-2.736757278442382812e+01,-2.879787635803222656e+01,-2.125258255004882812e+01,-3.213223648071289062e+01,-3.303715515136718750e+01,-2.466707992553710938e+01,-1.967234039306640625e+01,-1.316024971008300781e+01,-6.537394523620605469e+00,-1.606671690940856934e+00,-4.129296302795410156e+00,1.306572198867797852e+00,1.547697305679321289e+00,2.507527828216552734e+00,8.008811950683593750e+00,9.465433120727539062e+00,6.832925796508789062e+00,7.730591773986816406e+00,1.147127532958984375e+01,9.058104515075683594e+00,9.756422042846679688e+00,9.092544555664062500e+00,4.778689861297607422e+00,9.681528806686401367e-01,-1.517093300819396973e+00,-1.322419738769531250e+01,-1.381647872924804688e+01,-1.497178649902343750e+01,-1.042522811889648438e+01,-1.658239555358886719e+01,-1.676362037658691406e+01,-5.821298599243164062e+00,9.134714603424072266e-01,2.645700454711914062e+00,-3.225084543228149414e+00,3.958417177200317383e+00,1.331824493408203125e+01,1.013805198669433594e+01,8.689580917358398438e+00,6.516904354095458984e+00,6.266759395599365234e+00,5.411584377288818359e+00,4.544556617736816406e+00,3.576159000396728516e+00,7.220745086669921875e+00,1.268476104736328125e+01,1.513839149475097656e+01,1.847633552551269531e+01,1.604224014282226562e+01,1.733714675903320312e+01,1.524887275695800781e+01,8.186061859130859375e+00,6.500811576843261719e+00,4.850202798843383789e-02,-8.761509895324707031e+00,-1.053870391845703125e+01,-1.902027130126953125e+01,-2.659658432006835938e+01,-2.987386322021484375e+01,-2.570708465576171875e+01,-9.678947448730468750e+00,6.105185031890869141e+00,6.452970981597900391e+00,-8.883424758911132812e+00,-2.049770736694335938e+01,-3.050826644897460938e+01,-2.933146858215332031e+01,-2.217014503479003906e+01,-1.992173004150390625e+01,-1.249946594238281250e+01,-6.006582260131835938e+00,-7.062545776367187500e+00,2.211452722549438477e-01,1.098699808120727539e+00,1.826585888862609863e+00,-4.214728832244873047e+00,-7.577280998229980469e+00,6.241515874862670898e-01,1.017837524414062500e+01,4.099374771118164062e+00,-6.470030546188354492e-02,-1.695036411285400391e+00,-6.235000610351562500e+00,-1.394048690795898438e+00,2.042769432067871094e+00,1.749216437339782715e+00,-5.487498283386230469e+00,-1.839631271362304688e+01,-1.632437133789062500e+01,-1.573659181594848633e-01,9.101305007934570312e+00,1.015139770507812500e+01,1.183481025695800781e+01,1.736313629150390625e+01,2.236017990112304688e+01,2.361719131469726562e+01,1.582705974578857422e+01,4.906977176666259766e+00,-4.370261669158935547e+00,-7.832218170166015625e+00,-6.458720684051513672e+00,-2.353521823883056641e+00,-3.847819089889526367e+00,-6.269700527191162109e+00,-9.351881027221679688e+00,-1.293054580688476562e+01,-1.040300846099853516e+01,-8.330050468444824219e+00,-7.668475151062011719e+00,-7.856966972351074219e+00,-2.064058303833007812e+00,5.939469337463378906e+00,2.913943290710449219e+00,4.771456241607666016e+00,5.694128990173339844e+00,-4.636712074279785156e+00,-8.940135955810546875e+00,4.845799922943115234e+00,1.002371311187744141e+01,5.421206474304199219e+00,3.148574352264404297e+00,8.387873768806457520e-01,-9.870692491531372070e-01,-1.782333850860595703e+00,3.807597875595092773e+00,6.641131401062011719e+00,1.284221553802490234e+01,1.586362934112548828e+01,1.251100730895996094e+01,1.116711139678955078e+01,1.031809425354003906e+01,7.168181896209716797e+00,6.339640617370605469e+00,8.738544464111328125e+00,1.027175521850585938e+01,1.195644760131835938e+01,1.373967742919921875e+01,9.441834449768066406e+00,7.566210746765136719e+00,8.829725265502929688e+00,3.956513404846191406e+00,5.496905326843261719e+00,1.087804794311523438e+01,7.501383781433105469e+00,8.171110153198242188e+00,1.608357238769531250e+01,1.318148994445800781e+01,9.464136123657226562e+00,6.035638809204101562e+00,5.937501430511474609e+00,4.751230239868164062e+00,1.488631248474121094e+01,1.244826316833496094e+01,-3.651032924652099609e+00,-1.102124977111816406e+01,-1.327852821350097656e+01,-1.980280685424804688e+01,-1.180300807952880859e+01,-5.856575012207031250e+00,-5.964509487152099609e+00,-6.411464214324951172e+00,-1.244671249389648438e+01,-8.691044807434082031e+00,-5.331218719482421875e+00,-4.375226497650146484e-01,-2.566267549991607666e-01,1.676588296890258789e+00,1.500576114654541016e+01,1.509932708740234375e+01,9.961011886596679688e+00,6.506880760192871094e+00,8.202379226684570312e+00,1.286629104614257812e+01,1.818121337890625000e+01,2.092818260192871094e+01,1.442142868041992188e+01,1.200810909271240234e+01,2.137475585937500000e+01,2.926464271545410156e+01,2.840653228759765625e+01,2.596060180664062500e+01,3.186241531372070312e+01,3.441361236572265625e+01,3.702571105957031250e+01,3.095525360107421875e+01,1.966856575012207031e+01,1.534542655944824219e+01,2.608525085449218750e+01,2.606092834472656250e+01,1.657652854919433594e+01,1.313613891601562500e+01,1.599813461303710938e+01,1.753701400756835938e+01,1.417768478393554688e+01,1.371989059448242188e+01,1.466559219360351562e+01,8.008510589599609375e+00,-5.260230064392089844e+00,-2.227695703506469727e+00,1.045631694793701172e+01,2.841013526916503906e+01,3.146504783630371094e+01,3.348105621337890625e+01,3.218351745605468750e+01,3.090603256225585938e+01,2.042588424682617188e+01,1.278889656066894531e+01,1.113636589050292969e+01,1.519871139526367188e+01,3.675154876708984375e+01,4.177239990234375000e+01,3.257863616943359375e+01,2.957774353027343750e+01,2.890673065185546875e+01,2.518835067749023438e+01,1.770728302001953125e+01,1.505289077758789062e+01,2.466292572021484375e+01,2.778759193420410156e+01,2.472957801818847656e+01,2.013655090332031250e+01,1.536572265625000000e+01,1.789681243896484375e+01,2.107785034179687500e+01,2.134835815429687500e+01,1.354929542541503906e+01,4.460064411163330078e+00,-1.214561343193054199e+00,9.651422500610351562e-02,5.123791217803955078e+00,3.451479077339172363e-01,5.129708290100097656e+00,1.358726501464843750e+01,1.743419647216796875e+01,2.024118995666503906e+01,2.715958023071289062e+01,2.914043807983398438e+01,2.250485801696777344e+01,2.398253631591796875e+01,2.785201263427734375e+01,2.078079414367675781e+01,6.382859230041503906e+00,-3.198991775512695312e+00,-1.132435798645019531e+00,2.113489389419555664e+00,3.651806592941284180e+00,-2.529701471328735352e+00,-1.148644733428955078e+01,-2.082232666015625000e+01,-1.106905364990234375e+01,7.050045013427734375e+00,8.997800827026367188e+00,4.171149730682373047e-01,-1.739280581474304199e+00,-6.649502754211425781e+00,-1.908792734146118164e+00,6.234318733215332031e+00,4.453683853149414062e+00,3.788063287734985352e+00,2.743035554885864258e+00,1.796522617340087891e+00,6.083260536193847656e+00,5.608555793762207031e+00,1.357098698616027832e+00,4.756508827209472656e+00,7.334697723388671875e+00,7.977677345275878906e+00,1.015895462036132812e+01,1.404363346099853516e+01,1.348227882385253906e+01,1.677364540100097656e+01,1.829218292236328125e+01,1.558157634735107422e+01,7.928103923797607422e+00,1.509527206420898438e+01,1.545866680145263672e+01,1.343961334228515625e+01,1.195396614074707031e+01,3.919245004653930664e+00,-1.997588574886322021e-01,-4.375039577484130859e+00,-3.845213890075683594e+00,-9.753232002258300781e-01,-5.734821557998657227e-01,-3.899994850158691406e+00,-8.255164146423339844e+00,-7.884964942932128906e+00,-9.036506652832031250e+00,-8.387895584106445312e+00,1.837842106819152832e+00,4.033177852630615234e+00,-2.473663091659545898e+00,1.803127288818359375e+00,9.973632812500000000e+00,1.049191665649414062e+01,7.465457439422607422e+00,2.108988761901855469e+00,2.953851699829101562e+00,1.335256457328796387e+00,-2.135238647460937500e-01,3.469558715820312500e+00,7.519613265991210938e+00,5.903580188751220703e+00,4.746770858764648438e+00,-3.474678993225097656e+00,5.077250599861145020e-01,7.476460456848144531e+00,1.147524833679199219e+01,8.900739669799804688e+00,7.450288772583007812e+00,1.088488197326660156e+01,9.905408859252929688e+00,1.141087436676025391e+01,8.399551391601562500e+00,4.801602840423583984e+00,1.826888084411621094e+00,2.772664070129394531e+00,2.592971801757812500e+00,1.128985643386840820e+00,4.816666603088378906e+00,1.219837951660156250e+01,6.551479816436767578e+00,8.851183891296386719e+00,1.656898117065429688e+01,1.198919391632080078e+01,1.009574222564697266e+01,1.971228218078613281e+01,2.382162475585937500e+01,1.600010108947753906e+01,9.428691864013671875e+00,6.507179260253906250e+00,9.174180984497070312e+00,1.234799194335937500e+01,6.495138168334960938e+00,3.593284368515014648e+00,7.647215366363525391e+00,1.361029434204101562e+01,1.104438209533691406e+01,1.799958992004394531e+01,1.458410072326660156e+01,4.158119678497314453e+00,6.122627258300781250e+00,1.255185890197753906e+01,1.320734500885009766e+01,1.240678024291992188e+01,1.151676177978515625e+01,1.133322620391845703e+01,6.801425933837890625e+00,4.706048965454101562e+00,8.387252807617187500e+00,1.414251995086669922e+01,1.512946987152099609e+01,1.574701309204101562e+01,1.393767929077148438e+01,9.691253662109375000e+00,1.472850608825683594e+01,1.354575824737548828e+01,1.106258964538574219e+01,9.064475059509277344e+00,1.020924091339111328e+01,9.103561401367187500e+00,2.393463850021362305e+00,3.285246849060058594e+00,5.989106178283691406e+00,6.005098819732666016e+00,5.892698287963867188e+00,1.067456817626953125e+01,7.980553150177001953e+00,7.894234657287597656e+00,9.392765045166015625e+00,9.164041519165039062e+00,1.351618289947509766e+01,1.558925628662109375e+01,1.380302906036376953e+01,1.530235004425048828e+01,9.514045715332031250e+00,4.709959030151367188e+00,6.017697811126708984e+00,7.937165260314941406e+00,7.747697830200195312e+00,7.810497283935546875e+00,1.437752437591552734e+01,1.035837745666503906e+01,9.393026351928710938e+00,1.005529594421386719e+01,1.797744750976562500e+01,1.243300342559814453e+01,8.944155693054199219e+00,1.306611824035644531e+01,1.203426361083984375e+01,7.101460456848144531e+00,7.123889923095703125e+00,6.121529102325439453e+00,6.242045879364013672e+00,9.393638610839843750e+00,-2.949821949005126953e-01,-6.947418212890625000e+00,-7.983626365661621094e+00,-8.553060531616210938e+00,-1.216285896301269531e+01,-1.399010467529296875e+01,-7.623791694641113281e+00,-6.152771115303039551e-01,2.491271495819091797e+00,5.520468711853027344e+00,1.165946960449218750e+01,1.221705818176269531e+01,1.259130668640136719e+01,4.077339172363281250e+00,1.600166082382202148e+00,-2.788503766059875488e-01,-8.542814254760742188e+00,-1.071219253540039062e+01,-4.010375976562500000e+00,-4.133790493011474609e+00,-7.334864139556884766e+00,-5.262852668762207031e+00,3.901430368423461914e+00,1.471021652221679688e+01,1.047452735900878906e+01,1.748749494552612305e+00,-1.552360153198242188e+01,-1.435793495178222656e+01,-5.854450702667236328e+00,-6.603279113769531250e+00,-1.220817089080810547e+01,-6.255052089691162109e-01,1.467529106140136719e+01,2.385066795349121094e+01,1.936207962036132812e+01,1.487198734283447266e+01,1.636467933654785156e+01,1.915473937988281250e+01,2.090782546997070312e+01,2.071804046630859375e+01,1.709583282470703125e+01,1.496474456787109375e+01,1.739282035827636719e+01,1.753993988037109375e+01,1.873124313354492188e+01,1.796066856384277344e+01,1.578519439697265625e+01,8.970532417297363281e+00,-4.594561457633972168e-01,-8.037485122680664062e+00,1.083372712135314941e+00,1.619113922119140625e+01,2.259182167053222656e+01,3.093788719177246094e+01,3.816874694824218750e+01,4.247706985473632812e+01,3.989254760742187500e+01,3.641750717163085938e+01,2.699150466918945312e+01,2.257646369934082031e+01,1.785120773315429688e+01,7.158425331115722656e+00,-5.098392486572265625e+00,-4.863883495330810547e+00,-2.496884346008300781e+00,-5.029426574707031250e+00,-6.996224403381347656e+00,-1.322916793823242188e+01,-1.929312133789062500e+01,-1.268803787231445312e+01,6.972869873046875000e+00,1.107407951354980469e+01,7.822592258453369141e+00,-3.405047416687011719e+00,-5.982261180877685547e+00,1.502664446830749512e+00,2.698846817016601562e+00,-6.141731262207031250e+00,-1.479024696350097656e+01,-2.384611892700195312e+01,-2.574106025695800781e+01,-2.575363159179687500e+01,-2.602518844604492188e+01,-1.461900901794433594e+01,-5.128124237060546875e+00,-4.903522968292236328e+00,-2.497613430023193359e+00,6.947028636932373047e-02,7.875003814697265625e+00,1.221358871459960938e+01,1.582511711120605469e+01,1.724114990234375000e+01,1.657466125488281250e+01,1.525812816619873047e+01,1.278941726684570312e+01,4.551069259643554688e+00,8.540885925292968750e+00,1.531331634521484375e+01,2.721381759643554688e+01,3.602888488769531250e+01,4.038587188720703125e+01,3.862696838378906250e+01,3.863856506347656250e+01,2.817462539672851562e+01,1.424183559417724609e+01,6.149030685424804688e+00,1.573748016357421875e+01,1.697753524780273438e+01,1.814124679565429688e+01,2.115024757385253906e+01,2.283632659912109375e+01,2.017207717895507812e+01,1.059362506866455078e+01,6.743053913116455078e+00,9.224618911743164062e+00,9.218595504760742188e+00,5.907252311706542969e+00,-3.611617326736450195e+00,-1.048292541503906250e+01,-1.475854873657226562e+01,-8.358568191528320312e+00,3.259710073471069336e+00,4.206954956054687500e+00,3.404212236404418945e+00,2.104367065429687500e+01,2.567576026916503906e+01,2.442428398132324219e+01,2.212463378906250000e+01,2.377162551879882812e+01,2.538733291625976562e+01,2.598436164855957031e+01,2.635796928405761719e+01,2.616345596313476562e+01,2.173286437988281250e+01,1.651894760131835938e+01,1.185298061370849609e+01,1.306631088256835938e+01,-2.699002742767333984e+00,2.536457777023315430e-01,1.237881755828857422e+01,2.105677032470703125e+01,1.485676765441894531e+01,-8.422697186470031738e-01,1.153507423400878906e+01,2.452550506591796875e+01,2.498930358886718750e+01,2.232349014282226562e+01,1.934395217895507812e+01,1.523441505432128906e+01,1.087078857421875000e+01,-5.373751163482666016e+00,-1.207264709472656250e+01,-9.928604125976562500e+00,-7.855508804321289062e+00,-8.885194778442382812e+00,-9.860825538635253906e+00,-6.753810882568359375e+00,-7.203558921813964844e+00,-1.076095771789550781e+01,-8.663526535034179688e+00,-3.335299015045166016e+00,9.069487452507019043e-01,2.770057916641235352e+00,5.059336423873901367e-01,1.678696870803833008e+00,4.345123291015625000e+00,4.578032016754150391e+00,8.535233497619628906e+00,1.293886184692382812e+01,1.268491935729980469e+01,1.298505115509033203e+01,1.327707099914550781e+01,1.164270019531250000e+01,1.273640251159667969e+01,1.563139915466308594e+01,1.403619766235351562e+01,9.527831077575683594e+00,1.075885868072509766e+01,3.442462444305419922e+00,5.131977796554565430e-01,-1.040954113006591797e+00,-8.684509277343750000e+00,-1.286721324920654297e+01,-1.097179794311523438e+01,-9.052959442138671875e+00,-2.113055706024169922e+00,7.106721878051757812e+00,9.521800875663757324e-01,-5.068937778472900391e+00,1.369144058227539062e+01,2.809798812866210938e+01,2.732828521728515625e+01,2.450696563720703125e+01,2.167503166198730469e+01,2.541999626159667969e+01,4.085651779174804688e+01,4.142908859252929688e+01,4.083348083496093750e+01,4.332718658447265625e+01,4.595043945312500000e+01,4.592996978759765625e+01,4.595820236206054688e+01,4.273085784912109375e+01,3.566915512084960938e+01,2.414590072631835938e+01,1.540149784088134766e+01,1.101977157592773438e+01,1.451805400848388672e+01,2.278765487670898438e+01,2.204518890380859375e+01,1.480041885375976562e+01,6.537974357604980469e+00,4.728553295135498047e+00,4.704714775085449219e+00,7.860184669494628906e+00,1.011692428588867188e+01,1.370382785797119141e+01,1.103163146972656250e+01,9.034559249877929688e+00,1.523968219757080078e+01,2.094451522827148438e+01,2.207774353027343750e+01,1.859743881225585938e+01,1.736332321166992188e+01,1.137574195861816406e+01,2.980210304260253906e+00,-1.495388150215148926e+00,-6.471859216690063477e-01,9.711132049560546875e+00,2.465608978271484375e+01,2.844380569458007812e+01,1.997866058349609375e+01,2.409246444702148438e+01,2.661212539672851562e+01,3.244644927978515625e+01,4.223318481445312500e+01,4.574401092529296875e+01,3.793076324462890625e+01,3.162283325195312500e+01,2.665034103393554688e+01,2.458119201660156250e+01,2.815596008300781250e+01,2.222747802734375000e+01,1.908901977539062500e+01,2.350022888183593750e+01,1.252594757080078125e+01,-9.443077087402343750e+00,-1.466051483154296875e+01,-6.637084960937500000e+00,-7.475382328033447266e+00,-6.537967205047607422e+00,2.222302675247192383e+00,6.764624118804931641e+00,4.500507354736328125e+00,-4.629170894622802734e-01,-8.229448199272155762e-01,5.656734943389892578e+00,1.204264640808105469e+01,9.810477256774902344e+00,4.710592269897460938e+00,6.494711399078369141e+00,4.825982093811035156e+00,6.978104591369628906e+00,1.757409477233886719e+01,2.128370285034179688e+01,2.173387908935546875e+01,1.842250251770019531e+01,2.178145980834960938e+01,2.225505256652832031e+01,1.180668926239013672e+01,8.301931381225585938e+00,-8.017607688903808594e+00,-1.027978897094726562e+01,-6.869849205017089844e+00,4.054054617881774902e-01,7.706978797912597656e+00,7.748591423034667969e+00,7.302872180938720703e+00,5.622289657592773438e+00,6.650762557983398438e+00,1.101412963867187500e+01,1.180114650726318359e+01,8.368639945983886719e+00,9.783884048461914062e+00,4.366238594055175781e+00,3.248019695281982422e+00,1.674518346786499023e+00,-2.086601495742797852e+00,4.831111907958984375e+00,8.415712356567382812e+00,8.436608314514160156e+00,1.433674335479736328e+01,1.766204071044921875e+01,1.966004562377929688e+01,2.082719039916992188e+01,2.473050308227539062e+01,2.578447151184082031e+01,1.909092712402343750e+01,1.339182090759277344e+01,1.699005126953125000e+01,1.242660903930664062e+01,1.355709266662597656e+01,1.619977378845214844e+01,1.190995025634765625e+01,5.663603782653808594e+00,6.544696807861328125e+00,1.381950759887695312e+01,8.238933563232421875e+00,3.306697130203247070e+00,-4.652313232421875000e+00,-5.589215159416198730e-01,8.663852691650390625e+00,1.448132896423339844e+01,1.591424179077148438e+01,1.023151493072509766e+01,4.359395980834960938e+00,2.007767200469970703e+00,6.950997352600097656e+00,3.975058555603027344e+00,2.825070381164550781e+00,2.960339069366455078e+00,2.327190876007080078e+00,6.427613735198974609e+00,1.506026840209960938e+01,1.144789505004882812e+01,3.756495237350463867e+00,4.562803268432617188e+00,3.184231519699096680e+00,-5.009965896606445312e+00,-5.436750888824462891e+00,-3.210654735565185547e+00,-6.630193710327148438e+00,-1.390146493911743164e+00,-6.042342185974121094e+00,-5.202083587646484375e-01,7.612648010253906250e+00,-4.638060092926025391e+00,-1.523554039001464844e+01,-1.358128929138183594e+01,-1.278374481201171875e+01,-8.852343559265136719e+00,-1.083013725280761719e+01,-1.753566741943359375e+01,-1.705534744262695312e+01,-1.097185325622558594e+01,1.347315311431884766e-02,6.005355358123779297e+00,8.742856979370117188e+00,6.023487567901611328e+00,6.873511075973510742e-01,-1.674122929573059082e+00,-2.121067523956298828e+00,-2.044049501419067383e+00,-5.674652576446533203e+00,-1.264334011077880859e+01,-1.417839050292968750e+01,-1.492667961120605469e+01,-1.845675277709960938e+01,-2.362678337097167969e+01,-2.580110168457031250e+01,-4.389551639556884766e+00,8.652715682983398438e+00,1.146120071411132812e+01,1.799232482910156250e+01,2.037366485595703125e+01,2.425491714477539062e+01,3.003217124938964844e+01,2.228739929199218750e+01,9.674607276916503906e+00,5.525243759155273438e+00,7.931741237640380859e+00,1.148654937744140625e+01,1.093644142150878906e+01,1.434385681152343750e+01,1.355616378784179688e+01,1.787067031860351562e+01,2.327421951293945312e+01,2.350819778442382812e+01,2.888359069824218750e+01,2.461704063415527344e+01,2.472616958618164062e+01,2.556982612609863281e+01,2.718266296386718750e+01,2.799587631225585938e+01,2.414496231079101562e+01,2.165504455566406250e+01,1.820557785034179688e+01,6.970792770385742188e+00,8.827662467956542969e-02,2.348269939422607422e+00,1.248026013374328613e+00,1.878808975219726562e+00,2.412234544754028320e+00,2.040845489501953125e+01,2.394670295715332031e+01,2.069523620605468750e+01,1.813930892944335938e+01,2.015480232238769531e+01,1.779666709899902344e+01,1.315824890136718750e+01,1.577866935729980469e+01,1.913015365600585938e+01,1.974932098388671875e+01,1.302516174316406250e+01,9.727645874023437500e+00,7.372176170349121094e+00,2.074723482131958008e+00,3.673056125640869141e+00,1.871809005737304688e+01,1.646193122863769531e+01,1.860829544067382812e+01,2.344094657897949219e+01,2.620031738281250000e+01,2.375207519531250000e+01,2.196026611328125000e+01,1.863373565673828125e+01,8.275838851928710938e+00,-4.630346298217773438e-01,-9.249364852905273438e+00,-1.193690967559814453e+01,-1.752884674072265625e+01,-2.023507118225097656e+01,-2.005749893188476562e+01,-1.477458667755126953e+01,-1.120856189727783203e+01,-1.278624653816223145e+00,1.908674716949462891e+00,-8.649674654006958008e-01,5.905781269073486328e+00,9.289852142333984375e+00,4.112315475940704346e-01,-2.559151172637939453e+00,-3.440475463867187500e+00,-4.627038955688476562e+00,9.479216337203979492e-01,4.848739147186279297e+00,2.741377592086791992e+00,3.798478603363037109e+00,3.161122798919677734e+00,4.371322631835937500e+00,1.333195114135742188e+01,1.327070236206054688e+01,9.246236801147460938e+00,7.953000545501708984e+00,1.095444869995117188e+01,1.037347316741943359e+01,1.099543952941894531e+01,1.726615333557128906e+01,1.608886146545410156e+01,1.200129890441894531e+01,8.043687820434570312e+00,1.159560394287109375e+01,1.203887367248535156e+01,1.355700874328613281e+01,1.007178115844726562e+01,7.459213733673095703e+00,1.317457008361816406e+01,1.821390151977539062e+01,2.177735710144042969e+01,1.794207382202148438e+01,2.153567504882812500e+01,2.510653305053710938e+01,2.012389755249023438e+01,1.336840057373046875e+01,7.126493453979492188e+00,1.346108627319335938e+01,1.496177291870117188e+01,1.146911621093750000e+01,9.037016868591308594e+00,1.595711040496826172e+01,1.514447021484375000e+01,1.401374816894531250e+01,1.486779022216796875e+01,1.408724212646484375e+01,1.557361721992492676e+00,-2.793487012386322021e-01,-4.884253025054931641e+00,-8.816996574401855469e+00,-8.759160995483398438e+00,-1.144422435760498047e+01,-4.834733009338378906e-01,1.017825984954833984e+01,1.488865762948989868e-01,-1.091915130615234375e+01,-1.724361610412597656e+01,-8.784742355346679688e+00,-3.380451202392578125e+00,-9.630165100097656250e+00,-2.079136466979980469e+01,-1.210189437866210938e+01,-8.854246139526367188e+00,-1.203599929809570312e+01,-1.919050216674804688e+01,-2.938588333129882812e+01,-3.236643981933593750e+01,-2.162579727172851562e+01,-1.029420852661132812e+01,-2.568541049957275391e+00,-9.244733810424804688e+00,-1.163383674621582031e+01,-8.759751319885253906e+00,-1.037361526489257812e+01,-1.143157386779785156e+01,-1.751469421386718750e+01,-2.275500488281250000e+01,-2.145230102539062500e+01,-2.011029434204101562e+01,-4.937381744384765625e+00,2.833556413650512695e+00,-3.621933460235595703e+00,-2.073878860473632812e+01,-2.762867736816406250e+01,-2.479326248168945312e+01,-1.417217254638671875e+01,-4.104323387145996094e+00,-7.377897739410400391e+00,-9.521493911743164062e+00,-9.145290374755859375e+00,-6.062715530395507812e+00,-8.401468276977539062e+00,-1.517755031585693359e+01,-9.130953788757324219e+00,3.579554080963134766e+00,1.525154113769531250e+00,-1.668509006500244141e+00,1.036865615844726562e+01,1.482882690429687500e+01,1.366646766662597656e+01,2.147080993652343750e+01,3.195648384094238281e+01,3.273559188842773438e+01,2.862003135681152344e+01,1.766448211669921875e+01,1.104887580871582031e+01,8.882561683654785156e+00,2.478454589843750000e+00,2.445415973663330078e+00,6.453372955322265625e+00,9.238494873046875000e+00,6.235254764556884766e+00,6.919369697570800781e+00,6.042877674102783203e+00,4.309926033020019531e+00,1.677070975303649902e+00,3.878885269165039062e+00,7.238952636718750000e+00,9.843112230300903320e-01,-1.005603408813476562e+01,-1.247182846069335938e+01,-2.828208446502685547e+00,7.257439613342285156e+00,1.617574501037597656e+01,2.384918975830078125e+01,2.319902420043945312e+01,1.986970901489257812e+01,1.976120758056640625e+01,2.255322265625000000e+01,2.285658264160156250e+01,2.296868705749511719e+01,2.002655410766601562e+01,1.309565734863281250e+01,-1.644327640533447266e+00,-1.282930564880371094e+01,-6.209578514099121094e+00,5.587883949279785156e+00,8.383827209472656250e+00,4.580157279968261719e+00,7.088528633117675781e+00,8.443062782287597656e+00,1.568646049499511719e+01,1.199519157409667969e+01,8.253649711608886719e+00,1.157345104217529297e+01,1.015958404541015625e+01,1.101291656494140625e+01,1.085220050811767578e+01,1.105690193176269531e+01,1.512976551055908203e+01,1.756557083129882812e+01,9.953371047973632812e+00,6.257900238037109375e+00,7.642770767211914062e+00,1.091144943237304688e+01,1.736831283569335938e+01,1.650065994262695312e+01,1.681942176818847656e+01,1.420369720458984375e+01,9.796566009521484375e+00,1.342097949981689453e+01,1.826722335815429688e+01,1.769482421875000000e+01,2.245248794555664062e+01,3.029170417785644531e+01,3.251302719116210938e+01,3.199977684020996094e+01,2.852160835266113281e+01,1.896479797363281250e+01,2.916987895965576172e+00,-9.787456512451171875e+00,-4.312323570251464844e+00,1.141769313812255859e+01,1.785452651977539062e+01,1.102916812896728516e+01,2.601535797119140625e+00,-1.148626208305358887e+00,6.977276802062988281e-01,-6.899273991584777832e-01,-5.401225566864013672e+00,-3.997488021850585938e+00,-1.262079358100891113e+00,-9.456651687622070312e+00,-9.198075294494628906e+00,1.750823211669921875e+01,3.377832794189453125e+01,3.372917938232421875e+01,3.656879043579101562e+01,3.174704742431640625e+01,2.693533325195312500e+01,1.357002067565917969e+01,1.795594024658203125e+01,2.722192001342773438e+01,2.575353622436523438e+01,2.581395721435546875e+01,2.439580535888671875e+01,1.834608268737792969e+01,9.942445755004882812e+00,-2.006848335266113281e+00,-1.062647438049316406e+01,-9.937560081481933594e+00,4.448662757873535156e+00,1.119969367980957031e+01,1.040183448791503906e+01,5.837817668914794922e+00,6.100777149200439453e+00,4.524884223937988281e+00,1.454976677894592285e+00,-5.263967514038085938e+00,-1.370038509368896484e+01,-1.943800544738769531e+01,-2.647861480712890625e+01,-2.625264549255371094e+01,-2.394884681701660156e+01,-1.563345336914062500e+01,-1.553349685668945312e+01,-2.228578948974609375e+01,-1.898239898681640625e+01,-1.623273468017578125e+01,-1.248609161376953125e+01,3.673028230667114258e+00,8.356481552124023438e+00,3.762698888778686523e+00,4.787690639495849609e-01,4.849966526031494141e+00,1.417622089385986328e+00,2.821474552154541016e+00,4.400131225585937500e+00,2.505232810974121094e+00,6.636365890502929688e+00,1.224797630310058594e+01,1.973352813720703125e+01,2.473259925842285156e+01,2.454814529418945312e+01,2.345089721679687500e+01,2.464915084838867188e+01,1.587509918212890625e+01,-3.405355453491210938e+00,-1.035587882995605469e+01,1.404509353637695312e+01,2.222970581054687500e+01,1.432793426513671875e+01,8.515425682067871094e+00,1.450358331203460693e-02,-9.224040031433105469e+00,-6.947200775146484375e+00,-2.168292760848999023e+00,1.607059288024902344e+01,3.446282958984375000e+01,4.070080184936523438e+01,3.768466186523437500e+01,3.817512512207031250e+01,3.331568908691406250e+01,2.759343338012695312e+01,3.210364532470703125e+01,3.104669952392578125e+01,1.995111083984375000e+01,2.139381027221679688e+01,3.367589950561523438e+01,3.933441925048828125e+01,3.987228393554687500e+01,4.256193542480468750e+01,3.807724761962890625e+01,2.345798873901367188e+01,1.233578491210937500e+01,6.829976081848144531e+00,1.145763206481933594e+01,-1.715235710144042969e+00,-1.543030738830566406e+00,3.031091690063476562e+00,1.437418460845947266e+01,1.485876750946044922e+01,1.918080711364746094e+01,1.836073684692382812e+01,1.613059425354003906e+01,1.612092399597167969e+01,7.115234375000000000e+00,-3.030988216400146484e+00,-1.369453048706054688e+01,-1.551443481445312500e+01,1.670354962348937988e+00,1.512426280975341797e+01,2.538129043579101562e+01,2.574104118347167969e+01,2.493152236938476562e+01,2.960608291625976562e+01,3.432905578613281250e+01,3.352681732177734375e+01,2.573389434814453125e+01,1.491252422332763672e+01,5.249974727630615234e+00,6.651552200317382812e+00,1.083752536773681641e+01,1.845449066162109375e+01,2.308586502075195312e+01,1.953174591064453125e+01,1.949686813354492188e+01,1.034051704406738281e+01,3.956388235092163086e+00,9.281317710876464844e+00,5.679668426513671875e+00,2.962636709213256836e+00,1.148931217193603516e+01,1.600532913208007812e+01,2.154173088073730469e+01,1.914583969116210938e+01,1.148884010314941406e+01,1.244460296630859375e+01,1.191834926605224609e+01,1.426499748229980469e+01,1.854561233520507812e+01,1.953352355957031250e+01,9.536706924438476562e+00,5.776788234710693359e+00,4.844446659088134766e+00,8.242891311645507812e+00,1.177508544921875000e+01,8.260564804077148438e+00,-2.495719432830810547e+00,-9.575734138488769531e+00,-1.590425395965576172e+01,-1.509211254119873047e+01,1.384246063232421875e+01,2.666591644287109375e+01,2.994490814208984375e+01,2.410345649719238281e+01,-1.089791059494018555e+00,-8.050115585327148438e+00,5.247327804565429688e+00,1.974192810058593750e+01,3.119874572753906250e+01,3.681841278076171875e+01,3.820621109008789062e+01,2.819151687622070312e+01,1.382345581054687500e+01,3.083631515502929688e+00,1.331445312500000000e+01,9.829537391662597656e+00,8.002151489257812500e+00,8.263027191162109375e+00,6.269869804382324219e+00,5.730070590972900391e+00,2.773865699768066406e+00,-4.080493927001953125e+00,-3.922140598297119141e+00,5.850684165954589844e+00,3.850282192230224609e+00,-5.042987823486328125e+00,-1.102155876159667969e+01,-1.422824287414550781e+01,-1.871155166625976562e+01,-1.717688369750976562e+01,-1.718451499938964844e+01,-1.304073715209960938e+01,-1.112138557434082031e+01,-1.740430831909179688e+01,-2.106221961975097656e+01,9.462121009826660156e+00,1.532175159454345703e+01,2.222825813293457031e+01,2.632259750366210938e+01,2.977830123901367188e+01,3.147879409790039062e+01,2.733366012573242188e+01,4.861256599426269531e+00,6.369953751564025879e-01,2.233689785003662109e+00,-3.467680215835571289e+00,-1.610813617706298828e+00,-1.943436145782470703e+00,-1.017017078399658203e+01,-2.714245080947875977e+00,7.878118515014648438e+00,1.530959129333496094e+01,2.225240707397460938e+01,2.260825347900390625e+01,1.252465915679931641e+01,4.057366371154785156e+00,-5.209008216857910156e+00,-1.102009296417236328e+00,7.770835876464843750e+00,1.173711776733398438e+01,1.997978973388671875e+01,3.298373031616210938e+01,3.250384140014648438e+01,3.622045898437500000e+01,3.876305007934570312e+01,3.500322723388671875e+01,2.480453109741210938e+01,6.345621109008789062e+00,-7.481664180755615234e+00,-3.866094112396240234e+00,6.058483123779296875e+00,1.169338130950927734e+01,1.491025161743164062e+01,1.490921306610107422e+01,1.452008914947509766e+01,1.371466159820556641e+01,1.267699623107910156e+01,1.787176895141601562e+01,1.853623199462890625e+01,7.186865806579589844e+00,-6.504297256469726562e-01,-2.197645664215087891e+00,1.113941192626953125e+01,1.826561737060546875e+01,1.424931335449218750e+01,6.553375720977783203e+00,5.241361856460571289e-01,-1.538852930068969727e+00,1.718045473098754883e+00,6.726495742797851562e+00,9.664619445800781250e+00,1.363565635681152344e+01,1.564227771759033203e+01,1.538475990295410156e+01,1.700078201293945312e+01,1.660720825195312500e+01,1.588064384460449219e+01,1.044524097442626953e+01,7.214749336242675781e+00,1.009800529479980469e+01,1.208671379089355469e+01,1.455801773071289062e+01,1.574097347259521484e+01,4.082797527313232422e+00,-2.237769603729248047e+00,-8.407131195068359375e+00,-1.221328735351562500e+01,-9.215662002563476562e+00,-2.920720100402832031e+00,5.345988750457763672e+00,1.364711761474609375e+01,1.488856601715087891e+01,1.426189613342285156e+01,1.968764686584472656e+01,2.688541793823242188e+01,3.020064926147460938e+01,2.866659545898437500e+01,3.075744628906250000e+01,3.195009613037109375e+01,3.147858810424804688e+01,3.027319908142089844e+01,2.613920211791992188e+01,2.294445800781250000e+01,1.953703689575195312e+01,1.282439899444580078e+01,6.166461467742919922e+00,-5.444273948669433594e+00,-1.063026428222656250e+01,-1.445554256439208984e+00,6.180156707763671875e+00,8.405239105224609375e+00,2.000085067749023438e+01,1.919221496582031250e+01,1.450642776489257812e+01,1.716929054260253906e+01,1.533584594726562500e+01,1.158751964569091797e+01,1.746112060546875000e+01,1.355748748779296875e+01,1.198388862609863281e+01,1.280989646911621094e+01,1.611378860473632812e+01,2.058940696716308594e+01,1.397766399383544922e+01,1.559173679351806641e+01,1.999445915222167969e+01,2.495352935791015625e+01,2.112360954284667969e+01,1.683869171142578125e+01,2.083070373535156250e+01,1.513446140289306641e+01,1.009662532806396484e+01,1.144537544250488281e+01,1.019117641448974609e+01,1.508197879791259766e+01,2.255002593994140625e+01,2.596613121032714844e+01,1.848164367675781250e+01,1.431595230102539062e+01,1.059032917022705078e+01,3.944079875946044922e+00,8.073931694030761719e+00,1.238474273681640625e+01,9.184247970581054688e+00,1.789281082153320312e+01,3.031016921997070312e+01,2.871271896362304688e+01,2.310637664794921875e+01,2.557459640502929688e+01,2.656263923645019531e+01,1.186016464233398438e+01,7.647331237792968750e+00,7.809406280517578125e+00,1.549046993255615234e+01,2.308491706848144531e+01,2.186467361450195312e+01,9.174981117248535156e+00,-7.356417655944824219e+00,-1.124331474304199219e+01,-1.195871829986572266e+01,-8.835114479064941406e+00,-8.779190063476562500e+00,-1.815181732177734375e+00,-3.535860300064086914e+00,-6.490199089050292969e+00,6.669888496398925781e+00,1.450721740722656250e+01,1.006407165527343750e+01,9.224824905395507812e+00,1.607821273803710938e+01,1.165265274047851562e+01,5.142988204956054688e+00,-1.379641294479370117e+00,-8.531661033630371094e+00,-1.103195476531982422e+01,-1.525242614746093750e+01,-1.141535949707031250e+01,-1.342785263061523438e+01,-1.121023178100585938e+01,-1.096456527709960938e+01,-2.535340309143066406e+00,6.547425270080566406e+00,2.193095016479492188e+01,3.631140136718750000e+01,3.494435882568359375e+01,3.402613449096679688e+01,3.232249069213867188e+01,2.942194366455078125e+01,2.321561431884765625e+01,2.161088943481445312e+01,1.985776710510253906e+01,1.785660362243652344e+01,2.192766189575195312e+01,3.064937400817871094e+01,2.841397857666015625e+01,2.280324172973632812e+01,1.776957511901855469e+01,1.607680130004882812e+01,1.777202987670898438e+01,7.662763118743896484e+00,1.078970909118652344e+01,1.101847457885742188e+01,6.971343994140625000e+00,-2.983605563640594482e-01,4.769353866577148438e+00,6.105215072631835938e+00,5.948978900909423828e+00,7.022722721099853516e+00,1.818095779418945312e+01,2.397974777221679688e+01,2.983105468750000000e+01,2.811999511718750000e+01,2.238891601562500000e+01,1.670111846923828125e+01,1.373459339141845703e+01,9.994672775268554688e+00,1.374607563018798828e+01,2.337473678588867188e+01,2.741156387329101562e+01,3.021872329711914062e+01,1.948971557617187500e+01,1.406634140014648438e+01,1.240588378906250000e+01,1.465663814544677734e+01,8.577679634094238281e+00,7.738579273223876953e+00,1.724901199340820312e+01,2.085525512695312500e+01,1.656082916259765625e+01,7.520603179931640625e+00,7.179528236389160156e+00,1.970600509643554688e+01,2.073352050781250000e+01,1.399176883697509766e+01,1.470121383666992188e+01,1.071952152252197266e+01,1.383613348007202148e+00,-5.031493186950683594e+00,-7.386156082153320312e+00,-5.187722682952880859e+00,2.035904407501220703e+00,1.506113052368164062e+01,2.358078002929687500e+01,2.962020874023437500e+01,3.127398681640625000e+01,2.986686897277832031e+01,3.222961044311523438e+01,2.801206970214843750e+01,2.056214523315429688e+01,1.545907783508300781e+01,1.553737258911132812e+01,1.516383171081542969e+01,1.563145446777343750e+01,1.568905067443847656e+01,1.807714462280273438e+01,1.714667510986328125e+01,1.342429161071777344e+01,8.620241165161132812e+00,1.478510570526123047e+01,1.279781150817871094e+01,1.099388885498046875e+01,1.599925041198730469e+01,1.491999053955078125e+01,8.409051895141601562e+00,1.490133094787597656e+01,1.842470550537109375e+01,1.956375885009765625e+01,1.681568527221679688e+01,2.069899940490722656e+01,2.305721664428710938e+01,2.194887924194335938e+01,1.996324920654296875e+01,1.837725067138671875e+01,1.837813949584960938e+01,1.772064208984375000e+01,1.731839561462402344e+01,1.574579048156738281e+01,1.748877716064453125e+01,2.002575111389160156e+01,1.764020729064941406e+01,1.391525268554687500e+01,1.656560516357421875e+01,2.180643081665039062e+01,1.690202903747558594e+01,1.332468795776367188e+01,1.188493919372558594e+01,1.675106811523437500e+01,1.735035133361816406e+01,2.530024337768554688e+01,3.732904434204101562e+01,3.970435333251953125e+01,3.426925277709960938e+01,2.423230934143066406e+01,1.476412200927734375e+01,1.106796360015869141e+01,3.604148626327514648e-01,-2.142382621765136719e+00,8.941991806030273438e+00,1.736326026916503906e+01,2.633050727844238281e+01,3.072341537475585938e+01,2.049669265747070312e+01,7.738180637359619141e+00,3.616907596588134766e+00,3.637652873992919922e+00,3.792769908905029297e+00,-6.538325309753417969e+00,5.566049814224243164e-01,1.040682029724121094e+01,1.253861999511718750e+01,7.051406860351562500e+00,6.310242652893066406e+00,4.822164535522460938e+00,4.516084194183349609e-01,-4.831764698028564453e+00,-1.233354187011718750e+01,-2.167044067382812500e+01,-6.942579269409179688e+00,8.033603668212890625e+00,9.097167968750000000e+00,4.693754196166992188e+00,3.983666658401489258e+00,3.906340599060058594e+00,9.424283027648925781e+00,2.228456497192382812e+01,1.169373893737792969e+01,6.104870319366455078e+00,1.906404113769531250e+01,2.508805084228515625e+01,1.414435958862304688e+01,1.100940704345703125e+01,1.162353324890136719e+01,1.336712265014648438e+01,5.032048702239990234e+00,9.701467514038085938e+00,2.207037353515625000e+01,3.006727981567382812e+01,2.443453025817871094e+01,1.590929031372070312e+01,1.291854858398437500e+01,1.828220748901367188e+01,1.440458679199218750e+01,1.159412384033203125e+01,1.018668556213378906e+01,1.381451416015625000e+01,1.986045837402343750e+01,1.474355030059814453e+01,1.599550247192382812e+01,1.550738906860351562e+01,1.547423839569091797e+01,1.642402267456054688e+01,1.498652076721191406e+01,1.032912826538085938e+01,1.283677673339843750e+01,1.637645149230957031e+01,1.124667930603027344e+01,1.017113685607910156e+01,1.829874229431152344e+01,2.558190536499023438e+01,2.327991485595703125e+01,8.432552337646484375e+00,6.716107368469238281e+00,1.045553207397460938e+01,1.908716201782226562e+01,2.185846138000488281e+01,1.928567886352539062e+01,1.775965881347656250e+01,2.162673377990722656e+01,2.167593765258789062e+01,1.893091964721679688e+01,2.078009223937988281e+01,2.124790382385253906e+01,1.637335586547851562e+01,1.428520584106445312e+01,2.416673660278320312e+01,2.799311447143554688e+01,-3.132987499237060547e+00,-1.598456382751464844e+01,-1.488438320159912109e+01,-1.256538581848144531e+01,-9.058874130249023438e+00,-1.156968975067138672e+01,-8.491763114929199219e+00,-5.905594825744628906e-01,8.257974624633789062e+00,5.606863021850585938e+00,6.023177623748779297e+00,1.192381000518798828e+01,1.448035049438476562e+01,1.704996490478515625e+01,1.870952224731445312e+01,2.252536582946777344e+01,1.661230850219726562e+01,-1.153148460388183594e+01,-2.390616989135742188e+01,-2.622258186340332031e+01,-1.117902278900146484e+01,6.829929828643798828e+00,5.764564990997314453e+00,5.360960960388183594e+00,6.729089736938476562e+00,4.796144485473632812e+00,-4.454109668731689453e+00,-1.443849182128906250e+01,-1.380876541137695312e+01,-3.169842720031738281e+00,1.671868896484375000e+01,2.054753303527832031e+01,1.578224754333496094e+01,9.553918838500976562e+00,6.826026916503906250e+00,1.277618217468261719e+01,1.749917984008789062e+01,2.109077453613281250e+01,2.764665985107421875e+01,3.718900299072265625e+01,3.733009338378906250e+01,3.236059188842773438e+01,3.623603057861328125e+01,4.178576278686523438e+01,4.672771453857421875e+01,4.670355987548828125e+01,4.596309661865234375e+01,4.536000823974609375e+01,3.998603820800781250e+01,2.397545623779296875e+01,5.205017089843750000e+00,-4.487111270427703857e-01,5.651037693023681641e-01,-2.969899654388427734e+00,5.448226332664489746e-01,9.823209762573242188e+00,1.251167297363281250e+01,1.138141441345214844e+01,1.379693984985351562e+01,1.092178630828857422e+01,1.575368690490722656e+01,1.775503158569335938e+01,1.966107940673828125e+01,1.881001663208007812e+01,2.125910377502441406e+01,2.726603317260742188e+01,2.212588119506835938e+01,1.327922821044921875e+01,-1.621978521347045898e+00,-8.330591201782226562e+00,-1.166983795166015625e+01,-9.172328948974609375e+00,-1.309718990325927734e+01,-1.300035858154296875e+01,-1.735659599304199219e+00,2.233133077621459961e+00,4.237901687622070312e+00,6.559969902038574219e+00,1.212953662872314453e+01,1.487292098999023438e+01,1.790193939208984375e+01,2.011124420166015625e+01,2.813637924194335938e+01,1.619226264953613281e+01,-1.115731143951416016e+01,-2.539010429382324219e+01,-1.984584331512451172e+00,4.521946907043457031e+00,-2.039935588836669922e+00,-1.086780929565429688e+01,-1.724061584472656250e+01,-3.222774505615234375e+00,1.445009422302246094e+01,2.189554214477539062e+01,1.962738037109375000e+01,1.849190902709960938e+01,1.848880767822265625e+01,2.808551406860351562e+01,3.232238769531250000e+01,2.840683746337890625e+01,2.194654464721679688e+01,1.996554565429687500e+01,1.581944847106933594e+01,2.521303415298461914e+00,-1.109509754180908203e+01,-1.370687866210937500e+01,-9.544704437255859375e+00,-4.467941284179687500e+00,3.117561340332031250e-01,9.350152015686035156e+00,2.905142211914062500e+01,4.106998062133789062e+01,3.173852539062500000e+01,1.892023849487304688e+01,1.309799671173095703e+01,1.828281402587890625e+01,2.389496994018554688e+01,2.706797981262207031e+01,3.030867576599121094e+01,3.081172561645507812e+01,3.257269287109375000e+01,1.451417064666748047e+01,1.219142150878906250e+01,1.826863098144531250e+01,2.545532417297363281e+01,2.247582244873046875e+01,2.604781341552734375e+01,2.912814331054687500e+01,3.097039794921875000e+01,2.333794784545898438e+01,7.105590820312500000e+00,5.697544097900390625e+00,6.059630393981933594e+00,7.731891632080078125e+00,1.882917404174804688e+01,1.595143604278564453e+01,9.589969635009765625e+00,3.036240100860595703e+00,-2.901789665222167969e+00,1.550140142440795898e+00,8.973072052001953125e+00,5.123552322387695312e+00,1.262471771240234375e+01,1.587553405761718750e+01,1.513483905792236328e+01,1.332950019836425781e+01,1.744612884521484375e+01,2.621123886108398438e+01,2.614328002929687500e+01,4.525908529758453369e-01,-1.556036186218261719e+01,-1.500229644775390625e+01,-1.084082889556884766e+01,1.616159558296203613e+00,8.803310394287109375e+00,1.268234252929687500e+01,7.406585693359375000e+00,1.005654144287109375e+01,2.181821823120117188e+01,3.223617553710937500e+01,3.962916564941406250e+01,2.652592849731445312e+01,1.086256980895996094e+01,1.277549266815185547e+01,7.127941608428955078e+00,-4.038653373718261719e+00,-1.486388802528381348e+00,-2.168597877025604248e-01,-5.783452033996582031e+00,2.429543018341064453e+00,4.110080718994140625e+00,4.247677326202392578e+00,6.807025909423828125e+00,1.149416828155517578e+01,9.990050315856933594e+00,1.612187576293945312e+01,1.673371505737304688e+01,8.364316940307617188e+00,6.592874526977539062e+00,1.258956909179687500e+01,1.231358814239501953e+01,2.382503128051757812e+01,3.078858184814453125e+01,2.838033294677734375e+01,3.181748580932617188e+01,1.515262699127197266e+01,6.782153129577636719e+00,6.901358604431152344e+00,4.125714778900146484e+00,8.487036705017089844e+00,1.098668956756591797e+01,2.476114654541015625e+01,3.469364929199218750e+01,4.622929763793945312e+01,4.484136581420898438e+01,4.318074417114257812e+01,3.855685806274414062e+01,3.483977508544921875e+01,2.957070159912109375e+01,2.131217956542968750e+01,9.211902618408203125e+00,-3.834745168685913086e+00,-6.154006958007812500e+00,-8.457436561584472656e+00,-1.028571128845214844e+01,-7.921153545379638672e+00,2.772213220596313477e+00,2.421797752380371094e+00,1.388203978538513184e+00,1.016580200195312500e+01,1.777793884277343750e+01,1.634755325317382812e+01,9.569543838500976562e+00,1.301086521148681641e+01,1.459818267822265625e+01,1.288732433319091797e+01,1.023592376708984375e+01,7.152280330657958984e+00,2.567339897155761719e+00,8.471361160278320312e+00,1.228086853027343750e+01,7.869251728057861328e+00,1.254132461547851562e+01,1.879766464233398438e+01,1.860224914550781250e+01,1.535576534271240234e+01,1.969207763671875000e+01,2.242238807678222656e+01,1.654708862304687500e+01,1.891543197631835938e+01,1.782218360900878906e+01,1.232390213012695312e+01,1.730200386047363281e+01,2.431693649291992188e+01,2.029811096191406250e+01,1.436443042755126953e+01,1.277326202392578125e+01,1.208642196655273438e+01,1.933764839172363281e+01,2.080552864074707031e+01,1.179296493530273438e+01,1.512647247314453125e+01,1.303447437286376953e+01,2.147621154785156250e+01,3.280281066894531250e+01,3.310946655273437500e+01,2.571273040771484375e+01,2.173693466186523438e+01,1.201510047912597656e+01,-1.963578701019287109e+00,3.889980792999267578e+00,1.345355415344238281e+01,1.920800018310546875e+01,2.075997543334960938e+01,2.344442749023437500e+01,2.374444580078125000e+01,1.985941696166992188e+01,1.322160339355468750e+01,1.676278686523437500e+01,2.110404205322265625e+01,3.027629470825195312e+01,3.540330505371093750e+01,2.773913574218750000e+01,5.898241043090820312e+00,-4.290917515754699707e-01,3.257691860198974609e+00,3.780923843383789062e+00,1.530101966857910156e+01,2.016873931884765625e+01,4.033061027526855469e+00,3.439681529998779297e-01,1.030191230773925781e+01,1.040367317199707031e+01,1.266690444946289062e+01,1.246406936645507812e+01,1.574015998840332031e+01,1.678462982177734375e+01,9.975989341735839844e+00,6.821904182434082031e+00,5.053941726684570312e+00,3.952276229858398438e+00,1.891094207763671875e+00,-1.127084374427795410e+00,-4.827280998229980469e+00,-2.775365352630615234e+00,1.136294555664062500e+01,2.442488861083984375e+01,2.589464187622070312e+01,2.543782615661621094e+01,3.044996833801269531e+01,3.474560546875000000e+01,4.063856506347656250e+01,4.337622833251953125e+01,4.518064117431640625e+01,3.508283996582031250e+01,1.864803314208984375e+01,5.689140319824218750e+00,4.269733905792236328e+00,5.895811080932617188e+00,8.738393783569335938e+00,6.028946876525878906e+00,8.981924057006835938e+00,2.236622333526611328e+00,-1.254755973815917969e+01,-5.525050163269042969e+00,9.397152900695800781e+00,2.257155418395996094e+01,3.655816268920898438e+01,4.395434570312500000e+01,4.262211608886718750e+01,3.249329376220703125e+01,2.702952194213867188e+01,2.490671920776367188e+01,2.101758956909179688e+01,1.609387779235839844e+01,1.176016044616699219e+01,6.542245388031005859e+00,-9.309542775154113770e-01,-1.391651725769042969e+01,-1.375848388671875000e+01,-1.411679148674011230e+00,5.195229053497314453e+00,4.516613006591796875e+00,-3.706952333450317383e+00,-1.534029197692871094e+01,-1.929494094848632812e+01,-2.129953384399414062e+01,-1.972575187683105469e+01,-3.743116140365600586e+00,-7.176775932312011719e+00,-8.489680290222167969e+00,-1.021155929565429688e+01,-5.896009445190429688e+00,-5.612182617187500000e-02,1.454676508903503418e+00,-6.940126419067382812e+00,-1.269576263427734375e+01,-1.619146156311035156e+01,-1.759078788757324219e+01,-8.286590576171875000e+00,-6.937595844268798828e+00,-1.049364089965820312e+01,-3.230693817138671875e+00,1.789027690887451172e+00,1.331060791015625000e+01,2.758080101013183594e+01,3.253732299804687500e+01,3.000266647338867188e+01,2.696036911010742188e+01,2.757018661499023438e+01,1.734284973144531250e+01,1.585817146301269531e+01,1.809897804260253906e+01,2.770751571655273438e+01,3.288980102539062500e+01,3.137863159179687500e+01,3.630284118652343750e+01,2.527424621582031250e+01,1.810401916503906250e+01,1.690831756591796875e+01,2.128014945983886719e+01,8.363672256469726562e+00,6.841448783874511719e+00,1.221755790710449219e+01,1.599763870239257812e+01,1.171597099304199219e+01,9.352338790893554688e+00,-2.194070577621459961e+00,-6.384737491607666016e+00,-3.952103853225708008e-01,6.860908508300781250e+00,1.680201339721679688e+01,1.698330688476562500e+01,2.373397064208984375e+01,3.560710906982421875e+01,3.621980667114257812e+01,3.996960449218750000e+01,4.216350555419921875e+01,2.937812805175781250e+01,6.153223037719726562e+00,-1.449503231048583984e+01,-1.615896415710449219e+01,-1.067407035827636719e+01,-8.416383743286132812e+00,-1.391679763793945312e+01,-1.951717758178710938e+01,-2.035993194580078125e+01,-8.676518440246582031e+00,3.976498246192932129e-01,-6.935966014862060547e-01,9.161231517791748047e-01,5.228663921356201172e+00,6.146702289581298828e+00,5.664901256561279297e+00,5.763105392456054688e+00,5.594990730285644531e+00,1.122073173522949219e+01,1.085717964172363281e+01,7.515533447265625000e+00,8.878699302673339844e+00,1.460388088226318359e+01,1.776672744750976562e+01,1.676245117187500000e+01,1.829852104187011719e+01,1.626355743408203125e+01,1.415048980712890625e+01,1.887677764892578125e+01,2.204823303222656250e+01,1.583664321899414062e+01,1.137311553955078125e+01,1.536951923370361328e+01,1.418769645690917969e+01,3.018009185791015625e+00,6.061050415039062500e+00,1.679501724243164062e+01,2.997121238708496094e+01,2.980402755737304688e+01,1.364734268188476562e+01,3.860107421875000000e+00,8.106985092163085938e+00,1.696520042419433594e+01,1.339311790466308594e+01,6.557771205902099609e+00,1.095301914215087891e+01,1.714697647094726562e+01,2.281884384155273438e+01,2.050135803222656250e+01,1.291263771057128906e+01,1.258227348327636719e+01,2.006664276123046875e+01,2.034214401245117188e+01,1.671442985534667969e+01,2.918094253540039062e+01,3.269607543945312500e+01,3.108045196533203125e+01,2.545139312744140625e+01,2.644667434692382812e+01,1.586003780364990234e+01,-5.928796768188476562e+00,-7.785905361175537109e+00,-5.354108214378356934e-01,-1.363355159759521484e+00,2.969884395599365234e+00,5.435052394866943359e+00,-1.946354031562805176e+00,-9.099513053894042969e+00,-6.928796768188476562e+00,1.727648925781250000e+01,3.060261154174804688e+01,2.718956756591796875e+01,2.932308578491210938e+01,2.791009521484375000e+01,1.865475463867187500e+01,-4.994349479675292969e+00,-1.336651563644409180e+00,-3.858638286590576172e+00,-6.637780189514160156e+00,-1.136570549011230469e+01,-1.442797756195068359e+01,-1.346825027465820312e+01,-8.931896209716796875e+00,1.349965810775756836e+00,2.487249755859375000e+01,2.881354141235351562e+01,2.444780731201171875e+01,1.703808212280273438e+01,1.577101612091064453e+01,1.192329311370849609e+01,5.816809177398681641e+00,8.765907287597656250e+00,1.195436477661132812e+01,8.718987464904785156e+00,-1.415388822555541992e+00,-1.284231567382812500e+01,-2.534732818603515625e+01,-2.422146987915039062e+01,-1.525125217437744141e+01,-1.248590850830078125e+01,-7.149222850799560547e+00,-4.387469291687011719e+00,-4.204066753387451172e+00,-3.125899314880371094e+00,2.667939066886901855e-01,3.191065549850463867e+00,-1.740742027759552002e-01,3.401249647140502930e-02,-2.065571546554565430e+00,-2.395460128784179688e+00,1.055474042892456055e+00,1.514311313629150391e+00,5.566767692565917969e+00,1.046414470672607422e+01,7.782595634460449219e+00,7.996405601501464844e+00,8.105431556701660156e+00,8.171745300292968750e+00,1.284480381011962891e+01,9.722166061401367188e+00,7.090420722961425781e+00,4.778368949890136719e+00,8.209336280822753906e+00,1.381074905395507812e+01,1.649878311157226562e+01,1.383640098571777344e+01,1.010330772399902344e+01,1.326454830169677734e+01,1.323880195617675781e+01,8.975794792175292969e+00,1.224421024322509766e+01,1.464881134033203125e+01,1.270225524902343750e+01,1.313102817535400391e+01,1.883350753784179688e+01,2.832103157043457031e+01,3.154665756225585938e+01,3.344986724853515625e+01,2.499450874328613281e+01,1.106632614135742188e+01,1.700186252593994141e+00,1.221920204162597656e+01,2.316741180419921875e+01,2.431422805786132812e+01,1.429028987884521484e+01,9.044396877288818359e-01,-5.940919399261474609e+00,-1.645939254760742188e+01,-1.405565452575683594e+01,-8.758339881896972656e+00,-6.947340011596679688e+00,-6.931046962738037109e+00,6.800323009490966797e+00,1.879026794433593750e+01,2.571905517578125000e+01,1.854543495178222656e+01,3.116422176361083984e+00,-7.101492404937744141e+00,-4.576510906219482422e+00,1.682378196716308594e+01,2.698269271850585938e+01,2.377695465087890625e+01,1.909144973754882812e+01,1.822501373291015625e+01,8.626750946044921875e+00,6.037972927093505859e+00,8.775444030761718750e+00,2.590187549591064453e+00,-5.107405185699462891e+00,2.862688064575195312e+00,1.248169803619384766e+01,1.644051361083984375e+01,1.616411590576171875e+01,1.420355319976806641e+01,1.449227142333984375e+01,1.898973655700683594e+01,1.896343231201171875e+01,1.918576431274414062e+01,1.577161979675292969e+01,1.024820899963378906e+01,8.954282760620117188e+00,1.711444473266601562e+01,1.626148033142089844e+01,1.329249954223632812e+01,9.967853546142578125e+00,2.439694881439208984e+00,1.289444351196289062e+01,2.415293693542480469e+01,1.861839675903320312e+01,1.558512210845947266e+01,2.202725219726562500e+01,2.178131484985351562e+01,1.480861949920654297e+01,1.394959640502929688e+01,1.154651641845703125e+01,1.492967414855957031e+01,1.402227497100830078e+01,1.570902061462402344e+01,1.616729927062988281e+01,1.617227745056152344e+01,6.438222885131835938e+00,-1.813611149787902832e+00,-2.723232269287109375e+00,-4.859081506729125977e-01,6.112643241882324219e+00,1.636824989318847656e+01,1.718729782104492188e+01,1.394713592529296875e+01,7.693984031677246094e+00,6.548147797584533691e-01,-3.927535533905029297e+00,-7.084205150604248047e+00,-5.744381904602050781e+00,-6.049628734588623047e+00,-2.931994676589965820e+00,5.591448545455932617e-01,7.091258525848388672e+00,6.042248249053955078e+00,6.749614715576171875e+00,5.144631862640380859e+00,1.004694175720214844e+01,1.082327461242675781e+01,9.617048263549804688e+00,1.244371032714843750e+01,1.787464904785156250e+01,1.509091854095458984e+01,1.403748893737792969e+01,1.904181289672851562e+01,1.910043525695800781e+01,1.224085903167724609e+01,1.075649833679199219e+01,1.250316047668457031e+01,1.047728538513183594e+01,1.135426521301269531e+01,2.653183746337890625e+01,3.513180541992187500e+01,4.006937026977539062e+01,3.647520446777343750e+01,3.252344894409179688e+01,2.611931037902832031e+01,2.145829010009765625e+01,2.083425521850585938e+01,2.067193031311035156e+01,2.639219856262207031e+01,2.948049545288085938e+01,2.750227737426757812e+01,1.729559707641601562e+01,7.548245191574096680e-01,-6.523142814636230469e+00,-3.829513311386108398e+00,-1.537884712219238281e+01,-2.186353874206542969e+01,-1.926565742492675781e+01,-1.384510040283203125e+01,-8.495584487915039062e+00,-1.897067785263061523e+00,1.653487205505371094e+01,3.005277252197265625e+01,3.708727264404296875e+01,3.923414230346679688e+01,4.278048324584960938e+01,3.761863327026367188e+01,1.729536056518554688e+01,-7.494921684265136719e-01,-2.698927402496337891e+00,1.322313785552978516e+00,3.381972789764404297e+00,6.071100234985351562e+00,1.693543624877929688e+01,2.440292358398437500e+01,1.078065776824951172e+01,-4.529379606246948242e-01,-9.630994796752929688e-01,-3.364318609237670898e-01,4.522101879119873047e-01,1.992173671722412109e+00,1.589437675476074219e+01,2.920513534545898438e+01,2.831571769714355469e+01,2.889870262145996094e+01,3.082218933105468750e+01,3.026879501342773438e+01,3.199100875854492188e+01,2.554060363769531250e+01,1.682580184936523438e+01,1.936838722229003906e+01,2.085647201538085938e+01,1.438524341583251953e+01,3.241601705551147461e+00,-4.694176673889160156e+00,-7.190557003021240234e+00,-3.065539121627807617e+00,-3.044410943984985352e-01,5.351373195648193359e+00,6.146003723144531250e+00,2.547289609909057617e+00,4.582663774490356445e-01,1.126242756843566895e+00,-7.180260181427001953e+00,-1.523323631286621094e+01,-1.151307487487792969e+01,-3.193365097045898438e+00,2.112599849700927734e+00,1.104274392127990723e+00,-1.570388197898864746e+00,1.148264694213867188e+01,1.543801498413085938e+01,2.147612380981445312e+01,2.437195014953613281e+01,1.796713256835937500e+01,1.469780731201171875e+01,8.460256576538085938e+00,2.730721712112426758e+00,-1.317264652252197266e+01,-1.928125381469726562e+01,-2.518890798091888428e-01,4.215386390686035156e+00,5.678692340850830078e+00,1.161552143096923828e+01,1.335103130340576172e+01,1.999605178833007812e+01,1.937099075317382812e+01,9.408955574035644531e+00,1.093528556823730469e+01,6.976976394653320312e+00,-4.108263969421386719e+00,-1.295930290222167969e+01,2.194215297698974609e+00,1.255476951599121094e+01,-3.659463405609130859e+00,-1.121628189086914062e+01,-9.311509132385253906e+00,8.728250503540039062e+00,2.060819435119628906e+01,2.568025207519531250e+01,2.282965087890625000e+01,1.815295410156250000e+01,1.645943450927734375e+01,2.053963851928710938e+01,1.669744491577148438e+01,1.476488113403320312e+01,5.776304721832275391e+00,-6.663863658905029297e-01,-1.596917390823364258e+00,-7.767125606536865234e+00,-1.460022926330566406e+01,-1.697953033447265625e+01,-2.399690628051757812e+01,-8.044423103332519531e+00,1.951689910888671875e+01,3.097547721862792969e+01,3.689303588867187500e+01,2.996982955932617188e+01,9.647934913635253906e+00,-1.271048355102539062e+01,-1.982641220092773438e+01,-1.924509239196777344e+01,-1.394918060302734375e+01,-7.366729259490966797e+00,-3.441858768463134766e+00,2.783769607543945312e+00,1.085365676879882812e+01,1.743846130371093750e+01,1.687968063354492188e+01,3.184951782226562500e+01,4.715715026855468750e+01,4.467140197753906250e+01,3.721899414062500000e+01,3.169342803955078125e+01,1.752549171447753906e+01,4.145736694335937500e+00,3.620201587677001953e+00,1.707107305526733398e+00,-6.650695204734802246e-01,2.949243307113647461e+00,6.580583572387695312e+00,2.991924285888671875e+00,7.111878871917724609e+00,7.696506977081298828e+00,1.097484302520751953e+01,1.476889038085937500e+01,1.361996459960937500e+01,6.580608367919921875e+00,-8.828889131546020508e-01,-6.159959793090820312e+00,-9.104726791381835938e+00,-8.287658691406250000e+00,-2.590995788574218750e+00,2.541933059692382812e-01,-8.688032627105712891e-02,1.206851387023925781e+01,2.626463699340820312e+01,1.727102851867675781e+01,-7.426780700683593750e+00,-2.105266189575195312e+01,-1.815100288391113281e+01,-1.462952613830566406e+01,-1.754677391052246094e+01,-9.613439559936523438e+00,1.303334355354309082e+00,3.005383729934692383e+00,-1.111463928222656250e+01,-1.748378753662109375e+01,-1.766760635375976562e+01,-1.277227020263671875e+01,-1.293065071105957031e+01,-2.122551345825195312e+01,-2.807742691040039062e+01,-2.238794708251953125e+01,-5.585646629333496094e+00,2.833659946918487549e-01,-5.306251525878906250e+00,-7.742039680480957031e+00,-3.539974451065063477e+00,-7.227849006652832031e+00,-6.790637016296386719e+00,-8.471453666687011719e+00,-9.295351028442382812e+00,-1.366397190093994141e+01,-1.119114875793457031e+01,-4.160259246826171875e+00,1.980230689048767090e+00,3.634232044219970703e+00,3.445895910263061523e+00,3.276540994644165039e+00,3.707025289535522461e+00,3.738567352294921875e+00,2.906036615371704102e+00,4.872346878051757812e+00,1.130160140991210938e+01,1.286328697204589844e+01,1.135874366760253906e+01,1.341916084289550781e+01,1.600772476196289062e+01,1.134482765197753906e+01,1.217725753784179688e+01,2.635940933227539062e+01,3.646009826660156250e+01,4.370685195922851562e+01,4.779180908203125000e+01,4.761661148071289062e+01,4.211906051635742188e+01,2.824895477294921875e+01,1.848661231994628906e+01,1.654752349853515625e+01,1.527558231353759766e+01,2.361150360107421875e+01,3.554727172851562500e+01,4.552712249755859375e+01,4.490719604492187500e+01,3.855538177490234375e+01,2.810689926147460938e+01,2.220263290405273438e+01,2.992719078063964844e+01,3.207238769531250000e+01,2.482695388793945312e+01,1.869480323791503906e+01,1.630610466003417969e+01,2.211238479614257812e+01,2.493898391723632812e+01,1.812150192260742188e+01,1.398177719116210938e+01,1.712953948974609375e+01,2.175839996337890625e+01,1.225235176086425781e+01,-2.173799991607666016e+00,-8.682302474975585938e+00,-1.279056167602539062e+01,-3.328676939010620117e+00,2.127972602844238281e+00,-1.532633209228515625e+01,-2.082537460327148438e+01,5.743112564086914062e+00,1.624460220336914062e+01,1.786656951904296875e+01,2.062323760986328125e+01,2.069213867187500000e+01,1.847936630249023438e+01,5.212529182434082031e+00,5.790799617767333984e+00,1.269425010681152344e+01,9.090879440307617188e+00,-3.837025642395019531e+00,-3.041389584541320801e-01,1.174974822998046875e+01,2.090001296997070312e+01,2.136618232727050781e+01,1.936360740661621094e+01,2.096918487548828125e+01,2.227704620361328125e+01,2.391716766357421875e+01,2.262140655517578125e+01,1.849680519104003906e+01,1.460739326477050781e+01,1.705131340026855469e+01,1.519542503356933594e+01,1.288519763946533203e+01,1.682810592651367188e+01,1.895754623413085938e+01,1.786733245849609375e+01,1.746950531005859375e+01,1.625063896179199219e+01,1.538667678833007812e+01,1.368134689331054688e+01,9.462311744689941406e+00,5.437993049621582031e+00,7.163842201232910156e+00,1.567422866821289062e+01,2.224162864685058594e+01,1.900794982910156250e+01,7.061305046081542969e+00,-2.861382961273193359e+00,-3.507346153259277344e+00,-7.317523956298828125e+00,-1.083065152168273926e+00,1.051076221466064453e+01,1.187339210510253906e+01,2.196568679809570312e+01,1.950676345825195312e+01,1.559969329833984375e+01,-6.187358498573303223e-01,-6.214034080505371094e+00,-8.918558120727539062e+00,-7.753425598144531250e+00,-6.871294975280761719e+00,-3.288085937500000000e+00,-4.588826179504394531e+00,-4.148079872131347656e+00,-1.468052268028259277e-01,1.324073433876037598e+00,1.213668155670166016e+01,2.008490753173828125e+01,1.831977081298828125e+01,4.172455310821533203e+00,2.055501937866210938e-01,3.040929317474365234e+00,2.737715959548950195e+00,9.348581314086914062e+00,1.973063850402832031e+01,1.924555587768554688e+01,1.381434345245361328e+01,6.857968330383300781e+00,3.122611284255981445e+00,9.050925254821777344e+00,9.830480575561523438e+00,1.004892349243164062e+01,1.314138603210449219e+01,1.350179004669189453e+01,1.557410335540771484e+01,1.515061759948730469e+01,8.364578247070312500e+00,6.654091835021972656e+00,1.098410224914550781e+01,1.313926124572753906e+01,1.575007247924804688e+01,1.755903625488281250e+01,1.540535926818847656e+01,9.647258758544921875e+00,1.490686988830566406e+01,1.353399467468261719e+01,7.066912651062011719e+00,-3.794032335281372070e+00,-6.671388626098632812e+00,-2.610806226730346680e+00,7.961566448211669922e+00,1.088621044158935547e+01,8.650683403015136719e+00,2.011600017547607422e+00,-2.564500331878662109e+00,6.596505165100097656e+00,8.431714057922363281e+00,2.640348672866821289e+00,5.271058559417724609e+00,9.704450607299804688e+00,1.370922851562500000e+01,1.674422836303710938e+01,1.531396484375000000e+01,2.480260848999023438e+00,-1.449996566772460938e+01,6.527863025665283203e+00,2.727396011352539062e+01,2.650150299072265625e+01,2.199784660339355469e+01,1.438215637207031250e+01,6.096575736999511719e+00,1.105911016464233398e+00,-4.741287231445312500e+00,1.143447875976562500e+01,2.228812789916992188e+01,3.263510894775390625e+01,4.032635498046875000e+01,4.238060379028320312e+01,4.124931335449218750e+01,3.722274398803710938e+01,3.232575607299804688e+01,3.085452270507812500e+01,3.631476211547851562e+01,3.933853149414062500e+01,3.612367248535156250e+01,3.872912979125976562e+01,3.557751464843750000e+01,2.804683685302734375e+01,2.803906250000000000e+01,3.113848304748535156e+01,2.946565628051757812e+01,2.774405860900878906e+01,1.897060394287109375e+01,9.273767471313476562e+00,1.463204383850097656e+00,8.851333856582641602e-01,1.460724830627441406e+01,2.334924697875976562e+01,2.014034843444824219e+01,2.133950042724609375e+01,2.644612884521484375e+01,2.928347396850585938e+01,2.883320045471191406e+01,2.909612274169921875e+01,2.642624855041503906e+01,3.120631027221679688e+01,3.561272048950195312e+01,2.803412246704101562e+01,1.027387428283691406e+01,-8.813875913619995117e-01,-1.139903306961059570e+00,2.426458597183227539e+00,1.087742090225219727e+00,1.254442930221557617e+00,3.647946119308471680e+00,1.214660644531250000e+01,1.578809738159179688e+01,1.328167629241943359e+01,2.140766906738281250e+01,2.616070556640625000e+01,2.218910026550292969e+01,2.321934509277343750e+01,2.467481040954589844e+01,1.707720184326171875e+01,1.751426315307617188e+01,1.827062225341796875e+01,1.908907699584960938e+01,1.850633621215820312e+01,2.101958084106445312e+01,2.698003578186035156e+01,3.407489776611328125e+01,2.964488410949707031e+01,2.540673255920410156e+01,2.411237907409667969e+01,2.212491416931152344e+01,2.326276779174804688e+01,2.281172943115234375e+01,2.033271026611328125e+01,1.735543441772460938e+01,1.471357154846191406e+01,1.507095909118652344e+01,1.608356094360351562e+01,1.620578765869140625e+01,1.303618621826171875e+01,1.484947586059570312e+01,1.765084457397460938e+01,1.394467449188232422e+01,7.014897823333740234e+00,1.101276779174804688e+01,2.006530761718750000e+01,1.731558418273925781e+01,1.660905075073242188e+01,1.404128932952880859e+01,8.378817558288574219e+00,1.388369941711425781e+01,1.884260177612304688e+01,1.249017810821533203e+01,4.790250301361083984e+00,1.056756591796875000e+01,8.376628875732421875e+00,-9.762451171875000000e+00,7.019145011901855469e+00,1.093539047241210938e+01,1.079775047302246094e+01,1.236542129516601562e+01,2.203678512573242188e+01,2.649708557128906250e+01,2.166069793701171875e+01,1.378244209289550781e+01,1.017934513092041016e+01,-4.100010395050048828e-01,3.101379632949829102e+00,1.347995758056640625e+01,1.948297500610351562e+01,1.738475418090820312e+01,2.493378829956054688e+01,2.608305358886718750e+01,2.164909744262695312e+01,1.631004333496093750e+01,8.754975318908691406e+00,9.581443786621093750e+00,4.183625221252441406e+00,4.870359897613525391e+00,3.638759851455688477e+00,4.683038711547851562e+00,-6.397619724273681641e+00,-1.032157897949218750e+01,-1.270598983764648438e+01,-1.806849098205566406e+01,-1.186704826354980469e+01,-2.234582185745239258e+00,-2.232491493225097656e+00,-3.879491329193115234e+00,-2.521340608596801758e+00,2.157382965087890625e+00,5.629120349884033203e+00,9.468210220336914062e+00,4.038909912109375000e+00,-3.252599716186523438e+00,-8.212626457214355469e+00,-1.216165161132812500e+01,-8.661893844604492188e+00,-9.302185058593750000e+00,-6.156809329986572266e-01,8.364134788513183594e+00,3.156870269775390625e+01,4.372148132324218750e+01,4.832190704345703125e+01,5.197158050537109375e+01,5.183327865600585938e+01,4.088559341430664062e+01,3.326911163330078125e+01,2.399129676818847656e+01,2.310029602050781250e+01,1.998501968383789062e+01,1.844325637817382812e+01,1.906992530822753906e+01,1.020298290252685547e+01,-6.839103102684020996e-01,-3.767682313919067383e+00,-4.364656448364257812e+00,-1.705254077911376953e+00,9.353956580162048340e-02,9.951531410217285156e+00,1.985208320617675781e+01,2.520335388183593750e+01,2.378356361389160156e+01,1.139179515838623047e+01,2.027455139160156250e+01,2.292164993286132812e+01,2.311012458801269531e+01,1.969795608520507812e+01,1.754438781738281250e+01,2.025051498413085938e+01,2.030175209045410156e+01,1.842363548278808594e+01,9.337160110473632812e+00,9.336058497428894043e-01,4.076115608215332031e+00,-1.704269766807556152e+00,2.507679939270019531e+00,8.986129760742187500e+00,1.999174880981445312e+01,1.446371459960937500e+01,1.917173767089843750e+01,1.987953376770019531e+01,1.073774242401123047e+01,-3.727543115615844727e+00,-1.270246315002441406e+01,-1.986154937744140625e+01,-1.066366577148437500e+01,2.402812480926513672e+00,1.578452682495117188e+01,1.899430656433105469e+01,1.805999374389648438e+01,2.021334838867187500e+01,1.392367172241210938e+01,-7.224426269531250000e+00,-1.371463012695312500e+01,-1.899188613891601562e+01,-1.811513328552246094e+01,-1.176720046997070312e+01,-9.499268531799316406e+00,-5.650173187255859375e+00,9.982414245605468750e+00,1.747707939147949219e+01,1.458502960205078125e+01,-2.208769798278808594e+00,-1.044245719909667969e+01,-9.453900337219238281e+00,-4.203917026519775391e+00,5.992465019226074219e+00,2.157400512695312500e+01,1.915539169311523438e+01,1.109873580932617188e+01,1.374846649169921875e+01,-8.369983434677124023e-01,-1.292393302917480469e+01,-1.386292839050292969e+01,-5.587391853332519531e+00,2.408222675323486328e+00,5.083652019500732422e+00,1.603449583053588867e-01,3.088086605072021484e+00,1.227715682983398438e+01,1.395887184143066406e+01,-5.999766588211059570e-01,-1.582705116271972656e+01,-5.499700546264648438e+00,8.499334335327148438e+00,2.048468780517578125e+01,2.324935150146484375e+01,2.058654403686523438e+01,1.887967109680175781e+01,2.152003860473632812e+01,2.526598548889160156e+01,2.939405822753906250e+01,3.020523071289062500e+01,2.759444427490234375e+01,2.518324661254882812e+01,2.223632431030273438e+01,2.072391128540039062e+01,7.786285400390625000e+00,-2.543867111206054688e+00,3.892609596252441406e+00,5.976598739624023438e+00,5.467177391052246094e+00,7.134482383728027344e+00,9.687806129455566406e+00,1.052970504760742188e+01,7.895301818847656250e+00,1.608017921447753906e+01,1.992118453979492188e+01,1.887066650390625000e+01,1.407718658447265625e+01,1.600130844116210938e+01,1.653606414794921875e+01,1.450496673583984375e+01,1.723698806762695312e+01,1.865873336791992188e+01,1.133011150360107422e+01,7.007907867431640625e+00,1.397250175476074219e+01,2.365524673461914062e+01,2.932342338562011719e+01,3.041559600830078125e+01,2.549290466308593750e+01,2.650874710083007812e+01,2.883985137939453125e+01,1.594170951843261719e+01,-1.218778014183044434e+00,5.061874389648437500e+00,5.023004531860351562e+00,1.063587760925292969e+01,1.247922039031982422e+01,1.355290031433105469e+01,1.470497512817382812e+01,2.964678764343261719e+01,2.813700866699218750e+01,2.165433883666992188e+01,1.931958580017089844e+01,1.648363113403320312e+01,1.558769989013671875e+01,2.089356994628906250e+01,2.697038650512695312e+01,3.168194007873535156e+01,3.132310295104980469e+01,2.871235656738281250e+01,2.842593574523925781e+01,2.672278594970703125e+01,1.705287933349609375e+01,1.255535411834716797e+01,1.403519248962402344e+01,1.694763183593750000e+01,2.339145088195800781e+01,3.131076240539550781e+01,3.424304962158203125e+01,2.542255783081054688e+01,7.169616699218750000e+00,7.422335624694824219e+00,7.855561733245849609e+00,-1.342449569702148438e+01,-1.471423339843750000e+01,-8.658441543579101562e+00,-4.268393993377685547e+00,-4.420736312866210938e+00,3.663831949234008789e+00,1.160641670227050781e+01,1.865982055664062500e+01,1.335234069824218750e+01,3.057700634002685547e+00,6.893361806869506836e-01,1.076938819885253906e+01,1.240830421447753906e+01,1.067817020416259766e+01,9.635854721069335938e+00,1.869259452819824219e+01,1.927898788452148438e+01,1.801399803161621094e+01,1.878531837463378906e+01,1.540002155303955078e+01,8.176353454589843750e+00,4.921675682067871094e+00,4.284244537353515625e+00,4.364154815673828125e+00,2.115040302276611328e+00,1.482617282867431641e+01,1.908798027038574219e+01,2.062991905212402344e+01,1.338537979125976562e+01,7.141742706298828125e+00,8.071738243103027344e+00,8.031861305236816406e+00,1.276573562622070312e+01,2.541147422790527344e+01,3.629591369628906250e+01,3.857849884033203125e+01,3.924248504638671875e+01,3.707688903808593750e+01,3.158165740966796875e+01,2.048847389221191406e+01,1.759812927246093750e+01,2.055050659179687500e+01,1.398827457427978516e+01,5.969531059265136719e+00,4.825962066650390625e+00,8.726716995239257812e+00,8.431467056274414062e+00,7.681614398956298828e+00,8.184325695037841797e-01,-6.655132770538330078e+00,-1.474213302135467529e-01,6.717440485954284668e-02,6.894456863403320312e+00,3.275437164306640625e+01,4.726200485229492188e+01,4.532744598388671875e+01,4.284334564208984375e+01,3.886561584472656250e+01,3.022716903686523438e+01,1.202203369140625000e+01,8.108593940734863281e+00,1.398526096343994141e+01,1.718356323242187500e+01,1.062220573425292969e+01,2.138429260253906250e+01,2.963447189331054688e+01,4.149475860595703125e+01,4.362319946289062500e+01,4.547750854492187500e+01,3.940605926513671875e+01,2.273910522460937500e+01,1.374513530731201172e+01,1.772324371337890625e+01,2.776198196411132812e+01,2.745904541015625000e+01,2.389450263977050781e+01,3.029940414428710938e+01,3.473027801513671875e+01,3.088606452941894531e+01,2.742558288574218750e+01,1.890281295776367188e+01,8.461620330810546875e+00,-3.852744400501251221e-01,-1.038352012634277344e+01,-1.664181518554687500e+01,-1.429177284240722656e+01,-1.187267494201660156e+01,-9.203151702880859375e+00,1.058046817779541016e+00,5.723226547241210938e+00,8.590606689453125000e+00,7.867352485656738281e+00,1.129643917083740234e+01,1.400662994384765625e+01,1.669909667968750000e+01,1.764662742614746094e+01,1.383927154541015625e+01,1.448894500732421875e+01,1.055531501770019531e+01,9.411565780639648438e+00,4.748957633972167969e+00,4.149853229522705078e+00,8.278148651123046875e+00,1.577422904968261719e+01,1.383786201477050781e+01,9.711568832397460938e+00,5.918782234191894531e+00,-4.194390296936035156e+00,-7.348017692565917969e+00,4.956693649291992188e+00,1.438826560974121094e+01,2.123868370056152344e+01,2.195315170288085938e+01,2.285789108276367188e+01,2.496791839599609375e+01,2.628459358215332031e+01,2.670891571044921875e+01,2.336014556884765625e+01,1.593713378906250000e+01,1.240349006652832031e+01,1.221202659606933594e+01,1.424924659729003906e+01,1.351138019561767578e+01,1.407225227355957031e+01,1.322148132324218750e+01,1.294400787353515625e+01,2.733075332641601562e+01,3.473811340332031250e+01,2.752875518798828125e+01,2.027119064331054688e+01,1.506226921081542969e+01,1.324202728271484375e+01,1.672686767578125000e+01,1.669275474548339844e+01,2.388888549804687500e+01,3.199075889587402344e+01,2.868383407592773438e+01,2.475499725341796875e+01,2.899547958374023438e+01,2.810640144348144531e+01,2.205201339721679688e+01,1.925352096557617188e+01,1.978721427917480469e+01,2.135382461547851562e+01,2.295370292663574219e+01,2.061192703247070312e+01,1.930214309692382812e+01,1.563586807250976562e+01,1.639748954772949219e+01,2.162198638916015625e+01,1.958328819274902344e+01,2.308411598205566406e+01,2.441247940063476562e+01,2.604031753540039062e+01,2.560457611083984375e+01,2.768589019775390625e+01,2.798912048339843750e+01,2.311174011230468750e+01,1.403813362121582031e+01,1.303108310699462891e+01,8.629808425903320312e+00,1.183103275299072266e+01,1.397923564910888672e+01,7.752211570739746094e+00,2.380336284637451172e+00,2.544189691543579102e+00,5.605468750000000000e+00,1.010032367706298828e+01,1.226824474334716797e+01,1.162674331665039062e+01,8.611707687377929688e+00,8.272672653198242188e+00,5.943287849426269531e+00,8.934778213500976562e+00,1.000079059600830078e+01,9.148443222045898438e+00,6.867435932159423828e+00,1.540149688720703125e+00,-6.958947181701660156e+00,-9.099824905395507812e+00,-7.056749343872070312e+00,-8.433526039123535156e+00,-9.599510192871093750e+00,9.787476658821105957e-01,1.065902709960937500e+01,1.375428962707519531e+01,1.660243606567382812e+01,2.026604080200195312e+01,2.306084442138671875e+01,2.621884536743164062e+01,2.429303932189941406e+01,2.926499557495117188e+01,2.707827758789062500e+01,2.889409637451171875e+01,2.673720169067382812e+01,2.094696807861328125e+01,1.489445209503173828e+01,1.187691879272460938e+01,7.475246429443359375e+00,4.593544960021972656e+00,2.452413082122802734e+00,2.759016275405883789e+00,3.957277297973632812e+00,6.235929489135742188e+00,2.778229117393493652e-02,6.411346435546875000e+00,1.717916107177734375e+01,2.387656784057617188e+01,2.735829544067382812e+01,2.799289703369140625e+01,2.404518127441406250e+01,1.895503807067871094e+01,1.607541656494140625e+01,6.144197463989257812e+00,6.024827003479003906e+00,1.717753219604492188e+01,1.576817989349365234e+01,5.039155006408691406e+00,3.247891664505004883e+00,6.960433959960937500e+00,1.312646675109863281e+01,1.415376472473144531e+01,1.053709983825683594e+01,7.980181694030761719e+00,8.940292358398437500e+00,1.177768135070800781e+01,1.503698539733886719e+01,1.093913841247558594e+01,5.533146858215332031e+00,1.250208282470703125e+01,2.414042663574218750e+01,2.894291305541992188e+01,3.650022506713867188e+01,3.578755569458007812e+01,3.517396545410156250e+01,4.140081787109375000e+01,3.232632827758789062e+01,1.919991683959960938e+01,7.922856330871582031e+00,8.024917602539062500e+00,6.879890918731689453e+00,8.681852340698242188e+00,2.023514938354492188e+01,2.777249526977539062e+01,3.588039779663085938e+01,2.902284622192382812e+01,2.067711639404296875e+01,1.829433631896972656e+01,2.663390922546386719e+01,1.258324623107910156e+00,-4.426762104034423828e+00,-7.334097862243652344e+00,-1.054867744445800781e+01,-7.278675556182861328e+00,6.752584576606750488e-01,8.412904739379882812e+00,1.122600460052490234e+01,2.144556283950805664e+00,3.548009872436523438e+00,9.111399650573730469e+00,1.441814804077148438e+01,1.183303260803222656e+01,9.387189865112304688e+00,1.183980178833007812e+01,1.213532161712646484e+01,1.357754325866699219e+01,1.119442367553710938e+01,1.292110061645507812e+01,1.102801513671875000e+01,1.320734024047851562e+01,1.266395759582519531e+01,1.367138099670410156e+01,1.253434371948242188e+01,1.108644390106201172e+01,4.303007125854492188e+00,-3.077147006988525391e+00,-6.482954978942871094e+00,-4.951163291931152344e+00,-1.968652486801147461e+00,3.176440238952636719e+00,6.039247035980224609e+00,1.114254570007324219e+01,1.396591186523437500e+01,1.176680564880371094e+01,1.029941177368164062e+01,1.239012527465820312e+01,1.543919563293457031e+01,9.340709686279296875e+00,1.155228233337402344e+01,1.641732788085937500e+01,1.878046417236328125e+01,1.605595207214355469e+01,1.153887748718261719e+01,6.332010269165039062e+00,7.298291206359863281e+00,5.445934772491455078e+00,-4.536552906036376953e+00,-9.613786697387695312e+00,-5.213878631591796875e+00,-3.977491557598114014e-01,1.058291673660278320e+00,-1.383137226104736328e+00,-5.853257656097412109e+00,-8.192003250122070312e+00,-1.181337833404541016e+01,-7.265735626220703125e+00,-9.931326866149902344e+00,-1.525921630859375000e+01,-1.608206939697265625e+01,-1.559544563293457031e+01,-8.101548194885253906e+00,-1.265913963317871094e+01,-2.436116981506347656e+01,-1.194759941101074219e+01,3.948304176330566406e+00,5.913738250732421875e+00,3.761835575103759766e+00,6.106899380683898926e-01,-6.395168304443359375e+00,-1.501593971252441406e+01,-1.890785789489746094e+01,-1.889564132690429688e+01,-1.655275344848632812e+01,-8.398610115051269531e+00,-1.840140581130981445e+00,1.348020911216735840e+00,1.142292404174804688e+01,2.739354324340820312e+01,3.015534210205078125e+01,2.739079666137695312e+01,2.563157653808593750e+01,2.324542236328125000e+01,1.754639053344726562e+01,8.365831375122070312e+00,7.479548454284667969e+00,1.032762336730957031e+01,1.814551353454589844e+01,1.328374290466308594e+01,1.050351905822753906e+01,1.691984367370605469e+01,2.571754074096679688e+01,1.906410980224609375e+01,1.029879283905029297e+01,2.288047313690185547e+00,1.655687570571899414e+00,9.650957107543945312e+00,1.457094097137451172e+01,1.627342033386230469e+01,1.774090957641601562e+01,1.700010871887207031e+01,2.011758804321289062e+01,1.433300781250000000e+01,8.278429985046386719e+00,9.566485404968261719e+00,1.402011680603027344e+01,1.623333740234375000e+01,1.935149383544921875e+01,2.400457572937011719e+01,2.047137069702148438e+01,1.401815414428710938e+01,3.843744277954101562e+00,-8.169255256652832031e+00,-5.535223007202148438e+00,4.421188235282897949e-01,9.207983016967773438e+00,6.783904552459716797e+00,-2.975704908370971680e+00,-1.081957340240478516e+00,-1.098713755607604980e+00,6.675584793090820312e+00,9.970787048339843750e+00,7.905797004699707031e+00,8.051441192626953125e+00,6.887287139892578125e+00,1.924882173538208008e+00,1.961700439453125000e+00,1.249659824371337891e+01,1.906095886230468750e+01,1.525074195861816406e+01,8.334995269775390625e+00,1.086221313476562500e+01,1.307850265502929688e+01,7.821723461151123047e+00,8.482240676879882812e+00,1.117384338378906250e+01,9.447780609130859375e+00,1.195458030700683594e+01,1.310745239257812500e+01,8.923690795898437500e+00,1.128705883026123047e+01,1.456323719024658203e+01,1.496378421783447266e+01,1.655654525756835938e+01,2.374485397338867188e+01,1.844872665405273438e+01,1.464354896545410156e+01,1.354709148406982422e+01,8.746486663818359375e+00,9.427732467651367188e+00,9.176355361938476562e+00,1.376986885070800781e+01,1.582435703277587891e+01,1.334885883331298828e+01,1.699386787414550781e+01,1.479102897644042969e+01,9.378337860107421875e+00,5.311120033264160156e+00,6.888584136962890625e+00,9.998079299926757812e+00,1.213720035552978516e+01,1.414081192016601562e+01,2.429463195800781250e+01,2.922339630126953125e+01,2.696759796142578125e+01,1.970299339294433594e+01,1.418818855285644531e+01,9.203698158264160156e+00,8.525863647460937500e+00,1.107541275024414062e+01,1.255026435852050781e+01,-3.214496135711669922e+00,-1.063212108612060547e+01,-1.277554893493652344e+01,-1.476693916320800781e+01,-2.140157318115234375e+01,-1.020118141174316406e+01,2.788247585296630859e+00,3.605760574340820312e+00,8.857011795043945312e+00,1.324790096282958984e+01,7.478559494018554688e+00,-1.296179056167602539e+00,-5.504986047744750977e-01,-2.675783634185791016e+00,-9.138185501098632812e+00,-3.076992511749267578e+00,4.842448234558105469e+00,3.051939249038696289e+00,1.997104644775390625e+00,1.248953819274902344e+00,1.464154005050659180e+00,-3.397618055343627930e+00,-1.571158599853515625e+01,-1.186466407775878906e+01,1.200317955017089844e+01,1.820393180847167969e+01,1.907707977294921875e+01,1.181866645812988281e+01,1.061591655015945435e-01,-6.599359035491943359e+00,-1.744900131225585938e+01,-1.923384857177734375e+01,-1.489052009582519531e+01,4.409785270690917969e-01,1.281761646270751953e+01,1.453752040863037109e+01,9.657861709594726562e+00,8.598919868469238281e+00,1.214907741546630859e+01,1.335833644866943359e+01,1.413533687591552734e+01,1.775284004211425781e+01,1.156384658813476562e+01,8.152832031250000000e+00,5.352033615112304688e+00,4.921747207641601562e+00,7.144403934478759766e+00,5.648439407348632812e+00,-2.947131633758544922e+00,-8.210423469543457031e+00,-9.694379806518554688e+00,-1.095029640197753906e+01,-1.007342338562011719e+01,-3.714670181274414062e+00,6.989391803741455078e+00,-7.115529060363769531e+00,-2.785853385925292969e+01,-2.960815811157226562e+01,-2.644814109802246094e+01,-1.723949050903320312e+01,-8.157636642456054688e+00,3.125679969787597656e+00,9.551542282104492188e+00,9.030069351196289062e+00,2.999879360198974609e+00,-9.449459075927734375e+00,-1.687293434143066406e+01,-1.255909538269042969e+01,-1.526992225646972656e+01,-1.418531036376953125e+01,-1.546226978302001953e+01,8.155364036560058594e+00,1.184461498260498047e+01,1.558509254455566406e+01,-5.237983226776123047e+00,-2.451556777954101562e+01,-2.932289505004882812e+01,-2.720401382446289062e+01,-2.391247749328613281e+01,-2.388006782531738281e+01,-1.638356566429138184e+00,1.437593936920166016e+01,1.782548332214355469e+01,1.425682544708251953e+01,1.764265251159667969e+01,1.338896560668945312e+01,5.804751396179199219e+00,-4.258431434631347656e+00,2.039623260498046875e+00,1.149504566192626953e+01,9.631529808044433594e+00,4.448014259338378906e+00,1.023340702056884766e+00,9.313169717788696289e-01,5.656110763549804688e+00,1.652539634704589844e+01,1.906491851806640625e+01,2.246224975585937500e+01,2.168769073486328125e+01,1.607350921630859375e+01,9.999122619628906250e+00,4.680644035339355469e+00,8.910452842712402344e+00,1.134016323089599609e+01,1.052409648895263672e+01,1.393715286254882812e+01,1.228729629516601562e+01,7.640747070312500000e+00,8.119104385375976562e+00,1.168268871307373047e+01,1.376066398620605469e+01,1.644631195068359375e+01,1.588654422760009766e+01,1.860940361022949219e+01,1.333417320251464844e+01,1.250158214569091797e+01,8.907655715942382812e+00,2.645633220672607422e+00,-2.765437841415405273e+00,-7.033967971801757812e+00,4.433877468109130859e+00,4.742205619812011719e+00,7.191675662994384766e+00,4.036031723022460938e+00,1.820765733718872070e-01,9.804207086563110352e-01,7.887743949890136719e+00,1.578769207000732422e+01,1.444277763366699219e+01,4.381493568420410156e+00,-7.898505210876464844e+00,-2.054658174514770508e+00,-9.634068608283996582e-02,-6.452979087829589844e+00,-1.329565048217773438e+01,-1.828844451904296875e+01,-1.667587280273437500e+01,3.182530879974365234e+00,2.741656303405761719e+00,-8.638607978820800781e+00,-9.721870422363281250e+00,2.693647384643554688e+00,2.957216024398803711e+00,-1.177778959274291992e+00,-2.385967254638671875e+00,-5.684561729431152344e+00,-1.491660881042480469e+01,-2.959068298339843750e+01,-2.736689376831054688e+01,-2.445255279541015625e+01,-2.292480087280273438e+01,-1.609389305114746094e+01,-8.513512015342712402e-01,1.110140514373779297e+01,2.804331207275390625e+01,3.921950912475585938e+01,4.398838806152343750e+01,4.257333374023437500e+01,3.720512390136718750e+01,2.973621368408203125e+01,2.761976814270019531e+01,3.340434265136718750e+01,3.588366317749023438e+01,3.144538497924804688e+01,2.585518264770507812e+01,2.568680000305175781e+01,3.144622993469238281e+01,4.177933502197265625e+01,4.481687164306640625e+01,3.608003616333007812e+01,1.558661746978759766e+01,7.463038444519042969e+00,4.823016166687011719e+00,1.161713886260986328e+01,1.683815765380859375e+01,1.298157691955566406e+01,-4.353191852569580078e+00,-8.080197572708129883e-01,6.632713794708251953e+00,1.098958206176757812e+01,8.180706024169921875e+00,5.234271526336669922e+00,-2.469117164611816406e+00,-4.721693992614746094e+00,-4.099908351898193359e+00,-6.146625041961669922e+00,-1.171232986450195312e+01,-1.886700057983398438e+01,-2.026571846008300781e+01,-1.914912605285644531e+01,-8.693865776062011719e+00,-1.953779458999633789e+00,1.183938789367675781e+01,1.600721740722656250e+01,2.511389541625976562e+01,2.603666687011718750e+01,1.806039619445800781e+01,1.632933425903320312e+01,9.568944931030273438e+00,8.389959335327148438e+00,1.067490577697753906e+01,1.356376838684082031e+01,7.009579658508300781e+00,9.561187744140625000e+00,1.441835880279541016e+01,1.436598968505859375e+01,1.292354011535644531e+01,1.068058395385742188e+01,-1.767682266235351562e+01,-1.929485702514648438e+01,-1.679168891906738281e+01,-8.899398803710937500e+00,1.044206809997558594e+01,1.720345115661621094e+01,2.246405601501464844e+01,2.054962158203125000e+01,1.777021408081054688e+01,1.746899795532226562e+01,1.069129180908203125e+01,1.760841012001037598e+00,8.785841464996337891e-01,-3.520333528518676758e+00,-1.852673721313476562e+01,-2.793297576904296875e+01,-2.584868240356445312e+01,-2.333403968811035156e+01,-2.015254211425781250e+01,-5.879068374633789062e+00,5.208679199218750000e+00,2.017335128784179688e+01,3.158111572265625000e+01,3.100164794921875000e+01,1.912872314453125000e+01,4.619629383087158203e+00,6.724170684814453125e+00,1.715364074707031250e+01,1.813521957397460938e+01,1.535095691680908203e+01,1.687627220153808594e+01,6.195534706115722656e+00,-2.081501007080078125e+00,-3.980874300003051758e+00,2.135643959045410156e+00,1.735534286499023438e+01,2.130105972290039062e+01,2.403942871093750000e+01,2.191651916503906250e+01,1.857438278198242188e+01,2.470678901672363281e+01,2.960378074645996094e+01,2.769926452636718750e+01,-7.837332725524902344e+00,-2.855417633056640625e+01,-8.198110580444335938e+00,1.486592864990234375e+01,2.347889328002929688e+01,2.599915695190429688e+01,2.512024688720703125e+01,1.848043823242187500e+01,7.404438972473144531e+00,-5.726734161376953125e+00,-3.286171197891235352e+00,-1.802052974700927734e+00,7.831747055053710938e+00,9.152498245239257812e+00,7.931080341339111328e+00,2.701802015304565430e+00,-1.754978752136230469e+01,-2.299145317077636719e+01,-2.233090591430664062e+01,-1.770002365112304688e+01,-1.798275375366210938e+01,-1.964601898193359375e+01,-1.489424324035644531e+01,-1.172601604461669922e+01,-1.399036979675292969e+01,-1.249077987670898438e+01,-5.273713111877441406e+00,-5.862005233764648438e+00,-3.867664813995361328e+00,-1.906333684921264648e+00,3.809493064880371094e+00,5.082186698913574219e+00,4.199296474456787109e+00,2.230949878692626953e+00,4.685790061950683594e+00,4.573702812194824219e+00,5.576025962829589844e+00,6.050623416900634766e+00,3.797455072402954102e+00,6.346994400024414062e+00,1.189581489562988281e+01,1.419068717956542969e+01,1.229384040832519531e+01,1.748103141784667969e+01,2.190510559082031250e+01,1.928299903869628906e+01,1.165366268157958984e+01,1.746734237670898438e+01,2.347249221801757812e+01,2.661707687377929688e+01,2.988978958129882812e+01,2.393156433105468750e+01,1.219789314270019531e+01,5.439391613006591797e+00,1.275378799438476562e+01,7.945082187652587891e+00,-7.883614540100097656e+00,-5.110718727111816406e+00,-1.006955981254577637e+00,2.004815101623535156e+00,1.724962234497070312e+00,1.261479091644287109e+01,1.525247955322265625e+01,1.564199256896972656e+01,1.180901622772216797e+01,7.641373634338378906e+00,1.370575904846191406e+00,4.481686592102050781e+00,9.856940269470214844e+00,4.605767250061035156e+00,-6.582674980163574219e+00,-1.217011642456054688e+01,-1.029722023010253906e+01,-1.495838165283203125e+00,-1.070708560943603516e+01,-1.552980613708496094e+01,-1.076310539245605469e+01,-1.307280921936035156e+01,-1.758419036865234375e+01,-1.799240112304687500e+01,-1.524082946777343750e+01,1.088954806327819824e+00,1.008269691467285156e+01,2.314657211303710938e+01,2.957464218139648438e+01,2.393312454223632812e+01,1.918101501464843750e+01,2.031027412414550781e+01,1.094671344757080078e+01,9.331077575683593750e+00,1.870252990722656250e+01,3.356985855102539062e+01,3.516320037841796875e+01,3.070786666870117188e+01,1.154758548736572266e+01,-9.632711410522460938e+00,-1.050120162963867188e+01,-4.828030586242675781e+00,-1.431643009185791016e+00,1.835503768920898438e+01,3.639941024780273438e+01,3.072414016723632812e+01,1.703389739990234375e+01,1.234546089172363281e+01,9.842727661132812500e+00,1.295812034606933594e+01,1.778073883056640625e+01,1.576231575012207031e+01,1.377166557312011719e+01,1.099723625183105469e+01,1.073502159118652344e+01,5.754956722259521484e+00,5.839071750640869141e+00,4.312111854553222656e+00,5.277327537536621094e+00,-1.344434499740600586e+00,-3.237615585327148438e+00,-3.208576679229736328e+00,-2.606086730957031250e+00,-4.192413330078125000e+00,-1.490514636039733887e+00,6.638115882873535156e+00,-1.276295185089111328e+00,-9.174592018127441406e+00,-3.399931192398071289e+00,3.670033454895019531e+00,1.150507926940917969e+01,7.424704551696777344e+00,3.536033928394317627e-01,-4.587860107421875000e+00,-5.081850051879882812e+00,-7.170296669006347656e+00,-7.154187202453613281e+00,-2.888801574707031250e+00,-2.627082586288452148e+00,-7.525026321411132812e+00,-7.164637088775634766e+00,1.584482908248901367e+00,1.480390739440917969e+01,1.384080505371093750e+01,1.378250217437744141e+01,1.765963363647460938e+01,1.631665420532226562e+01,1.273352813720703125e+01,1.526159667968750000e+01,1.513757801055908203e+01,8.935697555541992188e+00,1.931055784225463867e-01,7.038588523864746094e+00,8.278997421264648438e+00,1.261118030548095703e+01,2.595654487609863281e+01,3.014789199829101562e+01,2.967366409301757812e+01,2.408863258361816406e+01,4.076097965240478516e+00,-5.191135406494140625e+00,-3.054326772689819336e+00,5.605817794799804688e+00,8.174704551696777344e+00,6.068251609802246094e+00,3.611675024032592773e+00,-2.522799253463745117e+00,-3.249232769012451172e+00,4.515350341796875000e+00,1.156657409667968750e+01,1.125110626220703125e+01,8.250043869018554688e+00,9.460454940795898438e+00,1.219444084167480469e+01,1.611608695983886719e+01,2.315942382812500000e+01,2.317369842529296875e+01,1.904891967773437500e+01,1.682804870605468750e+01,1.600192451477050781e+01,1.276370525360107422e+01,4.123036384582519531e+00,-3.593794345855712891e+00,-1.153571510314941406e+01,-5.040111064910888672e+00,1.509527301788330078e+01,1.415717315673828125e+01,6.019288539886474609e+00,6.013307571411132812e+00,5.406078815460205078e+00,2.547191679477691650e-01,-4.204853057861328125e+00,-1.301527976989746094e+00,1.064988803863525391e+01,2.504604721069335938e+01,3.372882461547851562e+01,3.529259872436523438e+01,2.889838027954101562e+01,2.329899597167968750e+01,1.131842708587646484e+01,9.956338882446289062e+00,2.135718917846679688e+01,1.261583900451660156e+01,1.324872136116027832e+00,-8.536890029907226562e+00,-1.606171417236328125e+01,-1.995986938476562500e+01,-8.761407852172851562e+00,7.696729660034179688e+00,1.475150108337402344e+01,8.249678611755371094e+00,-8.150214195251464844e+00,-1.834684753417968750e+01,-8.309497833251953125e+00,4.315649509429931641e+00,1.983191847801208496e+00,2.719930171966552734e+00,1.222715663909912109e+01,1.937952423095703125e+01,1.446428871154785156e+01,6.282424926757812500e+00,3.491789340972900391e+00,-1.878761172294616699e+00,-1.134042453765869141e+01,-5.341421127319335938e+00,2.352455139160156250e+00,1.598632240295410156e+01,2.422636032104492188e+01,2.435702514648437500e+01,1.982020950317382812e+01,1.017346191406250000e+01,1.140992403030395508e+00,-3.618855237960815430e+00,-1.070888710021972656e+01,-4.331293702125549316e-02,1.324386882781982422e+01,2.082929229736328125e+01,2.934362792968750000e+01,3.432025527954101562e+01,3.258140182495117188e+01,3.069916343688964844e+01,2.945673751831054688e+01,2.944945907592773438e+01,2.671279907226562500e+01,2.316694259643554688e+01,1.575520133972167969e+01,1.099414348602294922e+00,-4.416817665100097656e+00,-8.938711166381835938e+00,-6.073503494262695312e+00,-3.724059104919433594e+00,-1.442330360412597656e+00,7.416936397552490234e+00,1.826275634765625000e+01,2.011600494384765625e+01,1.480141925811767578e+01,1.369036483764648438e+01,1.872720527648925781e+01,1.808580207824707031e+01,1.517580127716064453e+01,1.883177185058593750e+01,1.354805183410644531e+01,8.248721122741699219e+00,1.433109092712402344e+01,1.501307487487792969e+01,1.605876159667968750e+01,1.364997673034667969e+01,1.094235706329345703e+01,1.056436157226562500e+01,1.667957305908203125e+01,1.967852020263671875e+01,1.188292789459228516e+01,1.098899650573730469e+01,1.292161560058593750e+01,8.995689392089843750e+00,9.169993400573730469e+00,1.165498733520507812e+01,1.273173332214355469e+01,3.129105091094970703e+00,2.710053920745849609e+00,8.341921806335449219e+00,2.583065032958984375e+01,2.482812881469726562e+01,1.354734039306640625e+01,3.763291835784912109e+00,8.961898803710937500e+00,1.006481552124023438e+01,3.839232444763183594e+00,1.032441711425781250e+01,1.987268829345703125e+01,2.650043869018554688e+01,2.141207504272460938e+01,9.909084320068359375e+00,-3.435989379882812500e+00,-1.517365837097167969e+01,-1.727701950073242188e+01,-6.003814697265625000e+00,1.263527679443359375e+01,1.915026092529296875e+01,2.393501281738281250e+01,1.730014038085937500e+01,3.523727893829345703e+00,1.302676391601562500e+01,1.610977554321289062e+01,2.324399566650390625e+01,2.849500656127929688e+01,3.049845886230468750e+01,2.639511871337890625e+01,1.927733612060546875e+01,7.395540237426757812e+00,-1.444194984436035156e+01,-1.822557449340820312e+01,-1.556536793708801270e+00,1.153273582458496094e+01,1.112643432617187500e+01,1.152978134155273438e+01,7.980057716369628906e+00,-2.788815498352050781e+00,-4.185626029968261719e+00,3.511063754558563232e-03,-2.993228912353515625e+00,-6.381766319274902344e+00,-3.240387439727783203e+00,-1.490002441406250000e+01,-1.136893653869628906e+01,-4.209980487823486328e+00,3.317647218704223633e+00,1.172601509094238281e+01,1.154280662536621094e+01,2.042409896850585938e+00,-1.443013000488281250e+01,-1.762807846069335938e+01,-8.937792778015136719e+00,-8.433144569396972656e+00,6.369020462036132812e+00,1.367018461227416992e+00,-1.279145812988281250e+01,-2.243734741210937500e+01,-2.240760231018066406e+01,-1.934930038452148438e+01,-1.688177871704101562e+01,-9.138005256652832031e+00,-4.416011333465576172e+00,-1.380625963211059570e+00,-3.707914590835571289e+00,-1.189756011962890625e+01,-1.335996627807617188e+01,-4.470490455627441406e+00,6.313128471374511719e+00,1.877833747863769531e+01,2.921574592590332031e+01,4.027269363403320312e+01,3.794187164306640625e+01,3.356697845458984375e+01,3.310981369018554688e+01,3.005540084838867188e+01,2.792914009094238281e+01,2.189872932434082031e+01,1.889926147460937500e+01,1.800432014465332031e+01,1.148120117187500000e+01,1.544687461853027344e+01,1.575455665588378906e+01,1.712772750854492188e+01,1.793939590454101562e+01,1.176484870910644531e+01,8.191530227661132812e+00,8.940656661987304688e+00,9.657130241394042969e+00,1.264472389221191406e+01,1.010908699035644531e+01,6.542984962463378906e+00,7.645405769348144531e+00,1.170633602142333984e+01,-1.853819370269775391e+00,-1.477356553077697754e-01,7.179487228393554688e+00,1.618008995056152344e+01,2.021093750000000000e+01,2.187591171264648438e+01,2.607235717773437500e+01,2.793217849731445312e+01,3.109156417846679688e+01,3.420366287231445312e+01,2.827863693237304688e+01,1.676591873168945312e+01,5.676253318786621094e+00,-3.593825340270996094e+00,-1.197426700592041016e+01,-1.600876617431640625e+01,-5.548555374145507812e+00,1.855238151550292969e+01,2.692791175842285156e+01,3.589651107788085938e+01,1.910478973388671875e+01,-3.652401566505432129e-01,-3.611350059509277344e+00,-5.386125564575195312e+00,-1.238457584381103516e+01,-1.837552261352539062e+01,-2.215417861938476562e+01,-2.457551574707031250e+01,-1.430965995788574219e+01,-9.539187431335449219e+00,-8.527339935302734375e+00,-3.667438268661499023e+00,7.172148704528808594e+00,9.504830360412597656e+00,-5.034724235534667969e+00,-1.831808280944824219e+01,-1.996720886230468750e+01,-1.013312625885009766e+01,-7.156549453735351562e+00,-6.800980567932128906e+00,-5.837522029876708984e+00,-7.725646972656250000e+00,-5.960944652557373047e+00,-2.970735073089599609e+00,4.317790269851684570e-01,-3.779026031494140625e+00,-1.301688575744628906e+01,-1.787184906005859375e+01,-1.835472488403320312e+01,-1.455932044982910156e+01,-1.724812269210815430e+00,1.597881698608398438e+01,2.100785446166992188e+01,2.407916259765625000e+01,2.252880859375000000e+01,1.725458908081054688e+01,4.022928714752197266e+00,-6.345044612884521484e+00,-2.579663276672363281e+00,1.575971984863281250e+01,2.195122146606445312e+01,2.686708450317382812e+01,3.052326393127441406e+01,2.663668823242187500e+01,1.960179138183593750e+01,1.923585510253906250e+01,1.653322029113769531e+01,1.420940780639648438e+01,2.033810234069824219e+01,3.254904937744140625e+01,3.361299896240234375e+01,3.703536987304687500e+01,2.864004898071289062e+01,3.005599784851074219e+01,1.905237579345703125e+01,5.902312278747558594e+00,3.656311750411987305e+00,2.512491464614868164e+00,7.567504405975341797e+00,1.868843841552734375e+01,1.784876251220703125e+01,2.115502548217773438e+01,2.736740112304687500e+01,1.554553318023681641e+01,9.833629608154296875e+00,1.590755343437194824e+00,-2.191796064376831055e+00,-5.483267307281494141e+00,-2.026072311401367188e+01,-2.827763748168945312e+01,-2.695180130004882812e+01,-1.889923477172851562e+01,-1.467474555969238281e+01,-2.061223220825195312e+01,-1.932352066040039062e+01,-1.403413009643554688e+01,-1.326804351806640625e+01,-2.015026092529296875e+01,-1.056869506835937500e+01,3.977415084838867188e+00,7.582412719726562500e+00,8.502122879028320312e+00,1.252912902832031250e+01,2.271606445312500000e+01,2.022269821166992188e+01,2.024819946289062500e+01,1.273589706420898438e+01,1.574782848358154297e+01,1.758797264099121094e+01,1.841439437866210938e+01,2.033983993530273438e+01,1.576071739196777344e+01,-5.913768291473388672e+00,-9.728605270385742188e+00,2.365032196044921875e+00,9.757789611816406250e+00,9.036821365356445312e+00,6.601655483245849609e+00,6.747465610504150391e+00,-4.202291011810302734e+00,-5.492101669311523438e+00,5.340456962585449219e+00,1.332411861419677734e+01,1.315936946868896484e+01,1.202468490600585938e+01,5.724091529846191406e+00,3.372644901275634766e+00,-2.116543054580688477e+00,-1.127160072326660156e+01,-1.717353057861328125e+01,-1.840038871765136719e+01,-5.990389823913574219e+00,4.511388778686523438e+00,9.672954559326171875e+00,1.986426925659179688e+01,3.713500976562500000e+00,-1.073743820190429688e+01,-1.046313476562500000e+01,1.263981699943542480e+00,1.640029525756835938e+01,2.037154388427734375e+01,1.957304000854492188e+01,8.617973327636718750e+00,-1.130549049377441406e+01,-2.448662948608398438e+01,-2.355173492431640625e+01,-1.638839530944824219e+01,3.360724449157714844e+00,1.611008453369140625e+01,1.990981101989746094e+01,2.262916183471679688e+01,1.582641506195068359e+01,1.235164928436279297e+01,1.838611221313476562e+01,2.126527595520019531e+01,1.925257110595703125e+01,1.161089134216308594e+01,5.868154048919677734e+00,5.185837745666503906e+00,7.114311218261718750e+00,1.326745891571044922e+01,7.424849510192871094e+00,1.023482513427734375e+01,1.258988571166992188e+01,7.172455787658691406e+00,5.900461196899414062e+00,7.553397655487060547e+00,7.672694683074951172e+00,8.325714111328125000e+00,4.005864620208740234e+00,1.016472339630126953e+01,1.082754325866699219e+01,4.151741504669189453e+00,2.550531387329101562e+00,5.910314083099365234e+00,1.092567443847656250e+01,1.382937240600585938e+01,1.431587219238281250e+01,1.250266647338867188e+01,9.232909202575683594e+00,-1.032131671905517578e+01,-2.036429595947265625e+01,8.646331787109375000e+00,2.145140647888183594e+01,2.536865997314453125e+01,1.119756221771240234e+01,-2.561271429061889648e+00,-8.884620666503906250e+00,1.680987596511840820e+00,1.700715446472167969e+01,3.054314804077148438e+01,3.477405929565429688e+01,3.349850463867187500e+01,2.782377624511718750e+01,1.796484184265136719e+01,1.974106216430664062e+01,2.372242164611816406e+01,1.223503780364990234e+01,5.929516792297363281e+00,5.228706359863281250e+00,-2.772804260253906250e+00,-9.795495986938476562e+00,-9.834831237792968750e+00,-1.246610260009765625e+01,-1.078353309631347656e+01,-8.933574676513671875e+00,-9.738092422485351562e+00,-6.146300792694091797e+00,-5.641759872436523438e+00,-1.000871467590332031e+01,-3.325035572052001953e+00,-3.925464630126953125e+00,-1.336292648315429688e+01,-2.150275421142578125e+01,-2.346763610839843750e+01,-2.264740371704101562e+01,-1.288002014160156250e+01,-4.645710945129394531e+00,-7.897045135498046875e+00,-1.932158279418945312e+01,-2.248973846435546875e+01,-3.336459350585937500e+01,-2.323570251464843750e+01,-1.085291671752929688e+01,-1.581112146377563477e+00,9.551992416381835938e+00,7.533603668212890625e+00,1.350585222244262695e+00,-8.521571159362792969e+00,-2.840875148773193359e+00,-3.400063991546630859e+00,-3.380900382995605469e+00,-2.263304710388183594e+00,-1.399999499320983887e+00,-1.302370548248291016e+00,-3.783802509307861328e+00,-2.355765342712402344e+00,1.393383741378784180e+00,3.369896650314331055e+00,3.228954315185546875e+00,4.628702163696289062e+00,1.147556495666503906e+01,1.342052078247070312e+01,1.585607337951660156e+01,2.278969001770019531e+01,2.841173744201660156e+01,1.781698608398437500e+01,1.446450710296630859e+01,1.562898063659667969e+01,1.978150939941406250e+01,1.932471847534179688e+01,1.937599563598632812e+01,1.640390205383300781e+01,6.770882129669189453e+00,-3.930490970611572266e+00,3.035950660705566406e+00,-9.681236267089843750e+00,-1.919485855102539062e+01,-1.894920730590820312e+01,-2.049711990356445312e+01,-1.743834304809570312e+01,-8.063296675682067871e-01,-1.855764389038085938e+01,-2.690665054321289062e+01,-2.415658187866210938e+01,-1.456229019165039062e+01,-1.054391956329345703e+01,-1.258016967773437500e+01,-1.702040672302246094e+01,-2.092953109741210938e+01,-2.680140686035156250e+01,-3.158236312866210938e+01,-3.510288238525390625e+01,-3.357957458496093750e+01,-2.505613708496093750e+01,-1.785032463073730469e+01,-1.763260650634765625e+01,-1.658821487426757812e+01,-1.354134941101074219e+01,-9.051652908325195312e+00,-3.901532649993896484e+00,3.591881990432739258e-01,-6.910721063613891602e-01,-2.022161722183227539e+00,5.762998461723327637e-01,4.462060332298278809e-01,1.597913265228271484e+00,2.536494493484497070e+00,-1.797197699546813965e+00,9.094476699829101562e-02,4.259440422058105469e+00,6.597585201263427734e+00,7.878883361816406250e+00,8.501884460449218750e+00,5.612024784088134766e+00,8.674960136413574219e+00,1.259355640411376953e+01,1.148708915710449219e+01,1.879156494140625000e+01,2.261634445190429688e+01,2.514652633666992188e+01,1.756882095336914062e+01,1.175525569915771484e+01,1.077618479728698730e+00,-1.858584642410278320e+00,3.852605104446411133e+00,1.655690431594848633e+00,-1.182694435119628906e+01,-1.849776840209960938e+01,-1.415584182739257812e+01,-1.429061794281005859e+01,-1.296842575073242188e+01,6.049423694610595703e+00,1.462534904479980469e+01,1.498452568054199219e+01,1.432224941253662109e+01,1.587822151184082031e+01,1.046798801422119141e+01,5.364614129066467285e-01,-1.063293266296386719e+01,-1.836738204956054688e+01,-2.743072509765625000e+01,-3.442449951171875000e+01,-3.125770950317382812e+01,-1.786196327209472656e+01,1.212901830673217773e+00,1.351053047180175781e+01,1.701064682006835938e+01,4.349842071533203125e+00,-5.460084915161132812e+00,-7.528056144714355469e+00,-8.839295387268066406e+00,-1.660113906860351562e+01,-2.220026016235351562e+01,-2.902003097534179688e+01,-3.002011680603027344e+01,-2.455426406860351562e+01,-1.304228019714355469e+01,1.553750228881835938e+01,2.598976898193359375e+01,2.132710647583007812e+01,3.871208429336547852e+00,-1.243722248077392578e+01,-1.956608390808105469e+01,-2.819110488891601562e+01,-2.710205459594726562e+01,-1.409514045715332031e+01,-1.301260375976562500e+01,-1.800714492797851562e+01,-2.360800170898437500e+01,-1.141906738281250000e+01,-4.070914745330810547e+00,-2.900489330291748047e+00,4.193910360336303711e-01,6.627724647521972656e+00,4.357151985168457031e+00,-1.658024907112121582e+00,-2.984227657318115234e+00,8.361314773559570312e+00,8.001647949218750000e+00,9.757272601127624512e-01,-5.882111549377441406e+00,-8.839488983154296875e+00,-1.191072273254394531e+01,4.260762691497802734e+00,9.249794960021972656e+00,6.987874984741210938e+00,4.116548538208007812e+00,5.208906173706054688e+00,1.026888847351074219e+00,-6.885586977005004883e-01,1.041630935668945312e+01,2.475424957275390625e+01,2.628858184814453125e+01,2.419353103637695312e+01,2.261436080932617188e+01,2.343395233154296875e+01,2.173448562622070312e+01,1.475606060028076172e+01,3.390047550201416016e-01,1.896008610725402832e+00,5.095139026641845703e+00,1.869324326515197754e+00,-2.953296899795532227e+00,-1.717830657958984375e+00,7.882309913635253906e+00,1.069629859924316406e+01,1.281854438781738281e+01,1.625922584533691406e+01,1.746216392517089844e+01,1.638474273681640625e+01,1.557235527038574219e+01,1.876230621337890625e+01,9.474729537963867188e+00,4.965380191802978516e+00,1.388057994842529297e+01,1.027649879455566406e+01,4.859326362609863281e+00,8.871938705444335938e+00,1.658744621276855469e+01,1.905922508239746094e+01,1.520623397827148438e+01,1.498133850097656250e+01,1.273539161682128906e+01,1.379501724243164062e+01,1.262789344787597656e+01,1.053995037078857422e+01,1.294565010070800781e+01,1.243764305114746094e+01,1.261994552612304688e+01,1.219763183593750000e+01,1.254681015014648438e+01,1.555843544006347656e+01,1.209598541259765625e+01,-4.689892292022705078e+00,-5.568633079528808594e+00,-7.672590255737304688e+00,-3.747871875762939453e+00,1.912246513366699219e+01,1.989062881469726562e+01,1.888718223571777344e+01,2.304321289062500000e+01,2.233081626892089844e+01,1.939171981811523438e+01,-3.901249408721923828e+00,-1.383038902282714844e+01,-1.252940750122070312e+01,-1.056667709350585938e+01,-1.306360244750976562e+01,-2.039612197875976562e+01,-2.443959426879882812e+01,-2.266840744018554688e+01,-3.111687183380126953e+00,2.758772373199462891e+00,1.253147125244140625e+01,2.299235916137695312e+01,2.848160171508789062e+01,1.929143333435058594e+01,1.842399215698242188e+01,2.606501007080078125e+01,3.373292541503906250e+01,3.586090469360351562e+01,2.336495208740234375e+01,9.904936790466308594e+00,9.424893379211425781e+00,9.216287612915039062e+00,3.272774124145507812e+01,3.512006759643554688e+01,3.342482376098632812e+01,1.546934223175048828e+01,4.075629234313964844e+00,2.557500839233398438e+00,1.403402924537658691e+00,2.363811016082763672e+00,8.017244338989257812e+00,7.514290809631347656e+00,8.207098960876464844e+00,1.633329963684082031e+01,1.771232032775878906e+01,1.384785652160644531e+01,4.722542285919189453e+00,-6.639298439025878906e+00,-6.292872905731201172e+00,1.708316087722778320e+00,6.911410808563232422e+00,8.713519573211669922e-02,-8.707098960876464844e-01,-1.236953586339950562e-01,-5.218505859375000000e+00,1.388286828994750977e+00,5.780489444732666016e+00,-1.482621765136718750e+01,-2.750497436523437500e+01,-2.671097946166992188e+01,-1.969069290161132812e+01,-1.063408088684082031e+01,3.323238849639892578e+00,9.035726547241210938e+00,3.046453952789306641e+00,2.790390968322753906e+00,4.838412284851074219e+00,8.516607284545898438e+00,6.088064193725585938e+00,-3.683226585388183594e+00,-1.310429668426513672e+01,-1.886959838867187500e+01,-1.315149784088134766e+01,3.843595504760742188e+00,7.676654815673828125e+00,8.559118509292602539e-01,-5.831867694854736328e+00,-9.894359111785888672e-01,2.150969982147216797e+00,5.616958141326904297e+00,4.090534210205078125e+00,3.149785995483398438e-01,-5.960955619812011719e+00,-1.949857521057128906e+01,-1.830736541748046875e+01,-6.792930603027343750e+00,4.525796413421630859e+00,4.972462654113769531e+00,7.037796020507812500e+00,-3.292931556701660156e+00,-1.002538585662841797e+01,-1.399026107788085938e+01,-1.946468734741210938e+01,-1.809431457519531250e+01,-1.939471817016601562e+01,-1.795143890380859375e+01,-9.095052719116210938e+00,-2.364260673522949219e+00,3.092030048370361328e+00,1.066471862792968750e+01,1.638855552673339844e+01,1.526039886474609375e+01,-1.158645915985107422e+01,-1.935855102539062500e+01,4.784241676330566406e+00,1.512630844116210938e+01,1.698363876342773438e+01,1.700741195678710938e+01,1.968989372253417969e+01,1.910324096679687500e+01,2.124731063842773438e+01,2.328045845031738281e+01,2.012450981140136719e+01,1.912265205383300781e+01,1.509432220458984375e+01,7.655632019042968750e+00,-1.721329498291015625e+01,-2.254412078857421875e+01,-1.783507347106933594e+01,-1.261728668212890625e+01,-8.876235961914062500e+00,-6.094508171081542969e+00,-9.508985519409179688e+00,-1.167324447631835938e+01,4.861651897430419922e+00,6.883853912353515625e+00,3.463561534881591797e+00,-5.398258209228515625e+00,-6.043426990509033203e+00,-8.390743255615234375e+00,-2.652859687805175781e+00,1.286115527153015137e+00,9.646451950073242188e+00,1.136636257171630859e+01,1.444866180419921875e+01,2.439204788208007812e+01,2.371990585327148438e+01,2.258038711547851562e+01,2.093222236633300781e+01,1.468683528900146484e+01,5.453990936279296875e+00,4.393122673034667969e+00,2.038306617736816406e+01,3.751187133789062500e+01,4.245225524902343750e+01,3.420418548583984375e+01,2.680587959289550781e+01,2.469729995727539062e+01,2.065422630310058594e+01,1.460638236999511719e+01,1.154409980773925781e+01,1.217648506164550781e+01,9.750617980957031250e+00,1.325449371337890625e+01,1.942009735107421875e+01,2.692736053466796875e+01,4.177887725830078125e+01,4.164914703369140625e+01,3.854261016845703125e+01,3.803285980224609375e+01,3.589011764526367188e+01,2.687147331237792969e+01,1.927699470520019531e+01,1.406241321563720703e+01,1.156269073486328125e+01,1.822577095031738281e+01,1.185943984985351562e+01,1.627838325500488281e+01,2.007226943969726562e+01,2.208650588989257812e+01,2.160604476928710938e+01,1.865236091613769531e+01,1.748207473754882812e+01,1.484610366821289062e+01,2.105009460449218750e+01,1.848375892639160156e+01,1.511351966857910156e+01,1.553890895843505859e+01,1.451957321166992188e+01,1.765901184082031250e+01,1.512527942657470703e+01,6.424235343933105469e+00,9.096281051635742188e+00,1.284707355499267578e+01,1.094575309753417969e+01,-1.750700116157531738e+00,4.692069053649902344e+00,1.273171329498291016e+01,1.593696594238281250e+01,3.455052137374877930e+00,-5.654815673828125000e+00,-1.658886718750000000e+01,-2.157843780517578125e+01,-2.336516571044921875e+01,-1.239319038391113281e+01,5.385323524475097656e+00,1.181059265136718750e+01,1.067199134826660156e+01,1.626344871520996094e+01,1.892036056518554688e+01,1.449546813964843750e+01,1.170713996887207031e+01,1.027220344543457031e+01,1.396429443359375000e+01,2.330624771118164062e+01,3.021768760681152344e+01,3.224831008911132812e+01,3.849686431884765625e+01,3.739656066894531250e+01,2.280159187316894531e+01,6.758775234222412109e+00,1.396017074584960938e+01,1.742600059509277344e+01,1.537095546722412109e+01,1.394084262847900391e+01,9.297046661376953125e+00,3.625291824340820312e+00,8.323653221130371094e+00,7.866484165191650391e+00,5.196732997894287109e+00,-3.347528219223022461e+00,-6.930830001831054688e+00,7.492935657501220703e-01,7.567302703857421875e+00,9.377456665039062500e+00,3.941538572311401367e+00,-1.634524106979370117e+00,-8.499009609222412109e-01,1.162513542175292969e+01,2.032828140258789062e+01,2.239323806762695312e+01,2.332102203369140625e+01,2.157683181762695312e+01,2.212823104858398438e+01,2.694397354125976562e+01,2.689145660400390625e+01,2.655344009399414062e+01,2.518106842041015625e+01,1.744459724426269531e+01,1.541073131561279297e+01,1.733190536499023438e+01,1.579801654815673828e+01,1.106870365142822266e+01,5.046674251556396484e+00,-9.451433181762695312e+00,-3.061425209045410156e+00,-5.574889183044433594e-01,1.754645705223083496e+00,2.363489532470703125e+01,2.432543754577636719e+01,2.545092010498046875e+01,1.589573192596435547e+01,-8.486605882644653320e-01,-9.677533149719238281e+00,-2.255230712890625000e+01,-1.448857021331787109e+01,-1.250387191772460938e+01,-5.363526344299316406e+00,1.865442872047424316e+00,6.552719116210937500e+00,8.478219032287597656e+00,1.281936836242675781e+01,1.724437522888183594e+01,2.315171432495117188e+01,2.468106460571289062e+01,2.425823783874511719e+01,9.117380142211914062e+00,9.385324478149414062e+00,7.325496673583984375e+00,1.805627346038818359e-01,-1.109162449836730957e+00,7.040430068969726562e+00,4.239302635192871094e+00,2.252699136734008789e+00,2.700293302536010742e+00,6.109784603118896484e+00,5.646372795104980469e+00,4.298743724822998047e+00,4.964927196502685547e+00,4.714918136596679688e+00,1.331921339035034180e+00,2.777860641479492188e+00,4.226977348327636719e+00,3.807836532592773438e+00,-1.896867752075195312e+00,-1.080290412902832031e+01,-1.050584030151367188e+01,-6.143432855606079102e-01,-7.287057876586914062e+00,-1.365281200408935547e+01,5.424620151519775391e+00,6.656235218048095703e+00,6.859926581382751465e-01,-7.192468643188476562e+00,-2.179275512695312500e+00,4.174389839172363281e+00,1.378991723060607910e+00,7.139585614204406738e-01,8.342555046081542969e+00,1.726529121398925781e+01,2.137176322937011719e+01,1.550640392303466797e+01,1.368406486511230469e+01,1.610469245910644531e+01,1.298157691955566406e+01,7.196135044097900391e+00,6.193072795867919922e+00,9.767854690551757812e+00,1.221940231323242188e+01,1.353417205810546875e+01,2.337848854064941406e+01,2.271644592285156250e+01,2.396253395080566406e+01,1.770323944091796875e+01,8.582779884338378906e+00,3.127861976623535156e+00,-1.145235729217529297e+01,-1.487041473388671875e+01,-1.415720939636230469e+01,-1.403880977630615234e+01,-2.605418205261230469e+00,4.365417480468750000e+00,-1.090603828430175781e+00,2.461815357208251953e+00,4.932377338409423828e+00,5.821011066436767578e+00,6.576146602630615234e+00,9.409795761108398438e+00,6.144260406494140625e+00,3.476562023162841797e+00,1.199644947052001953e+01,2.227026367187500000e+01,2.366625213623046875e+01,1.662784957885742188e+01,1.607485389709472656e+01,1.856563186645507812e+01,1.808574295043945312e+01,1.352054691314697266e+01,1.421472167968750000e+01,2.260557556152343750e+01,2.458871269226074219e+01,1.304517173767089844e+01,9.825443267822265625e+00,1.723583030700683594e+01,2.790535736083984375e+01,2.940497970581054688e+01,1.861493492126464844e+01,8.066277503967285156e+00,1.546245217323303223e+00,-1.419739842414855957e+00,-2.064601421356201172e+00,2.079496383666992188e+00,3.074668169021606445e+00,-2.499096632003784180e+00,-9.192282676696777344e+00,-1.622838211059570312e+01,-1.825494194030761719e+01,-8.189395904541015625e+00,5.828137993812561035e-01,-3.931384325027465820e+00,-1.319136619567871094e+01,-9.107006072998046875e+00,2.934226274490356445e+00,3.447642326354980469e+00,-8.195438385009765625e-01,4.244405031204223633e-02,2.399809062480926514e-01,-9.004878044128417969e+00,-1.265952873229980469e+01,-1.763047790527343750e+01,-2.150898361206054688e+01,-2.332831001281738281e+01,-1.707079505920410156e+01,-3.760144710540771484e+00,3.383407115936279297e+00,9.299341201782226562e+00,2.206365585327148438e+01,3.046636581420898438e+01,2.704541778564453125e+01,2.713709068298339844e+01,2.817160415649414062e+01,2.213637542724609375e+01,1.860457229614257812e+01,1.446264648437500000e+01,1.181631469726562500e+01,1.418657779693603516e+01,9.588382720947265625e+00,2.713079071044921875e+01,2.697171401977539062e+01,2.730694961547851562e+01,2.831337356567382812e+01,2.865962219238281250e+01,2.203867912292480469e+01,2.201640701293945312e+01,2.063080596923828125e+01,1.601624298095703125e+01,1.822268295288085938e+01,9.932403564453125000e+00,8.808829307556152344e+00,1.615197181701660156e+01,1.938474655151367188e+01,1.837747192382812500e+01,1.609790039062500000e+01,1.464174842834472656e+01,8.857987523078918457e-01,-1.687316513061523438e+01,-1.085871791839599609e+01,-7.878419876098632812e+00,-6.783059120178222656e+00,-6.623762607574462891e+00,-7.531494140625000000e+00,-5.526154994964599609e+00,-1.701395213603973389e-02,1.056400060653686523e+00,1.066242599487304688e+01,8.691245079040527344e+00,-5.144123077392578125e+00,-1.622884750366210938e+01,-1.181135845184326172e+01,-9.646150588989257812e+00,-1.037857246398925781e+01,-1.465571212768554688e+01,-1.709310340881347656e+01,-1.884485244750976562e+01,-2.165788269042968750e+01,-2.127542114257812500e+01,-1.425689125061035156e+01,-9.995570182800292969e+00,5.540240764617919922e+00,1.020777702331542969e+01,9.558265686035156250e+00,4.862499237060546875e+00,-7.548208236694335938e-01,-2.201740264892578125e+00,-2.038227319717407227e+00,-1.757332563400268555e+00,2.285100460052490234e+00,8.350917816162109375e+00,1.160741615295410156e+01,1.353564453125000000e+01,1.439309215545654297e+01,1.265242958068847656e+01,1.075550079345703125e+01,1.154173946380615234e+01,1.046554660797119141e+01,1.062518978118896484e+01,6.362048149108886719e+00,1.173943805694580078e+01,1.307483482360839844e+01,1.284079933166503906e+01,8.527036666870117188e+00,9.819976806640625000e+00,1.500986862182617188e+01,1.420924568176269531e+01,1.553897285461425781e+01,2.082429885864257812e+01,1.715323638916015625e+01,1.546470642089843750e+01,1.295094680786132812e+01,2.041910171508789062e+01,2.994714546203613281e+01,3.319017791748046875e+01,3.536146545410156250e+01,3.575852584838867188e+01,3.321465301513671875e+01,2.135929107666015625e+01,2.245823097229003906e+01,1.051103210449218750e+01,1.630734920501708984e+00,1.324524521827697754e+00,4.671800136566162109e-01,6.925436019897460938e+00,8.931060791015625000e+00,6.034994125366210938e+00,-4.750586509704589844e+00,-5.116004943847656250e+00,6.705286026000976562e+00,1.249348640441894531e+01,1.233541870117187500e+01,1.069137382507324219e+01,1.006328773498535156e+01,1.699875640869140625e+01,1.233763885498046875e+01,3.672618865966796875e+00,2.292245626449584961e+00,1.024128341674804688e+01,1.853960800170898438e+01,1.169945812225341797e+01,1.051999092102050781e+01,1.556804943084716797e+01,1.883165740966796875e+01,1.892290115356445312e+01,1.866861343383789062e+01,1.927291870117187500e+01,1.982611846923828125e+01,1.409110641479492188e+01,1.578413677215576172e+01,2.441143798828125000e+01,3.202408218383789062e+01,3.531585693359375000e+01,1.659872436523437500e+01,9.408932924270629883e-01,-2.460668563842773438e+00,-1.205220460891723633e+00,-1.181860542297363281e+01,-1.543342399597167969e+01,-1.426138496398925781e+01,-1.687828254699707031e+01,-1.673603820800781250e+01,-8.709867477416992188e+00,-4.205139636993408203e+00,-3.565638542175292969e+00,-1.619037628173828125e+01,-2.788882446289062500e+01,-2.235622787475585938e+01,-2.207709121704101562e+01,-2.294397354125976562e+01,-2.532694625854492188e+01,-1.902426528930664062e+01,-6.051167488098144531e+00,1.862925052642822266e+00,3.031939029693603516e+00,5.680873870849609375e+00,1.273068046569824219e+01,1.755013084411621094e+01,1.787412643432617188e+01,1.585844707489013672e+01,4.225783348083496094e+00,-8.523235321044921875e+00,3.684018611907958984e+00,1.426905822753906250e+01,1.791757583618164062e+01,2.032437515258789062e+01,1.951887130737304688e+01,1.923460388183593750e+01,1.610611343383789062e+01,1.389385604858398438e+01,1.324428939819335938e+01,1.621462821960449219e+01,1.954053878784179688e+01,1.638587379455566406e+01,2.142147827148437500e+01,2.565267753601074219e+01,2.529808998107910156e+01,2.690968322753906250e+01,2.431434631347656250e+01,2.669120788574218750e+01,2.631620407104492188e+01,3.091215515136718750e+01,3.048347854614257812e+01,3.177430725097656250e+01,3.578651046752929688e+01,2.439701652526855469e+01,9.017057418823242188e+00,4.789102554321289062e+00,2.660862922668457031e+00,1.268777084350585938e+01,2.303320693969726562e+01,6.702602386474609375e+00,-7.900633811950683594e+00,-3.500090360641479492e+00,1.607662010192871094e+01,2.212539672851562500e+01,2.008064079284667969e+01,1.688887405395507812e+01,1.730692672729492188e+01,1.512067031860351562e+01,8.118817329406738281e+00,6.806327819824218750e+00,2.883010387420654297e+00,5.478761672973632812e+00,1.147822189331054688e+01,9.961987495422363281e+00,6.221518516540527344e+00,3.939267635345458984e+00,5.515400409698486328e+00,4.677990436553955078e+00,1.743258714675903320e+00,-4.666837692260742188e+00,-5.688170433044433594e+00,-7.869321346282958984e+00,-5.663579940795898438e+00,1.454974889755249023e+00,5.281271457672119141e+00,3.084595203399658203e+00,5.585550785064697266e+00,8.831758499145507812e+00,1.126356124877929688e+01,8.918466567993164062e+00,9.971403121948242188e+00,1.097635459899902344e+01,7.767799377441406250e+00,1.158791160583496094e+01,1.276490211486816406e+01,9.716188430786132812e+00,9.138248443603515625e+00,8.639333724975585938e+00,1.128867816925048828e+01,1.191284179687500000e+01,9.442109107971191406e+00,1.036408424377441406e+01,1.000134754180908203e+01,1.121272087097167969e+01,1.366315937042236328e+01,1.448568916320800781e+01,1.770720481872558594e+01,1.914345932006835938e+01,1.898390579223632812e+01,1.991283607482910156e+01,9.471727371215820312e+00,4.139925003051757812e+00,1.013882637023925781e+01,1.472903060913085938e+01,1.751772308349609375e+01,1.688624954223632812e+01,1.532471847534179688e+01,1.452180957794189453e+01,2.150064468383789062e+01,2.518305206298828125e+01,2.704817962646484375e+01,2.463158416748046875e+01,2.458556747436523438e+01,2.026614952087402344e+01,1.710800933837890625e+01,9.859645843505859375e+00,5.536825656890869141e+00,5.560113906860351562e+00,-1.275845050811767578e+00,9.634819030761718750e-01,1.523050117492675781e+01,1.538918304443359375e+01,1.148621368408203125e+01,8.006777763366699219e+00,1.123798012733459473e+00,3.505781292915344238e-01,-2.753089904785156250e+00,-6.074120521545410156e+00,-1.079435348510742188e+01,-3.188062191009521484e+00,7.832202911376953125e+00,8.874425888061523438e+00,-8.890395164489746094e-01,-6.302118301391601562e+00,-2.183326482772827148e-01,4.479211330413818359e+00,-2.753661632537841797e+00,-1.072726249694824219e+01,-9.477043151855468750e+00,-4.099804878234863281e+00,2.462863922119140625e+00,6.155964851379394531e+00,6.017122268676757812e+00,9.203184843063354492e-01,-5.236742496490478516e+00,-4.354187011718750000e+00,5.590392589569091797e+00,9.719036102294921875e+00,1.130962562561035156e+01,1.975471735000610352e+00,3.048357963562011719e+00,1.346344661712646484e+01,2.238428115844726562e+01,2.614198303222656250e+01,3.022375297546386719e+01,2.967170715332031250e+01,2.415900421142578125e+01,2.496936035156250000e+01,3.471753692626953125e+01,2.748027610778808594e+01,1.118887901306152344e+00,-9.760734558105468750e+00,-6.852359771728515625e+00,-2.738907814025878906e+00,-2.921717882156372070e+00,2.281404972076416016e+00,8.921977996826171875e+00,1.462013053894042969e+01,2.120977210998535156e+01,3.115428161621093750e+01,2.714984321594238281e+01,1.104524993896484375e+01,7.857676982879638672e+00,2.311711502075195312e+01,2.209632110595703125e+01,4.080014228820800781e+00,-2.120696258544921875e+01,-2.512536239624023438e+01,-1.938603210449218750e+01,-1.675793838500976562e+01,-1.613873291015625000e+01,-1.770851135253906250e+01,-2.532229614257812500e+01,-3.322107696533203125e+01,-2.640476226806640625e+01,-1.506774234771728516e+01,-1.242135143280029297e+01,-7.242213249206542969e+00,-5.125235557556152344e+00,-1.438155174255371094e+00,7.777640819549560547e-01,-9.527647018432617188e+00,-7.820501327514648438e+00,5.131647109985351562e+00,1.221759605407714844e+01,1.008897018432617188e+01,1.462790298461914062e+01,1.394705772399902344e+01,1.043690395355224609e+01,1.031277465820312500e+01,8.731987953186035156e+00,8.408091545104980469e+00,8.050283432006835938e+00,9.589462280273437500e+00,1.765399932861328125e+01,1.602409744262695312e+01,1.322589874267578125e+01,1.344335746765136719e+01,1.030981063842773438e+01,-1.160507082939147949e+00,-8.922267913818359375e+00,1.299538493156433105e+00,2.287620782852172852e+00,-2.241193056106567383e+00,2.337468624114990234e+00,3.555839061737060547e+00,-5.909429073333740234e+00,-1.347330474853515625e+01,-1.234201145172119141e+01,-1.197619247436523438e+01,-5.053082942962646484e+00,-2.219498872756958008e+00,-1.575072109699249268e-01,7.564308643341064453e+00,1.454740142822265625e+01,2.276863098144531250e+00,-2.532777976989746094e+01,-4.038827896118164062e+01,-1.413733291625976562e+01,2.505039691925048828e+00,1.326573562622070312e+01,1.285445308685302734e+01,7.697946548461914062e+00,-7.771406173706054688e-01,2.202091455459594727e+00,-7.102027416229248047e+00,-9.589532852172851562e+00,-1.704246520996093750e+00,-5.487527370452880859e+00,-6.558669567108154297e+00,-5.470225334167480469e+00,-4.339986801147460938e+00,-2.036298990249633789e+00,2.883135318756103516e+00,5.720725059509277344e-01,3.831532955169677734e+00,7.244332790374755859e+00,8.390284538269042969e+00,8.590988159179687500e+00,1.602244186401367188e+01,2.056366348266601562e+01,1.115901947021484375e+01,-7.339892387390136719e+00,-5.012047767639160156e+00,-7.510737419128417969e+00,-2.027961921691894531e+01,-1.742299842834472656e+01,-1.049191474914550781e+01,-2.859815835952758789e+00,1.367411422729492188e+01,2.671240615844726562e+01,2.217383193969726562e+01,2.074837493896484375e+01,3.043564796447753906e+01,3.117095756530761719e+01,1.896160888671875000e+01,6.854761123657226562e+00,5.568612098693847656e+00,4.477955818176269531e+00,5.438182830810546875e+00,1.265980243682861328e+01,8.632957458496093750e+00,-9.643384933471679688e+00,-1.240057754516601562e+01,-9.948009490966796875e+00,-8.702598571777343750e+00,-2.513252735137939453e+00,5.910782337188720703e+00,8.722810745239257812e+00,4.920502185821533203e+00,4.601510047912597656e+00,6.228572845458984375e+00,2.174853324890136719e+00,3.431852817535400391e+00,5.069312095642089844e+00,7.760636329650878906e+00,1.384150981903076172e+01,1.251772880554199219e+01,1.473431968688964844e+01,1.359504318237304688e+01,1.139554691314697266e+01,9.127482414245605469e+00,1.053193664550781250e+01,1.261379432678222656e+01,1.085313606262207031e+01,8.857573509216308594e+00,1.424887561798095703e+01,1.405019950866699219e+01,1.529183483123779297e+01,1.357680130004882812e+01,1.574391746520996094e+01,1.564950656890869141e+01,1.074185943603515625e+01,8.949798583984375000e+00
1.234609961509704590e+00,-7.602763772010803223e-01,-2.657554149627685547e-01,-6.284767389297485352e-02,-3.602300405502319336e+00,1.009432315826416016e+00,-2.666439294815063477e+00,-9.176826477050781250e+00,-9.348060607910156250e+00,-1.098291969299316406e+01,-1.423648166656494141e+01,-1.234150123596191406e+01,-1.131375122070312500e+01,-1.175847721099853516e+01,-1.243985843658447266e+01,-1.058718872070312500e+01,-5.787461280822753906e+00,6.159709453582763672e+00,-4.114939212799072266e+00,-3.697840213775634766e+00,5.970788002014160156e-02,-7.363433361053466797e+00,-1.657760429382324219e+01,-1.767806625366210938e+01,-1.922507858276367188e+01,-1.584861946105957031e+01,-9.284637451171875000e+00,-2.318074464797973633e+00,2.172431707382202148e+00,-1.654407978057861328e-01,-1.218642616271972656e+01,-1.728512001037597656e+01,-1.929230117797851562e+01,-1.843759155273437500e+01,-9.678654670715332031e+00,-6.643271446228027344e+00,-1.480812072753906250e+01,-2.062065505981445312e+01,-1.707489013671875000e+01,-1.656924438476562500e+01,-1.574578094482421875e+01,-1.440640258789062500e+01,-7.407827377319335938e+00,-4.427540302276611328e+00,-2.626192331314086914e+00,-6.204851865768432617e-01,-6.002063751220703125e+00,-6.523936748504638672e+00,9.241122245788574219e+00,6.463006973266601562e+00,-4.084563851356506348e-01,-1.495630264282226562e+01,-1.989692306518554688e+01,-9.198489189147949219e+00,-1.751176452636718750e+01,-2.089580535888671875e+01,-1.758117294311523438e+01,-1.192640113830566406e+01,-1.359401321411132812e+01,-1.592892646789550781e+01,-1.664017868041992188e+01,-1.577723598480224609e+01,-1.124610710144042969e+01,-8.944231033325195312e+00,-5.654723167419433594e+00,-4.338107407093048096e-01,2.927532434463500977e+00,6.905146121978759766e+00,2.184602499008178711e+00,-7.105521678924560547e+00,2.745827674865722656e+00,8.808881759643554688e+00,1.325957489013671875e+01,9.370315551757812500e+00,5.866621971130371094e+00,6.581942558288574219e+00,2.940108776092529297e+00,2.776765584945678711e+00,2.910925388336181641e+00,1.408151268959045410e+00,-6.847647666931152344e+00,-1.825506329536437988e+00,-4.186681270599365234e+00,-1.043732452392578125e+01,-8.034319877624511719e+00,-7.371664047241210938e-01,-1.249401807785034180e+00,-3.045584678649902344e+00,-5.921640872955322266e+00,-5.096621036529541016e+00,-7.628878593444824219e+00,-9.679065704345703125e+00,-1.121540832519531250e+01,-1.133298587799072266e+01,-2.687115907669067383e+00,-1.219138741493225098e+00,-2.977441787719726562e+00,3.531457185745239258e+00,4.333636283874511719e+00,-1.472850084304809570e+00,-7.365702629089355469e+00,-7.001835823059082031e+00,-1.124873733520507812e+01,-8.262248992919921875e+00,1.444546341896057129e+00,1.619232416152954102e+00,-4.181635379791259766e-01,-1.100358724594116211e+00,7.915287971496582031e+00,3.165972709655761719e+00,6.918500661849975586e-01,5.813726186752319336e-01,5.736686587333679199e-01,2.082121372222900391e+00,2.781656980514526367e+00,3.600105762481689453e+00,3.081281661987304688e+00,7.257569789886474609e+00,7.961106777191162109e+00,5.762759685516357422e+00,1.005443382263183594e+01,1.104297161102294922e+01,7.741938114166259766e+00,9.197570800781250000e+00,3.960092306137084961e+00,-1.959241390228271484e+00,-1.194272518157958984e+00,3.441760778427124023e+00,1.293631076812744141e+00,1.764121651649475098e+00,2.014825820922851562e+00,3.701488971710205078e+00,-9.356238365173339844e+00,-1.765819168090820312e+01,-8.208841323852539062e+00,7.629868030548095703e+00,9.864649772644042969e+00,1.921302795410156250e+00,-2.541596651077270508e+00,-7.370068073272705078e+00,-9.496818542480468750e+00,-1.269542980194091797e+01,-1.094671821594238281e+01,-4.093814373016357422e+00,1.200520157814025879e+00,3.812316894531250000e+00,9.994516372680664062e+00,1.302100467681884766e+01,4.880319595336914062e+00,3.709637641906738281e+00,-1.263276100158691406e+00,3.147209644317626953e+00,1.461079788208007812e+01,1.974733352661132812e+01,1.489121913909912109e+01,6.294783592224121094e+00,7.951562881469726562e+00,1.317564392089843750e+01,1.104103660583496094e+01,6.758347511291503906e+00,9.722370147705078125e+00,9.732360839843750000e+00,-3.414322853088378906e+00,-9.072012901306152344e+00,-1.940758943557739258e+00,-3.497992157936096191e-01,3.532465219497680664e+00,5.944377899169921875e+00,5.841088294982910156e+00,6.570469379425048828e+00,1.010899734497070312e+01,1.069622421264648438e+01,4.880911827087402344e+00,5.616231918334960938e+00,9.178059577941894531e+00,9.715276718139648438e+00,7.273282051086425781e+00,1.295825242996215820e+00,-1.145183658599853516e+01,-1.127383470535278320e+00,-1.544204473495483398e+00,-2.313083171844482422e+00,4.412242889404296875e+00,-1.863788604736328125e+00,-8.007727622985839844e+00,-5.045806884765625000e+00,-5.774313449859619141e+00,-8.492925643920898438e+00,-1.671481895446777344e+01,-2.116654205322265625e+01,-1.467457962036132812e+01,-7.197450160980224609e+00,3.383300065994262695e+00,-3.332953929901123047e+00,-9.680189132690429688e+00,-9.050019264221191406e+00,-1.182533359527587891e+01,-1.352115058898925781e+01,-9.363504409790039062e+00,-3.764261484146118164e+00,-7.639153480529785156e+00,-4.884537696838378906e+00,7.761552333831787109e+00,9.146415710449218750e+00,3.877511501312255859e+00,7.883330821990966797e+00,9.383442878723144531e+00,1.131308650970458984e+01,1.245848941802978516e+01,1.600585174560546875e+01,1.558431816101074219e+01,7.832861900329589844e+00,2.221162557601928711e+00,-2.672461032867431641e+00,-8.700097799301147461e-01,-1.112831354141235352e+00,2.272500753402709961e+00,1.648757934570312500e+00,-3.184153795242309570e+00,-5.982758998870849609e+00,-6.834450244903564453e+00,-6.419773101806640625e+00,-8.797029495239257812e+00,-1.014027595520019531e+01,-5.110157012939453125e+00,-6.469346046447753906e+00,-7.751800537109375000e+00,-6.534690856933593750e+00,-3.180752277374267578e+00,4.796363830566406250e+00,1.350048732757568359e+01,1.172938728332519531e+01,-1.509101271629333496e+00,-1.943021535873413086e+00,-2.570015907287597656e+00,-1.436807394027709961e+00,-4.732643127441406250e+00,2.032706022262573242e+00,2.388225078582763672e+00,-3.988989830017089844e+00,-3.550667285919189453e+00,-6.417649269104003906e+00,-4.035970687866210938e+00,-6.520259380340576172e-01,-6.452972412109375000e+00,-2.737674474716186523e+00,7.296439647674560547e+00,7.723849296569824219e+00,3.130628585815429688e+00,-2.059039354324340820e+00,-1.487960934638977051e+00,1.840470910072326660e+00,8.493215560913085938e+00,1.811580896377563477e+00,-7.930905342102050781e+00,-1.105373001098632812e+01,-1.378903770446777344e+01,-1.128315925598144531e+01,-1.239492702484130859e+01,-1.258947086334228516e+01,-7.973583698272705078e+00,-6.614029884338378906e+00,-6.159947395324707031e+00,-1.637948274612426758e+00,-1.276973038911819458e-01,-3.936775922775268555e+00,7.012208938598632812e+00,1.098791122436523438e+01,9.429882049560546875e+00,9.032072067260742188e+00,1.126241683959960938e+01,1.017266845703125000e+01,6.711830139160156250e+00,3.420421123504638672e+00,-1.027705574035644531e+01,-8.077756881713867188e+00,-1.284332633018493652e+00,-7.625036239624023438e+00,-5.671216964721679688e+00,5.834809303283691406e+00,7.632852196693420410e-01,-8.621323585510253906e+00,-4.537832260131835938e+00,-6.470710039138793945e-01,-7.084537982940673828e+00,-8.725068092346191406e+00,-3.952905178070068359e+00,-3.457926750183105469e+00,-2.988877773284912109e+00,-2.908061027526855469e+00,2.155418872833251953e+00,8.166769027709960938e+00,1.412453651428222656e+01,1.831538009643554688e+01,1.519781875610351562e+01,1.438320636749267578e+01,1.479501152038574219e+01,1.519025802612304688e+01,1.463427162170410156e+01,8.495133399963378906e+00,9.587090492248535156e+00,9.746055603027343750e+00,1.226522064208984375e+01,1.114627265930175781e+01,6.661233901977539062e+00,4.241814613342285156e+00,6.723806858062744141e+00,6.472107887268066406e+00,-9.612661004066467285e-01,-4.328296184539794922e+00,1.128171205520629883e+00,1.183957576751708984e+00,-1.758563876152038574e+00,-1.063049554824829102e+00,3.459551811218261719e+00,5.246067523956298828e+00,2.092968463897705078e+00,6.849075317382812500e+00,6.261174201965332031e+00,1.048858833312988281e+01,1.240484809875488281e+01,1.245339679718017578e+01,1.315070724487304688e+01,1.726941299438476562e+01,1.627701950073242188e+01,1.006260299682617188e+01,1.105854034423828125e+01,1.412975311279296875e+01,1.287716102600097656e+01,1.189658832550048828e+01,1.128658962249755859e+01,1.151033782958984375e+01,2.133086919784545898e+00,4.120314598083496094e+00,-1.191538453102111816e+00,-2.351674652099609375e+01,-1.723020553588867188e+01,5.472885608673095703e+00,1.874278259277343750e+01,1.274614143371582031e+01,-2.715430021286010742e+00,6.642075538635253906e+00,1.314230346679687500e+01,5.227147579193115234e+00,-3.721159696578979492e-01,-2.818883895874023438e+00,-1.663390517234802246e+00,2.986384153366088867e+00,-9.991095662117004395e-01,-2.547996997833251953e+00,6.009328842163085938e+00,1.426582717895507812e+01,1.444544029235839844e+01,5.658319473266601562e+00,1.264767885208129883e+00,-6.301147341728210449e-01,-1.228908777236938477e+00,-1.365697622299194336e+00,-2.489684581756591797e+00,-5.803951263427734375e+00,-1.072603797912597656e+01,-1.360849189758300781e+01,-3.760130882263183594e+00,3.502753257751464844e+00,6.929541587829589844e+00,9.319778442382812500e+00,1.237596321105957031e+01,1.369402694702148438e+01,9.493618011474609375e+00,1.856095790863037109e+00,2.132148265838623047e+00,1.768425703048706055e+00,-4.840411186218261719e+00,-9.310535430908203125e+00,-5.760946750640869141e+00,-2.783277511596679688e+00,-5.236136913299560547e+00,-1.270946502685546875e+01,-1.674420166015625000e+01,-1.461840248107910156e+01,-1.391471385955810547e+01,-1.095473957061767578e+01,-6.935943603515625000e+00,-3.028761863708496094e+00,6.620024442672729492e-01,7.413489341735839844e+00,8.075758934020996094e+00,1.013111233711242676e+00,-8.650660514831542969e-01,1.956348121166229248e-01,-7.796627879142761230e-01,2.706698894500732422e+00,-3.590436697006225586e+00,-3.742585659027099609e+00,-1.145658016204833984e+00,8.848486900329589844e+00,1.657122421264648438e+01,1.254845046997070312e+01,1.221922588348388672e+01,1.543690204620361328e+01,1.348648452758789062e+01,1.203865909576416016e+01,9.677812576293945312e+00,8.539371490478515625e+00,8.013162612915039062e+00,1.114426994323730469e+01,9.598918914794921875e+00,4.991623878479003906e+00,5.504483699798583984e+00,2.881532907485961914e-02,2.685292005538940430e+00,7.409388065338134766e+00,7.324345588684082031e+00,2.314300775527954102e+00,-6.616746902465820312e+00,-4.858481407165527344e+00,-5.292039394378662109e+00,4.622800350189208984e+00,1.406112098693847656e+01,1.001435661315917969e+01,6.320718288421630859e+00,1.214609861373901367e+00,9.116167426109313965e-01,-8.147043228149414062e+00,-1.250248718261718750e+01,-1.170373725891113281e+01,-1.115318679809570312e+01,-1.672743988037109375e+01,-1.325269412994384766e+01,-1.004677104949951172e+01,-9.875524520874023438e+00,-9.543394088745117188e+00,-1.260355949401855469e+01,-1.420450305938720703e+01,-1.230113792419433594e+01,-2.994429826736450195e+00,8.021045684814453125e+00,8.423954010009765625e+00,1.145943641662597656e+00,2.695501804351806641e+00,-8.824517130851745605e-01,-6.508534431457519531e+00,-6.421560764312744141e+00,-7.237397193908691406e+00,-1.586233806610107422e+01,-1.379137039184570312e+01,-7.118607997894287109e+00,-8.252250671386718750e+00,-5.548104286193847656e+00,-1.940881490707397461e+00,-5.598339080810546875e+00,-5.633013725280761719e+00,-1.213314914703369141e+01,-1.921607780456542969e+01,-1.200366687774658203e+01,-2.292521953582763672e+00,8.048971891403198242e-01,-6.728037834167480469e+00,-2.212966203689575195e+00,1.213865852355957031e+01,1.204653167724609375e+01,7.887312889099121094e+00,6.741007804870605469e+00,6.694487571716308594e+00,4.037695407867431641e+00,2.523485183715820312e+00,2.814444899559020996e-01,-3.079072475433349609e+00,-6.925378799438476562e+00,-1.694962143898010254e+00,-2.960540294647216797e+00,-5.461419820785522461e-01,6.378073692321777344e+00,4.522049903869628906e+00,-5.464227676391601562e+00,-5.732693672180175781e+00,-5.949482917785644531e+00,-5.734243392944335938e+00,2.223239660263061523e+00,4.573217391967773438e+00,-5.251944065093994141e-03,2.023752212524414062e+00,-1.072874307632446289e+00,-7.755160808563232422e+00,-8.094549179077148438e+00,-2.835189580917358398e+00,-2.402677059173583984e+00,4.713149070739746094e+00,5.262013435363769531e+00,1.670373797416687012e+00,-2.985342979431152344e+00,-6.567817687988281250e+00,-7.306749343872070312e+00,-4.436093807220458984e+00,-8.432133674621582031e+00,-1.242709255218505859e+01,-7.924179553985595703e+00,1.155507659912109375e+01,6.760560989379882812e+00,3.389199256896972656e+00,2.666114091873168945e+00,5.066148757934570312e+00,5.745466709136962891e+00,8.197340011596679688e+00,6.609334945678710938e+00,1.251355552673339844e+01,1.591117572784423828e+01,9.566837310791015625e+00,1.677640438079833984e+00,-9.450148582458496094e+00,-1.253730392456054688e+01,-1.050943565368652344e+01,-7.582233548164367676e-01,7.015869617462158203e-01,-6.174075126647949219e+00,-1.300797271728515625e+01,-1.105328559875488281e+01,-1.311547088623046875e+01,-1.108205795288085938e+01,-1.169717693328857422e+01,-6.915819168090820312e+00,6.471229553222656250e+00,1.001477336883544922e+01,8.807740211486816406e+00,3.608242034912109375e+00,-7.814262390136718750e+00,-1.602239251136779785e+00,3.308889150619506836e+00,1.285722732543945312e+00,7.570165991783142090e-01,2.411369323730468750e+00,5.552469253540039062e+00,4.315004825592041016e+00,1.401724338531494141e+00,2.986024379730224609e+00,5.735261917114257812e+00,4.296508789062500000e+00,5.727108716964721680e-01,-5.244048118591308594e+00,-7.197902679443359375e+00,-2.960319519042968750e+00,5.433766365051269531e+00,6.279479026794433594e+00,5.570906639099121094e+00,4.491910457611083984e+00,6.336593627929687500e+00,7.820449829101562500e+00,1.277529144287109375e+01,1.233525848388671875e+01,9.106966972351074219e+00,1.074922180175781250e+01,1.057819938659667969e+01,1.067012786865234375e+01,1.740637969970703125e+01,1.303683471679687500e+01,1.265848350524902344e+01,1.569525718688964844e+01,1.526080799102783203e+01,8.306377410888671875e+00,2.805829524993896484e+00,4.005010128021240234e+00,5.818027019500732422e+00,-6.167783737182617188e+00,-1.388415527343750000e+01,-1.448893165588378906e+01,-1.307028579711914062e+01,-1.985772705078125000e+01,-1.757963943481445312e+01,-6.307922363281250000e+00,3.554193973541259766e+00,2.315518140792846680e+00,3.495002269744873047e+00,-2.899785995483398438e+00,-2.103349208831787109e+00,-3.735275030136108398e+00,-2.827525138854980469e+00,-3.308192491531372070e-01,-2.734632015228271484e+00,-5.215231895446777344e+00,-4.951667785644531250e+00,-5.463696479797363281e+00,-9.317001342773437500e+00,-1.762153816223144531e+01,-1.106307506561279297e+01,-1.047836971282958984e+01,-1.335919189453125000e+01,-1.259665489196777344e+01,-1.185832118988037109e+01,-5.942327499389648438e+00,-7.882443070411682129e-01,5.218060493469238281e+00,4.286312103271484375e+00,9.921522140502929688e+00,1.123095130920410156e+01,7.724292278289794922e+00,7.571667194366455078e+00,1.504341793060302734e+01,1.159289455413818359e+01,4.531641483306884766e+00,5.988185405731201172e-01,1.373041868209838867e+00,4.744474411010742188e+00,3.542144775390625000e+00,-3.036541700363159180e+00,-2.659545421600341797e+00,3.612167835235595703e-01,5.267745494842529297e+00,6.264600753784179688e+00,3.531260013580322266e+00,-3.036886453628540039e-01,-5.231857299804687500e-01,3.533940076828002930e+00,9.998390197753906250e+00,9.579057693481445312e-01,-8.665763854980468750e+00,-5.043788909912109375e+00,-7.145137786865234375e+00,-4.650327682495117188e+00,1.475896239280700684e+00,3.108369708061218262e-01,-2.035940885543823242e+00,-2.015782356262207031e+00,-2.356299400329589844e+00,-3.966429710388183594e+00,-8.480354547500610352e-01,2.137166261672973633e+00,7.707805633544921875e+00,8.173071861267089844e+00,6.269627571105957031e+00,2.620525121688842773e+00,1.547406435012817383e+00,4.494724273681640625e+00,8.514478683471679688e+00,6.354404926300048828e+00,5.847594141960144043e-01,-7.022620201110839844e+00,-1.460598182678222656e+01,-1.365051269531250000e+01,-1.357255744934082031e+01,-1.303693675994873047e+01,-1.356435298919677734e+01,-8.447518348693847656e+00,-1.357902336120605469e+01,-1.220010185241699219e+01,-3.038679122924804688e+00,1.318191766738891602e+00,1.057497215270996094e+01,7.185903549194335938e+00,3.080011010169982910e-01,3.031863212585449219e+00,8.990985870361328125e+00,6.627467632293701172e+00,6.352538108825683594e+00,6.398059844970703125e+00,-9.704105377197265625e+00,-1.172738742828369141e+01,-8.360841751098632812e+00,-6.936092376708984375e+00,-8.289432525634765625e+00,-4.312364101409912109e+00,-3.522531509399414062e+00,-3.870956897735595703e+00,-3.812208890914916992e+00,-2.007676601409912109e+00,-2.268830537796020508e-01,-2.257239103317260742e+00,9.704162597656250000e+00,1.329982185363769531e+01,1.279377174377441406e+01,1.155669689178466797e+01,1.351165771484375000e+01,9.150510787963867188e+00,8.698657989501953125e+00,3.640521764755249023e+00,1.320855140686035156e+00,-4.289855957031250000e+00,-1.177961540222167969e+01,-1.394894218444824219e+01,-5.906797409057617188e+00,1.055249810218811035e+00,4.633542060852050781e+00,4.889287948608398438e+00,7.465082168579101562e+00,3.150134086608886719e+00,1.011558723449707031e+01,8.970978736877441406e+00,6.267288208007812500e+00,8.150067329406738281e+00,1.185648918151855469e+01,1.243707656860351562e+01,1.067963790893554688e+01,9.393749237060546875e+00,8.313735961914062500e+00,9.628461837768554688e+00,8.870555877685546875e+00,5.838218212127685547e+00,6.847356796264648438e+00,1.443671989440917969e+01,1.594650077819824219e+01,9.855861663818359375e+00,7.370223999023437500e+00,1.091474914550781250e+01,1.300745964050292969e+01,1.590880584716796875e+01,1.626369094848632812e+01,1.478978157043457031e+01,7.448585510253906250e+00,-1.146145224571228027e+00,7.628535032272338867e-01,3.140940666198730469e+00,8.061794281005859375e+00,4.567358016967773438e+00,-9.478282928466796875e+00,-1.892939376831054688e+01,-9.308662414550781250e+00,-4.013770580291748047e+00,1.700638413429260254e+00,-2.901844263076782227e+00,-2.849632740020751953e+00,-3.305430889129638672e+00,1.148506402969360352e+00,5.161069869995117188e+00,5.817521095275878906e+00,6.089818000793457031e+00,2.542368412017822266e+00,3.921493530273437500e+00,2.616054058074951172e+00,-3.041978597640991211e+00,-7.658057212829589844e+00,-6.600384712219238281e+00,7.187619805335998535e-01,1.538521528244018555e+00,-1.764080286026000977e+00,-1.694600224494934082e+00,-1.906263113021850586e+00,-5.847499847412109375e+00,-5.027777671813964844e+00,-1.888699531555175781e+00,-3.898284435272216797e+00,1.122754931449890137e+00,6.732848644256591797e+00,6.119253635406494141e+00,1.001505851745605469e+01,1.119445514678955078e+01,1.071443176269531250e+01,9.006898880004882812e+00,9.518367767333984375e+00,6.875638008117675781e+00,4.083073139190673828e+00,6.234720230102539062e+00,5.486846923828125000e+00,6.062598228454589844e+00,7.912287712097167969e+00,2.638274908065795898e+00,3.104853391647338867e+00,-4.526298046112060547e-01,-4.023456573486328125e+00,-4.345636367797851562e+00,1.275123238563537598e+00,1.791359663009643555e+00,-4.187389373779296875e+00,-7.773347377777099609e+00,-1.138288402557373047e+01,-1.323336410522460938e+01,-1.127704238891601562e+01,-1.577970314025878906e+01,-9.040241241455078125e+00,4.596427083015441895e-01,4.158575057983398438e+00,4.753042221069335938e+00,2.533242940902709961e+00,-1.508207917213439941e+00,1.156905055046081543e+00,-1.951531171798706055e+00,-5.927681922912597656e+00,-4.574541091918945312e+00,-1.928235888481140137e+00,-3.483330249786376953e+00,-1.977778553962707520e+00,-1.250499725341796875e+00,1.010808706283569336e+00,-1.615469169616699219e+01,-1.431082725524902344e+01,-2.725366592407226562e+00,2.562115907669067383e+00,-5.692327022552490234e-01,7.864004611968994141e+00,1.392544937133789062e+01,1.304955387115478516e+01,1.069868850708007812e+01,-3.498024702072143555e+00,-5.699711799621582031e+00,9.496893882751464844e+00,4.496593475341796875e+00,-1.328423881530761719e+01,-1.353683662414550781e+01,-1.079324913024902344e+01,-1.042719268798828125e+01,-9.529125213623046875e+00,-1.183045578002929688e+01,-1.373658370971679688e+01,-1.073698997497558594e+01,-3.515538930892944336e+00,2.696854829788208008e+00,8.880091667175292969e+00,1.321689605712890625e+01,1.075278854370117188e+01,9.951967239379882812e+00,9.960559844970703125e+00,8.669578552246093750e+00,5.737297534942626953e+00,3.715334415435791016e+00,-1.552231073379516602e+00,-4.910280227661132812e+00,-2.316354274749755859e+00,-4.552229881286621094e+00,-7.344667911529541016e+00,-6.229994297027587891e+00,-5.209122657775878906e+00,-4.403118133544921875e+00,-2.296997070312500000e+00,4.672478199005126953e+00,-3.740627288818359375e+00,-1.178738689422607422e+01,-4.470902442932128906e+00,-2.307954549789428711e+00,-6.371743202209472656e+00,-8.738822937011718750e+00,-7.575031280517578125e+00,-1.417106389999389648e+00,-2.173409014940261841e-01,-5.158349514007568359e+00,-7.728507041931152344e+00,-1.265372943878173828e+01,-1.628341102600097656e+01,-1.312528610229492188e+01,-1.447010803222656250e+01,-1.525662994384765625e+01,-1.640916824340820312e+01,-1.071525955200195312e+01,-5.226318359375000000e+00,-8.388620376586914062e+00,-7.291736602783203125e+00,-7.832988739013671875e+00,-6.384915351867675781e+00,3.198371171951293945e+00,8.262533187866210938e+00,1.119502449035644531e+01,1.119589924812316895e+00,3.184311389923095703e-01,-8.323651552200317383e-01,-5.539527893066406250e+00,-1.006253242492675781e+01,-5.407264709472656250e+00,-4.584364414215087891e+00,-4.763056755065917969e+00,-5.768071174621582031e+00,-6.783791065216064453e+00,-7.469460487365722656e+00,-1.489932060241699219e+01,-1.326773262023925781e+01,-7.752711296081542969e+00,-1.610574007034301758e+00,1.204196453094482422e+00,9.340453147888183594e-01,3.753167867660522461e+00,4.310894012451171875e+00,4.574085712432861328e+00,3.688055515289306641e+00,1.010907554626464844e+01,4.220907211303710938e+00,4.685560226440429688e+00,1.166273307800292969e+01,1.170860195159912109e+01,1.061457443237304688e+01,5.012622833251953125e+00,-7.993368506431579590e-01,2.037023544311523438e+00,-6.126719474792480469e+00,-9.681472778320312500e+00,-7.193937301635742188e+00,2.331624984741210938e+00,-1.576074600219726562e+00,-1.573549652099609375e+01,-1.560435104370117188e+01,-8.226841092109680176e-01,1.209571647644042969e+01,5.960753440856933594e+00,-4.783419132232666016e+00,-9.813106536865234375e+00,-1.106823539733886719e+01,-2.037950325012207031e+01,-2.855602073669433594e+01,-2.330618667602539062e+01,-1.885794258117675781e+01,-2.070138168334960938e+01,-1.994215011596679688e+01,-1.299261856079101562e+01,-4.039539337158203125e+00,-8.780280351638793945e-01,-8.309441208839416504e-01,-2.298623800277709961e+00,-1.035534739494323730e-01,-5.041615962982177734e-01,1.877712011337280273e+00,3.665090084075927734e+00,8.042137145996093750e+00,5.676980972290039062e+00,7.005403518676757812e+00,4.070911884307861328e+00,-3.218732595443725586e+00,-6.677233219146728516e+00,-4.673436164855957031e+00,3.676830530166625977e-01,2.897123575210571289e+00,2.522187709808349609e+00,2.429713964462280273e+00,-1.293655276298522949e+00,-1.099452733993530273e+00,-1.030755281448364258e+00,-5.764957070350646973e-01,2.165286540985107422e+00,3.941941261291503906e+00,1.270637512207031250e+00,-4.375311851501464844e+00,-8.012845993041992188e+00,2.808985710144042969e+00,-1.006241703033447266e+01,-1.094755077362060547e+01,-1.681082534790039062e+01,-2.154291534423828125e+01,-1.883342933654785156e+01,-2.050608873367309570e+00,1.454078483581542969e+01,1.744589233398437500e+01,6.661584377288818359e+00,5.203972816467285156e+00,2.754325151443481445e+00,1.696500396728515625e+01,1.969952964782714844e+01,7.519295692443847656e+00,-2.311603426933288574e-01,-6.250042915344238281e+00,-8.343744277954101562e+00,-3.740739345550537109e+00,-6.684491157531738281e+00,-1.279713821411132812e+01,-2.112190628051757812e+01,-1.555003166198730469e+01,-8.770633697509765625e+00,-6.183303833007812500e+00,-7.170156955718994141e+00,6.850731372833251953e-01,6.492616653442382812e+00,1.131101894378662109e+01,9.322547912597656250e+00,8.287234306335449219e+00,4.060640811920166016e+00,-5.922410488128662109e+00,-6.422708034515380859e+00,-3.572408676147460938e+00,1.504421472549438477e+00,3.570196151733398438e+00,3.776662349700927734e+00,7.951788306236267090e-01,-3.894157648086547852e+00,2.062517404556274414e+00,3.182752847671508789e+00,2.545345067977905273e+00,5.954647064208984375e+00,3.482602834701538086e+00,6.299496650695800781e+00,4.055464267730712891e+00,2.332935571670532227e+00,3.580122888088226318e-01,-8.452250361442565918e-01,7.472415566444396973e-01,5.015206336975097656e+00,5.172703742980957031e+00,2.376534223556518555e+00,-1.327886819839477539e+00,6.066715240478515625e+00,7.738981246948242188e+00,2.603371858596801758e+00,8.988692283630371094e+00,1.200154876708984375e+01,6.855686187744140625e+00,3.675000190734863281e+00,3.326100349426269531e+00,4.864967346191406250e+00,5.874472618103027344e+00,2.974892616271972656e+00,4.852794647216796875e+00,-3.589608192443847656e+00,-1.413461303710937500e+01,-1.306791114807128906e+01,-3.641080617904663086e+00,-1.068243980407714844e+01,-2.563064956665039062e+01,-1.788834953308105469e+01,-1.144059371948242188e+01,-1.291950607299804688e+01,-1.951971435546875000e+01,-2.136042976379394531e+01,-1.573686408996582031e+01,-1.139473152160644531e+01,-9.334134101867675781e+00,-1.176951408386230469e+01,-1.943996047973632812e+01,-1.772879791259765625e+01,-1.352123641967773438e+01,-7.881173610687255859e+00,6.912494659423828125e+00,1.303479576110839844e+01,8.912237167358398438e+00,-1.569639801979064941e+00,-7.830860614776611328e+00,-4.827892303466796875e+00,2.133664131164550781e+00,8.979059219360351562e+00,1.267162132263183594e+01,1.489404487609863281e+01,1.671050262451171875e+01,1.598577594757080078e+01,1.346233081817626953e+01,1.169865989685058594e+01,-5.669852495193481445e-01,-1.680500984191894531e+01,-2.121967506408691406e+01,-1.730750274658203125e+01,-1.136469173431396484e+01,-9.253627777099609375e+00,-1.390587711334228516e+01,-1.845692443847656250e+01,-1.833467483520507812e+01,-1.833398437500000000e+01,-1.595618057250976562e+01,-1.192046737670898438e+01,-1.590669345855712891e+01,-5.057240486145019531e+00,-5.610103607177734375e-01,-2.682787418365478516e+00,-5.425721168518066406e+00,-6.853544235229492188e+00,-1.059746074676513672e+01,-1.144203662872314453e+01,-6.886931419372558594e+00,-5.933749198913574219e+00,-5.365071296691894531e+00,-4.061639785766601562e+00,3.967985153198242188e+00,5.946645259857177734e+00,3.635143995285034180e+00,4.745649814605712891e+00,4.621701240539550781e+00,-2.955704689025878906e+00,-6.312365055084228516e+00,-4.480411052703857422e+00,-4.077890872955322266e+00,-8.655179977416992188e+00,-2.168953418731689453e+00,-7.247730493545532227e-01,-3.769930824637413025e-02,-1.460323691368103027e+00,-7.702848315238952637e-01,-1.676977038383483887e+00,2.594950437545776367e+00,6.183730125427246094e+00,8.486227035522460938e+00,1.310273647308349609e+01,1.818328857421875000e+01,1.874835968017578125e+01,8.812756538391113281e+00,-2.757738828659057617e+00,-7.878825664520263672e+00,-1.167111968994140625e+01,-1.280211734771728516e+01,-1.056717109680175781e+01,-1.426621055603027344e+01,-1.133552169799804688e+01,1.016040146350860596e-02,4.275097846984863281e+00,-1.412656068801879883e+00,-1.532866120338439941e+00,-1.252325630187988281e+01,-1.173356819152832031e+01,-8.922819137573242188e+00,-8.434029579162597656e+00,-8.930632591247558594e+00,-1.317610168457031250e+01,-1.147533988952636719e+01,-7.516736507415771484e+00,-6.608660697937011719e+00,-1.437481284141540527e+00,-7.069789767265319824e-01,-4.545780181884765625e+00,-2.743516921997070312e+00,1.253740787506103516e+00,2.464357137680053711e+00,7.414563894271850586e-01,2.178971767425537109e+00,1.598300695419311523e+00,2.263326644897460938e-01,2.686294794082641602e+00,2.316127061843872070e+00,4.984263420104980469e+00,1.381986618041992188e+01,8.282958030700683594e+00,2.483619213104248047e+00,-8.099839091300964355e-03,-1.555338501930236816e+00,3.571002960205078125e+00,1.117182540893554688e+01,3.342181682586669922e+00,4.676729202270507812e+00,3.387680053710937500e+00,5.447085857391357422e+00,6.221323013305664062e+00,7.022830009460449219e+00,9.053596496582031250e+00,5.896019935607910156e+00,1.025129890441894531e+01,6.071909904479980469e+00,3.138665854930877686e-02,3.269663810729980469e+00,9.345883131027221680e-01,-1.155523204803466797e+01,-7.897759437561035156e+00,-5.120166778564453125e+00,-7.641810894012451172e+00,-9.848701477050781250e+00,-2.702405452728271484e-01,8.747122764587402344e+00,5.870777130126953125e+00,-6.722491979598999023e-01,-2.905795574188232422e+00,-1.081801795959472656e+01,-1.186275863647460938e+01,-1.122626113891601562e+01,-1.381015014648437500e+01,-7.903681755065917969e+00,-6.215372085571289062e+00,-9.812165260314941406e+00,-1.194850444793701172e+01,-1.021982765197753906e+01,1.386787295341491699e+00,6.143638134002685547e+00,5.797917366027832031e+00,1.061105537414550781e+01,1.008916091918945312e+01,2.934018135070800781e+00,-8.716205596923828125e+00,-1.760803604125976562e+01,-1.077759933471679688e+01,-7.970484256744384766e+00,-6.722375392913818359e+00,-4.723442196846008301e-01,-8.455259323120117188e+00,-1.308111858367919922e+01,-6.577193737030029297e+00,-4.728633880615234375e+00,-7.556092262268066406e+00,-1.066505146026611328e+01,-5.286629676818847656e+00,-5.050651550292968750e+00,-7.008947372436523438e+00,-8.038018226623535156e+00,-4.451568603515625000e+00,8.353230357170104980e-01,1.038771420717239380e-01,-2.500926494598388672e+00,-6.374211788177490234e+00,-1.280355262756347656e+01,-1.425634574890136719e+01,-1.007496929168701172e+01,-5.219167709350585938e+00,-2.185083866119384766e+00,-4.828536987304687500e+00,-6.778295516967773438e+00,-4.393656253814697266e+00,3.881437778472900391e-01,1.455806016921997070e+00,1.392304897308349609e+00,3.875271081924438477e+00,3.788996458053588867e+00,4.172105789184570312e+00,9.901895523071289062e-01,1.831512093544006348e+00,1.113762497901916504e+00,1.965658664703369141e-01,-9.833768844604492188e+00,-1.514750194549560547e+01,-9.335787773132324219e+00,-2.957288026809692383e+00,2.322078704833984375e+00,1.297905158996582031e+01,9.475599288940429688e+00,1.011382675170898438e+01,7.614843368530273438e+00,-7.125764846801757812e+00,-2.258039236068725586e+00,9.095993995666503906e+00,1.267260932922363281e+01,1.208394050598144531e+01,4.457322597503662109e+00,-3.026508331298828125e+00,-9.191275596618652344e+00,-1.686638641357421875e+01,-1.588853073120117188e+01,-1.244879055023193359e+01,-1.008055591583251953e+01,-1.285199737548828125e+01,-8.242119789123535156e+00,-6.378241539001464844e+00,-9.114486694335937500e+00,-6.578320980072021484e+00,-8.458879470825195312e+00,-1.739879226684570312e+01,-1.231034469604492188e+01,-7.251476287841796875e+00,2.116390317678451538e-01,5.090949058532714844e+00,4.584193229675292969e+00,-8.939182758331298828e-01,-9.664703011512756348e-01,-2.481327533721923828e+00,-5.279752731323242188e+00,-9.181438446044921875e+00,-1.293660736083984375e+01,-1.352725696563720703e+01,-8.533512115478515625e+00,-6.086009502410888672e+00,-6.951011657714843750e+00,-1.014540767669677734e+01,-7.572706222534179688e+00,-1.383741188049316406e+01,-9.987243652343750000e+00,-5.390494465827941895e-01,-4.989201426506042480e-01,-4.090536594390869141e+00,-1.061013507843017578e+01,-1.145883846282958984e+01,-5.461909770965576172e+00,-3.171543121337890625e+00,-3.204719305038452148e+00,-3.578316211700439453e+00,-4.885408401489257812e+00,-1.040561103820800781e+01,-7.097275733947753906e+00,9.123508334159851074e-01,3.651212453842163086e+00,6.672952651977539062e+00,5.217531204223632812e+00,2.820906162261962891e+00,-4.419458389282226562e+00,-1.840697288513183594e+01,-2.140188026428222656e+01,-1.725567245483398438e+01,-1.788711547851562500e+01,-2.089658355712890625e+01,-2.125421905517578125e+01,-1.653832244873046875e+01,-1.132500362396240234e+01,-9.248229980468750000e+00,-7.386299133300781250e+00,-1.271042442321777344e+01,-9.069993972778320312e+00,-2.464061021804809570e+00,-2.754537582397460938e+00,-1.291160821914672852e+00,-6.276482582092285156e+00,-1.852043151855468750e+01,-1.655498695373535156e+01,8.871784806251525879e-01,2.838355541229248047e+00,-4.069693565368652344e+00,-1.903800368309020996e+00,2.183819532394409180e+00,5.268723487854003906e+00,6.198966026306152344e+00,4.144745826721191406e+00,9.638773798942565918e-01,2.441904783248901367e+00,3.794929504394531250e+00,-1.424948453903198242e+00,-2.432018041610717773e+00,-1.072229385375976562e+00,3.046031236648559570e+00,4.787978172302246094e+00,4.074688911437988281e+00,8.579865455627441406e+00,8.635484695434570312e+00,7.736504077911376953e-01,-9.766085624694824219e+00,-6.009774208068847656e+00,1.188260459899902344e+01,1.055721092224121094e+01,3.715369462966918945e+00,-3.322947978973388672e+00,-1.028866004943847656e+01,-2.798232316970825195e+00,6.661903858184814453e+00,8.372367858886718750e+00,8.011259078979492188e+00,9.194385528564453125e+00,4.181912899017333984e+00,-2.483475208282470703e+00,-5.727796554565429688e+00,-1.359046220779418945e+00,4.670342445373535156e+00,2.962686777114868164e+00,-6.915651321411132812e+00,-1.780564880371093750e+01,-2.705812835693359375e+01,-3.145127105712890625e+01,-2.423109626770019531e+01,-1.835109519958496094e+01,-1.611110687255859375e+01,-1.575874900817871094e+01,-1.710388946533203125e+01,-1.674711227416992188e+01,-1.285492134094238281e+01,-7.481115818023681641e+00,-6.866713523864746094e+00,-1.009069252014160156e+01,-9.771446228027343750e+00,-6.962665081024169922e+00,-4.244913101196289062e+00,-6.790377616882324219e+00,5.069318771362304688e+00,1.183486747741699219e+01,9.953904151916503906e+00,3.684848308563232422e+00,-2.064806938171386719e+00,-1.327839088439941406e+01,-1.395107650756835938e+01,-7.010447502136230469e+00,-1.643389940261840820e+00,1.020452976226806641e+00,-1.235210514068603516e+01,-1.273938941955566406e+01,-4.502326548099517822e-01,1.686258888244628906e+01,2.229257202148437500e+01,1.452345657348632812e+01,4.227043151855468750e+00,3.029900789260864258e+00,-1.294557094573974609e+00,-6.442079544067382812e+00,-6.484209537506103516e+00,-1.031738519668579102e+00,-1.917627692222595215e+00,-7.114214897155761719e+00,-6.331908226013183594e+00,-3.124262332916259766e+00,-6.713673591613769531e+00,-2.234438419342041016e+00,8.786282539367675781e+00,6.270413398742675781e+00,1.698272705078125000e+00,-9.919127821922302246e-02,3.930011749267578125e+00,4.962442398071289062e+00,8.150217056274414062e+00,4.559171676635742188e+00,1.381785273551940918e+00,-3.689572334289550781e+00,-8.183866500854492188e+00,-9.809946060180664062e+00,-6.215718269348144531e+00,1.142253208160400391e+01,1.694856262207031250e+01,1.456834602355957031e+01,3.569293022155761719e+00,-4.408615112304687500e+00,-5.619667768478393555e-01,1.014837265014648438e+00,1.908387660980224609e+00,-2.166416645050048828e+00,-6.347829341888427734e+00,-8.992845535278320312e+00,-7.419378280639648438e+00,-1.156142616271972656e+01,-1.680218124389648438e+01,-1.632438087463378906e+01,-1.845361948013305664e+00,-4.006855487823486328e+00,-9.833198547363281250e+00,-3.690213203430175781e+00,-1.673392891883850098e+00,7.762731552124023438e+00,1.134517097473144531e+01,7.059639453887939453e+00,3.320657968521118164e+00,-4.888108968734741211e-01,-8.567529916763305664e-01,9.147217750549316406e+00,1.055167961120605469e+01,-5.147157669067382812e+00,-1.344524574279785156e+01,-1.379517173767089844e+01,-1.747080230712890625e+01,-1.742009162902832031e+01,-1.349733924865722656e+01,-1.236999130249023438e+01,-1.032810020446777344e+01,-1.048265647888183594e+01,-5.932385444641113281e+00,-7.027809619903564453e+00,-7.822681427001953125e+00,-1.531575012207031250e+01,-2.464643478393554688e+01,-1.450780487060546875e+01,-3.551348209381103516e+00,-2.706576824188232422e+00,-1.005121040344238281e+01,-6.333069801330566406e+00,-4.864694595336914062e+00,2.496791601181030273e+00,7.124097824096679688e+00,-6.686460971832275391e-02,-2.971037864685058594e+00,-1.009537935256958008e+00,2.086031723022460938e+01,1.933429718017578125e+01,5.121705532073974609e+00,3.840574502944946289e+00,-2.016587495803833008e+00,-4.384607672691345215e-01,-1.313695430755615234e+00,1.488233327865600586e+00,-1.575514674186706543e-01,-6.585593223571777344e+00,-7.484799385070800781e+00,-1.481536865234375000e+01,-1.144668197631835938e+01,-2.747808218002319336e+00,3.324367523193359375e+00,5.575301870703697205e-02,3.720770359039306641e+00,2.596630811691284180e+00,5.773587822914123535e-01,4.760718345642089844e+00,6.844220161437988281e+00,6.289349079132080078e+00,1.312786674499511719e+01,1.787255859375000000e+01,1.137766647338867188e+01,1.788932800292968750e+00,-7.408585071563720703e+00,-9.119317054748535156e+00,-4.940936088562011719e+00,3.166322469711303711e+00,8.300292968750000000e+00,4.279005050659179688e+00,6.370155811309814453e-01,1.125026941299438477e+00,1.116870689392089844e+01,6.891093730926513672e+00,4.909617424011230469e+00,6.813497543334960938e+00,4.367464065551757812e+00,-3.125242233276367188e+00,-1.371923065185546875e+01,-1.136602115631103516e+01,-3.251794338226318359e+00,-3.900468826293945312e+00,9.010702371597290039e-03,4.527536869049072266e+00,-5.192156791687011719e+00,-1.077861881256103516e+01,-1.025985145568847656e+01,-9.890668869018554688e+00,-1.055045604705810547e+01,-1.080109882354736328e+01,-4.142330646514892578e+00,-2.054636001586914062e+00,4.895218849182128906e+00,8.107240676879882812e+00,1.475878143310546875e+01,1.256397914886474609e+01,1.050350189208984375e+01,9.111117362976074219e+00,1.426515865325927734e+01,1.755364799499511719e+01,1.622740554809570312e+01,1.694376182556152344e+01,1.041864395141601562e+01,1.129714298248291016e+01,1.611283874511718750e+01,1.487800407409667969e+01,1.368724060058593750e+01,1.620293807983398438e+01,1.305482769012451172e+01,7.982646942138671875e+00,7.389534950256347656e+00,-4.474620819091796875e+00,-9.771080017089843750e+00,-1.676520538330078125e+01,-1.712700080871582031e+01,-2.194608879089355469e+01,-2.873967742919921875e+01,-2.455748558044433594e+01,-1.243433380126953125e+01,-9.714097023010253906e+00,-1.139875793457031250e+01,-1.105465888977050781e+01,-1.024184417724609375e+01,-8.068344116210937500e+00,-1.080091190338134766e+01,-2.065644073486328125e+01,-1.605206871032714844e+01,-1.190701580047607422e+01,-1.290049743652343750e+01,-7.185401916503906250e+00,3.297199249267578125e+00,7.178123474121093750e+00,5.216423034667968750e+00,-3.059155344963073730e-01,-5.725417137145996094e+00,3.231356143951416016e-01,2.473047018051147461e+00,4.056525230407714844e+00,4.424511790275573730e-01,-2.349481582641601562e+00,2.509335041046142578e+00,4.010365009307861328e+00,3.998827934265136719e+00,2.107745170593261719e+00,-1.222080349922180176e+00,-7.457015037536621094e+00,-1.051988410949707031e+01,-6.962155342102050781e+00,-4.140226840972900391e-01,2.375021219253540039e+00,2.063543558120727539e+00,-2.723670482635498047e+00,-6.056858539581298828e+00,-4.550188064575195312e+00,-8.247992992401123047e-01,-1.762779712677001953e+00,-3.891210556030273438e+00,1.789837121963500977e+00,6.684992790222167969e+00,4.409256935119628906e+00,1.493348598480224609e+00,1.168913364410400391e+00,5.178055286407470703e+00,-7.413784265518188477e-01,-2.166135787963867188e+00,-5.748446941375732422e+00,-6.088432312011718750e+00,-1.789162397384643555e+00,-1.293690562248229980e+00,-1.904698610305786133e-01,2.236854314804077148e+00,-6.710539817810058594e+00,-1.198419761657714844e+01,-9.817532539367675781e+00,-1.355526161193847656e+01,-1.830487442016601562e+01,-1.046906661987304688e+01,-3.287104606628417969e+00,-6.196988582611083984e+00,-1.019886016845703125e+01,-1.297991943359375000e+01,-1.006401634216308594e+01,-5.001547813415527344e+00,-2.901844978332519531e+00,1.230300426483154297e+00,3.303804397583007812e+00,-8.343906700611114502e-02,3.298047065734863281e+00,7.009533405303955078e+00,8.829423904418945312e+00,9.472166061401367188e+00,9.692965507507324219e+00,3.698014497756958008e+00,4.462206840515136719e+00,8.103572845458984375e+00,5.079324722290039062e+00,7.348825454711914062e+00,6.745634078979492188e+00,6.612086296081542969e+00,5.178077697753906250e+00,-9.640329360961914062e+00,-8.248340606689453125e+00,-1.681202054023742676e-01,-3.427227497100830078e+00,-9.942281723022460938e+00,-8.012563705444335938e+00,6.500887870788574219e+00,1.740816497802734375e+01,1.578065276145935059e+00,-9.467103958129882812e+00,-5.303242206573486328e-01,-6.149188518524169922e+00,-1.676712989807128906e+01,-1.838348007202148438e+01,-1.541707038879394531e+01,-1.036677074432373047e+01,-9.823678970336914062e+00,-1.490808486938476562e+01,-1.733848953247070312e+01,-1.577790069580078125e+01,-1.393186473846435547e+01,-1.864271736145019531e+01,-1.060665702819824219e+01,-5.907034397125244141e+00,-3.607618093490600586e+00,-9.178892135620117188e+00,-1.437107372283935547e+01,-9.558641433715820312e+00,-3.021452903747558594e+00,-4.629976272583007812e+00,-1.093083763122558594e+01,-1.041755867004394531e+01,-2.084661006927490234e+00,-1.837310194969177246e-02,8.138685226440429688e-01,3.053269624710083008e+00,-3.002345561981201172e-03,-5.632666587829589844e+00,-7.564036369323730469e+00,-7.199291229248046875e+00,-3.598863840103149414e+00,-3.602848291397094727e+00,-1.366934657096862793e+00,-1.208561134338378906e+01,-2.930205821990966797e+00,5.737915039062500000e+00,1.155588912963867188e+01,9.451157569885253906e+00,-1.008838057518005371e+00,-9.362921714782714844e+00,-6.672094345092773438e+00,-1.656942725181579590e+00,-8.670877218246459961e-01,-5.107183933258056641e+00,-1.235612297058105469e+01,-1.212999725341796875e+01,-7.917210102081298828e+00,-9.637325286865234375e+00,-1.744786262512207031e+01,-1.126682853698730469e+01,-8.747602462768554688e+00,-6.509080410003662109e+00,-1.408753633499145508e+00,-4.201265573501586914e-01,-1.750613975524902344e+01,-2.765547561645507812e+01,-1.481718635559082031e+01,-9.416002273559570312e+00,-6.756154060363769531e+00,-6.550790667533874512e-01,1.439076781272888184e+00,4.533576011657714844e+00,6.493045330047607422e+00,1.221214294433593750e+01,1.432470893859863281e+01,1.786330795288085938e+01,1.470093536376953125e+01,1.061487770080566406e+01,1.163753509521484375e+01,5.228064537048339844e+00,6.843199729919433594e+00,9.799026489257812500e+00,5.810250282287597656e+00,6.393791198730468750e+00,6.103775978088378906e+00,9.491422653198242188e+00,1.027586936950683594e+01,9.769569396972656250e+00,5.867289543151855469e+00,7.445188522338867188e+00,1.469512748718261719e+01,1.193202495574951172e+01,1.256477737426757812e+01,9.563491821289062500e+00,8.567182540893554688e+00,1.052675724029541016e+01,1.296581840515136719e+01,1.398240280151367188e+01,1.203794288635253906e+01,1.593427848815917969e+01,1.454652404785156250e+01,1.145448493957519531e+01,1.205392074584960938e+01,1.332201004028320312e+01,1.126387405395507812e+01,1.000832653045654297e+01,9.124217987060546875e+00,7.835470676422119141e+00,9.580381393432617188e+00,7.380334854125976562e+00,3.767272710800170898e+00,1.624449729919433594e+00,-1.270405769348144531e+00,3.501342773437500000e+00,9.944303512573242188e+00,4.995817184448242188e+00,-7.792325973510742188e+00,-1.379269409179687500e+01,-1.170076274871826172e+01,-2.868792295455932617e+00,-4.461164951324462891e+00,-1.521271467208862305e+00,-5.476409912109375000e+00,-6.919856071472167969e+00,-5.277264595031738281e+00,-1.707008123397827148e+00,-3.688931465148925781e-02,2.934727430343627930e+00,6.939317703247070312e+00,4.224053382873535156e+00,3.852941513061523438e+00,8.641390800476074219e-01,-3.481540203094482422e+00,-5.833701133728027344e+00,-1.308216190338134766e+01,-1.608075523376464844e+01,-1.658454513549804688e+01,-1.416255092620849609e+01,-9.319338798522949219e+00,-1.023066616058349609e+01,-1.152199172973632812e+01,-1.015862751007080078e+01,-7.574414253234863281e+00,-3.846476793289184570e+00,4.711343765258789062e+00,4.640996456146240234e+00,-2.473916292190551758e+00,5.317590713500976562e+00,7.775976657867431641e+00,4.366011142730712891e+00,1.241416931152343750e+01,1.157099914550781250e+01,8.266031265258789062e+00,1.128667545318603516e+01,6.832747459411621094e-01,-1.198887348175048828e+01,-1.396703720092773438e+01,-1.310920524597167969e+01,-8.710861206054687500e+00,-8.421195983886718750e+00,-8.512719154357910156e+00,-1.181489944458007812e+01,-1.235401916503906250e+01,-1.607057952880859375e+01,-1.676949310302734375e+01,-1.416718864440917969e+01,-1.236957740783691406e+01,-9.387334823608398438e+00,3.168933987617492676e-01,9.821078181266784668e-01,-6.685593605041503906e+00,-3.929148197174072266e+00,-1.226029157638549805e+00,6.345336914062500000e+00,-5.255270004272460938e+00,-5.387405157089233398e-01,6.491870403289794922e+00,1.101033806800842285e+00,-3.173668146133422852e+00,-6.276023387908935547e-01,2.707394123077392578e+00,-3.324682474136352539e+00,-3.021533012390136719e+00,-2.749640941619873047e+00,-4.258643150329589844e+00,-3.638263940811157227e+00,-2.958696842193603516e+00,-9.355599403381347656e+00,-1.354722785949707031e+01,-1.098911094665527344e+01,-5.560449600219726562e+00,-7.023668289184570312e-02,1.063796710968017578e+01,1.141653442382812500e+01,1.849280548095703125e+01,1.729802322387695312e+01,7.876389622688293457e-01,-7.397325515747070312e+00,-1.210153388977050781e+01,-1.009400367736816406e+01,-1.098885536193847656e+01,-1.500105857849121094e+01,-1.527053070068359375e+01,-1.200697517395019531e+01,-1.656854629516601562e+01,-1.411293792724609375e+01,-1.435944557189941406e+01,-1.525533008575439453e+01,-1.366252326965332031e+01,-1.472552108764648438e+01,-1.186180591583251953e+01,-9.454791069030761719e+00,-4.584144592285156250e+00,4.395822525024414062e+00,8.080777168273925781e+00,1.017544460296630859e+01,7.646236419677734375e+00,4.880710601806640625e+00,8.166484832763671875e+00,3.662212610244750977e+00,-6.106816291809082031e+00,-1.315346527099609375e+01,-1.185650634765625000e+01,-9.473247528076171875e+00,-1.195365524291992188e+01,-1.466912269592285156e+01,-1.003563499450683594e+01,-1.918540000915527344e+00,-9.083950519561767578e-01,1.069250345230102539e+00,-3.104148209095001221e-01,-1.369302368164062500e+01,-1.972319984436035156e+01,-2.009653282165527344e+01,-1.706116867065429688e+01,-1.053094482421875000e+01,-7.663093566894531250e+00,2.701542377471923828e+00,5.026522636413574219e+00,1.455625057220458984e+00,-2.196861505508422852e-01,9.669827461242675781e+00,9.638291358947753906e+00,5.413222312927246094e+00,7.154692649841308594e+00,1.137991905212402344e+01,7.542597770690917969e+00,6.543248176574707031e+00,1.834660649299621582e+00,-5.219493389129638672e+00,-8.342685699462890625e+00,3.239480257034301758e-01,-7.432430982589721680e-02,-1.165861511230468750e+01,-1.750904846191406250e+01,-1.737033462524414062e+01,-2.037207794189453125e+01,-1.787878799438476562e+01,-1.950207901000976562e+01,-2.406214141845703125e+01,-2.185437774658203125e+01,-1.761737823486328125e+01,-1.653484344482421875e+01,-3.758629798889160156e+00,1.116822433471679688e+01,9.251317024230957031e+00,7.582439422607421875e+00,5.146548748016357422e+00,1.195816278457641602e+00,-4.492939949035644531e+00,-3.799693822860717773e+00,-1.039845943450927734e+01,-9.080068588256835938e+00,-2.411943674087524414e+00,-5.464797019958496094e+00,-1.928844571113586426e+00,-6.935187578201293945e-01,-2.033145427703857422e+00,-3.329795122146606445e+00,-3.260804414749145508e+00,-1.137150287628173828e+01,-7.957691669464111328e+00,1.674109458923339844e+00,6.967814445495605469e+00,3.347825288772583008e+00,-1.820736885070800781e+00,-3.737530708312988281e-01,3.490660190582275391e+00,7.605850219726562500e+00,1.324479866027832031e+01,8.902772903442382812e+00,3.697029590606689453e+00,-3.454810619354248047e+00,-6.547642707824707031e+00,-3.214614868164062500e+00,2.621773719787597656e+00,-3.350648880004882812e+00,-6.393206596374511719e+00,-1.711880207061767578e+00,1.030085563659667969e+01,1.365409183502197266e+01,7.747708797454833984e+00,4.263484477996826172e+00,1.003829956054687500e+01,1.080950641632080078e+01,9.421801567077636719e+00,1.235275077819824219e+01,7.639318466186523438e+00,4.893308162689208984e+00,1.611296296119689941e+00,6.267675399780273438e+00,1.031380057334899902e+00,1.594372153282165527e+00,8.323131561279296875e+00,9.606241226196289062e+00,9.684518814086914062e+00,6.019866466522216797e+00,4.716647624969482422e+00,3.467616081237792969e+00,3.267029762268066406e+00,5.872704982757568359e+00,4.591578960418701172e+00,2.693774461746215820e+00,5.763679504394531250e+00,7.480305194854736328e+00,4.288062572479248047e+00,4.655430316925048828e+00,5.555034637451171875e+00,8.780491828918457031e+00,4.431241989135742188e+00,9.685907959938049316e-01,-1.773804664611816406e+00,1.779774188995361328e+00,-4.166238009929656982e-01,-1.053043746948242188e+01,-4.495035171508789062e+00,4.826385021209716797e+00,1.041523838043212891e+01,5.444060325622558594e+00,-5.036037445068359375e+00,-8.373151779174804688e+00,1.296233558654785156e+01,1.848236465454101562e+01,1.872112464904785156e+01,1.302326011657714844e+01,4.170175790786743164e-01,-1.647958946228027344e+01,-1.543876171112060547e+01,-8.415049552917480469e+00,-3.947650432586669922e+00,1.309552907943725586e+00,1.189491510391235352e+00,-4.971865653991699219e+00,-1.175607490539550781e+01,-1.293383026123046875e+01,-1.714368438720703125e+01,-1.939760589599609375e+01,-1.669999885559082031e+01,-1.760511398315429688e+01,-1.730834579467773438e+01,-1.597788715362548828e+01,-9.688747406005859375e+00,-1.251021575927734375e+01,-1.652877807617187500e+01,-1.485275173187255859e+01,-2.191316032409667969e+01,-2.282191467285156250e+01,-1.564028930664062500e+01,-1.355901527404785156e+01,-8.304605484008789062e+00,-4.519724845886230469e+00,5.907121896743774414e-01,-7.346116304397583008e-01,-1.722054481506347656e+00,-3.399744510650634766e+00,-6.151206016540527344e+00,-3.558531284332275391e+00,-1.614561319351196289e+00,-1.767537832260131836e+00,-1.014597892761230469e+01,-1.975583648681640625e+01,-1.936830520629882812e+01,-1.350439739227294922e+01,-7.986989021301269531e+00,-1.199373340606689453e+01,-1.134635162353515625e+01,-6.158700942993164062e+00,-3.656363964080810547e+00,-7.830064773559570312e+00,-8.389246940612792969e+00,-8.155575752258300781e+00,-5.897390365600585938e+00,-1.226600646972656250e+00,4.232319593429565430e-01,-2.522948741912841797e+00,-1.153970718383789062e+01,-1.321596813201904297e+01,-1.436369895935058594e+01,-1.524151992797851562e+01,-5.722114562988281250e+00,1.427849173545837402e+00,3.775332689285278320e+00,2.324214220046997070e+00,1.697631478309631348e+00,-2.170099467039108276e-01,-4.195206165313720703e-01,-6.345962047576904297e+00,-8.157026290893554688e+00,-5.730227470397949219e+00,-9.624997138977050781e+00,-1.716893768310546875e+01,-3.033810234069824219e+01,-2.167955398559570312e+01,-8.856618881225585938e+00,-8.303909301757812500e+00,-5.588557243347167969e+00,-3.752942562103271484e+00,-7.405335426330566406e+00,-5.657433032989501953e+00,-5.414641380310058594e+00,-1.155045890808105469e+01,-1.488981819152832031e+01,-4.980630397796630859e+00,1.267975211143493652e+00,4.636396884918212891e+00,-7.603402137756347656e+00,-1.073830795288085938e+01,-5.559244155883789062e+00,-8.139403343200683594e+00,-9.360087394714355469e+00,-8.212127685546875000e+00,-8.388812065124511719e+00,-1.144892597198486328e+01,-1.137530994415283203e+01,-6.913570880889892578e+00,6.338241100311279297e-01,-8.402014970779418945e-01,-6.257664680480957031e+00,-1.366139793395996094e+01,-1.272692584991455078e+01,-1.245301818847656250e+01,-1.261628723144531250e+01,-1.995010375976562500e+01,-2.097842407226562500e+01,-1.438360214233398438e+01,-1.567634487152099609e+01,-1.582870292663574219e+01,-1.949105644226074219e+01,-1.349698162078857422e+01,-8.822370529174804688e+00,-6.903044223785400391e+00,-8.313682556152343750e+00,-6.056074142456054688e+00,-3.202394247055053711e+00,-5.436686515808105469e+00,-4.555828571319580078e+00,-1.749564743041992188e+01,-1.723722267150878906e+01,-8.251175880432128906e+00,-4.898075103759765625e+00,-8.907995223999023438e+00,-8.020993232727050781e+00,-1.759145140647888184e+00,6.820045113563537598e-01,1.899360775947570801e+00,1.843879461288452148e+00,-2.182103157043457031e+01,-3.056031227111816406e+01,-1.445796108245849609e+01,-3.468652248382568359e+00,1.042428016662597656e+00,3.451557397842407227e+00,-2.039755582809448242e+00,2.155727624893188477e+00,1.377683401107788086e+00,4.630462646484375000e+00,5.109786033630371094e+00,5.522253990173339844e+00,2.526660561561584473e-01,-3.193600416183471680e+00,2.253042757511138916e-01,2.973815798759460449e-01,-1.911096692085266113e+00,-1.630532145500183105e-01,2.749000310897827148e+00,3.956598043441772461e-01,3.425339221954345703e+00,-2.948444604873657227e+00,-2.384268999099731445e+00,4.468538284301757812e+00,1.989434480667114258e+00,1.681607723236083984e+00,5.558286666870117188e+00,2.001440286636352539e+00,1.817305803298950195e+00,1.458563804626464844e+01,1.284555435180664062e+01,-7.889991760253906250e+00,-2.056674194335937500e+01,-1.867147445678710938e+01,-6.066425323486328125e+00,6.860545635223388672e+00,1.391984939575195312e+00,-1.881102085113525391e+00,1.022144794464111328e+00,5.860672473907470703e+00,1.777594566345214844e+00,-2.472466468811035156e+00,-3.730561017990112305e+00,-3.707954406738281250e+00,-7.596311569213867188e-01,1.339876842498779297e+01,1.491979980468750000e+01,4.196564197540283203e+00,-8.318165779113769531e+00,-5.957635402679443359e+00,-1.938134908676147461e+00,-6.166706085205078125e+00,-1.523956489562988281e+01,-1.997470092773437500e+01,-1.903640747070312500e+01,-1.906326484680175781e+01,-2.182007598876953125e+01,-1.488512802124023438e+01,-1.159706115722656250e+01,-5.880498886108398438e+00,-6.039302825927734375e+00,-1.350041580200195312e+01,-1.664840698242187500e+01,-1.617900276184082031e+01,-1.139265823364257812e+01,-8.817228317260742188e+00,-8.044734001159667969e+00,-8.277896881103515625e+00,-7.800455570220947266e+00,-7.736363410949707031e+00,-7.776222229003906250e+00,-6.850865840911865234e+00,-9.905235290527343750e+00,-1.564273643493652344e+01,-1.714414978027343750e+01,-2.527712249755859375e+01,-3.074681091308593750e+01,-2.409130477905273438e+01,-1.931855010986328125e+01,-2.104937553405761719e+01,-2.053358459472656250e+01,-2.453729248046875000e+01,-2.431162452697753906e+01,-1.733527755737304688e+01,-6.451701641082763672e+00,-3.402850389480590820e+00,1.406287550926208496e-01,6.888561248779296875e+00,4.123410224914550781e+00,4.690241813659667969e+00,3.773478984832763672e+00,-2.624134063720703125e+00,-5.157064437866210938e+00,-5.824985504150390625e+00,-5.603516578674316406e+00,-2.868375301361083984e+00,-3.035185337066650391e+00,-2.937606334686279297e+00,-7.384893298149108887e-01,-1.217301636934280396e-01,-2.435571193695068359e+00,-7.319852352142333984e+00,-1.835835099220275879e+00,-1.057367324829101562e+00,-7.146326065063476562e+00,-1.109647369384765625e+01,-7.859129428863525391e+00,-1.212783241271972656e+01,-1.230439949035644531e+01,-1.066374397277832031e+01,-1.230747222900390625e+01,-1.251704597473144531e+01,-1.367909622192382812e+01,-1.160758018493652344e+01,-5.441819190979003906e+00,3.520278930664062500e+00,6.496301651000976562e+00,2.053987503051757812e+00,5.609375000000000000e+00,5.370458602905273438e+00,3.713730096817016602e+00,5.145128726959228516e+00,2.801378488540649414e+00,-2.998201370239257812e+00,-3.273788690567016602e+00,-6.641371726989746094e+00,1.650980234146118164e+00,3.460386753082275391e+00,-1.111592888832092285e+00,-1.659780025482177734e+00,1.707329511642456055e+00,5.202523231506347656e+00,-8.188148498535156250e+00,-3.115621566772460938e+00,-1.495331525802612305e-01,-2.277215194702148438e+01,-3.140340042114257812e+01,-2.889438629150390625e+01,-2.425197219848632812e+01,-1.905656051635742188e+01,-1.057750892639160156e+01,-9.653553009033203125e+00,-1.481762218475341797e+01,-1.575880050659179688e+01,-1.368087768554687500e+01,-1.049330711364746094e+01,-7.173101902008056641e-01,6.027105331420898438e+00,4.934078156948089600e-01,-7.138669013977050781e+00,-6.765465259552001953e+00,-1.311483001708984375e+01,-2.122704315185546875e+01,-1.253267955780029297e+01,1.450154900550842285e+00,6.355301856994628906e+00,1.660661697387695312e+01,1.359366130828857422e+01,1.244193077087402344e+01,1.164562416076660156e+01,1.490360832214355469e+01,1.342045211791992188e+01,3.026194095611572266e+00,5.002185821533203125e+00,9.669734954833984375e+00,1.497662353515625000e+01,1.659404945373535156e+01,1.034263134002685547e+01,9.341182708740234375e+00,6.345241665840148926e-01,4.558145523071289062e+00,2.014612674713134766e+00,2.342556238174438477e+00,1.218731498718261719e+01,1.659281158447265625e+01,1.064100551605224609e+01,7.687606811523437500e+00,7.447381973266601562e+00,7.336948394775390625e+00,7.448631286621093750e+00,5.171977996826171875e+00,2.226899862289428711e+00,1.114658594131469727e+00,3.463404893875122070e+00,6.590456008911132812e+00,1.666640162467956543e+00,3.127373695373535156e+00,4.361552715301513672e+00,7.693403244018554688e+00,6.265291213989257812e+00,1.981641292572021484e+00,-6.998207569122314453e-01,8.900388479232788086e-01,2.465984821319580078e+00,-1.461532115936279297e+00,1.336203962564468384e-01,6.997331142425537109e+00,5.108417034149169922e+00,6.275565624237060547e-01,9.092241525650024414e-01,-2.163636779785156250e+01,-2.441163063049316406e+01,-1.981928825378417969e+01,-2.553684806823730469e+01,-2.833944702148437500e+01,-3.217766571044921875e+01,-2.958663940429687500e+01,-3.017401123046875000e+01,-2.671231651306152344e+01,-2.882087326049804688e+01,-3.443370056152343750e+01,-3.417503738403320312e+01,-2.659611892700195312e+01,-1.963061523437500000e+01,-1.777582168579101562e+01,-1.656200599670410156e+01,-1.492321014404296875e+01,-1.168432044982910156e+01,-7.078914165496826172e+00,-3.512161493301391602e+00,2.964390516281127930e+00,-2.016084194183349609e+00,-1.002469635009765625e+01,-1.757495498657226562e+01,-2.344503402709960938e+01,-2.160112953186035156e+01,-1.473955726623535156e+01,-4.108192920684814453e+00,-2.328827619552612305e+00,-9.602555274963378906e+00,-1.896507644653320312e+01,-1.729750823974609375e+01,-1.229056358337402344e+01,-1.070093154907226562e+01,-1.506498241424560547e+01,-1.677977943420410156e+01,-1.889158630371093750e+01,-2.087184524536132812e+01,-1.624470329284667969e+01,-1.554190635681152344e+01,-1.870928955078125000e+01,-1.919135093688964844e+01,-2.137150001525878906e+01,-1.935232925415039062e+01,-1.851929473876953125e+01,-1.323341751098632812e+01,-1.247933673858642578e+01,-7.808108329772949219e+00,-1.240805435180664062e+01,-1.583023834228515625e+01,-1.344473457336425781e+01,-1.242302322387695312e+01,-1.264933586120605469e+01,-9.679855346679687500e+00,-7.797166824340820312e+00,-1.053721618652343750e+01,-1.155920219421386719e+01,-6.189905643463134766e+00,-6.173991203308105469e+00,-3.587756633758544922e+00,-7.886921167373657227e-01,-5.330556392669677734e+00,-7.715886592864990234e+00,-3.499348402023315430e+00,-6.061953306198120117e-02,7.716329097747802734e-01,1.084254264831542969e+00,1.115571260452270508e+00,-2.629553079605102539e+00,-4.025562763214111328e+00,5.289515852928161621e-02,6.345677375793457031e-02,-2.036805629730224609e+00,-3.062151432037353516e+00,-3.132682561874389648e+00,-5.601549148559570312e+00,-1.612860298156738281e+01,-1.913817977905273438e+01,-2.172057342529296875e+01,-1.610204315185546875e+01,-8.552336692810058594e+00,-9.736211776733398438e+00,-8.941991806030273438e+00,-1.863610839843750000e+01,-1.822913360595703125e+01,-1.335041618347167969e+01,-8.005081176757812500e+00,-3.135145187377929688e+00,2.904029369354248047e+00,-7.440988540649414062e+00,-1.414830112457275391e+01,-7.782838821411132812e+00,1.797895669937133789e+00,5.790668487548828125e+00,5.340089797973632812e+00,5.349990725517272949e-01,2.457041025161743164e+00,1.390033483505249023e+00,6.290262937545776367e-02,-2.793609857559204102e+00,-1.352277994155883789e+00,-5.436919212341308594e+00,-1.291855049133300781e+01,-4.718773841857910156e+00,-1.964881658554077148e+00,-2.938891410827636719e+00,-2.576232433319091797e+00,-1.565014648437500000e+01,-1.779530334472656250e+01,-1.752223396301269531e+01,-1.443812751770019531e+01,-1.649993324279785156e+01,-2.147595214843750000e+01,-2.663404273986816406e+01,-2.009191513061523438e+01,-1.985554122924804688e+01,-2.882925224304199219e+01,-2.829965209960937500e+01,-1.892181968688964844e+01,-1.229915618896484375e+01,-6.694863319396972656e+00,-3.897438049316406250e+00,-4.951526641845703125e+00,-7.223303318023681641e+00,-9.684385061264038086e-01,-1.136289787292480469e+01,-1.677908325195312500e+01,-1.155836868286132812e+01,-1.079427909851074219e+01,-9.021914482116699219e+00,-9.905746459960937500e+00,-1.419118881225585938e+01,-1.898797225952148438e+01,-2.388838005065917969e+01,-2.724676132202148438e+01,-2.916174316406250000e+01,-2.996710586547851562e+01,-3.031158447265625000e+01,-2.072448730468750000e+01,-1.896470642089843750e+01,-1.041608524322509766e+01,-8.499217033386230469e+00,-2.439430046081542969e+01,-3.447386932373046875e+01,-3.072925186157226562e+01,-2.816089630126953125e+01,-2.802585220336914062e+01,-2.680354309082031250e+01,-2.635867309570312500e+01,-2.420848083496093750e+01,-2.148350524902343750e+01,-1.338632774353027344e+01,-1.167538070678710938e+01,-4.892630577087402344e+00,-2.397191047668457031e+00,9.178338050842285156e-01,-1.103932762145996094e+01,-1.263531494140625000e+01,-9.025949478149414062e+00,-1.084006118774414062e+01,-8.908061981201171875e+00,-6.839600086212158203e+00,-5.799272537231445312e+00,-7.893752574920654297e+00,-1.017388629913330078e+01,-1.894996833801269531e+01,-2.520849609375000000e+01,-2.900045394897460938e+01,-2.248659133911132812e+01,-1.903156661987304688e+01,-2.000635147094726562e+01,-1.682324981689453125e+01,-2.212026977539062500e+01,-2.053429794311523438e+01,-1.589480400085449219e+01,-4.124700546264648438e+00,-3.179864168167114258e+00,-3.887597560882568359e+00,-2.177803993225097656e+00,-1.497247123718261719e+01,-1.165423965454101562e+01,-6.045500278472900391e+00,-8.029764294624328613e-01,-9.654084444046020508e-01,1.978349566459655762e+00,-3.698755979537963867e+00,-1.009248161315917969e+01,-5.485602855682373047e+00,-2.574287652969360352e+00,-8.018632888793945312e+00,-1.270014667510986328e+01,-1.656015205383300781e+01,-1.553251075744628906e+01,-1.781434440612792969e+01,-1.289998817443847656e+01,-5.063176155090332031e+00,-6.774219036102294922e+00,-1.340876770019531250e+01,-1.853919601440429688e+01,-1.811780357360839844e+01,-1.610696029663085938e+01,-1.226875305175781250e+01,-1.191161060333251953e+01,-1.164949798583984375e+01,-9.390067100524902344e+00,-1.570586299896240234e+01,-2.590289878845214844e+01,-2.501855468750000000e+01,-1.349913978576660156e+01,-1.156447887420654297e+01,-1.251390647888183594e+01,-9.389547348022460938e+00,-2.934951782226562500e+00,-1.755854606628417969e+00,-5.870734691619873047e+00,-5.231916904449462891e+00,-5.686115264892578125e+00,-6.513460159301757812e+00,-9.742334365844726562e+00,-1.339383125305175781e+01,-1.999068641662597656e+01,-2.578548431396484375e+01,-2.617706871032714844e+01,-2.109981727600097656e+01,-1.836268424987792969e+01,-1.151198291778564453e+01,-1.185493659973144531e+01,-9.827644348144531250e+00,-7.601269721984863281e+00,7.182226181030273438e-01,8.362197875976562500e-01,-2.442852020263671875e+00,-2.730706214904785156e+00,5.936442017555236816e-01,-3.323615074157714844e+00,-5.433881759643554688e+00,-5.610659599304199219e+00,-1.064622116088867188e+01,-7.181218147277832031e+00,-2.489672422409057617e+00,-4.688447475433349609e+00,-3.196300983428955078e+00,1.294518232345581055e+00,1.956070065498352051e+00,-1.036901760101318359e+01,-1.537514877319335938e+01,-3.585198974609375000e+01,-3.221692276000976562e+01,-1.357180023193359375e+01,-1.622412443161010742e+00,-6.018736362457275391e-01,5.195355415344238281e+00,7.877124786376953125e+00,-4.393167018890380859e+00,-1.209923362731933594e+01,-1.332851600646972656e+01,-2.852308750152587891e+00,9.072294831275939941e-01,-7.610712051391601562e-01,-3.027034759521484375e+00,-7.900319099426269531e+00,-5.457700729370117188e+00,-2.985723018646240234e+00,-1.300791144371032715e+00,2.202460765838623047e+00,6.450815200805664062e+00,6.041539192199707031e+00,3.848086833953857422e+00,1.524888515472412109e+00,-1.368819808959960938e+01,-1.730856704711914062e+01,-1.322273635864257812e+01,-8.367903709411621094e+00,-8.459339141845703125e+00,-6.884088993072509766e+00,-1.739209938049316406e+01,-2.658353424072265625e+01,-3.136066055297851562e+01,-2.384326171875000000e+01,-1.949352264404296875e+01,-1.839611053466796875e+01,-1.135197067260742188e+01,-1.483881759643554688e+01,-1.888169479370117188e+01,-1.873716926574707031e+01,-9.625216484069824219e+00,-2.212439346313476562e+01,-2.086892318725585938e+01,-1.620081329345703125e+01,-1.645741653442382812e+01,-1.970852279663085938e+01,-2.174403762817382812e+01,-2.280896949768066406e+01,-2.254122924804687500e+01,-1.929950714111328125e+01,-1.670647811889648438e+01,-1.946998786926269531e+01,-2.188535308837890625e+01,-3.049789619445800781e+01,-2.856147384643554688e+01,-1.871537399291992188e+01,-1.840002822875976562e+01,-1.313658332824707031e+01,-9.458002090454101562e+00,-1.401884078979492188e+01,-2.333868408203125000e+01,-1.914589309692382812e+01,-1.897576141357421875e+01,-1.865002059936523438e+01,-1.522411632537841797e+01,-1.191286468505859375e+01,-8.627775192260742188e+00,-1.460999107360839844e+01,-1.393150711059570312e+01,-6.683331012725830078e+00,-5.904569625854492188e+00,-9.587010383605957031e+00,-8.588814735412597656e+00,-4.141918659210205078e+00,-1.381444692611694336e+00,-2.525118589401245117e-01,-2.875294446945190430e+00,4.442771434783935547e+00,1.309872436523437500e+01,1.233052635192871094e+01,1.472216415405273438e+01,1.597969245910644531e+01,1.955041122436523438e+01,1.791276741027832031e+01,1.189556694030761719e+01,7.827112197875976562e+00,-1.633894443511962891e-01,-1.378908634185791016e+00,-3.217944383621215820e+00,-8.100959777832031250e+00,-6.338908672332763672e+00,-9.625658988952636719e+00,-1.213518428802490234e+01,-9.577281951904296875e+00,-8.072708129882812500e+00,-4.767623901367187500e+00,-4.214389801025390625e+00,-1.454578590393066406e+01,-1.597576045989990234e+01,-9.492685317993164062e+00,-4.225587844848632812e+00,-1.048889923095703125e+01,-1.777657699584960938e+01,-2.418315887451171875e+01,-2.170745849609375000e+01,-1.047605037689208984e+01,-3.335350036621093750e+00,-6.052302837371826172e+00,-1.144037723541259766e+01,-1.096222305297851562e+01,-5.723895072937011719e+00,-9.347218513488769531e+00,-1.058870220184326172e+01,-8.825296401977539062e+00,-6.947300910949707031e+00,-7.661525726318359375e+00,-4.590343475341796875e+00,-1.481567740440368652e+00,-4.237656593322753906e+00,-6.453102588653564453e+00,-7.431627750396728516e+00,-3.559186458587646484e+00,-3.378510177135467529e-01,2.938850164413452148e+00,1.845136880874633789e-01,-4.649187564849853516e+00,-9.579517364501953125e+00,2.278093814849853516e+00,1.181354522705078125e+01,1.180764961242675781e+01,1.425856399536132812e+01,1.034773921966552734e+01,2.140000581741333008e+00,-5.871467113494873047e+00,-6.710818290710449219e+00,-8.166629791259765625e+00,-1.736721801757812500e+01,-2.166378784179687500e+01,-1.118082427978515625e+01,-4.083592414855957031e+00,-6.083831787109375000e+00,-1.194204139709472656e+01,-1.508221912384033203e+01,-1.626642417907714844e+01,-1.583047294616699219e+01,-7.008350372314453125e+00,-9.365583419799804688e+00,-1.116991138458251953e+01,-1.305592727661132812e+01,-1.605842208862304688e+01,-1.799916076660156250e+01,-1.779654693603515625e+01,-1.912086868286132812e+01,-1.697365951538085938e+01,-1.352724742889404297e+01,-1.618043518066406250e+01,-1.899808883666992188e+01,-1.636277008056640625e+01,-1.485476684570312500e+01,-1.379481506347656250e+01,-1.004618072509765625e+01,-9.557064056396484375e+00,-8.791437149047851562e+00,-1.754617929458618164e+00,-7.834620475769042969e+00,-1.123900413513183594e+01,-2.760885620117187500e+01,-2.610055923461914062e+01,-1.732448577880859375e+01,-1.087432861328125000e+01,-1.018551921844482422e+01,4.651628136634826660e-01,-1.568898439407348633e+00,-4.745801925659179688e+00,-7.969977378845214844e+00,-3.602128505706787109e+00,2.453896999359130859e-01,-1.725454092025756836e+00,-7.570523023605346680e-01,-9.506335258483886719e+00,-1.865271759033203125e+01,-1.408967208862304688e+01,-1.635612869262695312e+01,-1.858329772949218750e+01,-1.242596530914306641e+01,-2.061420059204101562e+01,-2.450945854187011719e+01,-2.797663879394531250e+01,-2.952143859863281250e+01,-2.201982879638671875e+01,-1.712813186645507812e+01,-1.696924972534179688e+01,-1.191769790649414062e+01,-1.114216995239257812e+01,-9.092090606689453125e+00,-7.073766231536865234e+00,-3.077564954757690430e+00,-9.857217788696289062e+00,-1.572086715698242188e+01,-1.593125247955322266e+01,-1.255563545227050781e+01,-4.207667827606201172e+00,4.672189056873321533e-01,-1.446155011653900146e-01,-4.440524101257324219e+00,-6.164336681365966797e+00,-5.914743423461914062e+00,-3.974271535873413086e+00,5.965583324432373047e-01,2.477757453918457031e+00,3.219668865203857422e+00,2.530776023864746094e+00,3.492856025695800781e-02,2.450653314590454102e+00,9.228594303131103516e-01,-1.003802537918090820e+00,-2.350101470947265625e-01,-4.581279754638671875e+00,-3.497091770172119141e+00,-2.247504949569702148e+00,-2.841688632965087891e+00,-2.973355531692504883e+00,-5.296586036682128906e+00,-4.850687503814697266e+00,-3.601951837539672852e+00,-5.329084396362304688e+00,-4.520754814147949219e+00,-1.229387879371643066e+00,1.929225444793701172e+00,3.436507701873779297e+00,1.258392095565795898e+00,4.257400035858154297e+00,2.122509002685546875e+00,-5.257175445556640625e+00,-8.330716133117675781e+00,-1.705905914306640625e+01,-2.506118392944335938e+01,-2.578171157836914062e+01,-7.649909973144531250e+00,9.185035824775695801e-01,4.724943161010742188e+00,8.130336761474609375e+00,4.133905410766601562e+00,-8.749683380126953125e+00,-1.155809211730957031e+01,-7.978005409240722656e+00,-3.701214194297790527e-01,7.468315601348876953e+00,7.261134624481201172e+00,1.479998350143432617e+00,-2.166580677032470703e+00,-7.363821029663085938e+00,-1.441196060180664062e+01,-1.497509193420410156e+01,-1.134733390808105469e+01,-1.056449317932128906e+01,-5.081472396850585938e+00,-4.732810974121093750e+00,-6.669702053070068359e+00,-1.830485916137695312e+01,-1.731191444396972656e+01,-1.315671920776367188e+01,-9.359152793884277344e+00,2.450413703918457031e+00,1.583060145378112793e+00,-3.704262971878051758e+00,-1.011857414245605469e+01,-1.236785507202148438e+01,-9.939308166503906250e+00,-1.001356315612792969e+01,-3.197099924087524414e+00,-2.407481193542480469e+00,-3.760911703109741211e+00,-4.321060180664062500e+00,-1.051563453674316406e+01,-1.588066577911376953e+01,-1.854164123535156250e+01,-1.856998252868652344e+01,-1.547241592407226562e+01,-1.273302650451660156e+01,-2.247219562530517578e+00,-5.584806442260742188e+00,-2.033499526977539062e+01,-1.921016693115234375e+01,-9.997970581054687500e+00,-9.195200920104980469e+00,-4.071143150329589844e+00,-4.905503749847412109e+00,-9.764496803283691406e+00,-6.422296524047851562e+00,-5.310348033905029297e+00,1.752500295639038086e+00,-2.558592796325683594e+00,-1.356142997741699219e+01,-2.583528137207031250e+01,-2.965915489196777344e+01,-2.774721527099609375e+01,-9.924230575561523438e+00,4.702326953411102295e-01,3.923234939575195312e+00,-2.181710243225097656e+00,-6.399806976318359375e+00,-1.193237876892089844e+01,-1.289178657531738281e+01,-6.225498676300048828e+00,1.540601015090942383e+00,6.089638471603393555e-01,-4.326900541782379150e-01,-6.420686721801757812e+00,-1.163067626953125000e+01,-1.162725067138671875e+01,-7.781490325927734375e+00,-2.974507331848144531e+00,-1.243397235870361328e+00,-5.265961647033691406e+00,-1.624356079101562500e+01,-2.211988830566406250e+01,-1.341614341735839844e+01,-1.120077800750732422e+01,-9.056541442871093750e+00,-7.583395957946777344e+00,-6.613494873046875000e+00,-6.513415336608886719e+00,-4.126799583435058594e+00,-5.045849800109863281e+00,2.869376182556152344e+00,1.127782154083251953e+01,1.607417488098144531e+01,1.150934028625488281e+01,2.925498723983764648e+00,-5.250712871551513672e+00,-1.099061012268066406e+01,-1.875782775878906250e+01,-1.970843124389648438e+01,-9.697342872619628906e+00,-9.405219554901123047e-01,-2.810032606124877930e+00,-5.480010986328125000e+00,-6.696862220764160156e+00,-1.690546798706054688e+01,-1.850215911865234375e+01,-9.823293685913085938e+00,-1.156826019287109375e+01,-2.720425415039062500e+01,-2.151045608520507812e+01,-1.692938232421875000e+01,-1.446761512756347656e+01,-1.037530899047851562e+01,-1.049723625183105469e-01,-1.237298369407653809e+00,-4.450090408325195312e+00,-5.064859390258789062e+00,-5.367707729339599609e+00,-3.846502542495727539e+00,1.566796898841857910e+00,-2.588200330734252930e+00,-3.995103359222412109e+00,-6.334112644195556641e+00,-8.754194259643554688e+00,-9.649950027465820312e+00,-1.276082324981689453e+01,-1.446660137176513672e+01,-1.521696662902832031e+01,-1.318134498596191406e+01,-1.224627494812011719e+01,-1.611169815063476562e+01,-1.969364929199218750e+01,-1.904722595214843750e+01,-1.561110591888427734e+01,-7.331744194030761719e+00,-5.637071728706359863e-01,-1.861322641372680664e+00,-5.003448486328125000e+00,-3.484702110290527344e+00,6.098212242126464844e+00,4.981237888336181641e+00,2.986349344253540039e+00,3.118636012077331543e-01,-3.239191532135009766e+00,-2.114314794540405273e+00,6.125680804252624512e-01,3.418970108032226562e-01,3.126288414001464844e+00,8.339067459106445312e+00,5.350469589233398438e+00,2.232375860214233398e+00,3.314843416213989258e+00,5.498401641845703125e+00,2.663460016250610352e+00,4.096115112304687500e+00,5.108119010925292969e+00,2.875506877899169922e-02,3.686065196990966797e+00,7.253098011016845703e+00,3.647327423095703125e+00,-1.227158546447753906e+00,-6.969332695007324219e-02,-1.742129898071289062e+01,-1.622501373291015625e+01,-1.849707984924316406e+01,-1.838438034057617188e+01,-1.699057388305664062e+01,-3.852827548980712891e+00,-4.958916664123535156e+00,-1.574413394927978516e+01,-1.700293731689453125e+01,-1.628674697875976562e+01,-1.386107444763183594e+01,-7.370027542114257812e+00,-3.830075502395629883e+00,1.634215235710144043e+00,3.161061525344848633e+00,-9.154802322387695312e+00,-2.744842529296875000e+01,-2.985114288330078125e+01,-2.732374191284179688e+01,-1.945461082458496094e+01,-1.429089355468750000e+01,-7.032073497772216797e+00,-2.431400537490844727e+00,-1.258377647399902344e+01,-2.789192771911621094e+01,-3.043144416809082031e+01,-1.893647003173828125e+01,-6.509541511535644531e+00,9.275746345520019531e-01,-4.315889835357666016e+00,-6.182330131530761719e+00,8.983939886093139648e-01,4.340808868408203125e+00,5.029841423034667969e+00,-1.494025468826293945e+00,-5.047288894653320312e+00,-6.433147430419921875e+00,-1.095318412780761719e+01,-2.313913345336914062e+01,-3.175727081298828125e+01,-2.677776145935058594e+01,-2.110533523559570312e+01,-1.934125518798828125e+01,-1.492043685913085938e+01,-9.384674072265625000e+00,-4.478612422943115234e+00,-3.900929212570190430e+00,-7.946487903594970703e+00,-1.966768264770507812e+01,-1.741574668884277344e+01,-1.143038558959960938e+01,-1.690029907226562500e+01,-1.924496459960937500e+01,-1.189892959594726562e+01,-1.202455711364746094e+01,-1.938901138305664062e+01,-2.449949645996093750e+01,-2.250943374633789062e+01,-2.204713821411132812e+01,-1.748208618164062500e+01,-1.414399528503417969e+01,-1.745563507080078125e+01,-1.902560043334960938e+01,-1.424205589294433594e+01,-1.134246730804443359e+01,-9.194755554199218750e+00,-3.771705389022827148e+00,-2.548310756683349609e+00,-6.587285041809082031e+00,-1.463650107383728027e+00,-5.582388877868652344e+00,-1.032668876647949219e+01,-1.033847999572753906e+01,-1.759024739265441895e+00,9.044282913208007812e+00,-4.097667217254638672e+00,-1.393113708496093750e+01,-1.676037597656250000e+01,-1.479714584350585938e+01,-6.978473186492919922e+00,-6.510124206542968750e+00,-9.340829849243164062e+00,-1.219239234924316406e+01,-1.491327953338623047e+01,-1.587987232208251953e+01,-1.141676425933837891e+01,-1.014529991149902344e+01,-1.022943878173828125e+01,-1.226301193237304688e+01,-3.905876159667968750e+00,1.258131790161132812e+01,1.000569534301757812e+01,7.875568389892578125e+00,-4.569247066974639893e-01,4.759497046470642090e-01,4.186019897460937500e+00,2.279147386550903320e+00,-1.139627218246459961e+00,-2.282226562500000000e+00,-1.135210394859313965e-01,1.701750993728637695e+00,4.236809730529785156e+00,2.656665563583374023e+00,5.230260848999023438e+00,9.242725372314453125e-01,6.584182262420654297e+00,1.224989318847656250e+01,8.994340896606445312e+00,-7.164546966552734375e+00,-1.469788932800292969e+01,-1.999028396606445312e+01,-2.030402374267578125e+01,-1.194205665588378906e+01,-9.111097335815429688e+00,-8.376589775085449219e+00,-1.778244400024414062e+01,-2.735592651367187500e+01,-3.548273468017578125e+01,-4.276401138305664062e+01,-4.164888000488281250e+01,-2.838807678222656250e+01,-2.578768157958984375e+01,-2.442006683349609375e+01,-2.343165206909179688e+01,-2.404194068908691406e+01,-2.183556365966796875e+01,-2.663601303100585938e+01,-2.777795791625976562e+01,-3.500027465820312500e+01,-3.692504882812500000e+01,-3.036621284484863281e+01,-1.288344764709472656e+01,-1.243004989624023438e+01,-7.828272819519042969e+00,-8.921798706054687500e+00,-5.775792121887207031e+00,2.970807552337646484e+00,7.865690708160400391e+00,1.422239112854003906e+01,3.060117959976196289e+00,-1.099349403381347656e+01,-1.474943161010742188e+01,-9.831754684448242188e+00,-7.870570421218872070e-01,-1.555773854255676270e+00,-4.524010419845581055e-01,-4.416698455810546875e+00,-1.846879386901855469e+01,-2.491553688049316406e+01,-2.770645141601562500e+01,-2.370916175842285156e+01,-1.901924133300781250e+01,-2.357940864562988281e+01,-1.868577766418457031e+01,-1.621075057983398438e+01,-1.519663238525390625e+01,-1.492502784729003906e+01,-1.468150520324707031e+01,-1.744777488708496094e+01,-1.263869285583496094e+01,-7.827888488769531250e+00,-8.802798271179199219e+00,-1.586676216125488281e+01,-2.822203063964843750e+01,-2.656358718872070312e+01,-1.369402122497558594e+01,-1.130771732330322266e+01,-1.446534729003906250e+01,-2.153623390197753906e+01,-2.646920013427734375e+01,-3.094120025634765625e+01,-3.165916442871093750e+01,-3.120607948303222656e+01,-1.511964702606201172e+01,-8.772241592407226562e+00,-4.664045810699462891e+00,-5.050065040588378906e+00,-7.123654365539550781e+00,-1.038047790527343750e+01,-1.621700286865234375e+01,-2.468023300170898438e+01,-2.479486656188964844e+01,-2.066479492187500000e+01,-1.437338352203369141e+01,-5.012361526489257812e+00,-5.697573661804199219e+00,-1.085069751739501953e+01,-8.323471069335937500e+00,-5.687467575073242188e+00,-8.247200012207031250e+00,-1.400728511810302734e+01,-2.744877624511718750e+01,-2.191133117675781250e+01,-6.919937610626220703e+00,-5.648138999938964844e+00,-8.437561988830566406e+00,-2.081255340576171875e+01,-2.436519432067871094e+01,-2.490574455261230469e+01,-2.461673736572265625e+01,-2.012064361572265625e+01,-2.378095054626464844e+01,-2.867612266540527344e+01,-3.083615493774414062e+01,-2.830647087097167969e+01,-2.031398773193359375e+01,-1.279877376556396484e+01,-1.177321434020996094e+01,-1.252498817443847656e+01,-9.995377540588378906e+00,-6.690251827239990234e+00,5.975496768951416016e-01,5.101974487304687500e+00,1.622847914695739746e+00,-4.254244327545166016e+00,-4.686972141265869141e+00,-1.876550316810607910e+00,-1.576233744621276855e+00,-3.106005907058715820e+00,-3.563967704772949219e+00,-8.165129661560058594e+00,-9.213314056396484375e+00,-2.890848636627197266e+00,-2.859909534454345703e+00,-5.732356309890747070e-01,-4.165629386901855469e+00,-4.688209533691406250e+00,3.919276237487792969e+00,9.209553599357604980e-01,-9.089163780212402344e+00,-1.685674667358398438e+01,-1.866743850708007812e+01,-1.532874298095703125e+01,-4.886559963226318359e+00,-7.050718307495117188e+00,-1.696978950500488281e+01,-2.595763778686523438e+01,-2.628278923034667969e+01,-2.458023452758789062e+01,-2.397925186157226562e+01,-2.652692031860351562e+01,-3.219265747070312500e+01,-2.967287826538085938e+01,-2.551226425170898438e+01,-2.524195671081542969e+01,-2.527869796752929688e+01,-2.672172164916992188e+01,-2.754074096679687500e+01,-2.721361732482910156e+01,-1.783499336242675781e+01,-1.860483932495117188e+01,-1.576900100708007812e+01,-1.335355567932128906e+01,-1.089101028442382812e+01,-1.648347854614257812e+01,-1.882981109619140625e+01,-2.058155632019042969e+01,-1.170195102691650391e+01,-7.496691703796386719e+00,-1.113670635223388672e+01,-1.013459396362304688e+01,-6.617644309997558594e+00,-5.831759452819824219e+00,-7.971004486083984375e+00,-9.598001480102539062e+00,-1.159593772888183594e+01,-1.409742736816406250e+01,-1.972434997558593750e+01,-2.001527214050292969e+01,-1.713829040527343750e+01,-1.972853279113769531e+01,-1.620191574096679688e+01,-1.359570312500000000e+01,-1.529544544219970703e+01,-1.677635574340820312e+01,-1.558125877380371094e+01,-1.414457893371582031e+01,-8.603352546691894531e+00,-9.932739257812500000e+00,-7.174730300903320312e+00,3.007839322090148926e-01,7.592186927795410156e+00,-9.737878799438476562e+00,-1.730943679809570312e+01,-1.731945037841796875e+01,-1.088041877746582031e+01,-1.265290260314941406e+01,-1.400811004638671875e+01,-1.260150432586669922e+01,-1.314313602447509766e+01,-1.260070800781250000e+01,-1.023027992248535156e+01,-1.173748970031738281e+01,-6.693568229675292969e+00,-4.304246902465820312e+00,-5.954476833343505859e+00,-7.543413162231445312e+00,-6.552218437194824219e+00,1.003022313117980957e+00,2.361732959747314453e+00,-3.577301025390625000e+00,-1.371257019042968750e+01,-1.539504623413085938e+01,-1.859695434570312500e+01,-1.578055381774902344e+01,-6.933484554290771484e+00,-4.775240898132324219e+00,-6.523892879486083984e+00,-1.508289718627929688e+01,-9.501801490783691406e+00,-6.408614635467529297e+00,-2.230810880661010742e+00,-3.729829072952270508e+00,-6.140815734863281250e+00,-1.477937126159667969e+01,-2.624162483215332031e+01,-2.206292343139648438e+01,-1.729601097106933594e+01,-1.089740085601806641e+01,-1.018344688415527344e+01,-8.663608551025390625e+00,-6.358099460601806641e+00,-6.344706535339355469e+00,-8.330002784729003906e+00,-9.739261627197265625e+00,-5.060871124267578125e+00,1.628831148147583008e+00,1.663159847259521484e+00,-8.470016717910766602e-02,-4.993838310241699219e+00,-1.371514511108398438e+01,-1.322950553894042969e+01,-1.135322761535644531e+01,-5.574227333068847656e+00,-8.717984557151794434e-01,-8.250867843627929688e+00,-6.821716308593750000e+00,-5.827126502990722656e+00,-9.660953521728515625e+00,-1.205297183990478516e+01,-7.486399650573730469e+00,-1.169591236114501953e+01,-1.702234268188476562e+01,-2.174195098876953125e+01,-2.129944229125976562e+01,-1.664886856079101562e+01,-2.058326911926269531e+01,-1.981017303466796875e+01,-6.828328609466552734e+00,-4.835651397705078125e+00,-2.353796243667602539e+00,1.803761720657348633e+00,5.727321624755859375e+00,-1.278411507606506348e+00,-1.214121627807617188e+01,-1.449341773986816406e+01,-1.160979080200195312e+01,-9.469425201416015625e+00,-6.035264015197753906e+00,-9.705796241760253906e+00,-1.518461227416992188e+01,-8.640424728393554688e+00,-2.457317829132080078e+00,-8.919997215270996094e-01,-1.004247474670410156e+01,-1.536916542053222656e+01,-1.522785282135009766e+01,-2.035898590087890625e+01,-2.611349868774414062e+01,-2.111376571655273438e+01,-1.639670181274414062e+01,-1.261828804016113281e+01,-1.374785804748535156e+01,-1.942757415771484375e+01,-2.283874511718750000e+01,-2.059094619750976562e+01,-1.440287590026855469e+01,-1.291243171691894531e+01,-1.227281379699707031e+01,-1.117910385131835938e+01,-3.982084989547729492e+00,7.129702568054199219e+00,4.813293457031250000e+00,4.601408481597900391e+00,-1.519852638244628906e+00,-7.619606018066406250e+00,-9.646673202514648438e+00,-1.488122177124023438e+01,-6.502364158630371094e+00,-4.642100334167480469e-01,-3.535825014114379883e+00,-1.785638046264648438e+01,-2.241115760803222656e+01,-1.636264801025390625e+01,-1.063796424865722656e+01,-8.171590805053710938e+00,-7.517446517944335938e+00,-6.473726749420166016e+00,-9.501840591430664062e+00,-1.833596611022949219e+01,-2.133474731445312500e+01,-1.527803039550781250e+01,-7.326435089111328125e+00,-1.417962312698364258e+00,-1.329101324081420898e+00,-6.396027565002441406e+00,-1.287989139556884766e+01,-1.826599311828613281e+01,-1.649434471130371094e+01,-1.631558990478515625e+01,-2.118028068542480469e+01,-2.146063613891601562e+01,-2.043923568725585938e+01,-1.378788471221923828e+01,-1.060258960723876953e+01,-1.157657623291015625e+01,-6.851528644561767578e+00,-1.324966049194335938e+01,-2.361431121826171875e+01,-2.172855567932128906e+01,-1.096128940582275391e+01,-2.943054199218750000e+00,-2.841370582580566406e+00,-6.542871475219726562e+00,-8.717624664306640625e+00,-1.540542316436767578e+01,-3.776166534423828125e+01,-3.696331024169921875e+01,-2.021059036254882812e+01,-9.483901977539062500e+00,-1.445672988891601562e+01,-2.570636367797851562e+01,-2.731980895996093750e+01,-2.274876022338867188e+01,-1.686289215087890625e+01,-1.622313880920410156e+01,-9.417324066162109375e+00,-5.376842975616455078e+00,-4.950161457061767578e+00,-2.746046066284179688e+00,-1.008000612258911133e+00,9.033588767051696777e-01,-9.775983810424804688e+00,-1.426516151428222656e+01,-1.471422672271728516e+01,-1.000617599487304688e+01,-1.039645195007324219e+01,-1.402777767181396484e+01,-1.639451599121093750e+01,-8.760838508605957031e+00,-7.135917663574218750e+00,-1.745367622375488281e+01,-1.501106929779052734e+01,-1.407643699645996094e+01,-1.927629089355468750e+01,-2.135408020019531250e+01,-2.290710067749023438e+01,-1.882349777221679688e+01,-1.894370269775390625e+01,-1.849377632141113281e+01,-1.221271610260009766e+01,-1.265647125244140625e+01,-1.619354248046875000e+01,-1.597297382354736328e+01,-1.247400665283203125e+01,-7.985257148742675781e+00,-9.118385314941406250e+00,-1.374322128295898438e+01,-1.656729125976562500e+01,-1.436675548553466797e+01,-1.345205879211425781e+01,-8.327657699584960938e+00,-3.477071046829223633e+00,-2.410150766372680664e+00,9.860892891883850098e-01,-4.717272758483886719e+00,-2.801699638366699219e+00,3.746758699417114258e+00,3.953016519546508789e+00,6.272730827331542969e+00,2.616768836975097656e+00,2.178115367889404297e+00,7.562667846679687500e+00,8.072154998779296875e+00,8.295246124267578125e+00,6.744984149932861328e+00,3.510303735733032227e+00,4.758218765258789062e+00,1.094538927078247070e+00,2.903699874877929688e+00,5.150122165679931641e+00,9.858997344970703125e+00,1.135513019561767578e+01,9.809137344360351562e+00,5.954640388488769531e+00,1.029260635375976562e+01,1.324170780181884766e+01,4.412250518798828125e+00,-3.630569458007812500e+00,4.982658922672271729e-01,4.986246228218078613e-01,9.683879613876342773e-01,-5.234366416931152344e+00,-2.051343679428100586e+00,1.883055210113525391e+00,1.668137907981872559e+00,-4.045135498046875000e+00,-5.427646636962890625e-02,4.921176910400390625e+00,-4.177619218826293945e-01,-2.346780776977539062e+00,1.349441766738891602e+00,8.646924972534179688e+00,5.453770637512207031e+00,5.339021682739257812e+00,4.179962158203125000e+00,4.080530643463134766e+00,2.066164016723632812e+00,-8.720577239990234375e+00,-1.054967498779296875e+01,-5.332417488098144531e+00,-2.431896686553955078e+00,-3.106559276580810547e+00,-8.700405120849609375e+00,-1.448687934875488281e+01,-1.178943824768066406e+01,2.882286310195922852e+00,2.812293052673339844e+00,2.453302860260009766e+00,-8.963256835937500000e+00,-1.730299186706542969e+01,-1.765748596191406250e+01,-1.076042747497558594e+01,-4.361366748809814453e+00,-5.104175090789794922e+00,-1.270594406127929688e+01,-2.103306007385253906e+01,-2.299493598937988281e+01,-2.859863281250000000e+01,-2.844881057739257812e+01,-2.470904350280761719e+01,-2.032698059082031250e+01,-2.145410156250000000e+01,-1.817034912109375000e+01,-1.495335960388183594e+01,-1.421744537353515625e+01,-1.595714569091796875e+01,-1.362158966064453125e+01,-1.598488998413085938e+01,-1.436660766601562500e+01,-7.629986763000488281e+00,-5.712909698486328125e+00,4.082950949668884277e-01,-2.809306859970092773e+00,-2.426702022552490234e+00,-3.242276668548583984e+00,-8.789939880371093750e-01,-7.831393241882324219e+00,-1.747540283203125000e+01,-1.678629684448242188e+01,-5.114847183227539062e+00,-2.332992792129516602e+00,-7.364049911499023438e+00,-1.338508033752441406e+01,-1.275426483154296875e+01,-1.279696273803710938e+01,-8.898041725158691406e+00,2.040759563446044922e+00,-6.599851250648498535e-01,-7.900682926177978516e+00,-5.341273784637451172e+00,-6.490831375122070312e+00,-5.346251487731933594e+00,-1.305817031860351562e+01,-1.604572677612304688e+01,-1.805658698081970215e+00,4.750360488891601562e+00,2.588544130325317383e+00,3.237325906753540039e+00,4.291627407073974609e+00,-4.000767707824707031e+00,-8.609763145446777344e+00,-6.826890468597412109e+00,-5.063681602478027344e+00,-1.523658084869384766e+01,-2.237304878234863281e+01,-2.619643402099609375e+01,-2.625859260559082031e+01,-2.113953208923339844e+01,-1.816051483154296875e+01,-2.114445304870605469e+01,-2.607917213439941406e+01,-2.847737884521484375e+01,-2.151789855957031250e+01,-1.944702911376953125e+01,-1.586715030670166016e+01,-1.649180603027343750e+01,-2.120641708374023438e+01,-1.692443656921386719e+01,-4.096632480621337891e+00,-4.795527458190917969e+00,-6.009922027587890625e+00,-2.503656148910522461e+00,9.201701283454895020e-01,-2.051161384582519531e+01,-3.602225875854492188e+01,-3.656310272216796875e+01,-3.325904846191406250e+01,-2.571282577514648438e+01,-1.699420356750488281e+01,-2.177284622192382812e+01,-2.436921310424804688e+01,-1.866703033447265625e+01,-2.177474021911621094e+01,-2.540856933593750000e+01,-1.820984268188476562e+01,-1.249903678894042969e+01,-1.258973884582519531e+01,-1.114785480499267578e+01,-1.203157806396484375e+01,-1.180685043334960938e+01,-1.426822471618652344e+01,-2.675939559936523438e+01,-2.223555374145507812e+01,-1.337205696105957031e+01,-1.147559547424316406e+01,-1.249928665161132812e+01,-1.141971683502197266e+01,-1.244569778442382812e+01,-1.332263374328613281e+01,-1.739605712890625000e+01,-1.699044418334960938e+01,-1.185416984558105469e+01,-6.811919212341308594e+00,-2.314581394195556641e+00,-3.018590450286865234e+00,-4.022621214389801025e-01,-1.371327042579650879e-02,2.516706943511962891e+00,7.931596755981445312e+00,6.552534103393554688e+00,3.393288850784301758e+00,9.106840491294860840e-01,-1.728379726409912109e-01,2.674301385879516602e+00,2.785347461700439453e+00,-3.174147844314575195e+00,1.304891109466552734e-01,4.075197219848632812e+00,3.037800312042236328e+00,2.031720161437988281e+00,-2.248897552490234375e+00,-5.317597866058349609e+00,-7.074880599975585938e+00,-6.749730110168457031e+00,-5.203792572021484375e+00,-1.050850510597229004e+00,-7.393319129943847656e+00,-9.529599189758300781e+00,-1.341978073120117188e+01,-1.118878555297851562e+01,-7.650272369384765625e+00,-9.146003723144531250e+00,-4.332897186279296875e+00,-1.556302833557128906e+01,-2.232030105590820312e+01,-2.160647010803222656e+01,-1.156307983398437500e+01,1.319544792175292969e+00,4.394793033599853516e+00,-1.912519073486328125e+01,-3.189732742309570312e+01,-2.900068664550781250e+01,-2.191348838806152344e+01,-2.596078872680664062e+01,-2.874592208862304688e+01,-3.118508720397949219e+01,-3.159641647338867188e+01,-2.700155830383300781e+01,-2.065763854980468750e+01,-2.041797256469726562e+01,-2.307605361938476562e+01,-1.898441314697265625e+01,-1.744017410278320312e+01,-2.317846679687500000e+01,-2.741305732727050781e+01,-2.443880844116210938e+01,-1.756228637695312500e+01,-1.964999008178710938e+01,-2.132845306396484375e+01,-2.822327804565429688e+01,-2.659897232055664062e+01,-1.949309921264648438e+01,-2.429002380371093750e+01,-2.593543243408203125e+01,-2.977001190185546875e+01,-2.272701644897460938e+01,-1.950993347167968750e+01,-1.401767921447753906e+01,-2.185625553131103516e+00,-2.255843162536621094e+00,-2.452680349349975586e+00,-1.347151398658752441e+00,-4.794258594512939453e+00,-7.979835510253906250e+00,-1.307913017272949219e+01,-1.749199485778808594e+01,-1.005675697326660156e+01,-2.506655693054199219e+00,-2.272789955139160156e+01,-2.869134902954101562e+01,-2.577235412597656250e+01,-2.539223098754882812e+01,-1.758109664916992188e+01,1.173870861530303955e-01,-9.446929931640625000e+00,-1.516762161254882812e+01,-1.050256633758544922e+01,-5.929863452911376953e+00,-1.468718528747558594e+01,-2.059640502929687500e+01,-2.413095474243164062e+01,-1.686949729919433594e+01,-5.912757396697998047e+00,-3.051221847534179688e+00,-5.604643821716308594e+00,-8.239317893981933594e+00,-1.452032661437988281e+01,-2.336304473876953125e+01,-2.672286796569824219e+01,-2.863672065734863281e+01,-2.914994812011718750e+01,-2.864933395385742188e+01,-2.433944702148437500e+01,-2.375545501708984375e+01,-1.771279144287109375e+01,-5.638040542602539062e+00,-3.018132686614990234e+00,-7.233675003051757812e+00,-2.634663581848144531e+00,1.474842429161071777e-01,-9.220008850097656250e-01,-1.124306559562683105e+00,-2.687402248382568359e+00,-4.518100261688232422e+00,-5.466620326042175293e-01,-7.497069239616394043e-01,5.359905958175659180e-01,-1.802128195762634277e+00,-7.912687301635742188e+00,-8.855175018310546875e+00,-5.922838687896728516e+00,-6.604832649230957031e+00,-1.564650535583496094e+00,3.461569070816040039e+00,-1.504322528839111328e+00,-7.820129394531250000e+00,-5.910217761993408203e+00,-8.456039428710937500e+00,-8.031707763671875000e+00,-5.423029899597167969e+00,-5.307365417480468750e+00,5.456570386886596680e-01,-4.149330139160156250e+00,-3.722851037979125977e+00,-6.289362430572509766e+00,-1.152755737304687500e+01,-1.080454063415527344e+01,-9.460132598876953125e+00,-9.218789100646972656e+00,-5.163763999938964844e+00,-2.209022521972656250e+00,6.059729576110839844e+00,4.504087448120117188e+00,-4.596859931945800781e+00,1.842878103256225586e+00,6.669677734375000000e+00,4.754025459289550781e+00,6.377296447753906250e+00,9.762448310852050781e+00,9.606671333312988281e-01,6.202252507209777832e-01,4.811048507690429688e+00,1.275039672851562500e+00,2.150086164474487305e+00,7.498530745506286621e-01,2.353716373443603516e+00,1.648683547973632812e+00,7.045567035675048828e-01,4.660764336585998535e-01,3.834300518035888672e+00,4.711410522460937500e+00,6.210807800292968750e+00,6.760920524597167969e+00,5.687709808349609375e+00,6.317194938659667969e+00,2.682737410068511963e-01,-9.063713550567626953e-01,-1.858569025993347168e+00,-2.275763750076293945e+00,6.194500923156738281e-01,1.995053648948669434e+00,-1.659257292747497559e+00,-4.763728141784667969e+00,-4.761954307556152344e+00,-6.387314319610595703e+00,-3.241659641265869141e+00,-2.899535179138183594e+00,-8.539538085460662842e-02,1.192667245864868164e+00,2.153531551361083984e+00,-2.925814151763916016e+00,-7.364540100097656250e+00,-7.820686817169189453e+00,-6.760002136230468750e+00,-2.184348583221435547e+00,2.183260679244995117e+00,2.523776292800903320e+00,-2.275545597076416016e-01,-3.836143016815185547e+00,-2.674165487289428711e+00,2.516917228698730469e+00,7.993528842926025391e+00,8.042993545532226562e+00,-1.930823326110839844e+00,-1.025149154663085938e+01,-9.580965995788574219e+00,-9.603775024414062500e+00,1.881965994834899902e-01,7.042017936706542969e+00,6.968317508697509766e+00,1.626337051391601562e+01,1.926043319702148438e+01,1.641132354736328125e+01,6.577260971069335938e+00,9.110229492187500000e+00,1.222826194763183594e+01,6.587286949157714844e+00,6.611009597778320312e+00,8.009980201721191406e+00,5.556855797767639160e-01,-2.133710622787475586e+00,-1.230400919914245605e+00,-3.211711883544921875e+00,-2.795098543167114258e+00,-6.218301653861999512e-01,1.121621608734130859e+00,9.621839523315429688e+00,1.186034870147705078e+01,5.536980152130126953e+00,1.971236705780029297e+00,5.751194953918457031e+00,1.172723197937011719e+01,9.884829521179199219e+00,9.089342117309570312e+00,1.205148506164550781e+01,1.156626796722412109e+01,1.240265274047851562e+01,1.005008316040039062e+01,9.393156051635742188e+00,1.094193840026855469e+01,8.584255218505859375e+00,4.745653629302978516e+00,-1.277879595756530762e+00,-3.485979080200195312e+00,-1.428049087524414062e+01,-1.767348098754882812e+01,-1.602331924438476562e+01,-4.660734176635742188e+00,7.718223333358764648e-02,3.101789712905883789e+00,-2.209676504135131836e+00,-2.271459817886352539e+00,2.283500194549560547e+00,-1.152829360961914062e+01,-1.316715240478515625e+01,-1.456067657470703125e+01,-2.045652770996093750e+01,-2.314973449707031250e+01,-1.537049674987792969e+01,-5.502529621124267578e+00,-7.539137840270996094e+00,-1.465445518493652344e+01,-1.343105125427246094e+01,-3.132594108581542969e+00,8.474950790405273438e+00,1.059932041168212891e+01,1.209531116485595703e+01,4.831833839416503906e+00,6.119487285614013672e-01,-4.055565834045410156e+00,-1.388605499267578125e+01,-1.741077613830566406e+01,-8.570695877075195312e+00,-3.031561851501464844e+00,-3.652140140533447266e+00,-1.681415557861328125e+00,-2.373852729797363281e+00,3.853539943695068359e+00,8.857240676879882812e+00,2.841159343719482422e+00,-3.898193836212158203e+00,-1.480882263183593750e+01,-1.129320716857910156e+01,-1.325178265571594238e+00,-2.197256565093994141e+00,-1.588502049446105957e+00,-7.319274425506591797e+00,-7.279477119445800781e+00,-4.453765869140625000e+00,-4.799327373504638672e+00,-8.333358764648437500e+00,-1.068122482299804688e+01,-1.057859992980957031e+01,-1.453729057312011719e+01,-1.295849037170410156e+01,-1.914347457885742188e+01,-1.844594955444335938e+01,-1.501469802856445312e+01,-1.096198368072509766e+01,-4.368535995483398438e+00,-3.832120895385742188e+00,9.409701824188232422e-01,3.632244110107421875e+00,-5.028479099273681641e+00,-6.796998977661132812e+00,-4.073199748992919922e+00,-6.356070637702941895e-01,-4.058957099914550781e+00,-3.752323627471923828e+00,8.261485695838928223e-01,-4.168169975280761719e+00,-1.643196678161621094e+01,-1.852184677124023438e+01,-1.663265800476074219e+01,-1.691801261901855469e+01,-1.792401123046875000e+01,-1.693677520751953125e+01,-1.950919342041015625e+01,-1.865357208251953125e+01,-1.518749523162841797e+01,-9.411451339721679688e+00,-2.943233966827392578e+00,-2.734765291213989258e+00,-6.428788185119628906e+00,-1.134450912475585938e+01,-6.748190879821777344e+00,3.046810150146484375e+00,-3.114423453807830811e-01,-9.630537033081054688e+00,-1.256968498229980469e+01,-7.932580471038818359e+00,-1.353039836883544922e+01,-1.877718353271484375e+01,-1.094296455383300781e+01,-3.143939495086669922e+00,4.732434749603271484e+00,1.146811771392822266e+01,7.218675136566162109e+00,-2.210721015930175781e+00,-6.447946071624755859e+00,-9.251907348632812500e+00,-1.447618484497070312e+01,-1.520690345764160156e+01,-8.912593841552734375e+00,-7.446494579315185547e+00,-3.072890043258666992e+00,-6.244760036468505859e+00,-4.071512699127197266e+00,-2.269732952117919922e+00,-3.512648820877075195e+00,-8.444564819335937500e+00,-6.239650726318359375e+00,-8.882010459899902344e+00,-1.040871143341064453e+01,-1.126947212219238281e+01,-1.824174880981445312e+01,-2.120676612854003906e+01,-1.488825988769531250e+01,-1.283118438720703125e+01,-1.355341339111328125e+01,-1.151449203491210938e+01,-5.644869804382324219e+00,-7.041902542114257812e+00,-2.759570360183715820e+00,-6.734002113342285156e+00,-4.990728855133056641e+00,3.301751613616943359e-02,3.548750162124633789e+00,2.235974311828613281e+00,3.260840415954589844e+00,7.198760986328125000e+00,1.344981193542480469e+01,1.282792758941650391e+01,1.136773681640625000e+01,1.174059104919433594e+01,1.577654266357421875e+01,1.512566566467285156e+01,9.362478256225585938e+00,7.987647056579589844e-01,-1.708062744140625000e+01,-2.490653228759765625e+01,-2.254468917846679688e+01,-1.291524124145507812e+01,-1.229615497589111328e+01,-1.410931396484375000e+01,-1.519172668457031250e+01,-1.654552268981933594e+01,-2.250680541992187500e+01,-2.105669593811035156e+01,-1.314660072326660156e+01,-1.179526448249816895e+00,-1.400970697402954102e+00,3.152183532714843750e+00,4.064352989196777344e+00,-6.842751502990722656e+00,-4.457811832427978516e+00,3.350337147712707520e-01,3.256803154945373535e-01,-2.824339389801025391e+00,-8.456073760986328125e+00,-1.304030132293701172e+01,-1.730339622497558594e+01,-1.968007087707519531e+01,-1.712510871887207031e+01,-1.699166679382324219e+01,-2.423990249633789062e+01,-3.065706253051757812e+01,-2.590439605712890625e+01,-1.467879104614257812e+01,-1.421174240112304688e+01,-1.655631637573242188e+01,-2.082667541503906250e+01,-2.231868743896484375e+01,-2.196895217895507812e+01,-2.006770324707031250e+01,-1.254458618164062500e+01,-3.097761154174804688e+00,2.595481634140014648e+00,6.064077377319335938e+00,3.171001434326171875e+00,-3.366179466247558594e+00,-1.698053550720214844e+01,-1.231210231781005859e+01,-7.678674697875976562e+00,-7.493461608886718750e+00,-1.125480461120605469e+01,-9.520413398742675781e+00,-5.304013252258300781e+00,-9.748315811157226562e+00,-8.554729461669921875e+00,-1.124927330017089844e+01,-1.193609905242919922e+01,-1.207522964477539062e+01,-1.187347602844238281e+01,-1.256414031982421875e+01,-1.147445297241210938e+01,-7.846621990203857422e+00,-8.867053985595703125e+00,-9.707818984985351562e+00,-7.473181247711181641e+00,-6.898213386535644531e+00,-3.143489360809326172e+00,-4.547929763793945312e-01,3.708371162414550781e+00,4.439535140991210938e+00,6.278004646301269531e+00,9.251951217651367188e+00,8.169676780700683594e+00,4.706833362579345703e+00,6.519365787506103516e+00,1.070110130310058594e+01,4.305448055267333984e+00,9.391335844993591309e-01,2.158158302307128906e+00,4.660416603088378906e+00,6.332736015319824219e+00,6.627074241638183594e+00,3.153276681900024414e+00,4.828303337097167969e+00,1.294146060943603516e+00,-3.278683900833129883e+00,-2.194178551435470581e-01,1.382962107658386230e+00,-2.765892744064331055e+00,-1.065827727317810059e+00,-2.670693397521972656e+00,-2.348102331161499023e+00,-6.719502210617065430e-01,-3.882700204849243164e-02,-2.488506555557250977e+00,3.447167158126831055e+00,6.669053077697753906e+00,-2.737852036952972412e-01,-5.676480293273925781e+00,-3.208749532699584961e+00,-7.312695682048797607e-02,-5.084834694862365723e-01,-8.111863136291503906e+00,-9.262599945068359375e+00,-6.910135746002197266e+00,-1.330521011352539062e+01,-1.713539314270019531e+01,-2.129119110107421875e+01,-2.074749755859375000e+01,-1.613048171997070312e+01,-1.166000938415527344e+01,-1.403483963012695312e+01,-1.513311576843261719e+01,-8.704709053039550781e+00,-1.231962585449218750e+01,-9.063218116760253906e+00,-7.160726070404052734e+00,-7.256456375122070312e+00,-1.185635185241699219e+01,-1.007184410095214844e+01,-9.440750122070312500e+00,-1.745021057128906250e+01,-1.666103744506835938e+01,-1.189881515502929688e+01,-9.715871810913085938e+00,-6.415265083312988281e+00,-8.831089019775390625e+00,7.190125465393066406e+00,-5.103617191314697266e+00,-1.451125717163085938e+01,-5.900360107421875000e+00,-4.028598785400390625e+00,1.025932312011718750e+00,8.680529594421386719e+00,-1.183889865875244141e+00,-1.027783870697021484e+01,-1.084174346923828125e+01,-1.859186553955078125e+01,-2.448246002197265625e+01,-3.032812690734863281e+01,-2.771141815185546875e+01,-2.144771194458007812e+01,-2.488702774047851562e+01,-1.942537689208984375e+01,-1.079280090332031250e+01,-5.182637214660644531e+00,-1.396947383880615234e+00,-1.078663945198059082e+00,-3.396802902221679688e+00,-1.043334102630615234e+01,-9.755625724792480469e+00,-4.573715686798095703e+00,7.539308667182922363e-01,-2.310205996036529541e-01,-6.501653194427490234e+00,-7.125741004943847656e+00,9.864660501480102539e-01,-1.706877946853637695e+00,-1.120605850219726562e+01,-1.690523147583007812e+01,-1.777209281921386719e+01,-6.225546836853027344e+00,-7.023012638092041016e+00,-8.269579887390136719e+00,-7.694258213043212891e+00,-1.003926658630371094e+01,-1.220356750488281250e+01,-9.155776977539062500e+00,-6.968732357025146484e+00,-1.356685733795166016e+01,-1.420207786560058594e+01,-1.036100769042968750e+01,-2.930487155914306641e+00,-3.583131074905395508e+00,1.116790771484375000e-01,1.618335247039794922e+00,-4.516272544860839844e+00,-4.699592113494873047e+00,-6.668857574462890625e+00,-4.169716835021972656e+00,-2.657301425933837891e+00,-3.975495576858520508e+00,-4.430136680603027344e+00,-8.545670509338378906e+00,-6.663259506225585938e+00,-1.034324836730957031e+01,-9.732646942138671875e+00,-2.801383495330810547e+00,1.085762619972229004e+00,4.649552106857299805e-01,-4.092544078826904297e+00,-2.575249481201171875e+01,-3.330681610107421875e+01,-3.887671661376953125e+01,-2.700188255310058594e+01,-1.758625793457031250e+01,-9.788721084594726562e+00,-4.652467250823974609e+00,-2.819274902343750000e+00,-2.843263149261474609e-01,-5.041122913360595703e+00,-1.603826141357421875e+01,-1.813964080810546875e+01,-1.783260726928710938e+01,-1.637960433959960938e+01,-1.871337509155273438e+01,-2.051296615600585938e+01,-2.362844085693359375e+01,-2.973167800903320312e+01,-2.522434997558593750e+01,-2.128574371337890625e+01,-1.977012062072753906e+01,-1.515571975708007812e+01,-1.366797637939453125e+01,-1.330039691925048828e+01,-1.007541465759277344e+01,-8.312461853027343750e+00,-8.654548645019531250e+00,-2.509374046325683594e+01,-2.927171134948730469e+01,-2.070368003845214844e+01,-9.193226814270019531e+00,-6.368899345397949219e+00,-4.365929603576660156e+00,-1.343967318534851074e+00,-3.939060688018798828e+00,-4.417309761047363281e+00,2.682395935058593750e+00,8.942711830139160156e+00,1.097728919982910156e+01,1.975064277648925781e-01,-2.028580856323242188e+01,-2.530911064147949219e+01,-1.810660743713378906e+01,-1.114059448242187500e+01,-1.525781917572021484e+01,-1.542149162292480469e+01,-1.414993000030517578e+01,-3.103030681610107422e+00,8.162479400634765625e-01,-1.954202532768249512e+00,-1.627240753173828125e+01,-9.170492172241210938e+00,4.088732898235321045e-01,1.706935167312622070e+00,-7.816495895385742188e+00,-6.843089103698730469e+00,1.063330650329589844e+00,-2.022652864456176758e+00,1.649033784866333008e+00,3.232804775238037109e+00,1.253733158111572266e+00,2.150253295898437500e+00,-1.537397193908691406e+01,-2.308876609802246094e+01,-1.748875427246093750e+01,-1.690553855895996094e+01,-1.529749488830566406e+01,-9.535050392150878906e+00,-1.092184638977050781e+01,-1.655065155029296875e+01,-1.994356346130371094e+01,-1.535158061981201172e+01,-1.182919311523437500e+01,-7.936090469360351562e+00,-5.496760368347167969e+00,-1.234091281890869141e+00,-2.406360626220703125e+00,-1.900134325027465820e+00,2.154605150222778320e+00,1.115938901901245117e+00,-7.411701679229736328e-01,-2.140479803085327148e+00,3.348727226257324219e+00,-2.189957499504089355e-01,-7.421202182769775391e+00,-6.747240066528320312e+00,-2.032821178436279297e+00,-4.829902648925781250e+00,-8.488663673400878906e+00,-9.200465202331542969e+00,-1.229391098022460938e+01,-1.447661399841308594e+01,-1.296964836120605469e+01,-1.139513111114501953e+01,-1.345298957824707031e+01,-8.722476959228515625e+00,-6.546730518341064453e+00,-8.170500755310058594e+00,-1.255469799041748047e+01,-1.039964675903320312e+01,-9.118517875671386719e+00,-3.697519779205322266e+00,-5.244248390197753906e+00,-3.226715803146362305e+00,-2.180845737457275391e-01,-4.623229503631591797e-01,1.480410337448120117e+00,2.125110149383544922e+00,6.128254413604736328e+00,8.845046043395996094e+00,5.917385101318359375e+00,6.397294044494628906e+00,2.921195030212402344e+00,-1.568915963172912598e+00,-3.062153339385986328e+00,-1.142917156219482422e+00,-3.912702202796936035e-01,7.465666770935058594e+00,5.792791366577148438e+00,-4.958417892456054688e+00,-2.855427265167236328e+00,-4.835933685302734375e+00,-2.461327075958251953e+00,4.453827381134033203e+00,5.102222442626953125e+00,-2.513140201568603516e+00,-9.335665702819824219e+00,-1.102611923217773438e+01,-6.693863868713378906e+00,7.050520777702331543e-01,1.191400647163391113e+00,4.856373310089111328e+00,7.800251007080078125e+00,1.721700906753540039e+00,-6.251533508300781250e+00,-9.154365539550781250e+00,-9.114448547363281250e+00,-7.358786582946777344e+00,-4.324931144714355469e+00,-6.492348194122314453e+00,-8.431327819824218750e+00,-1.708606004714965820e+00,-1.394281506538391113e+00,-2.724890708923339844e+00,-1.196510314941406250e+01,-2.057184410095214844e+01,-1.466447639465332031e+01,-1.023008537292480469e+01,-1.538177013397216797e+01,-2.284976577758789062e+01,-2.284287452697753906e+01,-1.420565032958984375e+01,-2.231116294860839844e+01,-2.338206863403320312e+01,-1.876044654846191406e+01,-1.655406570434570312e+01,-1.688756370544433594e+01,-1.336615180969238281e+01,-1.676331520080566406e+01,-1.861293029785156250e+01,-1.692354965209960938e+01,-1.144518470764160156e+01,-8.751537322998046875e+00,-7.037047386169433594e+00,-5.669627189636230469e+00,-5.974880695343017578e+00,-4.467815876007080078e+00,-3.580258846282958984e+00,-5.463734626770019531e+00,-3.523676156997680664e+00,5.747595787048339844e+00,1.490966796875000000e+01,-1.144872951507568359e+01,-2.003661346435546875e+01,-2.056327056884765625e+01,-2.094660568237304688e+01,-1.856463241577148438e+01,-1.296867561340332031e+01,-1.016726207733154297e+01,-1.254127311706542969e+01,-2.291036224365234375e+01,-2.828234863281250000e+01,-1.431660175323486328e+01,-6.841839313507080078e+00,-1.506583023071289062e+01,-1.935736846923828125e+01,-1.732929992675781250e+01,-1.370585632324218750e+01,-1.172491836547851562e+01,-1.131187820434570312e+01,-7.148286819458007812e+00,-3.486132144927978516e+00,-6.718268394470214844e+00,-7.466803073883056641e+00,-1.039412117004394531e+01,-1.014504814147949219e+01,-7.130493640899658203e+00,-9.275294303894042969e+00,-6.515877246856689453e+00,2.869293451309204102e+00,1.078720569610595703e+01,2.069573593139648438e+01,1.461397933959960938e+01,9.691804885864257812e+00,1.441634941101074219e+01,1.866823959350585938e+01,1.835974121093750000e+01,1.672732353210449219e+01,9.062531471252441406e+00,-1.319191932678222656e+00,-1.069633102416992188e+01,-1.664996719360351562e+01,-1.932981872558593750e+01,-1.845073890686035156e+01,-1.769785308837890625e+01,-2.028819465637207031e+01,-2.778755187988281250e+01,-1.767486572265625000e+01,-5.126232147216796875e+00,-7.073788642883300781e+00,-1.220876502990722656e+01,-1.755167961120605469e+01,-2.186587524414062500e+01,-2.478718948364257812e+01,-2.529869461059570312e+01,-2.001565170288085938e+01,-1.510726451873779297e+01,5.196526527404785156e+00,8.080448150634765625e+00,7.165590763092041016e+00,7.756407737731933594e+00,6.140148162841796875e+00,-2.161963462829589844e+00,-6.227014064788818359e+00,-5.518780708312988281e+00,6.155717372894287109e-02,-3.583344936370849609e+00,-4.850203990936279297e+00,-1.716481018066406250e+01,-2.410872268676757812e+01,-2.625981330871582031e+01,-2.561132431030273438e+01,-2.387547111511230469e+01,-2.036089706420898438e+01,-1.641388320922851562e+01,-9.816804885864257812e+00,-5.102997303009033203e+00,-3.686953067779541016e+00,-2.045721054077148438e+00,1.921206593513488770e+00,9.844285964965820312e+00,9.881885528564453125e+00,6.141262054443359375e+00,-7.237998843193054199e-01,-4.093821525573730469e+00,-5.231394290924072266e+00,-4.228675365447998047e+00,-2.042363882064819336e-01,-2.554021477699279785e-01,-1.166548538208007812e+01,-1.547184562683105469e+01,-1.432350921630859375e+01,-8.205298423767089844e+00,-1.107138919830322266e+01,-1.208953666687011719e+01,-1.146875000000000000e+01,-1.461592483520507812e+01,-2.176454925537109375e+01,-1.696663284301757812e+01,-1.665471839904785156e+01,-8.948672294616699219e+00,-7.721277236938476562e+00,-1.023788547515869141e+01,-9.309817314147949219e+00,-7.912158012390136719e+00,-6.081268310546875000e+00,-3.148877143859863281e+00,-2.958149909973144531e+00,-1.724521279335021973e+00,-1.568301105499267578e+01,-1.381885242462158203e+01,-7.004112243652343750e+00,-4.162043094635009766e+00,-1.254042530059814453e+01,-1.454932117462158203e+01,-1.220559501647949219e+01,-9.245201110839843750e+00,-6.429235935211181641e-01,-1.189893364906311035e+00,-4.918504714965820312e+00,-9.754234313964843750e+00,-1.339364051818847656e+01,-9.887615203857421875e+00,-7.841357231140136719e+00,-8.313923478126525879e-01,-2.513357400894165039e-01,-8.024168968200683594e+00,-3.920281887054443359e+00,1.232747793197631836e+00,-1.979406595230102539e+00,-1.904676198959350586e+00,3.104248344898223877e-01,-1.553404629230499268e-01,-4.184181690216064453e+00,-3.242928028106689453e+00,1.725531339645385742e+00,-1.215471625328063965e+00,-6.150460243225097656e-02,6.273283481597900391e+00,5.401922225952148438e+00,2.597914934158325195e+00,-8.201274871826171875e-01,-3.063943862915039062e+00,3.401462554931640625e+00,3.386546850204467773e+00,4.422498703002929688e+00,1.050847053527832031e+01,1.096734714508056641e+01,1.075988769531250000e+01,1.010327720642089844e+01,5.205944061279296875e+00,5.255159854888916016e+00,2.198073148727416992e+00,5.569252490997314453e+00,2.197754859924316406e+00,-2.381416559219360352e+00,-8.309251070022583008e-01,1.944521665573120117e+00,2.851315975189208984e+00,6.770650863647460938e+00,6.793524742126464844e+00,-1.058243036270141602e+00,4.821411609649658203e+00,4.196467876434326172e+00,4.013144016265869141e+00,2.310048103332519531e+00,-2.233529090881347656e-01,8.389364480972290039e-01,5.102618217468261719e+00,2.752958059310913086e+00,-1.644672870635986328e+00,1.089562416076660156e+00,5.026549816131591797e+00,2.559448719024658203e+00,7.561079859733581543e-01,3.876681566238403320e+00,1.060417175292968750e+01,6.090022563934326172e+00,2.286034584045410156e+00,6.967652320861816406e+00,3.133637189865112305e+00,2.867016315460205078e+00,4.488301753997802734e+00,-5.518637895584106445e-01,4.666084289550781250e+00,3.211228370666503906e+00,4.367973327636718750e+00,-3.051514625549316406e-01,-3.045208930969238281e+00,-5.005715370178222656e+00,1.787998557090759277e+00,2.008566379547119141e+00,1.830757737159729004e+00,2.667991161346435547e+00,7.783145904541015625e+00,8.043058395385742188e+00,5.450629234313964844e+00,-4.816555976867675781e-01,-2.378723144531250000e+00,1.595767259597778320e+00,7.831616401672363281e+00,2.177485942840576172e+00,-1.819839477539062500e+00,-1.879347920417785645e+00,-5.623580455780029297e+00,-5.434484481811523438e+00,-2.622579097747802734e+00,1.648711919784545898e+00,3.182321786880493164e-01,-1.533411741256713867e+00,-6.054017066955566406e+00,-1.205183982849121094e+01,-8.610603332519531250e+00,6.721799820661544800e-02,4.866223812103271484e+00,2.128145217895507812e+00,-5.003190040588378906e+00,-1.378456974029541016e+01,-1.965795516967773438e+01,-2.207355880737304688e+01,-1.086148452758789062e+01,2.390532493591308594e+00,8.718122482299804688e+00,1.327612638473510742e+00,-6.995583534240722656e+00,-9.997543334960937500e+00,-1.456747245788574219e+01,-1.760896110534667969e+01,-1.940971374511718750e+01,-1.730579757690429688e+01,-1.187864208221435547e+01,-2.151240158081054688e+01,-2.614159774780273438e+01,-1.800382614135742188e+01,-1.013318157196044922e+01,-9.982475280761718750e+00,-9.182882308959960938e+00,-6.195007324218750000e+00,-1.673223972320556641e+00,-4.324707686901092529e-01,-5.701864719390869141e+00,-6.263984203338623047e+00,-4.941187858581542969e+00,-4.703175544738769531e+00,-3.061127960681915283e-01,1.515033960342407227e+00,2.226319551467895508e+00,4.297719955444335938e+00,1.228487586975097656e+01,8.088888168334960938e+00,-9.567687511444091797e-01,-4.540594100952148438e+00,-1.714450836181640625e+00,-9.144213795661926270e-01,-7.217198371887207031e+00,-7.718689918518066406e+00,-6.008546829223632812e+00,1.929796099662780762e+00,1.973351955413818359e+00,8.873894214630126953e-01,-1.229022216796875000e+01,-1.709499549865722656e+01,-1.532335853576660156e+01,-1.150137901306152344e+01,-3.102774143218994141e+00,-1.256823182106018066e+00,3.679090738296508789e-01,1.510739445686340332e+00,3.393869876861572266e+00,3.139950752258300781e+00,8.508106470108032227e-01,-3.545415401458740234e+00,-1.873442888259887695e+00,-7.166255950927734375e+00,-1.113805198669433594e+01,-2.189628219604492188e+01,-2.520398712158203125e+01,-2.144061470031738281e+01,-1.636164474487304688e+01,-1.293417263031005859e+01,-1.013913726806640625e+01,-1.140108489990234375e+01,-1.032898330688476562e+01,-8.113580703735351562e+00,-5.955216884613037109e+00,-9.587699174880981445e-01,-2.776362895965576172e-01,-1.157099342346191406e+01,-1.574835681915283203e+01,-1.214026069641113281e+01,-7.387940406799316406e+00,-9.480512619018554688e+00,-1.061375045776367188e+01,-1.081616783142089844e+01,-4.035115718841552734e+00,1.173690891265869141e+01,-2.475512504577636719e+00,-8.267248153686523438e+00,-9.282567977905273438e+00,-8.909667015075683594e+00,-4.496019363403320312e+00,-2.770604848861694336e+00,-4.689762592315673828e+00,-1.776684761047363281e+01,-2.797419738769531250e+01,-2.002539634704589844e+01,-9.331169128417968750e+00,2.293991565704345703e+00,2.599753856658935547e+00,-1.046519875526428223e+00,-1.452334880828857422e+00,3.486694812774658203e+00,1.584251689910888672e+01,1.200915527343750000e+01,-1.111474514007568359e+00,-6.031532287597656250e+00,-3.993824243545532227e+00,-4.388922691345214844e+00,-2.885948419570922852e+00,-1.325744509696960449e+00,-1.860435009002685547e+00,1.589098691940307617e+00,-1.287383556365966797e+00,-2.531200408935546875e+00,-2.367196321487426758e+00,-5.971171379089355469e+00,-2.964247703552246094e+00,-5.989730834960937500e+00,-1.123989295959472656e+01,-1.066546154022216797e+01,-1.369178295135498047e+01,-1.617823791503906250e+01,-1.601538467407226562e+01,-1.235320091247558594e+01,-8.054470062255859375e+00,-1.005726528167724609e+01,-2.199329137802124023e+00,-1.492489719390869141e+01,-2.047895812988281250e+01,-1.840233230590820312e+01,-1.884149169921875000e+01,-2.213450813293457031e+01,-1.857721328735351562e+01,-1.452812576293945312e+01,-1.476055431365966797e+01,-1.378221035003662109e+01,-1.298938941955566406e+01,-9.984493255615234375e+00,-9.477561950683593750e+00,-1.135211181640625000e+01,-9.626733779907226562e+00,-4.191688537597656250e+00,-6.698150634765625000e+00,-8.204870223999023438e+00,-6.924860954284667969e+00,-3.057448625564575195e+00,-1.737531781196594238e+00,-4.539116859436035156e+00,-1.189440536499023438e+01,-1.175368118286132812e+01,-7.357626914978027344e+00,-2.105422735214233398e+00,2.431761980056762695e+00,-5.084165334701538086e-01,-4.459161758422851562e-01,1.153441667556762695e-01,-9.579404592514038086e-01,-2.136623859405517578e+00,4.414654970169067383e-01,2.834406375885009766e+00,9.400243759155273438e-01,-3.150742530822753906e+00,-4.844721794128417969e+00,2.449749231338500977e+00,3.816763401031494141e+00,-2.243577957153320312e+00,-4.233860015869140625e+00,2.057977199554443359e+00,-3.141001224517822266e+00,-1.397346496582031250e+01,-1.538397598266601562e+01,-1.279564380645751953e+01,-7.771982192993164062e+00,-4.283009052276611328e+00,-2.764653205871582031e+00,-4.211854934692382812e+00,-4.060813903808593750e+00,-8.578437805175781250e+00,-6.848888874053955078e+00,-4.628020286560058594e+00,-1.072422409057617188e+01,-1.798793601989746094e+01,-1.681076240539550781e+01,-1.842684173583984375e+01,-1.550016021728515625e+01,-1.602459526062011719e+01,-1.916292953491210938e+01,-9.633004188537597656e+00,-3.057960033416748047e+00,-3.695945262908935547e+00,-4.780706405639648438e+00,-1.812986135482788086e+00,8.829330205917358398e-01,7.116534233093261719e+00,1.126709938049316406e+01,4.835927009582519531e+00,1.937562942504882812e+00,1.250712203979492188e+01,7.480857849121093750e+00,1.208089160919189453e+01,1.835192871093750000e+01,2.165730285644531250e+01,1.969285202026367188e+01,9.539713859558105469e+00,1.504570007324218750e+01,1.852166748046875000e+01,8.041106224060058594e+00,-9.566602706909179688e+00,-1.763704299926757812e+01,-1.831137466430664062e+01,-1.911900520324707031e+01,-1.554553794860839844e+01,-4.801030158996582031e+00,3.229156136512756348e-01,5.342860221862792969e+00,6.453067779541015625e+00,2.773510456085205078e+00,-2.084503173828125000e+00,-8.822484970092773438e+00,6.227635145187377930e-01,1.912552833557128906e+00,-3.269600868225097656e+00,-4.739377021789550781e+00,-7.216865539550781250e+00,-4.334017753601074219e+00,-1.040736675262451172e+00,-2.483568668365478516e+00,-3.985113620758056641e+00,-6.806574821472167969e+00,-1.027053165435791016e+01,-1.079480648040771484e+00,6.602532386779785156e+00,1.146351432800292969e+01,1.323287391662597656e+01,1.919203567504882812e+01,1.295967102050781250e+01,7.593812942504882812e-01,-9.992330551147460938e+00,-4.924344062805175781e+00,-4.960103034973144531e+00,7.223834991455078125e+00,1.988535690307617188e+01,1.978967285156250000e+01,1.711060333251953125e+01,-9.253531694412231445e-01,-1.814715576171875000e+01,-1.783023452758789062e+01,-1.060400485992431641e+01,-9.169656753540039062e+00,-1.000409698486328125e+01,-1.015059947967529297e+01,-9.764427185058593750e+00,-1.175032734870910645e+00,-1.477912139892578125e+01,-2.041407203674316406e+01,-2.032559776306152344e+01,-1.929935073852539062e+01,-1.376284790039062500e+01,-6.254232406616210938e+00,-1.283426761627197266e+00,-3.440802574157714844e+00,-8.204951286315917969e+00,-1.580510330200195312e+01,-1.747329330444335938e+01,-1.450866985321044922e+01,-1.367359924316406250e+01,-1.432809066772460938e+01,-1.052529907226562500e+01,-9.961747169494628906e+00,-8.033918380737304688e+00,-6.041754722595214844e+00,2.419651031494140625e+00,9.386806488037109375e+00,1.909840202331542969e+01,2.023399734497070312e+01,7.512240409851074219e+00,-4.115248680114746094e+00,-6.087087631225585938e+00,-4.638769149780273438e+00,-7.578321456909179688e+00,-5.459267616271972656e+00,-5.106272697448730469e-01,-3.376966476440429688e+00,7.163991928100585938e-01,7.119296193122863770e-01,1.535822033882141113e+00,2.195382595062255859e+00,-1.553162693977355957e+00,-3.593739032745361328e+00,-5.698949098587036133e-01,1.541391134262084961e+00,6.385418772697448730e-01,2.593083858489990234e+00,2.243862748146057129e-01,-7.889284938573837280e-02,8.532902002334594727e-01,-1.332926750183105469e-02,-7.448428153991699219e+00,-8.564704895019531250e+00,-2.665502929687500000e+01,-3.035947227478027344e+01,-1.962194824218750000e+01,-6.880820751190185547e+00,-3.895893573760986328e+00,-3.113094329833984375e+00,-2.636776208877563477e+00,2.668617248535156250e+00,5.176334381103515625e+00,-1.381898283958435059e+00,-5.917972564697265625e+00,-5.890386104583740234e+00,-3.317595005035400391e+00,-5.183189392089843750e+00,-3.131206989288330078e+00,-1.294430160522460938e+01,-2.444121551513671875e+01,-3.060839271545410156e+01,-3.252772521972656250e+01,-2.957435607910156250e+01,-1.343240737915039062e+01,-1.080187082290649414e+00,-2.977469205856323242e+00,-2.625649929046630859e+00,-2.173297405242919922e+00,-5.675933361053466797e+00,-1.133168792724609375e+01,-2.275785446166992188e+01,-2.302751541137695312e+01,-1.573060131072998047e+01,-1.506667137145996094e+01,-1.136582374572753906e+01,-9.785000801086425781e+00,-1.473536491394042969e+01,-2.307115936279296875e+01,-2.359306526184082031e+01,-2.461909103393554688e+01,-2.198705291748046875e+01,-1.901848602294921875e+01,-1.561438751220703125e+01,-1.408839416503906250e+01,-1.436193752288818359e+01,-1.216438293457031250e+01,-6.255990028381347656e+00,-1.208510398864746094e+00,-2.340802669525146484e+00,2.419094443321228027e-01,1.608166217803955078e+00,-4.239892482757568359e+00,-1.408033370971679688e+01,-1.533657360076904297e+01,-7.538010597229003906e+00,-1.483600378036499023e+00,2.103564023971557617e+00,-2.499752044677734375e-01,-4.338961124420166016e+00,-4.728363513946533203e+00,-5.122066497802734375e+00,-9.857930183410644531e+00,-1.198005104064941406e+01,-1.260993766784667969e+01,-8.611172676086425781e+00,-5.647550582885742188e+00,1.321795582771301270e-01,5.519498825073242188e+00,6.825245857238769531e+00,-8.654222488403320312e+00,-1.531922531127929688e+01,-2.021215629577636719e+01,-1.370344257354736328e+01,-1.202889251708984375e+01,-1.146117591857910156e+01,-1.106044673919677734e+01,-8.384662628173828125e+00,-1.071510982513427734e+01,-1.770124816894531250e+01,-2.347464370727539062e+01,-2.941016769409179688e+01,-3.668864822387695312e+01,-3.096750640869140625e+01,-1.784565734863281250e+01,-1.398283958435058594e+01,-1.379752635955810547e+01,-1.209331893920898438e+01,-1.236649036407470703e+01,-1.667762374877929688e+01,-1.679831123352050781e+01,-8.807600021362304688e+00,-4.273783683776855469e+00,-1.061459541320800781e+01,-2.232838058471679688e+01,-2.942473983764648438e+01,-3.055241012573242188e+01,-2.599521636962890625e+01,-1.710457229614257812e+01,-1.158540916442871094e+01,-5.081049919128417969e+00,-8.379281044006347656e+00,-9.235686302185058594e+00,-7.534876823425292969e+00,-1.557340812683105469e+01,-1.739360809326171875e+01,-1.110092544555664062e+01,-6.486818790435791016e+00,-6.708027839660644531e+00,-1.079881000518798828e+01,-5.485563278198242188e+00,4.344441413879394531e+00,4.273529529571533203e+00,7.745313644409179688e+00,8.308023452758789062e+00,4.773451805114746094e+00,1.099140405654907227e+00,-1.457262754440307617e+00,-5.597900390625000000e+00,-7.650614738464355469e+00,-1.318999290466308594e+00,1.980750322341918945e+00,3.677333116531372070e+00,4.739696502685546875e+00,6.335854053497314453e+00,5.840988159179687500e+00,4.725451469421386719e+00,3.778104066848754883e+00,3.544904708862304688e+00,-4.470598697662353516e-01,-4.507074832916259766e+00,-5.954889774322509766e+00,-4.013073921203613281e+00,-2.547060012817382812e+00,-1.675413012504577637e+00,6.131630897521972656e+00,3.709385871887207031e+00,1.711062192916870117e-01,-3.537577390670776367e-02,1.061761140823364258e+00,-1.475115299224853516e+00,-2.438786268234252930e+00,2.661545276641845703e+00,5.757205009460449219e+00,5.253529548645019531e-02,5.717496871948242188e-01,7.932956218719482422e+00,1.873303651809692383e+00,4.824593544006347656e+00,5.857745647430419922e+00,4.043910026550292969e+00,3.081430673599243164e+00,1.593104124069213867e+00,6.590360999107360840e-01,-3.230950832366943359e+00,-1.995478630065917969e+00,5.244712829589843750e+00,7.215736389160156250e+00,8.015382766723632812e+00,1.204502105712890625e+01,1.262925529479980469e+01,7.877887248992919922e+00,4.080190658569335938e+00,5.366669178009033203e+00,1.240536308288574219e+01,8.774206161499023438e+00,2.076196432113647461e+00,1.296421766281127930e+00,5.953393459320068359e+00,-4.250944852828979492e-01,3.459393262863159180e+00,7.670351505279541016e+00,4.340661048889160156e+00,-9.644630551338195801e-01,-1.609895586967468262e+00,2.453434467315673828e-01,-1.122954940795898438e+01,-2.430634689331054688e+01,-2.249503135681152344e+01,-2.080987167358398438e+01,-1.984007072448730469e+01,-1.822614669799804688e+01,-1.763325500488281250e+01,-1.197657966613769531e+01,-1.469193458557128906e+01,-2.470937347412109375e+01,-2.341690826416015625e+01,-1.494815540313720703e+01,-2.430904865264892578e+00,3.250676631927490234e+00,-2.987073063850402832e-01,-6.895903587341308594e+00,-1.450668144226074219e+01,-1.762808990478515625e+01,-1.784624099731445312e+01,-1.031760978698730469e+01,-5.694844245910644531e+00,-5.411155223846435547e+00,-1.008954906463623047e+01,-1.233101654052734375e+01,-1.215101814270019531e+01,-1.109975910186767578e+01,-1.783103179931640625e+01,-2.082933425903320312e+01,-1.237121200561523438e+01,-1.458519077301025391e+01,-1.143730735778808594e+01,-6.912637710571289062e+00,-1.242166519165039062e+01,-1.395925045013427734e+01,-1.724066162109375000e+01,-2.183940315246582031e+01,-2.078519058227539062e+01,-1.883174896240234375e+01,-1.782882690429687500e+01,-2.184864997863769531e+01,-1.837418746948242188e+01,-3.289006233215332031e+00,7.454390525817871094e+00,8.196006774902343750e+00,6.708099842071533203e+00,6.873056411743164062e+00,1.749796628952026367e+00,-1.903055429458618164e+00,-9.429676055908203125e+00,-1.164559364318847656e+01,-7.584458351135253906e+00,-4.335494518280029297e+00,1.590088725090026855e+00,-2.072239160537719727e+00,-5.353142738342285156e+00,-3.385316848754882812e+00,-4.246080875396728516e+00,-2.707093477249145508e+00,-1.812397241592407227e+00,-8.112466812133789062e+00,-7.631204128265380859e+00,-3.891485929489135742e+00,5.638146877288818359e+00,1.858578300476074219e+01,1.811040496826171875e+01,1.531624794006347656e+01,5.484070777893066406e+00,1.913014888763427734e+00,6.582362651824951172e+00,2.270059108734130859e+00,-9.284706115722656250e+00,-1.026942253112792969e+01,-1.256638717651367188e+01,-1.607124710083007812e+01,-1.681528091430664062e+01,-1.704749298095703125e+01,-1.381807708740234375e+01,-1.145084381103515625e+01,-9.417325019836425781e+00,-5.944088697433471680e-01,1.253660583496093750e+01,1.881846046447753906e+01,2.656866073608398438e+01,1.671097755432128906e+01,1.137516975402832031e+01,8.848472595214843750e+00,8.533014297485351562e+00,8.684756278991699219e+00,1.143951034545898438e+01,1.134172439575195312e+01,6.265208244323730469e+00,6.831853866577148438e+00,8.991115570068359375e+00,5.626480102539062500e+00,2.434959411621093750e+00,4.269484996795654297e+00,4.982930183410644531e+00,-1.070997476577758789e+00,-4.808481693267822266e+00,-5.945749282836914062e+00,-4.193178176879882812e+00,-1.287074685096740723e+00,3.760222673416137695e+00,2.168775320053100586e+00,8.281086683273315430e-01,5.629447460174560547e+00,3.601654529571533203e+00,2.518264770507812500e+00,3.311651229858398438e+00,4.989347457885742188e+00,-8.228643536567687988e-01,-1.337478733062744141e+01,-1.178991031646728516e+01,-1.077191352844238281e+01,-1.257547092437744141e+01,-1.654296302795410156e+01,-2.255408096313476562e+01,-2.409973526000976562e+01,-1.926667785644531250e+01,-1.181257057189941406e+01,-6.982376098632812500e+00,-1.743689537048339844e+00,7.641216278076171875e+00,-1.005024194717407227e+00,-1.602781486511230469e+01,-1.501731872558593750e+01,-1.166697311401367188e+01,-8.427980422973632812e+00,1.598381996154785156e+00,2.778275966644287109e+00,4.461705207824707031e+00,-7.035913467407226562e+00,-1.546218299865722656e+01,-9.893453598022460938e+00,-6.401306629180908203e+00,-1.376017665863037109e+01,-1.608745384216308594e+01,-2.454055023193359375e+01,-2.852036857604980469e+01,-2.670444488525390625e+01,-2.453374481201171875e+01,-2.100788879394531250e+01,-2.064769172668457031e+01,-1.704740715026855469e+01,-1.053262042999267578e+01,-2.381197929382324219e+00,4.222100257873535156e+00,3.434990406036376953e+00,4.414591789245605469e+00,-7.773745059967041016e-01,-1.053441333770751953e+01,-1.527097129821777344e+01,-1.750317382812500000e+01,-2.082749557495117188e+01,-2.279751586914062500e+01,-2.042091369628906250e+01,-1.847545623779296875e+01,-2.093718147277832031e+01,-1.540203285217285156e+01,-1.291039848327636719e+01,-1.505978775024414062e+01,-9.398876190185546875e+00,-1.286041641235351562e+01,-1.256252098083496094e+01,-9.827537536621093750e+00,-6.687390804290771484e+00,-8.277601242065429688e+00,-7.433111667633056641e+00,-6.102241516113281250e+00,-4.383746147155761719e+00,-3.310398101806640625e+00,-3.740612268447875977e+00,-7.095110893249511719e+00,1.135749518871307373e-01,-3.148624897003173828e-01,-5.308713912963867188e-01,1.621701478958129883e+00,5.014084339141845703e+00,8.795881271362304688e-01,-2.335160255432128906e+00,-6.585020065307617188e+00,-9.338348388671875000e+00,-6.132143974304199219e+00,-4.920685768127441406e+00,-2.465617179870605469e+00,-1.472811508178710938e+01,-1.025712776184082031e+01,-6.260033607482910156e+00,-2.354664802551269531e+00,-3.645739316940307617e+00,-4.219398498535156250e+00,-6.810857772827148438e+00,-4.479465007781982422e+00,-4.232614040374755859e+00,-8.506423950195312500e+00,-1.047810840606689453e+01,-1.491275501251220703e+01,-1.505410575866699219e+01,-1.755238342285156250e+01,-2.380213928222656250e+01,-2.390245056152343750e+01,-1.503118705749511719e+01,-8.309753417968750000e+00,-1.113076400756835938e+01,-1.756649398803710938e+01,-1.704066467285156250e+01,-1.447258186340332031e+01,-1.842460632324218750e+01,-1.709746551513671875e+01,-1.029161930084228516e+01,4.548718452453613281e+00,6.412521362304687500e+00,6.654831409454345703e+00,1.306054401397705078e+01,7.400745749473571777e-01,-1.016601753234863281e+01,-1.176784133911132812e+01,-1.498921871185302734e+01,-2.028511810302734375e+01,-1.777940368652343750e+01,-1.872090530395507812e+01,-2.035685729980468750e+01,-2.089987564086914062e+01,-1.584910774230957031e+01,-4.155388832092285156e+00,5.814880371093750000e+00,9.692061424255371094e+00,5.092063903808593750e+00,4.301568984985351562e+00,7.479797840118408203e+00,3.055603742599487305e+00,-6.331497192382812500e+00,-8.929293632507324219e+00,-9.132344245910644531e+00,-1.653521299362182617e+00,4.697577476501464844e+00,8.196410179138183594e+00,1.111226463317871094e+01,3.808951377868652344e+00,-7.980627059936523438e+00,-1.258439445495605469e+01,7.712157964706420898e-01,6.136307716369628906e+00,4.333051681518554688e+00,-1.267426133155822754e+00,-5.719873905181884766e+00,-8.045805931091308594e+00,-8.724473953247070312e+00,-5.614119529724121094e+00,-2.846009731292724609e+00,-9.954731941223144531e+00,-1.289053344726562500e+01,-9.468280792236328125e+00,-5.521323204040527344e+00,-2.144516706466674805e+00,-1.905993652343750000e+01,-3.225309371948242188e+01,-2.864655303955078125e+01,-1.717592239379882812e+01,-1.693143081665039062e+01,-1.655991554260253906e+01,-1.138295555114746094e+01,-1.105567741394042969e+01,-5.974144935607910156e+00,-3.285163640975952148e+00,-3.696240901947021484e+00,-2.438287734985351562e+00,-9.153960227966308594e+00,-7.345867633819580078e+00,-1.350195407867431641e+00,7.094883918762207031e-02,7.057794570922851562e+00,2.018043136596679688e+01,7.680728912353515625e+00,4.637575745582580566e-01,-3.800043821334838867e+00,-5.059159278869628906e+00,-6.044711589813232422e+00,-6.938417434692382812e+00,-6.764596939086914062e+00,-3.799370288848876953e+00,-1.272008299827575684e+00,-3.013129472732543945e+00,-7.322248935699462891e+00,-1.291688251495361328e+01,-2.089046096801757812e+01,-2.201076126098632812e+01,-1.165580368041992188e+01,-8.982164382934570312e+00,-2.334781265258789062e+01,-1.770201492309570312e+01,-4.456830501556396484e+00,6.013795375823974609e+00,6.305048465728759766e-01,-3.759974002838134766e+00,-4.813344478607177734e+00,-2.103738069534301758e+00,6.184254646301269531e+00,8.513430595397949219e+00,4.656229019165039062e+00,-5.001228451728820801e-01,-6.665297508239746094e+00,-1.466697216033935547e+01,-1.919214630126953125e+01,-1.674974250793457031e+01,-1.143546295166015625e+01,-8.786248207092285156e+00,-1.015045547485351562e+01,-1.573109054565429688e+01,-2.103890228271484375e+01,-9.200962066650390625e+00,1.078122901916503906e+01,3.237463235855102539e+00,3.872936666011810303e-01,6.470291137695312500e+00,1.222071647644042969e+01,1.598038291931152344e+01,1.057030677795410156e+01,8.442703247070312500e+00,9.692931175231933594e+00,8.481430053710937500e+00,4.834331035614013672e+00,4.309861660003662109e-01,-6.553101539611816406e+00,-2.738363265991210938e+00,4.903978347778320312e+00,2.296759843826293945e+00,-2.354586601257324219e+00,-4.160762786865234375e+00,-1.578849077224731445e+00,-6.347185611724853516e+00,-1.125243377685546875e+01,-8.761540412902832031e+00,4.462466835975646973e-01,3.817468166351318359e+00,2.769603252410888672e+00,-6.186099052429199219e+00,-8.728521347045898438e+00,-6.357179641723632812e+00,-6.540873050689697266e+00,-1.079483222961425781e+01,-1.351193523406982422e+01,-1.762286186218261719e+01,-2.336801147460937500e+01,-1.639274024963378906e+01,-6.287601947784423828e+00,-2.212868690490722656e+00,8.145266532897949219e+00,1.110324382781982422e+01,3.813776016235351562e+00,1.111131954193115234e+01,1.807978439331054688e+01,1.471202754974365234e+01,9.185938835144042969e+00,6.506673336029052734e+00,6.874544143676757812e+00,6.389472484588623047e+00,6.155963420867919922e+00,1.086053371429443359e+01,1.050324344635009766e+01,6.066080570220947266e+00,9.753986358642578125e+00,3.605393409729003906e+00,1.355718374252319336e+00,1.877610683441162109e+00,6.350257396697998047e-01,5.886910438537597656e+00,3.552837371826171875e+00,-1.389951705932617188e-01,-2.064628124237060547e+00,-5.127635002136230469e+00,-3.192281961441040039e+00,-2.218335628509521484e+00,-1.933394670486450195e+00,-3.815339803695678711e+00,7.851724624633789062e-01,5.195727825164794922e+00,6.417248725891113281e+00,6.212041854858398438e+00,-3.544523715972900391e+00,-6.182681083679199219e+00,-2.796150207519531250e+00,-2.741444587707519531e+00,-1.162318110466003418e+00,1.959024429321289062e+00,5.386376380920410156e+00,5.547952651977539062e+00,8.034072875976562500e+00,9.270606040954589844e+00,9.682828903198242188e+00,6.896933555603027344e+00,6.117484569549560547e+00,2.944329023361206055e+00,-3.823933601379394531e+00,-8.962008953094482422e-01,3.305086612701416016e+00,-1.001999378204345703e+00,-5.267472267150878906e-01,1.457377552986145020e+00,4.332712650299072266e+00,6.527684688568115234e+00,6.059018135070800781e+00,1.214655590057373047e+01,1.219576835632324219e+01,7.579700946807861328e+00,7.971129417419433594e+00,1.099841976165771484e+01,9.744174957275390625e+00,1.109246826171875000e+01,9.560788154602050781e+00,2.414380788803100586e+00,1.693288564682006836e+00,3.381693840026855469e+00,6.928995609283447266e+00,1.197405624389648438e+01,1.292459869384765625e+01,9.601228713989257812e+00,7.026330947875976562e+00,5.861791133880615234e+00,3.136634349822998047e+00,3.480012416839599609e-01,3.464456319808959961e+00,5.487521171569824219e+00,4.932605743408203125e+00,2.222082614898681641e+00,8.095088005065917969e+00,1.740718722343444824e+00,-3.175870418548583984e+00,-2.898576021194458008e+00,3.801355838775634766e+00,1.810531234741210938e+01,1.528499603271484375e+01,7.992455959320068359e+00,-9.676850318908691406e+00,-1.927230834960937500e+01,-2.331455993652343750e+01,-2.410254669189453125e+01,-1.279141235351562500e+01,5.204190015792846680e-01,1.167486381530761719e+01,3.298135757446289062e+00,-1.362589931488037109e+01,-1.387023639678955078e+01,-1.269133472442626953e+01,-1.393433570861816406e+01,-1.562485504150390625e+01,-9.711413383483886719e+00,-1.514739871025085449e+00,-2.392235755920410156e+00,-9.401535987854003906e+00,-8.500475883483886719e+00,-3.580973148345947266e-01,-1.085065007209777832e+00,-6.730478286743164062e+00,-7.321916818618774414e-01,-4.455678939819335938e+00,-1.099609088897705078e+01,-1.842808151245117188e+01,-2.099821090698242188e+01,-2.009096717834472656e+01,-1.604395294189453125e+01,-8.674634933471679688e+00,-4.975229740142822266e+00,-6.217177867889404297e+00,3.753500282764434814e-01,7.290254831314086914e-01,-8.895441055297851562e+00,-1.615123558044433594e+01,-1.672946357727050781e+01,-6.536367416381835938e+00,-7.383171081542968750e+00,-4.663606643676757812e+00,-1.083370685577392578e+01,-1.580706405639648438e+01,-1.602667236328125000e+01,-1.387840461730957031e+01,-1.225034809112548828e+01,-5.565443992614746094e+00,2.516993045806884766e+00,2.488353252410888672e+00,-2.092924118041992188e+00,-4.175811409950256348e-01,3.942249774932861328e+00,9.980647563934326172e-01,-1.373499274253845215e+00,3.744256019592285156e+00,-3.436117768287658691e-01,3.369668006896972656e+00,-6.737781047821044922e+00,-3.308428573608398438e+01,-3.384953689575195312e+01,-2.076487350463867188e+01,-1.843664932250976562e+01,-1.041314125061035156e+01,-1.782719016075134277e+00,5.308993816375732422e+00,4.254044532775878906e+00,-1.223915290832519531e+01,-1.135954284667968750e+01,-8.659950256347656250e+00,-1.243212318420410156e+01,-1.287409305572509766e+01,-1.651198959350585938e+01,-6.932678222656250000e+00,-4.100144386291503906e+00,5.354477882385253906e+00,1.177692317962646484e+01,5.152933120727539062e+00,2.485893726348876953e+00,-4.090002059936523438e+00,-1.438664197921752930e+00,-1.664658188819885254e+00,-4.046088457107543945e-02,-2.510974168777465820e+00,-8.089798688888549805e-01,-2.254348039627075195e+00,-3.198110580444335938e+00,-2.738471269607543945e+00,-5.642516136169433594e+00,-8.688220977783203125e+00,-7.680770874023437500e+00,-1.768422484397888184e+00,7.259037494659423828e+00,1.206970596313476562e+01,1.220486259460449219e+01,9.934020996093750000e+00,5.236017227172851562e+00,5.650532722473144531e+00,4.933087348937988281e+00,-1.997356414794921875e-01,-9.969449043273925781e-01,-4.302717208862304688e+00,-1.085599708557128906e+01,-1.668369483947753906e+01,-1.738883209228515625e+01,-1.655483627319335938e+01,-1.828950119018554688e+01,-2.086882400512695312e+01,-1.402317237854003906e+01,-1.175481605529785156e+01,-9.548936843872070312e+00,-1.084843277931213379e+00,1.868625879287719727e+00,1.018194580078125000e+01,5.847713947296142578e+00,-1.232600212097167969e+00,-1.237551689147949219e+00,1.188722968101501465e+00,2.671846389770507812e+00,2.640393972396850586e+00,7.636375427246093750e+00,1.220200347900390625e+01,9.183659553527832031e+00,1.295302391052246094e+01,1.190029621124267578e+01,5.109756469726562500e+00,5.484137535095214844e+00,8.644190788269042969e+00,1.049943923950195312e+01,1.465365028381347656e+01,1.144764804840087891e+01,1.025900745391845703e+01,8.877902984619140625e+00,8.870460510253906250e+00,6.252493858337402344e+00,9.311647415161132812e+00,1.410094928741455078e+01,1.543977642059326172e+01,1.224337196350097656e+01,1.017254447937011719e+01,-3.494799137115478516e-02,-1.725094318389892578e+00,2.059627771377563477e+00,4.918531417846679688e+00,2.753822088241577148e+00,-1.149231791496276855e-01,-1.603833198547363281e+01,-2.046748733520507812e+01,-2.156571197509765625e+01,-1.945191001892089844e+01,-1.482645606994628906e+01,-9.448272705078125000e+00,-1.547188186645507812e+01,-1.866088676452636719e+01,-1.514786338806152344e+01,-5.148525238037109375e+00,-1.262444114685058594e+01,-2.061324882507324219e+01,-2.486158752441406250e+01,-1.494886207580566406e+01,-4.410926818847656250e+00,-7.101006507873535156e+00,-1.164535522460937500e+01,-1.606817054748535156e+01,-1.472377586364746094e+01,-7.333362579345703125e+00,-1.388859653472900391e+01,-2.248067855834960938e+01,-2.287419891357421875e+01,-2.182873916625976562e+01,-1.682141113281250000e+01,-1.681392860412597656e+01,-2.224663162231445312e+01,-2.173473739624023438e+01,-1.408155632019042969e+01,-6.333174705505371094e+00,1.517923831939697266e+00,-7.055590152740478516e-01,-4.876056671142578125e+00,-8.503772735595703125e+00,-7.308433532714843750e+00,-9.620372772216796875e+00,-1.338312911987304688e+01,-1.070657920837402344e+01,-2.072182083129882812e+01,-2.479644393920898438e+01,-2.393626785278320312e+01,-1.553778076171875000e+01,-8.339258193969726562e+00,-1.361974358558654785e+00,1.767960786819458008e+00,3.206719636917114258e+00,-1.728835344314575195e+00,-1.425818443298339844e+01,-2.207394409179687500e+01,-2.052276229858398438e+01,-2.685661315917968750e+01,-2.613369750976562500e+01,-1.517519569396972656e+01,-4.601558208465576172e+00,-1.190795898437500000e+01,-2.473821258544921875e+01,-3.254348373413085938e+01,-2.575397300720214844e+01,-1.349878883361816406e+01,-9.450495719909667969e+00,-8.172538757324218750e+00,-5.566788196563720703e+00,-4.347853183746337891e+00,-2.397588968276977539e+00,-1.975731551647186279e-01,-6.113211631774902344e+00,-2.900684356689453125e+00,1.035791969299316406e+01,1.076412677764892578e+01,7.721003532409667969e+00,-1.871012210845947266e+00,-7.019145011901855469e+00,-5.124060630798339844e+00,-5.368575096130371094e+00,-9.900013923645019531e+00,-7.005362510681152344e+00,-1.262823104858398438e+00,7.398803234100341797e-01,1.956622481346130371e+00,5.237056016921997070e-01,5.033667564392089844e+00,7.150442123413085938e+00,7.792271614074707031e+00,1.179685878753662109e+01,1.184611988067626953e+01,1.075248908996582031e+01,8.077875137329101562e+00,1.079368782043457031e+01,4.398880481719970703e+00,-1.778454971313476562e+01,-2.132488822937011719e+01,-2.017731857299804688e+01,-2.052017974853515625e+01,-2.242060089111328125e+01,-7.343269348144531250e+00,-6.620937347412109375e+00,-2.083330726623535156e+01,-3.269198226928710938e+01,-3.607492828369140625e+01,-2.375599288940429688e+01,-1.258494949340820312e+01,-1.645279502868652344e+01,-2.608349227905273438e+01,-2.895199966430664062e+01,-2.934395027160644531e+01,-2.248413848876953125e+01,-1.287365531921386719e+01,-9.736536979675292969e+00,-9.917392730712890625e+00,-1.730885124206542969e+01,-2.842663574218750000e+01,-2.687551498413085938e+01,-1.946078109741210938e+01,-1.939130401611328125e+01,-2.164770889282226562e+01,-2.141581726074218750e+01,-9.841121673583984375e+00,-4.125085353851318359e+00,-1.314923524856567383e+00,-4.837594985961914062e+00,-5.506227016448974609e+00,-1.053712654113769531e+01,-5.414289474487304688e+00,1.470204591751098633e+00,-1.147876381874084473e-01,-3.533651232719421387e-01,-2.458250999450683594e+00,-6.360223770141601562e+00,-8.876010894775390625e+00,-1.404841041564941406e+01,-1.467819976806640625e+01,-6.703375339508056641e+00,1.426394224166870117e+00,-3.125323295593261719e+00,-2.499412536621093750e+00,-5.205785751342773438e+00,-1.330475807189941406e+01,-1.671243095397949219e+01,-1.675670623779296875e+01,-1.572473335266113281e+01,-2.923542022705078125e+00,-3.959527492523193359e+00,-9.217164993286132812e+00,-4.681801795959472656e+00,8.711925745010375977e-01,1.004911303520202637e+00,3.605045557022094727e+00,7.869234085083007812e+00,3.633058786392211914e+00,3.432986497879028320e+00,6.452527046203613281e+00,-4.756822586059570312e+00,-8.284337997436523438e+00,-1.812196350097656250e+01,-1.963539886474609375e+01,-2.600305175781250000e+01,-2.296294403076171875e+01,-4.108388900756835938e+00,7.755926847457885742e-01,6.712212085723876953e+00,5.857703208923339844e+00,8.298329114913940430e-01,-3.715991973876953125e-03,2.781159162521362305e+00,-4.578306674957275391e+00,-2.309193801879882812e+01,-3.209411239624023438e+01,-2.152488327026367188e+01,-8.476902961730957031e+00,-1.347960186004638672e+01,-1.890167236328125000e+01,-2.221846389770507812e+01,-3.223910140991210938e+01,-1.881579208374023438e+01,-6.784926891326904297e+00,-2.195833587646484375e+01,-2.225466537475585938e+01,-2.146474838256835938e+01,-1.955724716186523438e+01,-1.425310230255126953e+01,-1.616819381713867188e+01,-2.030803298950195312e+01,-1.754666709899902344e+01,-1.943177413940429688e+01,-1.869063949584960938e+01,-1.628811836242675781e+01,-1.002264595031738281e+01,-1.207071113586425781e+01,-1.635683441162109375e+01,-1.572693347930908203e+01,-8.705016136169433594e+00,-7.071612477302551270e-01,-3.749115467071533203e+00,-1.324640846252441406e+01,-1.961406326293945312e+01,-1.615289306640625000e+01,-7.366963386535644531e+00,-8.133243560791015625e+00,-1.235754203796386719e+01,-1.172892761230468750e+01,-6.021587371826171875e+00,-3.086475372314453125e+00,-3.433409214019775391e+00,-7.223044395446777344e+00,-1.258940124511718750e+01,-6.287522792816162109e+00,-2.230631113052368164e+00,-7.142665863037109375e+00,-9.611377716064453125e+00,-8.992546081542968750e+00,-7.052602767944335938e+00,-7.586505889892578125e+00,1.178264141082763672e+00,4.904905319213867188e+00,2.818170070648193359e+00,3.388034343719482422e+00,-3.855995416641235352e+00,-9.841608047485351562e+00,-1.245349693298339844e+01,-5.020714759826660156e+00,-8.672943115234375000e+00,-5.656312942504882812e+00,2.000902414321899414e+00,-9.405458450317382812e+00,-1.097539424896240234e+01,-1.373196220397949219e+01,-1.368975067138671875e+01,-1.455780696868896484e+01,-1.882597446441650391e+00,1.522680163383483887e+00,3.899661540985107422e+00,5.779858589172363281e+00,6.992818832397460938e+00,8.655223846435546875e+00,3.506120681762695312e+00,6.477394104003906250e+00,8.870619773864746094e+00,9.278446197509765625e+00,-4.692353248596191406e+00,-8.647663116455078125e+00,-3.686231613159179688e+00,-2.647545337677001953e+00,-1.012539863586425781e+01,-1.620680236816406250e+01,-1.771398925781250000e+01,-1.624313163757324219e+01,-1.512175750732421875e+01,-1.796850585937500000e+01,-2.168432426452636719e+01,-1.798592376708984375e+01,-1.329433345794677734e+01,8.796791076660156250e+00,-3.078560352325439453e+00,-6.809964179992675781e+00,-5.083253383636474609e+00,-3.300581574440002441e-01,-3.693198680877685547e+00,-7.139935493469238281e+00,-4.800890922546386719e+00,-7.017238140106201172e+00,-8.101425170898437500e+00,-7.283901214599609375e+00,-2.986890077590942383e+00,1.743636727333068848e+00,4.755039215087890625e+00,7.152745246887207031e+00,4.015549182891845703e+00,5.753685951232910156e+00,7.935589313507080078e+00,7.349557876586914062e+00,-7.915100097656250000e+00,-1.765855216979980469e+01,-2.143652725219726562e+01,-1.386540699005126953e+01,3.429897785186767578e+00,9.252254486083984375e+00,1.112514495849609375e+01,9.864415168762207031e+00,7.566075801849365234e+00,-2.005746841430664062e+01,-2.577531433105468750e+01,-2.088483047485351562e+01,-9.935743331909179688e+00,-1.163447189331054688e+01,-2.041621398925781250e+01,-2.445741271972656250e+01,-1.950757598876953125e+01,-1.638842391967773438e+01,-1.637497329711914062e+01,-1.600023460388183594e+01,-8.038524627685546875e+00,-9.809217453002929688e+00,-9.750145912170410156e+00,-9.123491287231445312e+00,-6.213275909423828125e+00,-6.992680549621582031e+00,-7.131340026855468750e+00,-7.954324245452880859e+00,6.664711236953735352e-02,5.591904640197753906e+00,6.691608428955078125e+00,3.916550159454345703e+00,3.178716421127319336e+00,9.201435089111328125e+00,6.357226848602294922e+00,2.716844677925109863e-01,-1.477431774139404297e+00,2.983574867248535156e-01,3.112641096115112305e+00,5.197470664978027344e+00,2.720505714416503906e+00,6.463091850280761719e+00,1.179141426086425781e+01,1.308764076232910156e+01,8.678079605102539062e+00,1.066812705993652344e+01,1.025091171264648438e+01,9.902279853820800781e+00,1.210995864868164062e+01,7.740183830261230469e+00,6.749994277954101562e+00,1.191679954528808594e+01,1.346793937683105469e+01,1.014414596557617188e+01,7.181042194366455078e+00,2.345630407333374023e+00,3.712679862976074219e+00,3.758708477020263672e+00,4.152886390686035156e+00,2.593796253204345703e+00,2.082138538360595703e+00,5.134554862976074219e+00,-6.257359504699707031e+00,-6.792618751525878906e+00,-1.066184043884277344e+01,-1.701541137695312500e+01,-1.839783477783203125e+01,-2.143300247192382812e+01,-2.195124816894531250e+01,-2.539907264709472656e+01,-2.542058563232421875e+01,-2.083323287963867188e+01,-2.206337165832519531e+01,-2.226326370239257812e+01,-1.956750488281250000e+01,-1.677901840209960938e+01,-9.365438461303710938e+00,-1.104480361938476562e+01,-1.240820884704589844e+01,-6.944132804870605469e+00,-2.774499893188476562e+00,-1.254739522933959961e+00,-3.336468696594238281e+00,2.019574165344238281e+00,-5.197161197662353516e+00,-7.850465774536132812e+00,3.218244075775146484e+00,-2.387368679046630859e-01,-1.268603897094726562e+01,-1.785872840881347656e+01,-2.292533111572265625e+01,-2.570985221862792969e+01,-2.472936058044433594e+01,-2.420581245422363281e+01,-3.212100982666015625e+01,-3.370232391357421875e+01,-3.172402000427246094e+01,-3.302693939208984375e+01,-2.932006645202636719e+01,-1.610008621215820312e+01,-8.057795524597167969e+00,-1.187959790229797363e+00,5.297024726867675781e+00,1.589130043983459473e+00,-7.099910736083984375e+00,-1.206785774230957031e+01,-1.810172843933105469e+01,-8.637413024902343750e+00,-2.364038467407226562e+00,-1.644593238830566406e+00,-2.933043003082275391e+00,-7.178799152374267578e+00,-1.423015880584716797e+01,-2.232646179199218750e+01,-2.635558700561523438e+01,-1.961424827575683594e+01,-1.131987857818603516e+01,-1.213676357269287109e+01,-1.451643180847167969e+01,-1.137407302856445312e+01,-6.755173683166503906e+00,-6.283675193786621094e+00,-1.880545806884765625e+01,-2.883712577819824219e+01,-1.790639877319335938e+01,-2.808446407318115234e+00,1.705734848976135254e+00,-1.863545775413513184e+00,-4.782993793487548828e+00,-2.583868741989135742e+00,-2.304615259170532227e+00,-7.106777429580688477e-01,7.864583730697631836e-01,-1.549102187156677246e+00,-6.437601089477539062e+00,-4.883075714111328125e+00,-9.634601593017578125e+00,-2.210774993896484375e+01,-1.845210266113281250e+01,-7.704799175262451172e+00,-2.068037509918212891e+00,-5.801347494125366211e-01,-1.115633964538574219e+01,-1.502484130859375000e+01,-1.350443077087402344e+01,-1.015538692474365234e+01,-8.832639694213867188e+00,-3.295104980468750000e+00,-4.582903385162353516e+00,-7.238282203674316406e+00,-1.471665763854980469e+01,-1.016516685485839844e+01,-2.746056556701660156e+00,-4.594720363616943359e+00,-1.064393997192382812e+01,-1.481455612182617188e+01,-1.495781135559082031e+01,-1.149778175354003906e+01,-7.596342086791992188e+00,-5.143806457519531250e+00,-7.527455806732177734e+00,-3.321335077285766602e+00,1.436076164245605469e+00,2.083485603332519531e+00,8.671132326126098633e-01,-4.461433410644531250e+00,-9.945085525512695312e+00,-1.354766654968261719e+01,-7.727737903594970703e+00,9.253560304641723633e-01,5.091454505920410156e+00,3.446201086044311523e+00,4.365337848663330078e+00,2.655797958374023438e+00,1.032843399047851562e+01,2.860563278198242188e+01,2.100463294982910156e+01,1.332749557495117188e+01,1.255547618865966797e+01,1.344366931915283203e+01,-3.478607654571533203e+00,-1.658888244628906250e+01,-2.169373321533203125e+01,-2.027444076538085938e+01,-2.001082038879394531e+01,-2.396627807617187500e+01,-3.097142791748046875e+01,-2.272159576416015625e+01,-9.507046699523925781e+00,-1.254483699798583984e+00,-4.107991755008697510e-01,-4.879515171051025391e+00,-1.456038475036621094e+01,-2.012646102905273438e+01,-2.034800338745117188e+01,-1.884748840332031250e+01,-1.527517032623291016e+01,-1.607290077209472656e+01,-2.312556076049804688e+01,-2.076662445068359375e+01,-1.724981307983398438e+01,-6.478962898254394531e+00,-3.177268981933593750e+00,-8.525503158569335938e+00,-5.796578407287597656e+00,-3.882642507553100586e+00,-5.677488803863525391e+00,-2.557172298431396484e+00,-3.517331123352050781e+00,-5.055521011352539062e+00,-2.785958528518676758e+00,-1.947165846824645996e+00,-2.309057474136352539e+00,-8.046651840209960938e+00,-3.488965272903442383e+00,3.084067344665527344e+00,3.259102821350097656e+00,-1.181454777717590332e+00,1.061063289642333984e+00,6.361192703247070312e+00,8.612823486328125000e+00,2.309520959854125977e+00,2.106306076049804688e+00,2.377166748046875000e+00,2.434504508972167969e+00,5.382840156555175781e+00,4.637356281280517578e+00,2.739622116088867188e+00,1.574189662933349609e+00,1.917671799659729004e+00,2.305619478225708008e+00,-5.613128662109375000e+00,-1.864508247375488281e+01,-2.155504608154296875e+01,-1.877716827392578125e+01,-1.886249542236328125e+01,-6.389422416687011719e+00,-4.477421283721923828e+00,-1.526760482788085938e+01,-1.365938186645507812e+01,-1.146590232849121094e+01,-1.733481216430664062e+01,-3.818112945556640625e+01,-4.321192932128906250e+01,-3.910758209228515625e+01,-4.198609161376953125e+01,-3.557052993774414062e+01,-2.197989273071289062e+01,-8.432770729064941406e+00,-7.088293075561523438e+00,-1.616637802124023438e+01,-3.035336685180664062e+01,-3.368999481201171875e+01,-2.537024307250976562e+01,-1.613459777832031250e+01,-8.602285385131835938e+00,-1.075426101684570312e+01,-2.152933120727539062e+01,-2.094739532470703125e+01,-1.203278732299804688e+01,-4.191349029541015625e+00,-5.687520980834960938e+00,-7.908077716827392578e+00,-1.265369892120361328e+01,-8.879429817199707031e+00,-7.280143737792968750e+00,-6.408600807189941406e+00,-4.297924995422363281e+00,-8.980527877807617188e+00,-1.211355209350585938e+01,-1.000808238983154297e+01,-3.561188936233520508e+00,3.116507530212402344e-01,-1.949518203735351562e+00,-2.195633125305175781e+01,-2.883213806152343750e+01,-2.084354782104492188e+01,-1.919195175170898438e+01,-1.458966636657714844e+01,-8.420908927917480469e+00,-2.801061153411865234e+00,-7.040296077728271484e+00,-1.224795627593994141e+01,-1.124171543121337891e+01,-1.371009731292724609e+01,-1.605679893493652344e+01,-1.496991252899169922e+01,-1.557008647918701172e+01,-1.566233921051025391e+01,-8.224752426147460938e+00,-4.720964431762695312e+00,1.192572951316833496e+00,-7.928965091705322266e-01,-2.060424804687500000e+01,-3.651099777221679688e+01,-3.295850753784179688e+01,-2.486140060424804688e+01,-1.580918979644775391e+01,-1.391323852539062500e+01,-1.694313812255859375e+01,-1.753849983215332031e+01,-1.448559761047363281e+01,-1.163915061950683594e+01,-6.300826072692871094e+00,-7.635158538818359375e+00,-7.692238330841064453e+00,-9.250004768371582031e+00,-5.972258567810058594e+00,-7.898530960083007812e-01,-6.765138506889343262e-01,-1.393627285957336426e+00,-2.725859403610229492e+00,-6.338024139404296875e-02,-3.523557424545288086e+00,-4.368861198425292969e+00,-1.971124172210693359e+00,-3.822543025016784668e-01,-3.976171016693115234e+00,-3.889718532562255859e+00,-5.684205293655395508e-01,4.750320434570312500e+00,8.056745529174804688e+00,7.037301063537597656e+00,-1.191172838211059570e+00,-6.854166984558105469e-01,5.692089080810546875e+00,3.067776441574096680e+00,1.449583530426025391e+00,1.050540685653686523e+00,-6.666637897491455078e+00,-5.775633335113525391e+00,-2.473961353302001953e+00,-2.116415023803710938e+01,-2.771051406860351562e+01,-2.753639984130859375e+01,-2.615876770019531250e+01,-2.506335830688476562e+01,-1.046369171142578125e+01,-1.515564537048339844e+01,-2.337469863891601562e+01,-3.099535751342773438e+01,-3.010568428039550781e+01,-3.361899566650390625e+01,-2.460314941406250000e+01,-1.625493812561035156e+01,-1.321305274963378906e+01,-1.451737594604492188e+01,-1.569173240661621094e+01,-1.699796104431152344e+01,-7.995427131652832031e+00,-4.097246170043945312e+00,-2.600218534469604492e+00,-8.852514266967773438e+00,-1.467665100097656250e+01,-1.640856170654296875e+01,-7.769516944885253906e+00,-2.390642166137695312e+01,-2.791155815124511719e+01,-2.359494781494140625e+01,-1.843129539489746094e+01,-1.943972396850585938e+01,-1.760452270507812500e+01,-1.073743820190429688e+01,-2.909262180328369141e+00,5.344936370849609375e+00,1.114670944213867188e+01,1.259802150726318359e+01,6.072870254516601562e+00,-2.508271694183349609e+00,-1.225422859191894531e+01,-1.722733306884765625e+01,-1.736001396179199219e+01,-1.816369247436523438e+01,-2.046863174438476562e+01,-1.611897850036621094e+01,-9.358856201171875000e+00,-6.977467060089111328e+00,-2.583301782608032227e+00,-2.262751817703247070e+00,-7.816191673278808594e+00,-1.027055740356445312e+01,-1.127078247070312500e+01,-1.455999493598937988e+00,1.430843830108642578e+00,5.454099178314208984e+00,4.545883655548095703e+00,-1.208481597900390625e+01,-2.362203598022460938e+01,-2.034537315368652344e+01,-1.265923786163330078e+01,-1.285766983032226562e+01,-1.461237335205078125e+01,-1.405580711364746094e+01,-1.195056247711181641e+01,-7.894889831542968750e+00,-6.286664962768554688e+00,-5.741471290588378906e+00,-6.871297836303710938e+00,-6.990128993988037109e+00,-7.551325798034667969e+00,-3.637095451354980469e+00,-1.954737663269042969e+00,-4.874177932739257812e+00,-8.519266128540039062e+00,-1.296208381652832031e+01,-1.341683673858642578e+01,-1.253494644165039062e+01,-1.160106849670410156e+01,-1.137029266357421875e+01,-7.078931331634521484e+00,-2.744466066360473633e+00,-3.699836969375610352e+00,-6.150659084320068359e+00,-4.943092823028564453e+00,-6.082730770111083984e+00,-3.867930650711059570e+00,-4.739889621734619141e+00,1.653335452079772949e+00,1.402753472328186035e+00,-1.905045270919799805e+00,-2.629482984542846680e+00,-2.430403470993041992e+00,-4.068539142608642578e+00,1.939778447151184082e+00,6.725867748260498047e+00,4.071907997131347656e+00,3.904591798782348633e-01,-9.102964401245117188e-01,-7.013599872589111328e-01,-3.266782283782958984e+00,-1.322743892669677734e+01,-1.977213668823242188e+01,-2.386619949340820312e+01,-2.834319686889648438e+01,-3.361857604980468750e+01,-3.545620727539062500e+01,-3.337471771240234375e+01,-2.638105773925781250e+01,-2.236844253540039062e+01,-2.062207412719726562e+01,-2.140686225891113281e+01,-2.628268051147460938e+01,-3.027453613281250000e+01,-3.047133255004882812e+01,-3.054277420043945312e+01,-2.440285873413085938e+01,-1.190389537811279297e+01,-1.001851558685302734e+01,-1.178512001037597656e+01,-5.349249839782714844e+00,-2.375418663024902344e+00,-5.273755073547363281e+00,-1.358712768554687500e+01,-1.799217605590820312e+01,-1.741946029663085938e+01,-1.677442550659179688e+01,-1.157053470611572266e+01,-1.082829284667968750e+01,-1.038734531402587891e+01,-1.306075859069824219e+01,-1.095719146728515625e+01,-7.324539184570312500e+00,-7.178584098815917969e+00,-3.613800764083862305e+00,-2.353262424468994141e+00,1.524327278137207031e+00,-1.012196922302246094e+01,-2.538956260681152344e+01,-2.498752975463867188e+01,-1.924769210815429688e+01,-1.682955169677734375e+01,-1.826234436035156250e+01,-2.454443359375000000e+01,-2.850659561157226562e+01,-2.617136383056640625e+01,-2.611989593505859375e+01,-2.856937026977539062e+01,-2.651233291625976562e+01,-2.276431655883789062e+01,-2.524340057373046875e+01,-2.572110366821289062e+01,-1.927839469909667969e+01,-1.841921615600585938e+01,-2.072996139526367188e+01,-1.837117385864257812e+01,-1.613874244689941406e+01,-1.293412971496582031e+01,-7.422513484954833984e+00,-4.686625480651855469e+00,-5.707987785339355469e+00,-4.486580371856689453e+00,-2.601968050003051758e+00,-8.745675086975097656e+00,-1.019008445739746094e+01,-1.055747032165527344e+01,-1.200623130798339844e+01,-2.048344612121582031e+01,-3.039065551757812500e+01,-2.863990020751953125e+01,-1.489320373535156250e+01,-1.415464401245117188e+01,-1.222333049774169922e+01,-2.175161361694335938e+01,-2.944511795043945312e+01,-2.795162010192871094e+01,-2.204418945312500000e+01,-2.468185424804687500e+01,-2.564388084411621094e+01,-2.131418418884277344e+01,-1.767132949829101562e+01,-1.767349624633789062e+01,-1.632872390747070312e+01,-9.752079010009765625e+00,-5.807460308074951172e+00,-6.310039520263671875e+00,-1.258377265930175781e+01,-1.375562381744384766e+01,-9.119308471679687500e+00,-1.742225265502929688e+01,-2.923000526428222656e+01,-3.058033561706542969e+01,-3.005337905883789062e+01,-3.056318855285644531e+01,-2.229211044311523438e+01,-1.134782314300537109e+01,-1.301118850708007812e+01,-1.966330337524414062e+01,-1.955250740051269531e+01,-1.888150405883789062e+01,-2.289183425903320312e+01,-2.163678359985351562e+01,-1.667673110961914062e+01,-1.751479530334472656e+01,-1.857123947143554688e+01,-1.247450828552246094e+01,-8.931753158569335938e+00,-1.027539253234863281e+01,-1.531862258911132812e+01,-2.208918190002441406e+01,-2.139891242980957031e+01,-1.829218292236328125e+01,-1.270431232452392578e+01,-9.094041824340820312e+00,-3.884753704071044922e+00,-5.486638069152832031e+00,-1.262611675262451172e+01,-1.392681503295898438e+01,-1.033580207824707031e+01,-7.866362094879150391e+00,-9.481723785400390625e+00,-7.600866317749023438e+00,-9.909010887145996094e+00,-1.619753074645996094e+01,-2.197948455810546875e+01,-2.726107025146484375e+01,-2.506436157226562500e+01,-2.298807716369628906e+01,-3.082228469848632812e+01,-3.593841552734375000e+01,-3.408347320556640625e+01,-1.685615539550781250e+01,-8.354976654052734375e+00,-1.103768348693847656e+01,-2.013329315185546875e+01,-1.907418823242187500e+01,-8.728027343750000000e+00,-3.336231231689453125e+00,-9.490480422973632812e+00,-1.213460540771484375e+01,-1.173787498474121094e+01,-6.145865440368652344e+00,-4.637146949768066406e+00,-7.145546913146972656e+00,-5.973537445068359375e+00,-5.749269008636474609e+00,-3.881163597106933594e+00,-3.382917404174804688e+00,-3.720858573913574219e+00,-1.248543262481689453e-01,-2.118402719497680664e+00,-8.571023941040039062e+00,-1.180184745788574219e+01,-2.097355604171752930e+00,8.134105682373046875e+00,3.405833244323730469e+00,-3.605020046234130859e+00,-3.977347373962402344e+00,-2.396420717239379883e+00,-4.953347206115722656e+00,-1.754567909240722656e+01,-2.337720108032226562e+01,-1.402688598632812500e+01,-1.292079162597656250e+01,-7.239290237426757812e+00,-2.922508478164672852e+00,-5.974251031875610352e-01,-1.438252925872802734e+00,-3.706417083740234375e+00,2.176820755004882812e+00,1.108261704444885254e+00,-7.058156013488769531e+00,-1.236516189575195312e+01,-1.090818786621093750e+01,-1.335199165344238281e+01,-2.258546066284179688e+01,-3.226695632934570312e+01,-3.357345581054687500e+01,-2.909501647949218750e+01,-2.502491760253906250e+01,-1.627672576904296875e+01,-8.782459259033203125e+00,-1.305136585235595703e+01,-1.233687210083007812e+01,-1.223224067687988281e+01,-1.315225601196289062e+01,-9.673190116882324219e+00,-3.701860904693603516e+00,-1.192463493347167969e+01,-1.332559394836425781e+01,-1.065266036987304688e+01,-1.050713062286376953e+01,-1.499500465393066406e+01,-1.437158775329589844e+01,-7.724816322326660156e+00,-4.644687652587890625e+00,-5.762845039367675781e+00,-1.278241395950317383e+00,-1.305408358573913574e+00,-1.026004600524902344e+01,-8.832040786743164062e+00,-5.578458309173583984e-01,-4.608370065689086914e-01,4.672003746032714844e+00,-1.141057133674621582e+00,-9.143581390380859375e+00,-9.262495994567871094e+00,-5.710812568664550781e+00,-8.422197341918945312e+00,-1.457720661163330078e+01,-2.132096672058105469e+01,-2.013847732543945312e+01,-8.725353240966796875e+00,-1.232040119171142578e+01,-1.422311782836914062e+01,-1.657611465454101562e+01,-1.763472175598144531e+01,-2.105002593994140625e+01,-2.094110488891601562e+01,-1.035962104797363281e+01,-7.450226783752441406e+00,-1.534654998779296875e+01,-1.746828460693359375e+01,-2.085324668884277344e+01,-2.195466613769531250e+01,-2.262485122680664062e+01,-2.066136169433593750e+01,-2.244315719604492188e+01,-2.691305923461914062e+01,-1.648453521728515625e+01,-1.678731918334960938e+01,-2.372649383544921875e+01,-3.757955932617187500e+01,-4.873282241821289062e+01,-5.272120666503906250e+01,-4.544310760498046875e+01,-3.080584144592285156e+01,-2.318775177001953125e+01,-2.249953651428222656e+01,-2.397580528259277344e+01,-3.678770065307617188e+01,-3.583163452148437500e+01,-2.668354797363281250e+01,-1.620739364624023438e+01,-1.567826271057128906e+01,-8.765506744384765625e+00,-1.586282372474670410e+00,3.201569080352783203e+00,9.555994033813476562e+00,1.378772544860839844e+01,1.699349021911621094e+01,1.150891780853271484e+01,3.302469730377197266e+00,-8.028717994689941406e+00,-1.807360839843750000e+01,-2.299160766601562500e+01,-2.522288894653320312e+01,-2.297095298767089844e+01,-2.533546829223632812e+01,-2.723904037475585938e+01,-1.725779533386230469e+01,-9.103191375732421875e+00,-1.085360431671142578e+01,-1.095539951324462891e+01,-8.731239318847656250e+00,-6.065912246704101562e+00,-1.529198169708251953e+00,5.007953047752380371e-01,3.302966117858886719e+00,4.380390644073486328e+00,8.042223930358886719e+00,1.125021839141845703e+01,1.553999328613281250e+01,1.308531379699707031e+01,6.051929473876953125e+00,8.826687812805175781e+00,1.343527984619140625e+01,1.794547653198242188e+01,1.314596939086914062e+01,6.117944240570068359e+00,5.297926902770996094e+00,-8.188186287879943848e-01,-3.059552431106567383e+00,9.484805464744567871e-01,5.751709938049316406e+00,-6.819265365600585938e+00,-2.621143341064453125e+01,-2.142925262451171875e+01,-4.862675666809082031e+00,-2.307540893554687500e+00,-5.803621292114257812e+00,-3.521188974380493164e+00,-3.835491895675659180e+00,-3.612459421157836914e+00,-3.675788879394531250e+00,4.608303904533386230e-01,-3.370125770568847656e+00,-3.997637748718261719e+00,-9.983854293823242188e+00,-1.069243240356445312e+01,-2.053670883178710938e+01,-1.932688140869140625e+01,-1.597169303894042969e+01,-1.100187110900878906e+01,-7.033903121948242188e+00,-1.428977966308593750e+01,-2.235535812377929688e+01,-2.122270584106445312e+01,-1.824269676208496094e+01,-1.259674072265625000e+01,-9.200485229492187500e+00,-5.365693092346191406e+00,-6.031667709350585938e+00,-5.088260650634765625e+00,7.963898181915283203e-01,-4.156792640686035156e+00,-9.041170120239257812e+00,-2.369690418243408203e+00,-4.193107604980468750e+00,-4.978185176849365234e+00,-4.340248107910156250e+00,-1.992656588554382324e+00,7.451642990112304688e+00,5.486637592315673828e+00,9.197451591491699219e+00,2.216284275054931641e-01,-1.250241279602050781e+01,-1.814532852172851562e+01,-2.033852195739746094e+01,-1.360025310516357422e+01,-9.592485427856445312e+00,-5.283126831054687500e+00,-8.210040092468261719e+00,-1.510897350311279297e+01,-2.237318229675292969e+01,-2.819678878784179688e+01,-3.702823638916015625e+01,-4.553099060058593750e+01,-4.268993759155273438e+01,-3.147334289550781250e+01,-2.412044525146484375e+01,-1.976577186584472656e+01,-1.931676864624023438e+01,-2.408162307739257812e+01,-2.358268356323242188e+01,-2.393184280395507812e+01,-1.196120071411132812e+01,-1.030449295043945312e+01,-1.983795547485351562e+01,-2.229582595825195312e+01,-2.570966720581054688e+01,-2.500540161132812500e+01,-2.606073379516601562e+01,-2.479734039306640625e+01,-2.244115638732910156e+01,-1.458151340484619141e+01,-6.949337005615234375e+00,-4.248886585235595703e+00,-6.269828796386718750e+00,-1.070974731445312500e+01,-1.612221908569335938e+01,-1.353444099426269531e+01,-8.768156051635742188e+00,-4.399980545043945312e+00,-6.580745697021484375e+00,-1.317356967926025391e+01,-1.642028236389160156e+01,-4.576110839843750000e+00,-1.813041687011718750e+00,-1.087552261352539062e+01,-1.209610748291015625e+01,-8.102560043334960938e+00,-1.551778030395507812e+01,-1.505245685577392578e+01,-1.440478324890136719e+01,-3.581976890563964844e+00,4.561106681823730469e+00,6.508426189422607422e+00,2.666063785552978516e+00,-1.312787628173828125e+01,-1.906752204895019531e+01,-1.995811843872070312e+01,-2.028128433227539062e+01,-2.086929702758789062e+01,-2.334905624389648438e+01,-2.050022125244140625e+01,-2.259932518005371094e+01,-2.454564666748046875e+01,-2.115269851684570312e+01,-1.005080986022949219e+01,-1.952838659286499023e+00,-6.589283943176269531e+00,-5.262733936309814453e+00,-8.759088516235351562e+00,-1.328820991516113281e+01,-1.710950660705566406e+01,-1.417279529571533203e+01,-1.881802558898925781e+01,-2.764149856567382812e+01,-3.208471679687500000e+01,-3.498278045654296875e+01,-3.225688171386718750e+01,-3.354068756103515625e+01,-2.984516906738281250e+01,-2.280292892456054688e+01,-1.194960021972656250e+01,-9.073728561401367188e+00,-9.548229217529296875e+00,-1.275760650634765625e+01,-1.045462512969970703e+01,9.126448631286621094e-01,2.518573999404907227e+00,1.861005067825317383e+00,-5.030585289001464844e+00,-5.510291099548339844e+00,-5.494605064392089844e+00,-2.824428081512451172e+00,3.210525751113891602e+00,-4.332017600536346436e-01,-8.879181742668151855e-01,2.794107198715209961e+00,2.090470314025878906e+00,5.935894966125488281e+00,6.269960403442382812e+00,-1.424937486648559570e+00,-1.456212043762207031e+00,3.798378467559814453e+00,9.717267036437988281e+00,5.509492397308349609e+00,-6.506362915039062500e+00,-1.095501422882080078e+01,-1.406781911849975586e+00,3.450999975204467773e+00,7.788810133934020996e-01,-3.123264789581298828e+00,-4.085806369781494141e+00,-3.385294914245605469e+00,3.202077150344848633e+00,7.838963031768798828e+00,4.887858867645263672e+00,5.912529945373535156e+00,9.035251617431640625e+00,-4.388498306274414062e+00,-1.948049926757812500e+01,-4.146440887451171875e+01,-3.462538909912109375e+01,-2.155162239074707031e+01,-8.604509353637695312e+00,2.542091846466064453e+00,7.224506855010986328e+00,-2.413863182067871094e+00,-1.108017539978027344e+01,-1.369149017333984375e+01,-1.966930770874023438e+01,-2.084243965148925781e+01,-1.179574871063232422e+01,-7.087624549865722656e+00,-7.893977165222167969e+00,-9.637343406677246094e+00,-7.068969249725341797e+00,-4.737973213195800781e+00,-2.415302038192749023e+00,-1.973093152046203613e+00,-2.265249490737915039e+00,1.213581085205078125e+00,1.089807987213134766e+00,2.872450053691864014e-01,-8.617215156555175781e+00,-7.941737174987792969e+00,-7.296494483947753906e+00,-1.133463859558105469e+01,-1.945527648925781250e+01,-1.392481231689453125e+01,-9.287620544433593750e+00,-1.856937408447265625e+01,-2.533507537841796875e+01,-1.911737060546875000e+01,-1.180993843078613281e+01,-1.347259330749511719e+01,-1.446261119842529297e+01,-1.387416267395019531e+01,-1.273558521270751953e+01,-1.118071365356445312e+01,-6.504706382751464844e+00,-1.337605834007263184e+00,2.862714290618896484e+00,-5.744372606277465820e-01,-4.608705520629882812e+00,-9.142223358154296875e+00,-1.674891662597656250e+01,-2.183996200561523438e+01,-2.258377456665039062e+01,-2.632239151000976562e+01,-2.141909027099609375e+01,-1.932903766632080078e+00,1.116853356361389160e+00,3.998060703277587891e+00,3.933255195617675781e+00,-2.066969156265258789e+00,-8.655500411987304688e+00,-1.615683174133300781e+01,-1.826694107055664062e+01,-1.736284255981445312e+01,-6.457140922546386719e+00,-4.229277610778808594e+00,-3.509542465209960938e+00,-1.139342498779296875e+01,-1.334567928314208984e+01,-1.104685020446777344e+01,-2.080253982543945312e+01,-3.100875091552734375e+01,-4.095080947875976562e+01,-3.743841552734375000e+01,-3.257724761962890625e+01,-3.452970886230468750e+01,-3.876946640014648438e+01,-4.299944686889648438e+01,-4.680319213867187500e+01,-3.725012207031250000e+01,-1.785018157958984375e+01,-1.680155181884765625e+01,-2.104535865783691406e+01,-1.648518562316894531e+01,-9.332609176635742188e+00,-1.782939529418945312e+01,-3.935191345214843750e+01,-3.432090377807617188e+01,-3.405920410156250000e+01,-3.689061737060546875e+01,-3.916026306152343750e+01,-3.049275207519531250e+01,-1.764614486694335938e+01,-1.538686847686767578e+01,-1.711273574829101562e+01,-1.749795150756835938e+01,-2.304968452453613281e+01,-2.669785690307617188e+01,-3.393679046630859375e+01,-3.589920043945312500e+01,-2.528807449340820312e+01,-1.951830101013183594e+01,-2.096312141418457031e+01,-2.471870803833007812e+01,-2.240595436096191406e+01,-1.635980987548828125e+01,-1.216320228576660156e+01,-7.633713722229003906e+00,-1.344738388061523438e+01,-1.999918174743652344e+01,-2.545877075195312500e+01,-2.025169563293457031e+01,-1.590665626525878906e+01,-1.106887435913085938e+01,-8.616345405578613281e+00,-1.163206291198730469e+01,-1.247959518432617188e+01,-2.804166078567504883e+00,-3.032815933227539062e+00,-1.450699806213378906e+01,-8.471151351928710938e+00,-6.079178810119628906e+00,-1.347228527069091797e+01,-1.567019271850585938e+01,-1.584916687011718750e+01,-2.156225395202636719e+01,-1.143855381011962891e+01,-6.614799022674560547e+00,-1.299210166931152344e+01,-1.908079147338867188e+01,-1.251774024963378906e+01,-9.339634895324707031e+00,-1.412032890319824219e+01,-1.194232749938964844e+01,-1.101685714721679688e+01,-7.992128849029541016e+00,-4.217137336730957031e+00,-9.109029769897460938e+00,-1.718450927734375000e+01,-2.268513107299804688e+01,-2.363975524902343750e+01,-1.608483505249023438e+01,-1.124005126953125000e+01,-1.323972511291503906e+01,-1.962173843383789062e+01,-1.139565944671630859e+01,2.191283941268920898e+00,9.038641452789306641e-01,-2.012591361999511719e+00,-2.834642410278320312e+00,2.757137715816497803e-01,-2.182034015655517578e+00,-3.916063785552978516e+00,-6.152012825012207031e+00,-2.807495117187500000e+00,-4.222563266754150391e+00,-4.465640068054199219e+00,-2.346214532852172852e+00,1.495961070060729980e+00,3.869578599929809570e+00,-3.705935180187225342e-01,3.158753395080566406e+00,8.238969802856445312e+00,4.180799007415771484e+00,-5.674381732940673828e+00,-1.093452262878417969e+01,-2.462643051147460938e+01,-3.115382385253906250e+01,-3.027750968933105469e+01,-2.891401481628417969e+01,-2.973440170288085938e+01,-3.925557708740234375e+01,-3.986720275878906250e+01,-3.029446411132812500e+01,-2.741369628906250000e+01,-2.905934906005859375e+01,-2.346940994262695312e+01,-1.860201835632324219e+01,-1.678868675231933594e+01,-7.661637306213378906e+00,-1.095883941650390625e+01,-1.894876861572265625e+01,-2.217695999145507812e+01,-1.878072738647460938e+01,-1.519839668273925781e+01,-2.735600852966308594e+01,-2.702361488342285156e+01,-1.850376892089843750e+01,-2.092393875122070312e+01,-2.661578178405761719e+01,-2.994612693786621094e+01,-3.265020370483398438e+01,-3.295429611206054688e+01,-2.898566436767578125e+01,-2.595086288452148438e+01,-2.743819808959960938e+01,-2.389861869812011719e+01,-2.889821052551269531e+00,-2.990515232086181641e+00,-1.174011421203613281e+01,-2.769441223144531250e+01,-2.869340324401855469e+01,-2.139103698730468750e+01,-1.302717685699462891e+01,-2.456996917724609375e+01,-3.380825042724609375e+01,-2.928254699707031250e+01,-2.692810821533203125e+01,-3.023433303833007812e+01,-2.746245956420898438e+01,-1.854905700683593750e+01,-8.573829650878906250e+00,-5.517642021179199219e+00,-2.605722904205322266e+00,-1.876868963241577148e+00,-7.334904670715332031e+00,-6.171172142028808594e+00,-5.964011669158935547e+00,-1.121805286407470703e+01,-1.589700508117675781e+01,-1.799466323852539062e+01,-1.889375686645507812e+01,-1.455223369598388672e+01,-1.330374336242675781e+01,-1.705274200439453125e+01,-1.590282249450683594e+01,-1.525189495086669922e+01,-1.010738754272460938e+01,-5.484614372253417969e+00,-6.400254249572753906e+00,-4.192585945129394531e+00,-2.548361063003540039e+00,5.444418430328369141e+00,8.735630035400390625e+00,7.679226875305175781e+00,7.255958318710327148e-01,-6.190050125122070312e+00,-4.294349670410156250e+00,2.365502119064331055e-01,-8.934900283813476562e+00,-1.341725921630859375e+01,-1.666405677795410156e+01,-1.537075519561767578e+01,-1.277062416076660156e+01,-9.415534973144531250e+00,-8.372899055480957031e+00,-1.159634494781494141e+01,-1.055256748199462891e+01,-8.948532104492187500e+00,-8.870318412780761719e+00,-5.184016704559326172e+00,9.232625961303710938e+00,5.993661880493164062e+00,-1.377400302886962891e+01,-1.869404411315917969e+01,-1.451824188232421875e+01,-4.955297470092773438e+00,-4.131962299346923828e+00,-1.193531608581542969e+01,-1.221570968627929688e+01,-1.855947875976562500e+01,-2.354284667968750000e+01,-1.751047706604003906e+01,-1.388778305053710938e+01,-1.715077972412109375e+01,-1.594905471801757812e+01,-1.062733650207519531e+01,-3.196290016174316406e+00,-1.654114913940429688e+01,-2.774610900878906250e+01,-2.659097290039062500e+01,-2.404454803466796875e+01,-2.272544097900390625e+01,-1.803940391540527344e+01,-7.810914993286132812e+00,-1.340538024902343750e+00,2.904877662658691406e+00,-4.751037597656250000e+00,-6.170789718627929688e+00,-2.300511360168457031e+00,-5.148818492889404297e+00,-1.750269317626953125e+01,-1.951938247680664062e+01,-1.614034652709960938e+01,-1.477372741699218750e+01,-1.672269630432128906e+01,-1.619708442687988281e+01,-1.327683353424072266e+01,-8.943588256835937500e+00,-1.091032791137695312e+01,-6.218273162841796875e+00,-3.626704216003417969e+00,-1.231074905395507812e+01,-1.939050102233886719e+01,-1.936890411376953125e+01,-1.857691192626953125e+01,-1.701984024047851562e+01,-1.513176155090332031e+01,-1.173866176605224609e+01,-1.204822731018066406e+01,-9.016257286071777344e+00,-8.204011917114257812e+00,3.732785224914550781e+00,8.443714141845703125e+00,6.988277912139892578e+00,8.782046318054199219e+00,9.219305038452148438e+00,7.598909854888916016e+00,6.323218345642089844e+00,2.493540287017822266e+00,-8.536739349365234375e-01,-5.161285400390625000e+00,-9.994085311889648438e+00,-1.059908485412597656e+01,-6.997955322265625000e+00,-9.411132812500000000e+00,-1.084142398834228516e+01,-1.026390647888183594e+01,-1.536639690399169922e+01,-1.558881568908691406e+01,-1.305660057067871094e+01,-1.287279510498046875e+01,-1.464651679992675781e+01,-1.852483367919921875e+01,-1.827352905273437500e+01,-1.159996604919433594e+01,-9.942914962768554688e+00,-5.192473888397216797e+00,-2.047674655914306641e+00,9.495351314544677734e-01,2.882449626922607422e-01,-2.369499206542968750e-01,-3.173610687255859375e+00,-6.261715292930603027e-01,-4.975239187479019165e-02,-5.909939408302307129e-01,1.393314242362976074e+00,2.301121950149536133e+00,8.406705856323242188e+00,9.056210517883300781e+00,8.221418380737304688e+00,4.559769630432128906e+00,7.497790336608886719e+00,8.852197647094726562e+00,3.369784832000732422e+00,4.198134422302246094e+00,5.200895309448242188e+00,6.714101314544677734e+00,7.686877250671386719e+00,4.596769332885742188e+00,2.538253307342529297e+00,3.655806779861450195e-01,2.128854274749755859e+00,2.303095817565917969e+00,1.480211019515991211e+00,4.900632858276367188e+00,6.848628997802734375e+00,9.699814796447753906e+00,-2.633461475372314453e+00,-7.102798461914062500e+00,-5.936690330505371094e+00,-2.381777048110961914e+00,3.604310274124145508e+00,5.636036872863769531e+00,1.133033561706542969e+01,7.337934017181396484e+00,3.344699144363403320e+00,-1.152170062065124512e+00,3.218333244323730469e+00,7.981726169586181641e+00,2.971122741699218750e+00,9.382066726684570312e-01,1.755613923072814941e+00,3.159133791923522949e-01,-2.723993062973022461e+00,-4.396019935607910156e+00,-6.974339485168457031e+00,-9.820804595947265625e+00,-9.109839439392089844e+00,-3.664062261581420898e+00,-8.978314399719238281e-01,-4.103281974792480469e+00,-8.148203849792480469e+00,-1.606799697875976562e+01,-1.603524208068847656e+01,-1.133651733398437500e+01,-5.677728652954101562e+00,-1.945479393005371094e+00,5.761813521385192871e-01,-2.767776966094970703e+00,-2.968116998672485352e-01,-1.456087708473205566e+00,-2.451004981994628906e+00,-2.026761531829833984e+00,-2.992114067077636719e+00,4.172126770019531250e+00,9.626293182373046875e+00,2.606895923614501953e+00,-1.867346644401550293e+00,-1.001225948333740234e+01,-1.467960166931152344e+01,-1.342340087890625000e+01,-1.034270286560058594e+01,-5.416489601135253906e+00,-2.767472743988037109e+00,-2.939364433288574219e+00,-7.115452885627746582e-01,4.888096451759338379e-01,-6.314867019653320312e+00,-9.089443206787109375e+00,-6.536916732788085938e+00,-6.046523571014404297e+00,-7.810864448547363281e+00,-8.545091629028320312e+00,-1.197350311279296875e+01,-1.447090435028076172e+01,-1.440048980712890625e+01,-8.682764053344726562e+00,-5.728453636169433594e+00,2.517078161239624023e+00,8.338680267333984375e+00,5.662117004394531250e+00,-4.024368762969970703e+00,-5.373046875000000000e+00,3.845806598663330078e+00,1.209012317657470703e+01,9.102377891540527344e+00,1.459030723571777344e+01,1.798027992248535156e+01,1.764869308471679688e+01,1.124765872955322266e+01,-3.426370143890380859e+00,-9.417839050292968750e+00,-2.417770624160766602e+00,-3.999005794525146484e+00,-1.007468605041503906e+01,-1.128284168243408203e+01,-7.515936374664306641e+00,-6.666618347167968750e+00,-7.541961669921875000e+00,6.916373968124389648e-04,2.486480236053466797e+00,3.531790733337402344e+00,9.574279785156250000e+00,6.652753829956054688e+00,2.620144844055175781e+00,-3.972448706626892090e-01,7.533947229385375977e-01,4.314728975296020508e-01,1.016006708145141602e+00,7.298967361450195312e+00,8.649168014526367188e+00,6.248011589050292969e+00,-1.371659159660339355e+00,-2.180509090423583984e+00,3.185567378997802734e+00,5.201151371002197266e+00,4.084279060363769531e+00,7.473991870880126953e+00,8.442807197570800781e+00,6.782228469848632812e+00,-1.412021446228027344e+01,-1.983449363708496094e+01,-1.525432586669921875e+01,-1.084336090087890625e+01,-1.061635971069335938e+01,-8.547407150268554688e+00,-8.429315567016601562e+00,-1.026724720001220703e+01,-8.968620300292968750e+00,-7.088315963745117188e+00,-5.819415569305419922e+00,-7.543812751770019531e+00,-6.024662971496582031e+00,-5.307034969329833984e+00,-2.495639801025390625e+00,7.420580387115478516e+00,1.484296798706054688e+01,1.470331096649169922e+01,4.432171821594238281e+00,-1.904473304748535156e-01,-4.774601459503173828e-01,8.477891087532043457e-01,5.177518844604492188e+00,6.657689809799194336e-01,4.429763853549957275e-01,4.239994049072265625e+00,2.574892044067382812e+00,-1.597337722778320312e+00,1.050746142864227295e-01,6.152941703796386719e+00,8.371345520019531250e+00,9.185905456542968750e+00,4.184821128845214844e+00,2.966575145721435547e+00,8.362080574035644531e+00,1.001178073883056641e+01,3.844118833541870117e+00,6.471773624420166016e+00,2.158615350723266602e+00,-1.107283020019531250e+01,-2.789344596862792969e+01,-3.001450920104980469e+01,-2.064699554443359375e+01,-5.243160247802734375e+00,4.066479682922363281e+00,6.382843971252441406e+00,6.554277420043945312e+00,9.642910003662109375e+00,4.824851512908935547e+00,-1.123920631408691406e+01,-1.298954963684082031e+01,-5.533093929290771484e+00,1.565914154052734375e+00,2.209155082702636719e+00,2.971496582031250000e-01,1.366954445838928223e-01,-7.919813394546508789e-01,3.926731824874877930e+00,5.565674781799316406e+00,3.513433218002319336e+00,2.609258174896240234e+00,3.923439979553222656e+00,1.437463283538818359e+00,-5.156934738159179688e+00,-9.873802185058593750e+00,-4.356447696685791016e+00,-5.879412293434143066e-01,-5.066247940063476562e+00,-9.512217521667480469e+00,-6.925182819366455078e+00,-1.089551925659179688e+01,-1.479905128479003906e+01,-1.304359054565429688e+01,-9.619998931884765625e+00,-9.149043083190917969e+00,-9.778020381927490234e-01,2.869707107543945312e+00,9.937935829162597656e+00,7.225137233734130859e+00,9.787007331848144531e+00,7.910559177398681641e+00,7.684579372406005859e+00,7.205758094787597656e+00,4.788962364196777344e+00,3.219425678253173828e+00,-5.458008646965026855e-01,-1.214275932312011719e+01,-1.963798904418945312e+01,-1.743487167358398438e+01,-1.160679054260253906e+01,-7.417162418365478516e+00,1.286639928817749023e+00,8.853983879089355469e+00,5.441716194152832031e+00,1.073802947998046875e+01,1.440746212005615234e+01,5.666162967681884766e+00,5.161409378051757812e+00,4.008296966552734375e+00,1.659337162971496582e+00,-9.949991703033447266e-01,3.843490839004516602e+00,9.168069839477539062e+00,3.902343511581420898e+00,-6.436943054199218750e+00,-6.927155494689941406e+00,-5.037003517150878906e+00,-1.693239808082580566e+00,2.507102251052856445e+00,-3.856361508369445801e-01,-1.515641570091247559e+00,-5.017723441123962402e-01,4.339324831962585449e-01,8.777397871017456055e-02,-5.159938335418701172e-01,9.915716648101806641e-01,2.091606855392456055e-01,-2.607796907424926758e+00,8.936578035354614258e-02,4.850538730621337891e+00,5.804756164550781250e+00,3.320243597030639648e+00,2.841327667236328125e+00,7.797875404357910156e+00,4.601303100585937500e+00,-8.986476659774780273e-01,6.376844406127929688e+00,9.559029579162597656e+00,5.765968322753906250e+00,8.283019065856933594e+00,6.743740081787109375e+00,2.341856479644775391e+00,3.415763854980468750e+00,6.563419342041015625e+00,1.010159873962402344e+01,1.276582527160644531e+01,1.444064426422119141e+01,9.441936492919921875e+00,5.523541450500488281e+00,5.269577503204345703e+00,1.034215831756591797e+01,8.640734672546386719e+00,6.282029151916503906e+00,8.951667785644531250e+00,8.466199874877929688e+00,5.716504096984863281e+00,4.976994514465332031e+00,4.889991760253906250e+00,7.273103237152099609e+00,2.282075405120849609e+00,9.353573322296142578e-01,1.302242994308471680e+00,3.490922927856445312e+00,4.471344470977783203e+00,-7.429543495178222656e+00,-1.046424865722656250e+01,-1.676025390625000000e+01,-2.767060470581054688e+01,-3.035132217407226562e+01,-2.937113380432128906e+01,-1.715671539306640625e+01,-6.228013038635253906e+00,-1.039349269866943359e+01,-2.151327896118164062e+01,-2.001363182067871094e+01,-2.002722930908203125e+01,-1.975133895874023438e+01,-1.540491867065429688e+01,-1.929729080200195312e+01,-1.402308559417724609e+01,-1.638547515869140625e+01,-1.177013778686523438e+01,-4.585207939147949219e+00,-1.195526695251464844e+01,-1.845835494995117188e+01,-2.022612380981445312e+01,-2.537335968017578125e+01,-1.911022949218750000e+01,-1.256849098205566406e+01,-1.077624034881591797e+01,-1.415892028808593750e+01,-2.066300582885742188e+01,-2.474296760559082031e+01,-2.722930717468261719e+01,-2.346938896179199219e+01,-2.117360305786132812e+01,-1.139144515991210938e+01,-4.705856800079345703e+00,-1.347541809082031250e+01,-1.757220458984375000e+01,-2.067056465148925781e+01,-7.829713821411132812e+00,-7.367231845855712891e+00,-1.040983676910400391e+01,-1.524064826965332031e+01,-1.011633396148681641e+01,-1.560000228881835938e+01,-1.557027626037597656e+01,-1.453009605407714844e+01,-1.316766357421875000e+01,-1.233419322967529297e+01,-1.752235031127929688e+01,-1.739186477661132812e+01,-1.594687843322753906e+01,-1.104152107238769531e+01,-8.787705421447753906e+00,-7.232392787933349609e+00,-6.197777271270751953e+00,-4.735476970672607422e+00,-3.050867319107055664e+00,-7.230727672576904297e+00,-1.504910469055175781e+01,-1.697616195678710938e+01,-1.801151466369628906e+01,-1.553514957427978516e+01,-1.307800674438476562e+01,-2.755625963211059570e+00,-2.708489179611206055e+00,-3.229880094528198242e+00,4.113289713859558105e-01,-3.480308651924133301e-01,-1.109973335266113281e+01,-2.536642265319824219e+01,-2.236788940429687500e+01,-1.490868949890136719e+01,-1.362035083770751953e+01,-1.270366859436035156e+01,-1.188436698913574219e+01,-1.124270915985107422e+01,-6.593379497528076172e+00,-2.424326658248901367e+00,-1.545732975006103516e+00,-1.440214395523071289e+00,-4.194013595581054688e+00,-1.233009433746337891e+01,-1.686365509033203125e+01,-9.175268173217773438e+00,-2.768987178802490234e+00,-1.027666473388671875e+01,-8.707981109619140625e+00,2.623716831207275391e+00,4.968146800994873047e+00,-5.748027801513671875e+00,-1.705079269409179688e+01,-1.693931961059570312e+01,-1.810488891601562500e+01,-1.641760063171386719e+01,-1.807197570800781250e+01,-2.095455360412597656e+01,-8.730951309204101562e+00,-1.398745775222778320e+00,8.002305984497070312e+00,7.001642227172851562e+00,-1.828595280647277832e+00,-9.667873382568359375e+00,-1.032636642456054688e+01,-1.183532142639160156e+01,-7.006674766540527344e+00,-8.433150053024291992e-01,-4.161672115325927734e+00,-5.806742668151855469e+00,-3.441794872283935547e+00,5.521005630493164062e+00,1.147683334350585938e+01,1.003803062438964844e+01,1.283029174804687500e+01,1.540770912170410156e+01,1.325886821746826172e+01,1.020957374572753906e+01,1.214200592041015625e+01,1.047972679138183594e+01,7.797469615936279297e+00,1.185593318939208984e+01,1.436798095703125000e+01,1.493354701995849609e+01,8.365926742553710938e+00,6.047799587249755859e+00,9.592777252197265625e+00,1.087126350402832031e+01,1.523513555526733398e+00,-2.046694993972778320e+00,-6.904115676879882812e-01,5.934612274169921875e+00,4.193492889404296875e+00,6.179627418518066406e+00,8.668797492980957031e+00,-1.343938446044921875e+01,-1.741937255859375000e+01,-1.699275398254394531e+01,-1.640279006958007812e+01,-1.130233192443847656e+01,-4.679757118225097656e+00,-7.161824226379394531e+00,-1.865582466125488281e+01,-3.163999938964843750e+01,-3.347748184204101562e+01,-2.747123718261718750e+01,-1.570818519592285156e+01,-5.160230159759521484e+00,-8.678577423095703125e+00,-5.495808601379394531e+00,-4.188413619995117188e+00,-6.101156234741210938e+00,-1.032851982116699219e+01,-1.050785827636718750e+01,-1.375380611419677734e+01,-1.416859340667724609e+01,-1.425693511962890625e+01,-1.564262199401855469e+01,-2.235655975341796875e+01,-1.839108276367187500e+01,-1.719298553466796875e+01,-1.701124000549316406e+01,-1.844512748718261719e+01,-1.419418907165527344e+01,-1.288971138000488281e+01,-5.996625900268554688e+00,-1.594372367858886719e+01,-2.588190460205078125e+01,-1.857741355895996094e+01,-1.905127525329589844e+01,-2.324105072021484375e+01,-2.460674667358398438e+01,-2.607997131347656250e+01,-2.481523132324218750e+01,-1.797516632080078125e+01,-9.654600143432617188e+00,-3.690124750137329102e+00,-1.556488513946533203e+00,-3.635197162628173828e+00,-5.068868637084960938e+00,1.061559081077575684e+00,5.360576629638671875e+00,-1.067162632942199707e+00,-5.035221099853515625e+00,-1.745098590850830078e+00,-3.521838188171386719e+00,-9.650222778320312500e+00,-9.144984245300292969e+00,-1.276194000244140625e+01,-1.920215797424316406e+01,-1.881785202026367188e+01,-1.200729179382324219e+01,-9.943734169006347656e+00,-2.020659255981445312e+01,-2.794166374206542969e+01,-3.084818267822265625e+01,-2.745922279357910156e+01,-1.975439453125000000e+01,-1.089490890502929688e+01,-3.226112842559814453e+00,-2.981518030166625977e+00,-6.169625282287597656e+00,-9.006485939025878906e+00,-6.418148994445800781e+00,-1.008193016052246094e+01,-1.969545555114746094e+01,-2.422078704833984375e+01,-2.201635742187500000e+01,-1.588382720947265625e+01,-1.108164405822753906e+01,-9.568060874938964844e+00,-4.462951660156250000e+00,-2.986865997314453125e+00,-4.143648147583007812e+00,-1.701669931411743164e+00,-1.164531469345092773e+00,-7.280910968780517578e+00,-2.569111108779907227e+00,-2.973581552505493164e+00,-1.745903134346008301e+00,-9.411906242370605469e+00,-1.540943241119384766e+01,-1.644352340698242188e+01,-1.216882514953613281e+01,-1.886261558532714844e+01,-1.964883422851562500e+01,-1.245340347290039062e+01,-1.205979156494140625e+01,-1.525912857055664062e+01,-1.417260360717773438e+01,-1.369815826416015625e+01,-1.652551841735839844e+01,-1.032299613952636719e+01,-3.163432598114013672e+00,-6.298168182373046875e+00,-1.097792720794677734e+01,-1.046498203277587891e+01,-4.727649688720703125e+00,4.503785610198974609e+00,1.216085338592529297e+01,1.231308937072753906e+01,4.329058170318603516e+00,-5.196082115173339844e+00,-1.536158180236816406e+01,-1.675654983520507812e+01,-1.949115753173828125e+01,-2.180633163452148438e+01,-2.014840316772460938e+01,-1.696065521240234375e+01,-1.407522010803222656e+01,-8.786134719848632812e+00,-2.195048522949218750e+01,-2.739696121215820312e+01,-2.516498565673828125e+01,-2.439549255371093750e+01,-2.610624694824218750e+01,-2.377147865295410156e+01,-2.502008819580078125e+01,-2.163504791259765625e+01,-2.644160461425781250e+01,-2.857126235961914062e+01,-1.914606475830078125e+01,-1.087769699096679688e+01,-1.244652938842773438e+01,-1.317724609375000000e+01,-1.777515530586242676e+00,7.233524322509765625e+00,1.256151199340820312e+01,1.183798980712890625e+01,8.313687324523925781e+00,-2.400645971298217773e+00,-7.216911315917968750e+00,-1.850755333900451660e+00,8.971773982048034668e-01,6.666979789733886719e+00,6.270329475402832031e+00,6.861646652221679688e+00,7.018227577209472656e+00,7.788501739501953125e+00,-6.948249340057373047e+00,-1.514228153228759766e+01,-1.080542945861816406e+01,-2.546449899673461914e+00,-4.630659580230712891e+00,-6.149456024169921875e+00,-6.516798973083496094e+00,-7.841718673706054688e+00,-1.027910423278808594e+01,-7.992446899414062500e+00,-2.181305885314941406e+00,-1.330344676971435547e-01,2.744929075241088867e+00,6.271938323974609375e+00,2.175563573837280273e+00,5.568754673004150391e-01,4.446263790130615234e+00,7.571444511413574219e+00,8.333423614501953125e+00,2.007220268249511719e+00,-1.524753332138061523e+00,1.943586349487304688e+00,8.745561838150024414e-01,3.372925817966461182e-01,-3.460763096809387207e-01,-1.913394927978515625e-01,5.374655723571777344e+00,7.379936218261718750e+00,4.739732742309570312e+00,-4.324597120285034180e-01,-1.491552948951721191e+00,2.372447967529296875e+00,-5.554708480834960938e+00,-7.831962585449218750e+00,-1.139056396484375000e+01,-1.725537300109863281e+01,-2.239886474609375000e+01,-1.424192237854003906e+01,2.111786127090454102e+00,-4.583131790161132812e+00,-1.562196540832519531e+01,-1.419023513793945312e+01,-1.171664333343505859e+01,-1.116538333892822266e+01,-1.282353019714355469e+01,-2.384800910949707031e+01,-1.932691574096679688e+01,-1.557427787780761719e+01,-1.778108215332031250e+01,-1.113519287109375000e+01,-1.260532760620117188e+01,-9.711980819702148438e+00,-6.326308727264404297e+00,-1.216570377349853516e+01,-1.072862243652343750e+01,-8.875064849853515625e+00,-8.967048645019531250e+00,-1.157843017578125000e+01,-7.446583747863769531e+00,-2.796140670776367188e+00,-4.451243400573730469e+00,-1.520026588439941406e+01,-1.754745483398437500e+01,-8.230853080749511719e+00,-3.583970546722412109e+00,7.843488693237304688e+00,-1.599792718887329102e+00,-2.963535547256469727e+00,-7.676644802093505859e+00,-1.064030742645263672e+01,-1.614487075805664062e+01,-2.084304237365722656e+01,-2.011732101440429688e+01,-6.361881732940673828e+00,3.955955266952514648e+00,3.653642654418945312e+00,-6.522939682006835938e+00,-1.171944713592529297e+01,-1.086500930786132812e+01,-7.998720169067382812e+00,-9.129168510437011719e+00,-9.737415313720703125e+00,-1.164241981506347656e+01,-1.561439704895019531e+01,-1.423432159423828125e+01,-1.385850334167480469e+01,-1.195888996124267578e+01,-8.153760910034179688e+00,-2.328969001770019531e+00,-4.599271774291992188e+00,-2.864737033843994141e+00,-1.873835086822509766e+00,-1.615223693847656250e+01,-3.016446304321289062e+01,-2.792621994018554688e+01,-1.573413658142089844e+01,-1.359804344177246094e+01,-1.353973293304443359e+01,-4.444787025451660156e+00,-3.017737567424774170e-01,-1.378480195999145508e+00,-1.048003959655761719e+01,-1.812342834472656250e+01,-1.469038867950439453e+01,-4.900468349456787109e+00,4.554080009460449219e+00,7.698061466217041016e+00,9.552278518676757812e+00,-1.445333957672119141e-01,-7.778219699859619141e+00,-9.130689620971679688e+00,-7.650891304016113281e+00,2.316792488098144531e+00,7.975723266601562500e+00,4.501159191131591797e+00,2.337278842926025391e+00,-3.118169069290161133e+00,-6.422341346740722656e+00,-5.726647377014160156e+00,4.036708831787109375e+00,7.678127288818359375e+00,9.929904937744140625e+00,5.216113090515136719e+00,-1.330730676651000977e+00,-2.828821659088134766e+00,-2.084727764129638672e+00,-2.404994487762451172e+00,-7.833329439163208008e-01,-4.504849910736083984e+00,-1.044074058532714844e+01,-1.438377571105957031e+01,-6.347944259643554688e+00,4.212896823883056641e-01,-7.804721355438232422e+00,-4.484833240509033203e+00,-2.688255071640014648e+00,-5.068873882293701172e+00,-8.280419349670410156e+00,-1.009086036682128906e+01,-1.062166023254394531e+01,-6.569889068603515625e+00,-4.657912254333496094e+00,-5.435064315795898438e+00,-1.009873199462890625e+01,-2.109989738464355469e+01,-1.903170013427734375e+01,-1.420044231414794922e+01,-1.143537044525146484e+01,-1.195277595520019531e+01,-1.321647453308105469e+01,-1.483343601226806641e+01,-1.995893478393554688e+01,-2.022425460815429688e+01,-1.965877914428710938e+01,-2.578531455993652344e+01,-1.786732673645019531e+01,-1.520052909851074219e+01,-1.799357223510742188e+01,-1.772280883789062500e+01,-1.611668968200683594e+01,-1.081666755676269531e+01,-3.333458185195922852e+00,-1.386344790458679199e+00,1.816268682479858398e+00,2.368577241897583008e+00,7.950851917266845703e+00,7.075221061706542969e+00,1.154984474182128906e+01,7.242548942565917969e+00,-5.335169315338134766e+00,-4.374397993087768555e-01,1.821848297119140625e+01,1.837890243530273438e+01,-2.350304126739501953e+00,-1.981979751586914062e+01,-1.784104156494140625e+01,-1.695516967773437500e+01,-1.991319656372070312e+01,-1.288192367553710938e+01,-7.636933326721191406e-01,3.126777648925781250e+00,-6.994678497314453125e+00,-2.686651611328125000e+01,-2.875406265258789062e+01,-1.482191276550292969e+01,-2.674622774124145508e+00,-2.703797101974487305e+00,-3.018365859985351562e+00,-8.045904159545898438e+00,-1.296949005126953125e+01,-1.321891975402832031e+01,-5.904201507568359375e+00,-2.672957658767700195e+00,-2.143186092376708984e+00,-1.274405837059020996e+00,-1.043945407867431641e+01,-1.096352958679199219e+01,-7.443363666534423828e+00,-7.430254936218261719e+00,-1.969165563583374023e+00,1.363471031188964844e+00,6.919885873794555664e-01,-8.608989715576171875e+00,-1.434514331817626953e+01,-5.832312583923339844e+00,-3.654173314571380615e-01,1.714093327522277832e+00,1.764703750610351562e+00,-3.329833507537841797e+00,-8.361675262451171875e+00,-1.241637706756591797e+01,-8.032281875610351562e+00,-3.066601514816284180e+00,-7.548217773437500000e+00,-1.260311412811279297e+01,-1.140790557861328125e+01,-8.301786422729492188e+00,-1.086863422393798828e+01,-9.911284446716308594e+00,-6.869177818298339844e+00,-4.204957008361816406e+00,-2.051898956298828125e+00,2.302009105682373047e+00,3.817803859710693359e+00,3.902620315551757812e+00,1.277299880981445312e+00,1.950345635414123535e+00,7.094617843627929688e+00,7.485448837280273438e+00,2.010035514831542969e+00,-2.787792682647705078e+00,1.262670874595642090e+00,1.510106563568115234e+00,7.917596817016601562e+00,8.187040328979492188e+00,9.802916526794433594e+00,1.433071708679199219e+01,1.349291324615478516e+01,1.254279136657714844e+01,1.405016231536865234e+01,1.678438758850097656e+01,1.424913120269775391e+01,7.444431304931640625e+00,9.753324508666992188e+00,1.358483505249023438e+01,1.199865531921386719e+01,1.010118961334228516e+01,7.984220504760742188e+00,7.283582687377929688e+00,9.658809661865234375e+00,9.911106109619140625e+00,5.320763111114501953e+00,1.217089533805847168e+00,2.629127740859985352e+00,-2.323355913162231445e+00,-6.026972770690917969e+00,-1.021018123626708984e+01,-1.437978553771972656e+01,-6.962598323822021484e+00,-4.322531700134277344e+00,5.533122062683105469e+00,1.091934442520141602e+00,-1.202028656005859375e+01,-2.459282684326171875e+01,-9.873947143554687500e+00,-3.060857772827148438e+00,-2.346384048461914062e+00,-1.132428932189941406e+01,-1.420307159423828125e+01,-1.487520217895507812e+01,-2.649077606201171875e+01,-3.444131088256835938e+01,-4.110152435302734375e+01,-4.721587371826171875e+01,-3.725350189208984375e+01,-2.703548812866210938e+01,-3.103053092956542969e+01,-2.774941825866699219e+01,-2.850725555419921875e+01,-2.630361938476562500e+01,-2.408175277709960938e+01,-2.010646629333496094e+01,2.753394842147827148e+00,5.431562423706054688e+00,3.301315307617187500e+00,-1.843212962150573730e+00,-6.173000335693359375e+00,-1.263575363159179688e+01,-1.607065582275390625e+01,-1.397640228271484375e+01,-1.550871086120605469e+01,-1.169635391235351562e+01,-7.066222190856933594e+00,-3.154659569263458252e-01,-4.383181571960449219e+00,-3.021666526794433594e+00,-1.634237527847290039e+00,-1.059230422973632812e+01,-1.701445770263671875e+01,-1.447335815429687500e+01,-1.350642204284667969e+01,-1.510041713714599609e+01,-1.185637760162353516e+01,-1.294732284545898438e+01,-6.186813354492187500e+00,-7.119122505187988281e+00,-1.342429351806640625e+01,-1.709103202819824219e+01,-1.715197372436523438e+01,-1.738054847717285156e+01,-1.644475364685058594e+01,-7.652414798736572266e+00,1.465871334075927734e+00,-9.204737544059753418e-01,-9.923344850540161133e-01,-1.919838905334472656e+01,-2.500558090209960938e+01,-2.327963256835937500e+01,-2.277407836914062500e+01,-1.513047981262207031e+01,-3.693550825119018555e+00,4.453012347221374512e-01,-2.777861356735229492e-01,-3.916481494903564453e+00,-3.887140452861785889e-01,4.729378700256347656e+00,-1.874052286148071289e+00,-3.532947778701782227e+00,2.520164251327514648e-01,-1.595092296600341797e+01,-1.517796134948730469e+01,-1.166388702392578125e+01,-1.209937095642089844e+01,-8.920722961425781250e+00,-1.235845756530761719e+01,-1.597246551513671875e+01,-1.504400730133056641e+01,-9.978391647338867188e+00,-5.032816886901855469e+00,-7.085890769958496094e+00,-3.294823169708251953e+00,9.374258041381835938e+00,1.393023490905761719e+01,1.115108108520507812e+01,1.253292465209960938e+01,1.123455429077148438e+01,1.530742645263671875e+01,2.129314804077148438e+01,2.470923042297363281e+01,2.000642204284667969e+01,1.261796855926513672e+01,7.787259101867675781e+00,2.528100013732910156e+00,-3.420923233032226562e+00,-1.752700805664062500e+01,-1.400942230224609375e+01,-9.420999526977539062e+00,-1.106285762786865234e+01,-1.427586364746093750e+01,-9.737627029418945312e+00,-7.258826732635498047e+00,-8.590348243713378906e+00,-6.596501350402832031e+00,-4.360556602478027344e+00,-3.663720130920410156e+00,-3.396077871322631836e+00,-3.681205749511718750e+00,-1.833218574523925781e+00,-1.091941547393798828e+01,-1.667123031616210938e+01,-1.299031257629394531e+01,1.408614754676818848e+00,2.526589155197143555e+00,3.675283670425415039e+00,2.212336540222167969e+00,-8.254846572875976562e+00,-9.242179870605468750e+00,-8.522504806518554688e+00,-1.080082225799560547e+01,-6.880213260650634766e+00,-7.479308605194091797e+00,-6.801286697387695312e+00,-1.679263830184936523e+00,-3.187964916229248047e+00,-4.309938430786132812e+00,-2.661999225616455078e+00,9.388569593429565430e-01,1.374629139900207520e+00,-1.160362815856933594e+01,-1.993681526184082031e+01,-1.917287826538085938e+01,-1.507106018066406250e+01,-1.385534667968750000e+01,-1.414055252075195312e+01,-1.965993881225585938e+01,-3.014768218994140625e+01,-2.734201812744140625e+01,-2.314929199218750000e+01,-1.930117988586425781e+01,-2.105950355529785156e+01,-2.589205932617187500e+01,-2.116624832153320312e+01,-2.113039779663085938e+01,-1.800951385498046875e+01,-1.880428314208984375e+01,-2.829446792602539062e+01,-2.704788398742675781e+01,-2.649568939208984375e+01,-2.596789741516113281e+01,-2.434357070922851562e+01,-1.391405677795410156e+01,-1.383122634887695312e+01,-1.259606552124023438e+01,-8.895814895629882812e+00,-1.482810688018798828e+01,-1.356688880920410156e+01,-1.144411754608154297e+01,-5.573967933654785156e+00,-6.877161979675292969e+00,-5.994922161102294922e+00,-7.736519336700439453e+00,-8.590760231018066406e+00,-9.827108383178710938e+00,-3.578855991363525391e+00,-4.882348775863647461e-01,-3.933811426162719727e+00,-2.386726617813110352e+00,-1.010355758666992188e+01,-2.405390930175781250e+01,-2.215959548950195312e+01,-1.213102149963378906e+01,-9.991022109985351562e+00,-1.725084686279296875e+01,-1.169261741638183594e+01,-1.199502277374267578e+01,-1.780722045898437500e+01,-1.138282966613769531e+01,2.936678171157836914e+00,1.060591697692871094e+01,1.251219558715820312e+01,1.144680309295654297e+01,3.656933307647705078e+00,-5.640770912170410156e+00,-5.497842788696289062e+00,-9.525522232055664062e+00,-1.794108200073242188e+01,-1.888301849365234375e+01,-9.235087394714355469e+00,5.383026599884033203e-02,1.136315584182739258e+00,-6.029764413833618164e-01,-7.032420158386230469e+00,-1.588269901275634766e+01,-1.856497001647949219e+01,-1.885797691345214844e+01,-2.254225540161132812e+01,-1.957402801513671875e+01,-1.746419143676757812e+01,-1.466942596435546875e+01,-1.443605041503906250e+01,-2.272810745239257812e+01,-2.204727172851562500e+01,-2.349760437011718750e+01,-1.984319114685058594e+01,-1.222647476196289062e+01,-1.425384807586669922e+01,-7.091762542724609375e+00,8.062217235565185547e-01,-1.835291862487792969e+00,-5.724982738494873047e+00,-5.203734874725341797e+00,8.730519294738769531e+00,1.127629375457763672e+01,-2.943618059158325195e+00,-1.479483699798583984e+01,-1.450957965850830078e+01,-5.528534889221191406e+00,4.259469032287597656e+00,1.251538467407226562e+01,1.449209785461425781e+01,1.862720680236816406e+01,2.326047325134277344e+01,1.095994853973388672e+01,4.715938091278076172e+00,3.332709789276123047e+00,1.989609479904174805e+00,3.982464313507080078e+00,6.767859935760498047e+00,3.763938188552856445e+00,-1.399401092529296875e+01,-1.449608898162841797e+01,-1.009820175170898438e+01,-1.791487503051757812e+01,-1.560873603820800781e+01,-1.953928756713867188e+01,-1.675053215026855469e+01,-2.331398391723632812e+01,-2.901505661010742188e+01,-1.670479583740234375e+01,-1.694987106323242188e+01,-2.067995834350585938e+01,-2.065656280517578125e+01,-1.793553733825683594e+01,-1.785088729858398438e+01,-1.834495925903320312e+01,-1.684161758422851562e+01,-1.823658561706542969e+01,-1.442323493957519531e+01,-1.812498092651367188e+01,-2.121699523925781250e+01,-7.620457649230957031e+00,-5.468951463699340820e-01,8.315520882606506348e-01,-1.579021692276000977e+00,-3.097588300704956055e+00,-3.097104787826538086e+00,2.990731000900268555e-01,1.568426847457885742e+00,-5.358609676361083984e+00,-5.066186904907226562e+00,-2.933695316314697266e+00,5.781513452529907227e-01,-1.156029224395751953e+00,-7.741877555847167969e+00,-4.879039764404296875e+00,-4.819397330284118652e-01,-1.085352897644042969e-01,3.109784364700317383e+00,3.825229167938232422e+00,5.678956985473632812e+00,7.579779624938964844e+00,6.900847911834716797e+00,4.694468498229980469e+00,1.296384811401367188e+00,-1.453190135955810547e+01,-1.659692764282226562e+01,-1.084890747070312500e+01,-1.258161163330078125e+01,-1.661206436157226562e+01,-2.557004165649414062e+01,-2.928910446166992188e+01,-2.158899879455566406e+01,-1.298590183258056641e+01,-9.480424880981445312e+00,-1.682354354858398438e+01,-2.224171066284179688e+01,-1.879419708251953125e+01,-9.372428894042968750e+00,5.684338092803955078e+00,-3.699544191360473633e+00,-3.672225952148437500e+00,-2.390322685241699219e+00,-6.672674655914306641e+00,-3.022399902343750000e+00,-4.048519134521484375e+00,-4.382029056549072266e+00,-1.522588014602661133e+00,1.293158531188964844e-01,-1.050472259521484375e+00,-5.047561526298522949e-01,-2.543146371841430664e+00,5.544377326965332031e+00,1.543077659606933594e+01,1.009613323211669922e+01,-1.451345634460449219e+01,-2.157278442382812500e+01,-1.958834075927734375e+01,-1.748341560363769531e+01,-2.061134719848632812e+01,-2.135732078552246094e+01,-1.934163284301757812e+01,-1.585048866271972656e+01,-1.631475448608398438e+01,-1.890769386291503906e+01,-1.758170700073242188e+01,-1.279201793670654297e+01,-6.645729064941406250e+00,-1.472895050048828125e+01,-1.875355148315429688e+01,-1.343554878234863281e+01,-1.509291553497314453e+01,-6.386269569396972656e+00,-1.586943745613098145e+00,-2.202241659164428711e+00,-9.761363983154296875e+00,-8.293096542358398438e+00,-4.684093475341796875e+00,-1.326982378959655762e+00,5.202121257781982422e+00,4.208693981170654297e+00,6.891677856445312500e+00,6.143306732177734375e+00,3.496194839477539062e+00,1.899410009384155273e+00,-3.228307366371154785e-01,9.616692662239074707e-01,-3.134983539581298828e+00,-7.530745506286621094e+00,-1.404109954833984375e+01,-1.490174484252929688e+01,-2.234214591979980469e+01,-2.436833572387695312e+01,-2.202394104003906250e+01,-1.801966285705566406e+01,-1.708475875854492188e+01,-1.904089355468750000e+01,-2.118847846984863281e+01,-1.763689804077148438e+01,-4.767491340637207031e+00,8.432564735412597656e-01,-8.349312782287597656e+00,-7.154178619384765625e+00,1.510069251060485840e+00,-9.223854541778564453e-02,3.626327514648437500e-01,-1.246053934097290039e+00,-1.231878280639648438e+01,-1.002094078063964844e+01,-7.643221020698547363e-01,1.312597036361694336e+00,-8.482533693313598633e-01,-5.689260363578796387e-01,-1.604428052902221680e+00,-1.954854011535644531e+00,-1.577342271804809570e+00,-1.683683872222900391e+00,-3.381827354431152344e+00,-3.979452610015869141e+00,-3.300289154052734375e+00,-2.019857645034790039e+00,1.002964735031127930e+00,6.082090854644775391e+00,5.481324195861816406e+00,6.980252265930175781e+00,3.701590061187744141e+00,-3.076487779617309570e-01,-2.229861497879028320e+00,-5.081148147583007812e-01,3.152185201644897461e+00,-9.745715856552124023e-01,-2.103007316589355469e+00,3.472992420196533203e+00,2.001344680786132812e+00,1.331431150436401367e+00,2.559454917907714844e+00,-7.222049832344055176e-01,-1.728679656982421875e+00,5.056264877319335938e+00,1.031584501266479492e+00,2.111569941043853760e-01,4.726963996887207031e+00,4.816187858581542969e+00,-9.466804504394531250e+00,-1.260613346099853516e+01,-1.610081672668457031e+01,-2.312656784057617188e+01,-2.089387893676757812e+01,-1.882457351684570312e+01,-1.039520263671875000e+01,-1.392032504081726074e+00,-1.338324308395385742e+00,-1.558643341064453125e+00,4.353024482727050781e+00,5.949419021606445312e+00,3.481125116348266602e+00,-1.025809097290039062e+01,-2.013367271423339844e+01,-2.062586975097656250e+01,-2.771790695190429688e+01,-2.892672920227050781e+01,-2.669165420532226562e+01,-2.729129028320312500e+01,-2.880746459960937500e+01,-2.605155181884765625e+01,-2.411834716796875000e+01,-2.637266921997070312e+01,-2.352552223205566406e+01,-1.697893905639648438e+01,-1.319561767578125000e+01,-5.220371723175048828e+00,-9.407083511352539062e+00,-7.011957168579101562e+00,-1.104752540588378906e+01,-1.408896350860595703e+01,-2.041319274902343750e+01,-2.316747665405273438e+01,-2.312242507934570312e+01,-1.676106071472167969e+01,-1.079873371124267578e+01,-8.681117057800292969e+00,-8.429586410522460938e+00,-6.336270332336425781e+00,-1.532826614379882812e+01,-1.775353240966796875e+01,-2.650418090820312500e+01,-1.931455993652343750e+01,-3.290895223617553711e+00,-3.884675502777099609e-01,5.487477779388427734e-02,-4.547219276428222656e+00,-8.938791275024414062e+00,-7.672950267791748047e+00,-7.551185607910156250e+00,-7.472639083862304688e+00,-4.329869270324707031e+00,-4.342370510101318359e+00,-7.827687740325927734e+00,-1.165737152099609375e+01,-9.476807594299316406e+00,-1.108809471130371094e+01,-1.592088127136230469e+01,-1.442724895477294922e+01,-8.739390373229980469e+00,-6.814235687255859375e+00,-7.657795429229736328e+00,-7.470289230346679688e+00,-3.178613185882568359e-01,1.076196098327636719e+01,-5.505199432373046875e+00,-1.556217575073242188e+01,-2.107399749755859375e+01,-1.360997962951660156e+01,-3.954129695892333984e+00,-1.938978958129882812e+01,-2.841020202636718750e+01,-2.648873138427734375e+01,-1.864800071716308594e+01,-1.922278785705566406e+01,-2.467341613769531250e+01,-2.550339889526367188e+01,-2.140205764770507812e+01,-1.149386024475097656e+01,-9.052775382995605469e+00,-8.592693328857421875e+00,-1.106701374053955078e+01,-2.061400985717773438e+01,-1.813462066650390625e+01,-9.703389167785644531e+00,-3.382593154907226562e+00,-1.663997769355773926e+00,5.381720066070556641e+00,3.789017677307128906e+00,4.972445368766784668e-01,-1.709106087684631348e+00,1.293617963790893555e+00,7.865023612976074219e+00,9.452667236328125000e+00,1.139222145080566406e+01,1.281562995910644531e+01,9.173000335693359375e+00,1.079582214355468750e+01,6.938388347625732422e+00,7.055244445800781250e+00,1.366669654846191406e+01,1.312831306457519531e+01,8.881677627563476562e+00,9.106026649475097656e+00,6.442844867706298828e+00,3.207664728164672852e+00,2.220214128494262695e+00,4.213822364807128906e+00,5.124702930450439453e+00,2.605553627014160156e+00,5.146551609039306641e+00,8.258084297180175781e+00,7.973018646240234375e+00,8.396945953369140625e+00,7.455687999725341797e+00,-1.503739452362060547e+01,-2.164511871337890625e+01,-2.700026130676269531e+01,-2.722345352172851562e+01,-2.505050277709960938e+01,-2.239836883544921875e+01,-2.272379112243652344e+01,-2.006131744384765625e+01,-2.544548606872558594e+01,-2.093344879150390625e+01,-2.470955276489257812e+01,-2.702979087829589844e+01,-2.515587234497070312e+01,-2.010187149047851562e+01,-1.852028656005859375e+01,-1.896221542358398438e+01,-1.601223945617675781e+01,-1.354835033416748047e+01,-1.420379066467285156e+01,-1.943464660644531250e+01,-1.970818138122558594e+01,-1.010345649719238281e+01,-4.438357353210449219e+00,-6.990148544311523438e+00,-6.895627021789550781e+00,-3.977478981018066406e+00,-1.401679158210754395e+00,-1.172490000724792480e+00,-6.533282279968261719e+00,-5.770302295684814453e+00,-5.272931098937988281e+00,-6.883675575256347656e+00,-1.644420814514160156e+01,-2.097906112670898438e+01,-1.978715896606445312e+01,-1.631129837036132812e+01,-8.457298278808593750e+00,-4.650508403778076172e+00,-1.668544173240661621e+00,-1.004584312438964844e+01,-1.394433593750000000e+01,-1.642397499084472656e+01,-1.935331726074218750e+01,-1.758695602416992188e+01,-1.337399864196777344e+01,-1.115123939514160156e+01,-6.116075038909912109e+00,-4.524456024169921875e+00,-4.309097766876220703e+00,-5.500065326690673828e+00,-6.185062408447265625e+00,-7.370108604431152344e+00,-3.471749067306518555e+00,-8.680385351181030273e-01,-4.070513546466827393e-01,2.898912429809570312e+00,2.061492204666137695e+00,-7.812610864639282227e-01,-8.903314590454101562e+00,-7.014839172363281250e+00,-1.051122665405273438e+01,-2.060954284667968750e+01,-2.055111694335937500e+01,-1.814350318908691406e+01,-2.420614624023437500e+01,-2.982334136962890625e+01,-2.081308555603027344e+01,-1.621548461914062500e+01,-8.770677566528320312e+00,-6.512486457824707031e+00,-1.018943691253662109e+01,-1.333443546295166016e+01,-1.735212326049804688e+01,-3.749375581741333008e+00,6.239188313484191895e-01,-6.469909191131591797e+00,-1.167597579956054688e+01,-1.625292778015136719e+01,-1.660232543945312500e+01,-1.075321769714355469e+01,1.987827062606811523e+00,3.587536811828613281e+00,8.196215629577636719e+00,8.950439453125000000e+00,9.193004369735717773e-01,7.063614845275878906e+00,1.273043537139892578e+01,8.994018554687500000e+00,-8.803651809692382812e+00,-2.119426727294921875e+01,-1.831466674804687500e+01,-1.398608589172363281e+01,-1.056713294982910156e+01,-9.560148239135742188e+00,-8.627107620239257812e+00,-5.678428649902343750e+00,3.140325546264648438e+00,-6.439190864562988281e+00,-1.947137069702148438e+01,-2.173146057128906250e+01,-2.563698005676269531e+01,-2.860329818725585938e+01,-3.562847900390625000e+01,-8.719461441040039062e+00,7.289491176605224609e+00,8.174376487731933594e+00,8.969915390014648438e+00,3.636322021484375000e+00,-1.643995761871337891e+00,-2.879047632217407227e+00,8.128535151481628418e-01,-8.464862823486328125e+00,-1.112351131439208984e+01,-9.113630294799804688e+00,-4.893771171569824219e+00,-2.278057098388671875e+00,-3.987868785858154297e+00,-5.078827857971191406e+00,-5.022789955139160156e+00,2.534321784973144531e+00,4.213643550872802734e+00,2.259396791458129883e+00,5.235933303833007812e+00,9.041076660156250000e+00,-1.150857448577880859e+00,-1.059813117980957031e+01,-9.360269546508789062e+00,-6.525281429290771484e+00,-3.587484836578369141e+00,1.328011751174926758e+00,-3.899261951446533203e+00,3.097324609756469727e+00,-1.301272869110107422e+00,-1.283903121948242188e+01,-1.580650329589843750e+01,-1.495528602600097656e+01,-1.843906021118164062e+01,-1.979173278808593750e+01,-1.745945549011230469e+01,-2.202688217163085938e+01,-1.992864227294921875e+01,-2.336795425415039062e+01,-2.498673820495605469e+01,-2.082630729675292969e+01,-2.159758377075195312e+01,-2.521069145202636719e+01,-2.596432304382324219e+01,-2.543908119201660156e+01,-2.396229171752929688e+01,-2.223204612731933594e+01,-1.906356620788574219e+01,-1.155025482177734375e+01,6.894280910491943359e-01,-4.157282352447509766e+00,-8.319513320922851562e+00,-6.323957443237304688e+00,-9.984721183776855469e+00,-1.179653167724609375e+01,-1.613896179199218750e+01,-1.774338150024414062e+01,-1.594570732116699219e+01,-1.323822402954101562e+01,-4.786774635314941406e+00,8.400243759155273438e+00,1.334107589721679688e+01,1.827782821655273438e+01,1.165381050109863281e+01,1.577376270294189453e+01,1.695016860961914062e+01,1.415967655181884766e+01,1.001046943664550781e+01,5.847961425781250000e+00,3.859188556671142578e+00,3.369587898254394531e+00,1.108296680450439453e+01,1.303870010375976562e+01,1.181435394287109375e+01,1.008386421203613281e+01,3.625899553298950195e+00,3.779019832611083984e+00,2.434605836868286133e+00,-5.527613639831542969e+00,-1.173424530029296875e+01,-7.156831264495849609e+00,7.665544509887695312e+00,1.612958717346191406e+01,1.664118957519531250e+01,1.613312149047851562e+01,1.121492576599121094e+01,1.170009422302246094e+01,1.202758693695068359e+01,1.886803269386291504e+00,-4.191681861877441406e+00,-1.990222185850143433e-01,1.693370342254638672e+00,-6.394960284233093262e-01,-1.875780820846557617e+00,-7.030638217926025391e+00,-9.087537765502929688e+00,-9.738908767700195312e+00,-1.097740364074707031e+01,-1.301593971252441406e+01,-1.356285762786865234e+01,-1.911635589599609375e+01,-2.186370849609375000e+01,-1.728330421447753906e+01,-7.895829200744628906e+00,-1.411743164062500000e+01,-8.391326904296875000e+00,1.824948549270629883e+00,-7.267947196960449219e+00,-2.041912078857421875e+01,-2.386950302124023438e+01,-1.227932643890380859e+01,4.179804801940917969e+00,8.883529663085937500e+00,3.302124977111816406e+00,2.404907703399658203e+00,2.062814712524414062e+00,6.234819889068603516e-01,-1.938297986984252930e+00,-5.547663688659667969e+00,-6.194334030151367188e+00,-7.033352851867675781e+00,-9.990329742431640625e+00,-1.047729969024658203e+01,-7.718405246734619141e+00,-1.050822067260742188e+01,-4.309435367584228516e+00,-1.257779598236083984e+00,1.072449684143066406e+00,-4.475783348083496094e+00,-1.096094799041748047e+01,-1.478325080871582031e+01,-1.413858222961425781e+01,-1.745246887207031250e+01,-1.559300231933593750e+01,-1.790276908874511719e+01,-1.423691940307617188e+01,-8.922361373901367188e+00,-1.423873186111450195e+00,-1.059285163879394531e+01,-1.663947296142578125e+01,-1.506416130065917969e+01,-1.432382202148437500e+01,-1.010835361480712891e+01,-3.449061155319213867e+00,-4.644672393798828125e+00,-1.609898757934570312e+01,-1.950342750549316406e+01,-1.935519027709960938e+01,-1.855563926696777344e+01,-9.157255172729492188e+00,-9.014166831970214844e+00,-1.242737007141113281e+01,-4.869794368743896484e+00,-9.362203598022460938e+00,-1.747569465637207031e+01,-2.345425415039062500e+01,-2.569308853149414062e+01,-2.371001434326171875e+01,-2.325672340393066406e+01,-2.561399078369140625e+01,-1.981145477294921875e+01,-1.605258369445800781e+01,-1.814809608459472656e+01,-2.536861038208007812e+01,-2.621220779418945312e+01,-2.335588073730468750e+01,-2.224293518066406250e+01,-1.472372245788574219e+01,-7.138761520385742188e+00,-6.582536697387695312e+00,2.318535327911376953e+00,2.081800222396850586e+00,1.222487568855285645e+00,3.468520164489746094e+00,-1.006955862045288086e+00,-8.090078830718994141e-01,-5.140681266784667969e+00,-2.105727195739746094e+00,-2.690668106079101562e+00,-3.341603755950927734e+00,-3.516725301742553711e+00,-1.734265136718750000e+01,-2.220093917846679688e+01,-1.495311355590820312e+01,-1.985224485397338867e-01,5.463009476661682129e-01,3.242986202239990234e+00,4.368021965026855469e+00,-5.030706882476806641e+00,-1.139204978942871094e+01,-8.129385948181152344e+00,-2.693249285221099854e-01,4.755877494812011719e+00,8.201678991317749023e-01,-2.259791374206542969e+00,-8.616527915000915527e-01,1.751418828964233398e+00,-1.347809791564941406e+00,-2.117703199386596680e+00,-1.317333817481994629e+00,-1.626602768898010254e+00,-5.254477858543395996e-01,4.235918998718261719e+00,-9.309858083724975586e-01,-1.134221792221069336e+00,3.792899131774902344e+00,5.566826462745666504e-01,-9.441297531127929688e+00,-1.466209316253662109e+01,-1.305499839782714844e+01,-1.513304328918457031e+01,-1.308873176574707031e+01,-1.475202655792236328e+01,-1.547863388061523438e+01,-1.008085250854492188e+01,-2.378737449645996094e+00,2.138525009155273438e+00,9.310276031494140625e+00,1.195720767974853516e+01,4.964434146881103516e+00,-4.033263206481933594e+00,-5.233199596405029297e+00,-9.928338050842285156e+00,-3.145955276489257812e+01,-3.862622070312500000e+01,-3.529648208618164062e+01,-2.970111274719238281e+01,-3.067926788330078125e+01,-2.623817443847656250e+01,-1.446750354766845703e+01,-7.231128692626953125e+00,-1.496316051483154297e+01,-2.236619949340820312e+01,-2.528395080566406250e+01,-2.424515151977539062e+01,-1.966801834106445312e+01,-1.401089000701904297e+01,-1.098037338256835938e+01,-1.035445785522460938e+01,-3.836634397506713867e+00,2.522863864898681641e+00,2.122352361679077148e+00,-1.957729101181030273e+00,-1.003600406646728516e+01,-1.172010993957519531e+01,-5.867905139923095703e+00,-8.833492279052734375e+00,-8.188144683837890625e+00,-1.342298746109008789e+00,3.575950622558593750e+00,-3.013090610504150391e+00,-6.324289321899414062e+00,-4.617190361022949219e+00,-3.972049713134765625e+00,-3.905659437179565430e+00,3.584144413471221924e-01,4.654452323913574219e+00,7.226083755493164062e+00,-7.518427371978759766e-01,-3.671338558197021484e+00,9.259510040283203125e+00,7.517083168029785156e+00,2.615612506866455078e+00,2.729192256927490234e+00,-2.494347095489501953e-01,-6.741678237915039062e+00,-7.475076198577880859e+00,-5.420444488525390625e+00,-7.809369087219238281e+00,-1.319466209411621094e+01,-1.627906417846679688e+01,-1.296709728240966797e+01,-1.111306571960449219e+01,-1.149675369262695312e+01,-1.025607109069824219e+01,-1.233918762207031250e+01,-1.512261772155761719e+01,-1.658602142333984375e+01,-1.905202865600585938e+01,-1.721854019165039062e+01,-1.290969657897949219e+01,-5.195678234100341797e+00,8.370674252510070801e-01,-3.378224849700927734e+00,-1.011377453804016113e+00,-1.139557647705078125e+01,-1.216832828521728516e+01,-8.958844184875488281e+00,-1.257939100265502930e+00,6.263545989990234375e+00,2.443012475967407227e+00,5.755295753479003906e-01,8.475515842437744141e-01,7.134109497070312500e+00,2.828350543975830078e+00,-1.112348937988281250e+01,-1.574563312530517578e+01,-2.134947204589843750e+01,-2.166830825805664062e+01,-1.403853225708007812e+01,-1.363504409790039062e+01,-1.720135116577148438e+01,-1.738637924194335938e+01,-1.136325263977050781e+01,-8.915379524230957031e+00,-5.124287605285644531e+00,-1.813786745071411133e+00,1.112946271896362305e+00,3.680090665817260742e+00,5.972809791564941406e+00,6.582827568054199219e+00,1.300268530845642090e+00,-1.266000366210937500e+01,-2.508081436157226562e+01,-1.949165344238281250e+01,-1.989944076538085938e+01,-1.928568077087402344e+01,-1.924334335327148438e+01,-1.177687644958496094e+01,-4.679925918579101562e+00,-7.487324237823486328e+00,-1.196666431427001953e+01,-1.213192939758300781e+01,-6.710361480712890625e+00,6.957921981811523438e-01,-2.613437175750732422e+00,-5.734110355377197266e+00,-1.641885399818420410e+00,8.451664447784423828e-01,-2.039429187774658203e+00,-1.817623376846313477e+00,-2.277354717254638672e+00,-2.696040153503417969e+00,-6.056009769439697266e+00,-7.065838575363159180e-02,2.885820388793945312e+00,2.062462329864501953e+00,3.066950559616088867e+00,3.066776037216186523e+00,4.849390983581542969e+00,8.071833610534667969e+00,5.901143074035644531e+00,3.855697631835937500e+00,-1.058231711387634277e+00,1.553980588912963867e+00,7.351328372955322266e+00,6.154726743698120117e-01,-1.455090141296386719e+01,-2.071497917175292969e+01,-1.882102584838867188e+01,-1.164824104309082031e+01,-1.044905948638916016e+01,-9.325447082519531250e+00,-1.393755722045898438e+01,-1.408168601989746094e+01,-1.293780612945556641e+01,-1.154827880859375000e+01,-1.343050956726074219e+01,-1.147429466247558594e+01,-7.101736545562744141e+00,-1.133350753784179688e+01,-2.052709579467773438e+01,-2.375351142883300781e+01,-2.157693862915039062e+01,-2.105858612060546875e+01,-8.072514533996582031e+00,-7.365930557250976562e+00,-1.172834014892578125e+01,-1.075324440002441406e+01,-9.281518936157226562e+00,-1.842133712768554688e+01,-2.536263847351074219e+01,-2.051350402832031250e+01,-1.131379890441894531e+01,-1.346324205398559570e+00,2.894590616226196289e+00,3.115850448608398438e+00,-1.652716875076293945e+00,-9.189751148223876953e-01,3.454834222793579102e+00,5.417945861816406250e+00,9.250411987304687500e+00,-7.771923542022705078e-01,-7.815085411071777344e+00,-1.546915817260742188e+01,-1.750152206420898438e+01,-2.319161987304687500e+01,-2.398674392700195312e+01,-2.245566749572753906e+01,-2.162948608398437500e+01,-2.144849014282226562e+01,-1.685237312316894531e+01,-1.902794265747070312e+01,-2.205726242065429688e+01,-2.413357162475585938e+01,-2.116560745239257812e+01,-1.875328445434570312e+01,-2.722601699829101562e+01,-2.859238815307617188e+01,-2.720890426635742188e+01,-2.606329345703125000e+01,-2.714970588684082031e+01,-2.681491088867187500e+01,-2.714273071289062500e+01,-2.772557640075683594e+01,-2.408713531494140625e+01,-1.718231201171875000e+01,-1.761114501953125000e+01,-2.439181137084960938e+01,-2.859783172607421875e+01,-2.416725540161132812e+01,-1.442529678344726562e+01,-1.875464248657226562e+01,-2.390808105468750000e+01,-2.048881912231445312e+01,-1.681613540649414062e+01,-1.423044586181640625e+01,-8.810696601867675781e+00,-4.641108512878417969e+00,-1.035040473937988281e+01,-1.668459701538085938e+01,-1.464193248748779297e+01,-1.104607009887695312e+01,-8.507354736328125000e+00,-1.133493328094482422e+01,-1.862778854370117188e+01,-1.069184970855712891e+01,-1.984471082687377930e-01,-3.972811937332153320e+00,-1.759534072875976562e+01,-2.173887062072753906e+01,-1.892122077941894531e+01,-1.352413368225097656e+01,-1.351493644714355469e+01,-1.326311588287353516e+01,-1.609469604492187500e+01,-1.857952117919921875e+01,-2.086808586120605469e+01,-1.360047149658203125e+01,-1.429957389831542969e+01,-8.073732376098632812e+00,-1.020654678344726562e+01,-9.905683517456054688e+00,-5.540139198303222656e+00,-9.596286773681640625e+00,-1.215891265869140625e+01,-1.108940124511718750e+01,-8.632389068603515625e+00,-3.153417110443115234e+00,4.095317840576171875e+00,4.960571229457855225e-01,4.265224337577819824e-01,2.665897369384765625e+00,-3.493990182876586914e+00,-7.180047035217285156e+00,-1.587592315673828125e+01,-9.641606330871582031e+00,-6.083446502685546875e+00,-1.466683483123779297e+01,-8.549680709838867188e+00,-9.163329124450683594e+00,-1.307760620117187500e+01,-1.187527656555175781e+01,4.439378261566162109e+00,-6.439782142639160156e+00,-1.769253921508789062e+01,-1.693117904663085938e+01,-2.045606613159179688e+01,-2.270840835571289062e+01,-1.969578552246093750e+01,-1.753959655761718750e+01,-1.215714073181152344e+01,-1.297197723388671875e+01,-1.435062503814697266e+01,-9.811134338378906250e+00,-7.957544326782226562e+00,-9.492385864257812500e+00,-1.229709720611572266e+01,-9.120081901550292969e+00,-5.273241043090820312e+00,-3.279435396194458008e+00,-3.656819820404052734e+00,-1.173515558242797852e+00,-2.113218069076538086e+00,5.261269211769104004e-01,5.815567016601562500e+00,1.970410346984863281e+00,1.394052863121032715e+00,2.917737960815429688e+00,4.426791667938232422e+00,2.423397541046142578e+00,-3.306264400482177734e+00,-1.689729332923889160e+00,2.024569749832153320e+00,1.476573348045349121e+00,3.640057563781738281e+00,3.710446357727050781e-01,-3.390395879745483398e+00,-7.008666992187500000e-01,2.711581230163574219e+00,3.238442242145538330e-01,4.840193986892700195e-01,4.170985698699951172e+00,5.368304729461669922e+00,5.898300170898437500e+00,6.207474708557128906e+00,4.257551670074462891e+00,-7.447567939758300781e+00,-3.212115764617919922e+00,6.649017333984375000e+00,1.136323547363281250e+01,8.158891677856445312e+00,2.928118228912353516e+00,-3.912426471710205078e+00,-1.652464294433593750e+01,-1.396972465515136719e+01,-1.375576210021972656e+01,-1.245234203338623047e+01,-5.227213859558105469e+00,1.518727660179138184e+00,1.167945003509521484e+01,2.104626846313476562e+01,1.864213943481445312e+01,6.093795776367187500e+00,-8.927115440368652344e+00,-1.496638870239257812e+01,-1.629561996459960938e+01,-2.729204654693603516e+00,4.563174247741699219e+00,6.669866561889648438e+00,6.656514167785644531e+00,7.233694076538085938e+00,1.120795631408691406e+01,1.038067054748535156e+01,-1.271368789672851562e+01,-2.055275726318359375e+01,-1.678815841674804688e+01,-1.863660812377929688e+01,-3.140432739257812500e+01,-3.253682708740234375e+01,-2.375872039794921875e+01,-1.419939422607421875e+01,-8.619314193725585938e+00,-1.914162445068359375e+01,-2.835349845886230469e+01,-2.324722671508789062e+01,-1.730709457397460938e+01,-1.246669769287109375e+01,-1.166645145416259766e+01,-1.160962677001953125e+01,-1.263231945037841797e+01,-1.124562454223632812e+01,-3.371557235717773438e+00,-1.923302531242370605e+00,5.816931724548339844e-01,-1.081137466430664062e+01,-1.039956092834472656e+01,-4.374228000640869141e+00,-8.675155639648437500e+00,-1.430270767211914062e+01,-1.670302200317382812e+01,-2.088098144531250000e+01,-1.287049293518066406e+01,-9.765522003173828125e+00,-1.164970207214355469e+01,-1.073361587524414062e+01,-1.474932384490966797e+01,-2.659588050842285156e+01,-2.363733291625976562e+01,-1.917793655395507812e+01,-1.882505035400390625e+01,-1.301820373535156250e+01,-1.269028568267822266e+01,-1.448413372039794922e+01,-1.778784179687500000e+01,-1.499776363372802734e+01,-4.128149747848510742e-01,1.432077598571777344e+01,1.191229629516601562e+01,4.727674007415771484e+00,-1.395697784423828125e+01,-2.407970428466796875e+01,-1.857158660888671875e+01,-9.831756591796875000e+00,-3.651686668395996094e+00,-3.292537450790405273e+00,-2.583952903747558594e+00,2.276355504989624023e+00,3.575175285339355469e+00,-5.613453388214111328e+00,-1.776246643066406250e+01,-2.189419555664062500e+01,-1.713730621337890625e+01,-1.132519340515136719e+01,-7.138600349426269531e+00,-5.155111312866210938e+00,-6.384095668792724609e+00,-5.804551601409912109e+00,-3.781283855438232422e+00,2.633740425109863281e+00,4.610815048217773438e+00,2.075614452362060547e+00,3.937740802764892578e+00,5.666041851043701172e+00,9.867547750473022461e-01,-2.303870916366577148e-01,2.403405666351318359e+00,2.632653236389160156e+00,1.849874854087829590e+00,-1.057312846183776855e+00,-3.088024854660034180e+00,-1.116946411132812500e+01,-9.248961448669433594e+00,-7.777523994445800781e+00,-6.391391754150390625e+00,-9.089962005615234375e+00,-7.970455169677734375e+00,-5.597904682159423828e+00,-2.018046188354492188e+01,-2.457874488830566406e+01,-1.914134407043457031e+01,-1.785593414306640625e+01,-2.157004165649414062e+01,-3.002240562438964844e+01,-3.617038726806640625e+01,-2.296937370300292969e+01,-1.922145843505859375e+01,-1.875606155395507812e+01,-2.865837097167968750e+01,-2.879603195190429688e+01,-2.570127868652343750e+01,-3.252348709106445312e+01,-2.852622222900390625e+01,-1.531877708435058594e+01,-5.638242721557617188e+00,-6.121028900146484375e+00,-5.936194419860839844e+00,1.264407515525817871e+00,-2.754572868347167969e+00,-1.180084037780761719e+01,-4.607989311218261719e+00,-8.828570842742919922e-01,-7.336523532867431641e+00,-3.886011838912963867e+00,7.012392580509185791e-02,5.460450172424316406e+00,2.882613897323608398e+00,-3.345213174819946289e+00,-1.133093833923339844e+01,-9.060285568237304688e+00,-6.409586906433105469e+00,-8.591306686401367188e+00,-1.506817054748535156e+01,-1.864239311218261719e+01,-1.602706336975097656e+01,-3.496341943740844727e+00,6.282361745834350586e-01,-4.621625542640686035e-01,-8.680538177490234375e+00,-1.593604850769042969e+01,-1.797153282165527344e+01,-1.820729064941406250e+01,-1.489897823333740234e+01,-7.837989807128906250e+00,-2.953375816345214844e+00,-4.225390434265136719e+00,-4.098840713500976562e+00,-1.040760326385498047e+01,-6.630316734313964844e+00,-4.745421409606933594e+00,-6.325005531311035156e+00,-3.050854444503784180e+00,-7.293369293212890625e+00,-5.251981735229492188e+00,-5.838440895080566406e+00,1.439286112785339355e+00,3.513231992721557617e+00,1.683622956275939941e+00,-1.499564170837402344e+01,-2.218977928161621094e+01,-2.084739685058593750e+01,-2.124228668212890625e+01,-2.104266738891601562e+01,-1.529327201843261719e+01,-1.214512062072753906e+01,-5.450649261474609375e+00,-9.999060630798339844e+00,-4.187071323394775391e+00,-4.742376327514648438e+00,-7.109268188476562500e+00,-3.085273742675781250e+00,2.764638423919677734e+00,5.283443927764892578e-01,-2.218523263931274414e+00,-2.374175071716308594e+00,-1.657240867614746094e+00,2.036131858825683594e+00,2.857875108718872070e+00,4.399456977844238281e+00,4.695301055908203125e+00,1.823937177658081055e+00,2.714261293411254883e+00,3.894361019134521484e+00,-2.528209924697875977e+00,-7.310112714767456055e-01,3.163621187210083008e+00,3.889078378677368164e+00,5.077713012695312500e+00,1.485401391983032227e+00,1.118790507316589355e+00
-1.887748837471008301e-01,-1.164675235748291016e+00,4.640430450439453125e+00,1.223378181457519531e+00,-3.695166110992431641e+00,-2.551938533782958984e+00,-1.046477985382080078e+01,-9.417318344116210938e+00,-5.223037719726562500e+00,1.691102862358093262e+00,6.960995674133300781e+00,9.646959304809570312e+00,1.371172714233398438e+01,1.831040382385253906e+01,2.068506240844726562e+01,1.562399864196777344e+01,2.775018692016601562e+00,-7.285529136657714844e+00,-1.237634563446044922e+01,-5.524518966674804688e+00,1.056232571601867676e+00,4.383024692535400391e+00,-2.344082593917846680e+00,-5.966214656829833984e+00,-1.383965587615966797e+01,-1.072544479370117188e+01,-8.124740600585937500e+00,-4.742023468017578125e+00,1.371305108070373535e+00,4.774235188961029053e-01,-3.166871070861816406e+00,-5.466015815734863281e+00,-4.280798435211181641e-01,2.196594238281250000e+00,3.975893020629882812e+00,8.444868087768554688e+00,1.754953575134277344e+01,1.610081863403320312e+01,1.458852291107177734e+00,-1.442261457443237305e+00,-3.352475881576538086e+00,-1.839746952056884766e+00,1.960107564926147461e+00,1.814783573150634766e+00,-1.304592251777648926e+00,3.441725015640258789e+00,1.966547250747680664e+00,-1.826552152633666992e+00,7.770181179046630859e+00,2.467650604248046875e+01,4.210032653808593750e+01,4.117650604248046875e+01,2.155774688720703125e+01,8.687363624572753906e+00,7.765935897827148438e+00,1.075210762023925781e+01,1.689278030395507812e+01,1.995211791992187500e+01,1.852946090698242188e+01,1.494274711608886719e+01,1.900423431396484375e+01,2.000314903259277344e+01,2.153566169738769531e+01,1.904236412048339844e+01,1.508283233642578125e+01,1.375983715057373047e+01,1.646575927734375000e+01,1.657001876831054688e+01,1.142713928222656250e+01,1.780769109725952148e+00,5.811992645263671875e+00,7.821824073791503906e+00,4.008772850036621094e+00,-2.055658578872680664e+00,-6.996737003326416016e+00,-5.760495185852050781e+00,-5.109247684478759766e+00,4.733204364776611328e+00,1.184099960327148438e+01,1.804017257690429688e+01,1.913630294799804688e+01,9.287092208862304688e+00,-3.216227054595947266e+00,-3.030736207962036133e+00,5.027085304260253906e+00,3.829223632812500000e+00,1.337517619132995605e+00,4.996990203857421875e+00,6.568925857543945312e+00,8.755665779113769531e+00,1.005131435394287109e+01,1.310021018981933594e+01,1.079135704040527344e+01,8.094239234924316406e+00,8.006908416748046875e+00,2.499676942825317383e+00,-2.697704076766967773e+00,8.404163360595703125e+00,8.097847938537597656e+00,3.988242149353027344e-02,1.043307876586914062e+01,1.916075515747070312e+01,1.855828475952148438e+01,1.140320873260498047e+01,2.442222118377685547e+00,6.089178919792175293e-01,4.492299079895019531e+00,1.059868717193603516e+01,8.426722526550292969e+00,5.396533489227294922e+00,3.162066936492919922e+00,5.526925563812255859e+00,7.786021709442138672e+00,6.653485298156738281e+00,4.159916877746582031e+00,2.601225376129150391e-01,-1.460091352462768555e+00,5.431515216827392578e+00,8.204544067382812500e+00,8.872531890869140625e+00,1.116455936431884766e+01,8.373454093933105469e+00,2.807782888412475586e+00,-5.318820476531982422e-01,-5.551857948303222656e-01,-1.850481033325195312e+00,-3.471839666366577148e+00,-1.473778784275054932e-01,1.377869606018066406e+00,1.433390378952026367e-02,3.905483722686767578e+00,9.291954636573791504e-01,9.270301461219787598e-01,1.121797466278076172e+01,1.620373535156250000e+01,4.934194564819335938e+00,-2.092681884765625000e+00,-5.170080184936523438e+00,5.179577350616455078e+00,8.330404281616210938e+00,1.524319458007812500e+01,1.277451133728027344e+01,5.462152481079101562e+00,4.843210697174072266e+00,2.775963544845581055e+00,-2.673860311508178711e+00,2.236730307340621948e-01,-2.040324211120605469e+00,-1.130297660827636719e+01,-1.068990135192871094e+01,-2.066816329956054688e+00,1.398755073547363281e+00,-5.983446836471557617e-01,-9.171352386474609375e+00,-4.936917781829833984e+00,-1.862018585205078125e+00,-6.840618133544921875e+00,-2.575282573699951172e+00,-6.352010726928710938e+00,-8.440601348876953125e+00,-6.285410881042480469e+00,3.637057781219482422e+00,1.203490447998046875e+01,1.389887046813964844e+01,8.458724021911621094e+00,-7.636022567749023438e+00,-2.808502435684204102e+00,4.766638278961181641e+00,4.977852821350097656e+00,4.967565059661865234e+00,6.950008869171142578e+00,2.993945121765136719e+00,5.533561706542968750e-01,2.129420757293701172e+00,2.626821279525756836e+00,3.763864994049072266e+00,-1.806271672248840332e-01,-6.820536136627197266e+00,1.616201877593994141e+00,6.122958660125732422e+00,2.462219595909118652e-01,2.175563812255859375e+00,1.772184848785400391e+00,-2.062922239303588867e+00,3.996214866638183594e-01,8.262424468994140625e+00,1.269235992431640625e+01,1.983974838256835938e+01,1.961403465270996094e+01,7.530456066131591797e+00,8.834178924560546875e+00,1.576701831817626953e+01,7.108016967773437500e+00,-2.564968347549438477e+00,-2.623285293579101562e+00,5.354619979858398438e+00,-1.300427913665771484e-01,-3.855163455009460449e-01,1.772445797920227051e+00,5.776111602783203125e+00,2.864595890045166016e+00,2.158081054687500000e+00,-3.047001600265502930e+00,-5.150687694549560547e+00,-2.481573820114135742e+00,4.096584320068359375e+00,7.670645713806152344e+00,1.450771713256835938e+01,1.176680564880371094e+01,8.081592559814453125e+00,1.037680625915527344e+01,5.553522586822509766e+00,3.375316381454467773e+00,1.100858688354492188e+01,1.506095409393310547e+01,8.390119552612304688e+00,-1.242903470993041992e-01,-3.464321851730346680e+00,-8.948353767395019531e+00,-4.405312538146972656e+00,3.674261331558227539e+00,4.948603630065917969e+00,7.386610984802246094e+00,9.770353317260742188e+00,8.351922988891601562e+00,1.119963645935058594e+00,2.245820462703704834e-01,4.356650829315185547e+00,2.609159350395202637e-01,-1.598945260047912598e+00,-3.603162765502929688e-01,2.376854866743087769e-01,2.520061016082763672e+00,1.124327850341796875e+01,1.741983985900878906e+01,1.603333091735839844e+01,5.528077602386474609e+00,-1.052923202514648438e-01,-5.931528091430664062e+00,-3.739142894744873047e+00,-5.129189491271972656e+00,-2.184647321701049805e-01,-3.428610563278198242e+00,4.708460807800292969e+00,1.084728717803955078e+01,1.275216102600097656e+01,8.131776809692382812e+00,6.558219909667968750e+00,3.924103975296020508e+00,1.613569259643554688e+01,1.637038803100585938e+01,2.915324449539184570e+00,-6.253013610839843750e+00,-1.124367475509643555e+00,-6.160296916961669922e+00,-1.728237509727478027e+00,-1.233589649200439453e-02,-3.924369812011718750e-02,-4.164448261260986328e+00,-6.716763496398925781e+00,-4.988056182861328125e+00,-3.591502666473388672e+00,-5.718368053436279297e+00,-5.025988101959228516e+00,-2.164827585220336914e+00,6.325204849243164062e+00,1.043858528137207031e+01,8.883389234542846680e-01,-1.204147934913635254e+00,6.227739810943603516e+00,9.054267883300781250e+00,9.690774917602539062e+00,6.833373546600341797e+00,2.070208358764648438e+01,1.150995635986328125e+01,1.408333969116210938e+01,2.415625381469726562e+01,2.079766845703125000e+01,1.604887771606445312e+01,1.407746315002441406e+01,2.186129093170166016e+00,-1.081088304519653320e+00,2.678335011005401611e-01,1.384216308593750000e+00,4.538785934448242188e+00,5.833220481872558594e+00,8.730235099792480469e+00,3.953358530998229980e-01,-3.016774654388427734e-01,5.036684513092041016e+00,8.251749038696289062e+00,1.059710502624511719e+01,1.051063346862792969e+01,7.966786384582519531e+00,4.530543327331542969e+00,3.258815288543701172e+00,4.398137092590332031e+00,3.681630134582519531e+00,5.048158645629882812e+00,6.971782207489013672e+00,9.246138572692871094e+00,6.746049404144287109e+00,-1.970929622650146484e+00,-7.575896739959716797e+00,-7.727592945098876953e+00,-2.533889770507812500e+00,-7.817344188690185547e+00,-1.055935668945312500e+01,-9.670232772827148438e+00,-4.661631584167480469e+00,-1.990772724151611328e+00,-1.817136049270629883e+00,1.184605121612548828e+00,6.311798095703125000e+00,7.003245830535888672e+00,3.536126136779785156e+00,6.930749893188476562e+00,6.728532314300537109e+00,5.056810379028320312e+00,7.481559753417968750e+00,1.085048675537109375e+01,8.548102378845214844e+00,1.890754818916320801e+00,5.580729484558105469e+00,9.710825920104980469e+00,7.762917041778564453e+00,2.537953615188598633e+00,1.207648992538452148e+00,2.093449115753173828e+00,2.328014373779296875e+00,3.631999015808105469e+00,6.243160247802734375e+00,4.048711299896240234e+00,5.196166038513183594e+00,-8.624093532562255859e-01,-5.834182739257812500e+00,6.601416587829589844e+00,6.414662361145019531e+00,-5.347940444946289062e+00,-1.792294692993164062e+01,-1.556791019439697266e+01,-1.280741214752197266e+01,-1.689241600036621094e+01,-1.472958278656005859e+01,-5.393946170806884766e+00,3.844169139862060547e+00,5.257329940795898438e+00,-8.936018943786621094e-01,1.739428490400314331e-01,3.189951896667480469e+00,7.274763107299804688e+00,8.469299316406250000e+00,4.962189674377441406e+00,1.789393544197082520e+00,-2.099131584167480469e+00,1.603704810142517090e+00,8.102231979370117188e+00,1.010653877258300781e+01,1.479626655578613281e+01,2.221183586120605469e+01,2.095414733886718750e+01,1.955059051513671875e+01,1.378920078277587891e+01,1.584017753601074219e+01,1.720392227172851562e+01,1.228340148925781250e+01,7.706038475036621094e+00,5.167813971638679504e-02,3.275998830795288086e+00,7.298882484436035156e+00,1.009602260589599609e+01,9.121864318847656250e+00,1.163215875625610352e+00,-7.747683525085449219e+00,-1.361012649536132812e+01,-1.132724761962890625e+01,-3.840385913848876953e+00,7.423693656921386719e+00,1.226724433898925781e+01,9.357116699218750000e+00,7.993891239166259766e+00,2.697515010833740234e+00,2.066104173660278320e+00,1.654306411743164062e+00,-1.903215050697326660e-01,-7.634028196334838867e-01,-3.594213962554931641e+00,-1.606084823608398438e+00,1.795740962028503418e+00,5.182736396789550781e+00,8.983568191528320312e+00,1.796341705322265625e+01,1.556405639648437500e+01,9.527212142944335938e+00,9.674698829650878906e+00,1.112277221679687500e+01,4.047842979431152344e+00,-2.862639427185058594e+00,1.045843601226806641e+00,5.161631107330322266e+00,8.832675933837890625e+00,1.219827079772949219e+01,9.144359588623046875e+00,7.587830543518066406e+00,5.800255298614501953e+00,7.720395088195800781e+00,1.101046943664550781e+01,5.951569080352783203e+00,-3.898791670799255371e-01,1.336778044700622559e+00,1.420924377441406250e+01,2.378140258789062500e+01,2.557699966430664062e+01,2.330099487304687500e+01,1.801831626892089844e+01,1.546731185913085938e+01,8.571356773376464844e+00,-1.588206052780151367e+00,1.163076591491699219e+01,2.418816184997558594e+01,2.810190010070800781e+01,2.493734741210937500e+01,8.437947273254394531e+00,-1.197027444839477539e+00,-2.188191860914230347e-01,2.820063352584838867e+00,5.075917243957519531e+00,1.510408282279968262e+00,-6.264286041259765625e+00,-5.280496597290039062e+00,1.744655370712280273e+00,2.593722939491271973e-01,9.608691930770874023e-02,-2.686790466308593750e+00,-3.192726612091064453e+00,2.155959367752075195e+00,4.022441864013671875e+00,6.285937309265136719e+00,9.909162521362304688e+00,1.467870903015136719e+01,1.332114410400390625e+01,1.467159271240234375e+01,1.584692382812500000e+01,1.038924026489257812e+01,1.229325294494628906e+01,1.254307556152343750e+01,5.137862682342529297e+00,5.527682304382324219e+00,7.342544555664062500e+00,1.091332912445068359e+01,9.898382186889648438e+00,5.119053363800048828e+00,6.720337271690368652e-01,-2.949259281158447266e-01,6.027189254760742188e+00,1.857709527015686035e+00,-8.897011756896972656e+00,-8.320091247558593750e+00,-5.952421188354492188e+00,-1.393326091766357422e+01,-3.494277000427246094e+00,9.990380287170410156e+00,1.592066192626953125e+01,1.984410858154296875e+01,2.534716415405273438e+01,2.791600418090820312e+01,2.437644195556640625e+01,2.406344604492187500e+01,2.486621093750000000e+01,2.240081787109375000e+01,1.960926437377929688e+01,2.091070938110351562e+01,2.049507904052734375e+01,1.687447929382324219e+01,2.015497207641601562e+01,2.415619468688964844e+01,2.290869903564453125e+01,1.192246437072753906e+01,2.680677413940429688e+00,2.474584102630615234e+00,6.965190887451171875e+00,1.118811607360839844e+01,2.061161518096923828e+00,1.317879319190979004e+00,3.942449808120727539e+00,5.024336338043212891e+00,1.843056869506835938e+01,8.214156150817871094e+00,7.188945770263671875e+00,8.648423194885253906e+00,1.451960468292236328e+01,1.819121170043945312e+01,2.101269149780273438e+01,3.054746437072753906e+01,3.520903778076171875e+01,2.908014678955078125e+01,2.253117752075195312e+01,6.739371299743652344e+00,6.898210525512695312e+00,8.742547988891601562e+00,5.911269187927246094e+00,3.460139751434326172e+00,1.392448544502258301e-01,-1.013762652873992920e-01,-1.331015825271606445e-01,-1.510890126228332520e+00,-5.899085044860839844e+00,-4.008444786071777344e+00,2.379443168640136719e+00,-2.584899663925170898e+00,5.457231998443603516e-01,1.053912353515625000e+01,1.951706504821777344e+01,1.908738899230957031e+01,1.522405052185058594e+01,6.743590354919433594e+00,3.088020563125610352e+00,-1.684184074401855469e+00,-1.492712497711181641e+00,-1.021471381187438965e+00,2.619645118713378906e+00,-3.183243513107299805e+00,-2.201267242431640625e+00,-2.065985202789306641e+00,-5.185336589813232422e+00,-3.430229187011718750e+00,2.497231245040893555e+00,4.109947204589843750e+00,-5.730834007263183594e-01,9.649251937866210938e+00,1.179853439331054688e+01,1.145063400268554688e+01,9.704909324645996094e+00,4.989969730377197266e+00,4.553872108459472656e+00,6.834738731384277344e+00,1.804077267646789551e+00,-3.250905036926269531e+00,-3.710003376007080078e+00,-6.852797508239746094e+00,-3.543876409530639648e+00,2.741797685623168945e+00,5.574501037597656250e+00,7.980725288391113281e+00,1.023683834075927734e+01,6.718222141265869141e+00,3.793495178222656250e+00,3.883310556411743164e+00,2.789499044418334961e+00,1.557058453559875488e+00,2.286372661590576172e+00,-6.365458369255065918e-01,-4.664260864257812500e+00,4.856313705444335938e+00,5.737497329711914062e+00,7.771302700042724609e+00,8.802018165588378906e+00,3.540868759155273438e+00,3.018370628356933594e+00,4.693517684936523438e+00,4.939207553863525391e+00,-5.876036167144775391e+00,-4.079545974731445312e+00,1.831435680389404297e+00,5.164901733398437500e+00,3.675441026687622070e+00,7.427446365356445312e+00,2.017282295227050781e+01,2.499081039428710938e+01,1.251117324829101562e+01,-4.539892673492431641e+00,-8.697311401367187500e+00,5.859146118164062500e-01,5.793883800506591797e+00,5.339750289916992188e+00,1.821210861206054688e+00,-3.006055831909179688e+00,-2.981201171875000000e+00,-5.081232070922851562e+00,-5.372377872467041016e+00,-8.193936347961425781e+00,-1.163873291015625000e+01,-3.930954217910766602e+00,9.127758026123046875e+00,1.217804241180419922e+01,9.819446563720703125e+00,1.068192005157470703e+01,5.123922348022460938e+00,-1.275891780853271484e+00,2.400657236576080322e-01,5.782837867736816406e-01,-2.003333568572998047e-01,-1.456612348556518555e+00,-8.698622703552246094e+00,-4.312158107757568359e+00,-3.690081596374511719e+00,-1.340337181091308594e+01,-4.596761703491210938e+00,8.816793441772460938e+00,8.468166351318359375e+00,2.809786319732666016e+00,1.501159071922302246e+00,-1.704219579696655273e+00,-8.114708900451660156e+00,-5.066306114196777344e+00,1.176925778388977051e+00,5.579751014709472656e+00,7.196085929870605469e+00,9.355677604675292969e+00,9.967885017395019531e+00,1.810734939575195312e+01,2.467204475402832031e+01,1.939584732055664062e+01,2.496556091308593750e+01,3.185070991516113281e+01,3.065278625488281250e+01,2.632186889648437500e+01,2.354088592529296875e+01,2.864311218261718750e+01,2.203654861450195312e+01,1.458597469329833984e+01,1.183250331878662109e+01,1.684969305992126465e+00,6.449631452560424805e-01,4.034913063049316406e+00,6.112695217132568359e+00,5.077324867248535156e+00,2.188473701477050781e+00,3.768689632415771484e+00,-3.138065338134765625e-03,7.686604499816894531e+00,1.897716140747070312e+01,1.502589988708496094e+01,4.246634960174560547e+00,3.226907491683959961e+00,1.036314582824707031e+01,1.871158027648925781e+01,2.184650802612304688e+01,2.089905166625976562e+01,2.330096626281738281e+01,2.257282638549804688e+01,2.146285247802734375e+01,1.303100585937500000e+01,9.031854629516601562e+00,5.473177433013916016e+00,8.448573112487792969e+00,1.641833114624023438e+01,1.660676765441894531e+01,1.712502288818359375e+01,1.596839904785156250e+01,1.357104682922363281e+01,7.909838199615478516e+00,3.600352525711059570e+00,9.706449508666992188e-01,8.660614013671875000e+00,1.578672218322753906e+01,2.254354476928710938e+01,2.803153610229492188e+01,3.119574737548828125e+01,2.053591918945312500e+01,1.316471481323242188e+01,1.228615188598632812e+01,1.082710647583007812e+01,5.161635875701904297e+00,1.354478836059570312e+00,-2.340038537979125977e+00,-9.864864349365234375e+00,-8.783429145812988281e+00,-7.227973937988281250e-01,1.031580352783203125e+01,1.554684734344482422e+01,1.710689353942871094e+01,2.184503746032714844e+01,2.306893348693847656e+01,1.981538772583007812e+01,1.346487808227539062e+01,5.286365509033203125e+00,-1.454436779022216797e+00,-3.468978404998779297e-02,6.502315521240234375e+00,1.006109809875488281e+01,1.145568847656250000e+01,1.501038742065429688e+01,1.407099342346191406e+01,1.584477043151855469e+01,1.345704936981201172e+01,1.694289779663085938e+01,1.788417243957519531e+01,1.971854591369628906e+01,1.867437171936035156e+01,1.339304924011230469e+01,1.189149856567382812e+01,1.302691078186035156e+01,1.054771709442138672e+01,7.691409111022949219e+00,1.027884292602539062e+01,1.017911338806152344e+01,1.138392734527587891e+01,9.168260574340820312e+00,7.517627716064453125e+00,8.742471694946289062e+00,5.656783103942871094e+00,3.417646408081054688e+00,6.868459224700927734e+00,1.071819305419921875e+01,1.083957672119140625e+01,7.526264190673828125e+00,-1.509628176689147949e+00,2.300325155258178711e+00,7.972727298736572266e+00,1.154955673217773438e+01,1.155597782135009766e+01,-4.073612689971923828e+00,-8.280647277832031250e+00,5.739584445953369141e+00,9.299158096313476562e+00,4.854266166687011719e+00,-9.005937576293945312e+00,-1.567728042602539062e+01,-7.806187629699707031e+00,-3.836415290832519531e+00,-5.077002048492431641e+00,-1.172395229339599609e+00,1.839864253997802734e+00,4.764020442962646484e+00,6.362418651580810547e+00,8.955405235290527344e+00,3.222121238708496094e+00,7.372189521789550781e+00,1.596209812164306641e+01,1.408834362030029297e+01,1.243899726867675781e+01,1.451983070373535156e+01,1.806828689575195312e+01,1.581523990631103516e+01,9.499035835266113281e+00,2.260963916778564453e+00,-4.788190841674804688e+00,-1.034360885620117188e+01,-1.106851005554199219e+01,-4.914867401123046875e+00,-8.499994874000549316e-01,1.709806442260742188e+00,3.453543782234191895e-02,9.999222755432128906e-01,3.597309589385986328e+00,2.385940790176391602e+00,8.160305023193359375e-02,-1.459552526473999023e+00,6.777635574340820312e+00,4.668184757232666016e+00,4.872359752655029297e+00,4.539659976959228516e+00,7.044596672058105469e+00,8.877571105957031250e+00,7.778144836425781250e+00,6.328567504882812500e+00,3.312078416347503662e-01,-5.991541743278503418e-01,1.073146057128906250e+01,1.133308219909667969e+01,1.218820762634277344e+01,1.128076362609863281e+01,1.075367927551269531e+01,9.043313026428222656e+00,-6.000187873840332031e+00,-6.361959457397460938e+00,-2.159600973129272461e+00,4.843286037445068359e+00,1.119939136505126953e+01,1.127334785461425781e+01,6.415142059326171875e+00,5.825663089752197266e+00,-1.160482764244079590e-01,-2.490129947662353516e+00,5.787154436111450195e-01,4.039222717285156250e+00,1.068794965744018555e+00,3.813405036926269531e-01,7.800692558288574219e+00,4.907836914062500000e+00,2.092502593994140625e+00,6.838106155395507812e+00,7.053074359893798828e+00,2.016336679458618164e+00,-4.395132064819335938e+00,-6.384818077087402344e+00,-1.914429855346679688e+01,-1.628409004211425781e+01,-1.505089092254638672e+01,-1.714702987670898438e+01,-1.891210174560546875e+01,-8.477973937988281250e+00,-3.622364044189453125e+00,-6.716491222381591797e+00,-4.075973510742187500e+00,-7.906332969665527344e+00,-5.746493339538574219e+00,4.341609477996826172e+00,1.574365806579589844e+01,2.557768630981445312e+01,2.754836463928222656e+01,2.901446151733398438e+01,2.687021636962890625e+01,1.970837402343750000e+01,1.589413833618164062e+01,1.148677635192871094e+01,6.542715072631835938e+00,4.074995994567871094e+00,-2.322059154510498047e+00,1.589153647422790527e+00,8.360460400581359863e-01,9.494862556457519531e-01,9.091945648193359375e+00,1.813517761230468750e+01,1.664109039306640625e+01,1.373310279846191406e+01,2.251514434814453125e+01,2.185659027099609375e+01,1.963960647583007812e+01,1.800324630737304688e+01,1.789390563964843750e+01,4.435337066650390625e+00,-3.263800144195556641e-01,-1.242548942565917969e+00,4.983999729156494141e+00,1.371993350982666016e+01,1.501286697387695312e+01,1.547658348083496094e+01,1.502332973480224609e+01,1.954423141479492188e+01,1.909980392456054688e+01,1.634865188598632812e+01,1.121954345703125000e+01,9.240634918212890625e+00,1.815077590942382812e+01,2.084544372558593750e+01,1.468996906280517578e+01,1.137475204467773438e+01,1.513166618347167969e+01,1.168781661987304688e+01,7.010911464691162109e+00,1.221966075897216797e+01,1.302708530426025391e+01,1.527145290374755859e+01,1.722459030151367188e+01,1.514573478698730469e+01,1.485892486572265625e+01,1.113906955718994141e+01,9.895538330078125000e+00,7.491018772125244141e+00,5.316698551177978516e+00,9.742223739624023438e+00,1.268971633911132812e+01,1.009893798828125000e+01,7.784214496612548828e+00,1.095248413085937500e+01,7.918324470520019531e+00,1.101576423645019531e+01,1.055445671081542969e+01,9.675408363342285156e+00,5.462145328521728516e+00,6.349368095397949219e+00,7.945446491241455078e+00,7.136230468750000000e+00,1.057606506347656250e+01,7.273438453674316406e+00,4.186301231384277344e+00,5.423738002777099609e+00,7.554260253906250000e+00,6.144371032714843750e+00,9.955223083496093750e+00,6.165225982666015625e+00,1.173175573348999023e-01,-1.981253862380981445e+00,-1.045314121246337891e+01,-6.008120536804199219e+00,5.766665458679199219e+00,4.895366668701171875e+00,1.203682661056518555e+00,2.172306537628173828e+00,4.560479640960693359e+00,3.939301520586013794e-02,1.467364072799682617e+00,6.191691398620605469e+00,1.605353832244873047e+00,-8.844179153442382812e+00,-1.098456573486328125e+01,-3.046902418136596680e-01,1.634045362472534180e+00,4.407269954681396484e-01,-5.628866195678710938e+00,-9.378736495971679688e+00,-1.586425542831420898e+00,5.297010421752929688e+00,6.541900634765625000e+00,1.098282337188720703e+01,1.453604888916015625e+01,1.267070388793945312e+01,5.995185852050781250e+00,6.661162853240966797e+00,7.788604259490966797e+00,1.023516654968261719e+01,7.511284828186035156e+00,5.550307750701904297e+00,5.187399864196777344e+00,6.046302795410156250e+00,5.271620750427246094e+00,1.063067054748535156e+01,1.566705513000488281e+01,1.741332626342773438e+01,2.054049301147460938e+01,1.804457473754882812e+01,1.439867782592773438e+01,9.957539558410644531e+00,3.710678100585937500e+00,1.786181807518005371e+00,3.648159027099609375e+00,8.601186752319335938e+00,1.433740043640136719e+01,1.464917850494384766e+01,1.838591003417968750e+01,2.287056350708007812e+01,2.252852058410644531e+01,2.349461936950683594e+01,1.303486251831054688e+01,7.341458320617675781e+00,1.169058036804199219e+01,6.955686092376708984e+00,3.668265819549560547e+00,1.298142910003662109e+00,5.430629253387451172e+00,9.876951217651367188e+00,6.970273971557617188e+00,2.926591873168945312e+00,4.077317237854003906e+00,7.459546089172363281e+00,-9.213653802871704102e-01,-4.891466617584228516e+00,-1.769349098205566406e+00,9.053712844848632812e+00,1.798347854614257812e+01,1.828990554809570312e+01,8.310193061828613281e+00,1.058462381362915039e+00,1.103523015975952148e+00,-1.897441625595092773e+00,-7.938799858093261719e+00,-3.305527687072753906e+00,5.411964416503906250e+00,8.537281036376953125e+00,8.879673004150390625e+00,1.056667518615722656e+01,1.246730422973632812e+01,1.294083213806152344e+01,1.192565631866455078e+01,7.570229530334472656e+00,-1.607042908668518066e+00,-4.651545524597167969e+00,-3.427243232727050781e-02,2.246047258377075195e+00,4.567330837249755859e+00,8.839710950851440430e-01,2.222679376602172852e+00,2.915078163146972656e+00,1.164308786392211914e+00,7.244225502014160156e+00,1.058776473999023438e+01,9.108344078063964844e+00,7.171497344970703125e+00,5.565752983093261719e+00,8.700188636779785156e+00,8.910743713378906250e+00,1.144569301605224609e+01,8.119274139404296875e+00,2.471007347106933594e+00,9.668310880661010742e-01,1.298469734191894531e+01,1.281234836578369141e+01,7.430308341979980469e+00,9.694541931152343750e+00,1.673965454101562500e+01,1.304395961761474609e+01,1.156060600280761719e+01,9.087375640869140625e+00,9.582144737243652344e+00,1.124971866607666016e+01,9.778732299804687500e+00,4.746599197387695312e+00,2.184878587722778320e+00,1.063939094543457031e+01,8.679865837097167969e+00,2.078745841979980469e+00,-5.839231014251708984e+00,-8.674017906188964844e+00,-4.441871643066406250e+00,1.077790260314941406e+00,-1.331192016601562500e+00,-2.223302364349365234e+00,8.104767799377441406e+00,1.744476318359375000e+01,2.268758010864257812e+01,1.353001785278320312e+01,1.969236135482788086e+00,-1.500738978385925293e+00,-3.773336410522460938e+00,-6.402738094329833984e+00,-7.165889263153076172e+00,-8.944656372070312500e+00,-8.322267532348632812e+00,-7.071939945220947266e+00,-5.774077415466308594e+00,-2.330943584442138672e+00,-6.701300144195556641e-01,-9.423733949661254883e-01,-9.390873908996582031e-01,-1.973502039909362793e+00,4.402524471282958984e+00,4.915901184082031250e+00,-7.758126854896545410e-01,6.073909997940063477e-01,5.286343097686767578e-01,-3.495738983154296875e+00,-1.602800369262695312e+00,4.179359912872314453e+00,8.023803710937500000e+00,-3.766623735427856445e+00,-1.513627529144287109e+01,-1.656011199951171875e+01,-1.503259181976318359e+01,-1.253710556030273438e+01,-1.031273269653320312e+01,-8.902231216430664062e+00,-1.668023109436035156e+01,-1.863024139404296875e+01,-1.505775070190429688e+01,-1.859686470031738281e+01,-1.660134887695312500e+01,-1.261528587341308594e+01,4.910494804382324219e+00,7.027333736419677734e+00,2.214466571807861328e+00,-4.279096603393554688e+00,-7.656914710998535156e+00,-1.694278526306152344e+01,-1.880871963500976562e+01,-1.094519424438476562e+01,-2.991588830947875977e+00,3.620950281620025635e-01,3.202857255935668945e+00,4.255397319793701172e+00,3.020195484161376953e+00,3.839476823806762695e+00,3.863494396209716797e+00,2.887015342712402344e+00,-3.898650169372558594e+00,-3.290228843688964844e+00,9.890670776367187500e-01,5.764600276947021484e+00,1.025981903076171875e+01,1.291291809082031250e+01,1.383167266845703125e+01,9.228710174560546875e+00,3.642118215560913086e+00,-1.505622982978820801e+00,4.340136051177978516e+00,-3.329143524169921875e+00,-1.028182697296142578e+01,-8.407982826232910156e+00,-1.182198143005371094e+01,-1.070843505859375000e+01,-7.792937278747558594e+00,-7.375547409057617188e+00,-4.293176174163818359e+00,-4.464488506317138672e+00,-1.063698387145996094e+01,-1.186517333984375000e+01,-1.182314395904541016e+01,-5.272438526153564453e+00,5.304090499877929688e+00,9.191831588745117188e+00,2.130382537841796875e+00,-6.826077461242675781e+00,1.924104452133178711e+00,1.131052398681640625e+01,1.341324901580810547e+01,1.682624435424804688e+01,1.894016265869140625e+01,1.838700866699218750e+01,1.593928718566894531e+01,1.301085472106933594e+01,8.326988220214843750e+00,-1.338865637779235840e+00,-3.669793605804443359e+00,-8.299299478530883789e-01,2.420723438262939453e+00,4.305291175842285156e+00,2.867239236831665039e+00,4.545932769775390625e+00,6.793699264526367188e+00,3.008815050125122070e+00,2.749116659164428711e+00,5.058561325073242188e+00,3.426192283630371094e+00,3.018418788909912109e+00,6.598672866821289062e+00,7.673956871032714844e+00,1.015747070312500000e+01,1.164282703399658203e+01,7.452761173248291016e+00,6.075983047485351562e+00,8.641739845275878906e+00,7.602900505065917969e+00,1.049889326095581055e+00,4.936230659484863281e+00,5.229585647583007812e+00,7.052570343017578125e+00,4.646166324615478516e+00,1.685021400451660156e+00,2.419340133666992188e+00,9.651291966438293457e-01,9.466951370239257812e+00,1.113340663909912109e+01,5.234650611877441406e+00,7.004945278167724609e-01,-6.801919937133789062e-01,-4.822747230529785156e+00,-3.477698326110839844e+00,-1.770524382591247559e+00,-1.114311933517456055e+00,6.831296920776367188e+00,1.708606123924255371e+00,-1.227682971954345703e+01,-2.010412406921386719e+01,-2.068973922729492188e+01,-1.773616027832031250e+01,-1.804138183593750000e+01,-6.766148567199707031e+00,2.122313261032104492e+00,2.033759593963623047e+00,-9.766962379217147827e-02,2.372731924057006836e+00,4.499784469604492188e+00,5.277117729187011719e+00,6.110846519470214844e+00,8.557453155517578125e+00,-1.031671285629272461e+00,-3.379439353942871094e+00,-2.340921878814697266e+00,-9.772027969360351562e+00,-1.316217231750488281e+01,-6.619237899780273438e+00,-1.065743565559387207e+00,-7.949204921722412109e+00,-4.930078983306884766e+00,-6.150191783905029297e+00,-1.591611862182617188e+00,2.794113755226135254e-02,-4.937100410461425781e+00,-3.376091957092285156e+00,2.440854787826538086e+00,5.322553157806396484e+00,1.290433788299560547e+01,1.401635551452636719e+01,1.369625282287597656e+01,1.350767707824707031e+01,1.340917015075683594e+01,1.251727104187011719e+01,1.831341934204101562e+01,1.486705207824707031e+01,1.284277153015136719e+01,1.336447525024414062e+01,1.471502685546875000e+01,1.458049297332763672e+01,8.980646133422851562e+00,1.806908369064331055e+00,4.201108932495117188e+00,1.232481765747070312e+01,7.340466022491455078e+00,1.098443412780761719e+01,1.571154117584228516e+01,1.137935447692871094e+01,4.563895702362060547e+00,4.008863925933837891e+00,2.923532247543334961e+00,3.784377574920654297e+00,9.846100807189941406e-01,-2.025036811828613281e+00,-4.259346961975097656e+00,-4.459077835083007812e+00,-9.095470428466796875e+00,-1.153421783447265625e+01,-6.070294380187988281e+00,-2.297016143798828125e+00,2.604900598526000977e-01,-8.166368484497070312e+00,-1.643603563308715820e+00,4.061332702636718750e+00,-1.691771268844604492e+00,-1.310097599029541016e+01,-1.403959083557128906e+01,-5.609023094177246094e+00,3.190759897232055664e+00,8.818266868591308594e+00,-8.539118170738220215e-01,-2.903081417083740234e+00,2.012616348266601562e+01,3.154145622253417969e+01,2.622989273071289062e+01,2.275752258300781250e+01,2.111840057373046875e+01,6.401112079620361328e+00,3.781376361846923828e+00,5.065017700195312500e+00,3.545958518981933594e+00,8.569095611572265625e+00,1.194843006134033203e+01,6.910650730133056641e+00,2.132756233215332031e+00,-1.090983033180236816e+00,1.758553266525268555e+00,4.335978507995605469e+00,3.939052581787109375e+00,7.824470520019531250e+00,1.247250938415527344e+01,1.341657733917236328e+01,6.417953491210937500e+00,7.337473034858703613e-01,-6.225749969482421875e+00,1.395794272422790527e+00,1.312604904174804688e+01,1.923002815246582031e+01,1.933118820190429688e+01,1.829231262207031250e+01,1.967430114746093750e+01,1.122184085845947266e+01,1.064174461364746094e+01,7.277562618255615234e+00,1.128903865814208984e+01,9.619659423828125000e+00,-8.996926546096801758e-01,-7.897776603698730469e+00,-1.516714334487915039e+00,3.489406108856201172e-01,3.856969118118286133e+00,1.880464172363281250e+01,2.304125595092773438e+01,1.301996994018554688e+01,-1.007791042327880859e+01,-1.210594940185546875e+01,-1.790033698081970215e+00,7.609592437744140625e+00,1.346608161926269531e+00,3.895513772964477539e+00,8.418699264526367188e+00,9.924764633178710938e+00,1.196895790100097656e+01,1.862615966796875000e+01,1.962662696838378906e+01,1.417553806304931641e+01,8.438299179077148438e+00,6.252045631408691406e+00,9.832376480102539062e+00,3.747808456420898438e+00,-5.726053714752197266e+00,-2.963401794433593750e+00,-1.220275640487670898e+00,9.549776315689086914e-01,4.162121772766113281e+00,6.341750144958496094e+00,1.109472656250000000e+01,9.367713928222656250e+00,4.666049003601074219e+00,4.341077804565429688e+00,3.276292085647583008e+00,4.221523284912109375e+00,2.680819034576416016e+00,1.424291491508483887e+00,5.672432899475097656e+00,5.648586273193359375e+00,5.567952156066894531e+00,5.044266700744628906e+00,7.358426570892333984e+00,5.025369644165039062e+00,-8.425804138183593750e+00,-8.028569221496582031e+00,-5.384035110473632812e+00,-2.001029491424560547e+00,3.829382896423339844e+00,9.242298126220703125e+00,9.937256813049316406e+00,9.803907394409179688e+00,1.220904159545898438e+01,1.194781112670898438e+01,3.235514640808105469e+00,5.028912544250488281e+00,1.291543674468994141e+01,1.259634304046630859e+01,5.199780941009521484e+00,-7.086914777755737305e-01,2.428572416305541992e+00,7.138867378234863281e+00,6.927620887756347656e+00,5.738892555236816406e+00,1.223767280578613281e+00,-7.428617477416992188e+00,-5.395441055297851562e+00,-6.832294940948486328e+00,-4.682322502136230469e+00,-1.820304870605468750e+00,2.448917388916015625e+00,5.934970378875732422e+00,5.714356422424316406e+00,5.235810279846191406e+00,4.702735424041748047e+00,6.684628009796142578e+00,3.886018991470336914e+00,-1.011049509048461914e+00,-3.819903612136840820e+00,-2.895451068878173828e+00,-2.925667762756347656e+00,8.811865448951721191e-01,5.205698490142822266e+00,4.201749801635742188e+00,-5.470608472824096680e-01,-7.331689834594726562e+00,-1.650344848632812500e+00,5.399569869041442871e-01,4.387280941009521484e-01,-1.290239334106445312e+01,-1.335193347930908203e+01,-2.683842897415161133e+00,1.584895420074462891e+01,2.792152023315429688e+01,2.408959197998046875e+01,1.706536483764648438e+01,1.609696197509765625e+01,1.667631149291992188e+01,1.564060401916503906e+01,6.228711128234863281e+00,7.948187828063964844e+00,5.189680099487304688e+00,1.301371216773986816e+00,-1.164831399917602539e+00,1.005981826782226562e+01,7.381835937500000000e+00,1.037461757659912109e+01,6.435196876525878906e+00,2.691864013671875000e+00,8.346643447875976562e+00,8.361231803894042969e+00,7.908610343933105469e+00,1.499933624267578125e+01,1.438259506225585938e+01,1.153429985046386719e+01,9.960798263549804688e+00,5.443068504333496094e+00,2.927101373672485352e+00,3.833377838134765625e+00,1.741539120674133301e+00,1.314147710800170898e+00,2.118623256683349609e+00,6.118253231048583984e+00,1.180498313903808594e+01,9.317800521850585938e+00,7.036217212677001953e+00,1.382839202880859375e+00,-3.753185749053955078e+00,-1.631793618202209473e+00,4.189352989196777344e+00,9.104007720947265625e+00,1.674979400634765625e+01,1.200594520568847656e+01,7.525366783142089844e+00,1.311534404754638672e+01,2.176839828491210938e+01,2.376501464843750000e+01,2.780643844604492188e+01,2.650433540344238281e+01,2.391147232055664062e+01,1.894778823852539062e+01,1.807650756835937500e+01,2.033727645874023438e+01,1.977664947509765625e+01,1.108748435974121094e+01,1.555043029785156250e+01,1.247044467926025391e+01,8.477862358093261719e+00,7.535180568695068359e+00,5.662716388702392578e+00,4.423998832702636719e+00,6.627809405326843262e-01,-2.474082469940185547e+00,1.572159409523010254e+00,1.702170610427856445e+00,-5.029743194580078125e+00,-1.871450662612915039e+00,3.693309068679809570e+00,7.739697933197021484e+00,9.230039119720458984e-01,-8.088846206665039062e+00,-1.065504646301269531e+01,-9.619338989257812500e+00,-2.766574859619140625e+00,-4.513649940490722656e+00,-5.359294891357421875e+00,-7.767212390899658203e-02,3.435722351074218750e+00,2.824135780334472656e+00,2.257839202880859375e+00,3.968610763549804688e+00,8.140201568603515625e+00,6.056047439575195312e+00,1.047991752624511719e+01,1.123551368713378906e+01,-2.844274044036865234e+00,-2.661580085754394531e+00,-5.360104560852050781e+00,-2.616005420684814453e+00,4.690595626831054688e+00,6.394133567810058594e+00,4.076542377471923828e+00,4.741149425506591797e+00,1.511351585388183594e+01,1.953662490844726562e+01,1.188876628875732422e+01,4.283917427062988281e+00,5.837285518646240234e+00,9.614702224731445312e+00,1.357785987854003906e+01,1.738450622558593750e+01,2.015692901611328125e+01,1.619955825805664062e+01,1.545331478118896484e+01,1.664459609985351562e+01,1.573934173583984375e+01,1.988573455810546875e+01,2.835069465637207031e+01,2.223663711547851562e+01,2.034861755371093750e+01,2.080702018737792969e+01,1.334583568572998047e+01,9.511226654052734375e+00,9.956119537353515625e+00,1.005064105987548828e+01,9.051742553710937500e+00,5.955379486083984375e+00,-8.002406358718872070e-01,-9.795190095901489258e-01,-8.451205492019653320e-01,-4.802302837371826172e+00,9.622108459472656250e+00,1.377918624877929688e+01,9.523832321166992188e+00,7.548357486724853516e+00,4.765586376190185547e+00,1.058815860748291016e+01,8.024049758911132812e+00,2.860160589218139648e+00,8.528413772583007812e+00,1.004791641235351562e+01,1.050406455993652344e+01,8.658704757690429688e+00,6.948491096496582031e+00,4.484385013580322266e+00,4.652604103088378906e+00,8.588169097900390625e+00,6.918398380279541016e+00,2.023903369903564453e+00,4.924177169799804688e+00,1.374241542816162109e+01,1.683647155761718750e+01,1.582947158813476562e+01,1.425299453735351562e+01,1.255063819885253906e+01,1.798223876953125000e+01,1.806187629699707031e+01,7.760077476501464844e+00,2.349165916442871094e+00,5.331425666809082031e+00,1.434443473815917969e+00,-2.324281215667724609e+00,-3.637238502502441406e+00,3.804342269897460938e+00,7.409297943115234375e+00,8.595527648925781250e+00,1.050028228759765625e+01,3.467481613159179688e+00,1.863118648529052734e+00,2.010575532913208008e+00,1.207306385040283203e-01,1.292059421539306641e+00,7.691747665405273438e+00,8.252441406250000000e+00,4.985716342926025391e+00,3.258203029632568359e+00,-1.376682400703430176e+00,1.314563393592834473e+00,1.449998617172241211e+00,4.399897098541259766e+00,3.932023525238037109e+00,5.704365730285644531e+00,1.010429763793945312e+01,1.383009243011474609e+01,1.575090789794921875e+01,1.852737045288085938e+01,1.987279510498046875e+01,1.670288085937500000e+01,1.234257316589355469e+01,8.966877937316894531e+00,-2.334061861038208008e+00,-4.509949684143066406e+00,-9.593422412872314453e-01,3.098603248596191406e+00,-4.341991901397705078e+00,-3.169764995574951172e+00,1.776424169540405273e+00,1.290636253356933594e+01,1.234725284576416016e+01,6.536417961120605469e+00,4.937258720397949219e+00,-6.244355440139770508e-01,-2.558050155639648438e+00,-3.366204738616943359e+00,-1.043833732604980469e+00,1.407474517822265625e+00,5.087313175201416016e+00,4.219869613647460938e+00,2.456062078475952148e+00,7.408754348754882812e+00,4.574934005737304688e+00,2.097849845886230469e-01,-5.133502960205078125e+00,-2.271885395050048828e+00,4.764031171798706055e-01,1.315526485443115234e+00,-3.715566635131835938e+00,-2.585511207580566406e+00,4.116219520568847656e+00,1.218561649322509766e+01,1.298005485534667969e+01,1.073942661285400391e+01,5.996244430541992188e+00,1.177348375320434570e+00,-3.146365642547607422e+00,-8.062284469604492188e+00,-8.003921508789062500e+00,-7.927505493164062500e+00,-1.047877407073974609e+01,-5.698247432708740234e+00,2.090016841888427734e+00,5.786474227905273438e+00,8.134945869445800781e+00,1.280845832824707031e+01,1.232237148284912109e+01,1.157538127899169922e+01,5.822550773620605469e+00,-2.452931404113769531e-01,1.828849077224731445e+00,8.282648086547851562e+00,5.494821071624755859e+00,2.921007156372070312e+00,-3.140967845916748047e+00,-7.037896156311035156e+00,-1.585144281387329102e+00,7.061316490173339844e+00,1.275132560729980469e+01,1.645263481140136719e+01,1.458227348327636719e+01,1.549103069305419922e+01,1.603356933593750000e+01,9.948843002319335938e+00,8.697747230529785156e+00,4.735395431518554688e+00,5.742303371429443359e+00,1.173764610290527344e+01,4.580266475677490234e+00,-1.058340072631835938e-01,2.748324394226074219e+00,-1.044897317886352539e+00,4.656851291656494141e+00,7.594862937927246094e+00,3.569182395935058594e+00,-5.974904060363769531e+00,-7.969417095184326172e+00,-1.061193752288818359e+01,-8.493929862976074219e+00,-7.344923019409179688e-01,2.350039005279541016e+00,4.261930465698242188e+00,1.295348548889160156e+01,1.218240928649902344e+01,2.543680906295776367e+00,-1.204797554016113281e+01,-1.131576633453369141e+01,-5.784444332122802734e+00,-2.423376560211181641e+00,4.394813060760498047e+00,8.272779464721679688e+00,1.288326358795166016e+01,1.738626098632812500e+01,1.976842117309570312e+01,1.451088142395019531e+01,6.652543067932128906e+00,7.949935913085937500e+00,9.661872863769531250e+00,6.915631771087646484e+00,3.481619358062744141e+00,5.078742027282714844e+00,9.246215820312500000e+00,1.099133110046386719e+01,1.037694549560546875e+01,1.720324707031250000e+01,2.197162055969238281e+01,1.976210403442382812e+01,1.386813163757324219e+01,5.289756774902343750e+00,5.191445350646972656e+00,4.329855442047119141e+00,2.073045730590820312e+00,1.955673933029174805e+00,-2.293035030364990234e+00,-4.555764198303222656e+00,-2.791805267333984375e+00,4.224182665348052979e-01,2.333693265914916992e+00,1.257485270500183105e+00,-1.060000061988830566e+00,-6.447017669677734375e+00,1.005960345268249512e+00,1.128784561157226562e+01,1.731023025512695312e+01,1.790087127685546875e+01,1.862395858764648438e+01,2.447637748718261719e+01,2.179988861083984375e+01,1.720050048828125000e+01,1.855972099304199219e+01,1.503641223907470703e+01,4.396346569061279297e+00,4.486772537231445312e+00,8.055328369140625000e+00,1.454472351074218750e+01,1.438776206970214844e+01,1.796877288818359375e+01,9.630223274230957031e+00,7.015163421630859375e+00,6.205172538757324219e+00,1.418357491493225098e+00,2.586200237274169922e-01,6.567636966705322266e+00,8.459572792053222656e+00,7.784580707550048828e+00,8.449136734008789062e+00,9.668930053710937500e+00,1.079339981079101562e+01,1.021117496490478516e+01,6.631044387817382812e+00,9.441585540771484375e+00,8.366393089294433594e+00,6.700004100799560547e+00,3.676743030548095703e+00,1.235577702522277832e+00,2.048986852169036865e-01,1.071363067626953125e+01,1.501036453247070312e+01,1.955837249755859375e+01,2.157057571411132812e+01,2.397699165344238281e+01,2.196784210205078125e+01,2.280022811889648438e+01,1.956149673461914062e+01,2.063611984252929688e+01,1.833663940429687500e+01,6.422003269195556641e+00,3.534100055694580078e+00,9.489000320434570312e+00,1.193524932861328125e+01,1.097946166992187500e+01,6.114467620849609375e+00,9.249850273132324219e+00,1.042519664764404297e+01,1.082002544403076172e+01,8.360185623168945312e+00,3.035069465637207031e+00,4.452869415283203125e+00,5.089495658874511719e+00,3.038052082061767578e+00,2.765361964702606201e-01,1.198069572448730469e+00,3.011938333511352539e+00,4.016050338745117188e+00,3.343082070350646973e-01,1.304738283157348633e+00,2.934275627136230469e+00,2.098139286041259766e+00,3.562729656696319580e-01,3.009996175765991211e+00,4.043090820312500000e+00,4.170083045959472656e+00,1.010782480239868164e+00,-7.344402313232421875e+00,-7.699511528015136719e+00,-7.054074287414550781e+00,1.580637931823730469e+00,2.336466789245605469e+00,-1.201454043388366699e+00,1.980015158653259277e+00,1.161027145385742188e+01,1.583609580993652344e+01,1.963394927978515625e+01,1.662864303588867188e+01,1.578903007507324219e+01,1.618115806579589844e+01,2.168717002868652344e+01,2.156326675415039062e+01,1.295416831970214844e+01,1.327878475189208984e+01,1.030454158782958984e+01,4.930078983306884766e+00,4.515296936035156250e+00,1.928680658340454102e+00,3.842558383941650391e+00,1.075835704803466797e+00,-5.770803928375244141e+00,-2.415001392364501953e-01,1.337164759635925293e+00,2.285291194915771484e+00,2.357239961624145508e+00,1.086470127105712891e+00,-9.191888570785522461e-01,4.994994163513183594e+00,1.094040870666503906e+01,1.003585815429687500e+01,3.466249942779541016e+00,9.770233154296875000e+00,1.846607017517089844e+01,1.524345588684082031e+01,9.175088882446289062e+00,-1.544268608093261719e+00,-1.764416217803955078e+00,-4.853617548942565918e-01,-3.851831436157226562e+00,-5.917903900146484375e+00,-7.643703818321228027e-01,2.868206739425659180e+00,5.984255790710449219e+00,1.070977973937988281e+01,1.719589614868164062e+01,1.559381103515625000e+01,6.252779006958007812e+00,-4.351037979125976562e+00,-7.426023483276367188e-01,7.799042701721191406e+00,1.460607337951660156e+01,1.373438739776611328e+01,9.559306144714355469e+00,2.552318811416625977e+00,-7.309723854064941406e+00,-1.299732303619384766e+01,-9.765639305114746094e+00,-8.611655831336975098e-01,3.141341209411621094e+00,9.784132242202758789e-01,-9.127056121826171875e+00,-1.202418994903564453e+01,-5.353164196014404297e+00,-2.163438796997070312e+00,5.714245796203613281e+00,4.803342342376708984e+00,7.880026817321777344e+00,5.979507446289062500e+00,-3.891520023345947266e+00,-2.968218088150024414e+00,4.062376022338867188e+00,5.856311321258544922e+00,2.150965213775634766e+00,-6.172498703002929688e+00,-1.718596076965332031e+01,-1.139557647705078125e+01,-4.534450531005859375e+00,-1.663886666297912598e+00,-5.602590084075927734e+00,-3.259438991546630859e+00,-5.467561721801757812e+00,-4.638913631439208984e+00,5.806382894515991211e-01,1.960352182388305664e+00,7.673256397247314453e+00,1.375419330596923828e+01,1.619810104370117188e+01,1.670359611511230469e+01,1.518020629882812500e+01,1.754390907287597656e+01,1.989659118652343750e+01,2.192395019531250000e+01,2.669430541992187500e+01,2.733830261230468750e+01,2.339941406250000000e+01,1.488921737670898438e+01,8.719696044921875000e+00,9.292943954467773438e+00,7.725984096527099609e+00,7.270611763000488281e+00,3.161387920379638672e+00,1.871598815917968750e+01,2.419693374633789062e+01,2.423589134216308594e+01,2.471062469482421875e+01,1.942603302001953125e+01,9.497142791748046875e+00,7.646854400634765625e+00,7.312075614929199219e+00,7.911828041076660156e+00,4.077280521392822266e+00,-4.035983085632324219e-01,5.524549484252929688e+00,8.432979583740234375e+00,8.388721466064453125e+00,1.391240501403808594e+01,1.864295959472656250e+01,6.746463775634765625e+00,-4.664685249328613281e+00,-2.898025274276733398e+00,-4.840609550476074219e+00,-1.229413223266601562e+01,-1.477989101409912109e+01,-9.109387397766113281e+00,-8.928812026977539062e+00,-1.515951347351074219e+01,-1.596271610260009766e+01,-1.377481079101562500e+01,-1.005279159545898438e+01,-1.718408966064453125e+01,-1.527691268920898438e+01,-1.177157783508300781e+01,-6.532441616058349609e+00,-2.269633293151855469e+00,-4.851117134094238281e+00,-4.986536026000976562e+00,-1.713950634002685547e+00,2.239127635955810547e+00,6.505871415138244629e-01,-2.538262844085693359e+00,-9.077699780464172363e-01,-3.733606815338134766e+00,-2.422262430191040039e+00,-6.316187858581542969e+00,-3.188659906387329102e+00,7.521212577819824219e+00,6.408901214599609375e+00,5.338200569152832031e+00,-2.888825833797454834e-01,3.885074615478515625e+00,1.288300037384033203e+01,1.642203521728515625e+01,8.645861625671386719e+00,8.347946166992187500e+00,1.521018409729003906e+01,8.277565956115722656e+00,5.891933441162109375e+00,7.852694034576416016e+00,3.758731842041015625e+00,-4.990041732788085938e+00,-8.153386116027832031e+00,-1.998081088066101074e+00,-5.720362067222595215e-01,-1.052267313003540039e+00,-4.139190196990966797e+00,1.194249749183654785e+00,1.103072834014892578e+01,1.427012443542480469e+01,1.236643695831298828e+01,6.118668556213378906e+00,1.014576530456542969e+01,1.159897422790527344e+01,1.217753028869628906e+01,1.568935775756835938e+01,1.367164993286132812e+01,1.118774986267089844e+01,1.090236091613769531e+01,1.249673652648925781e+01,4.795786380767822266e+00,5.925469398498535156e+00,1.339275455474853516e+01,1.789181137084960938e+01,1.310613059997558594e+01,9.823621749877929688e+00,9.317991256713867188e+00,8.568470001220703125e+00,1.760096359252929688e+01,1.531701946258544922e+01,1.040067863464355469e+01,1.131873798370361328e+01,8.381011009216308594e+00,8.848375320434570312e+00,1.203359699249267578e+01,1.103910350799560547e+01,6.459012031555175781e+00,3.141945600509643555e-02,4.948282241821289062e+00,4.504614830017089844e+00,1.454630374908447266e+00,-3.179412841796875000e+00,-1.892313838005065918e+00,1.715046525001525879e+00,-9.744430780410766602e-01,1.191144943237304688e+00,1.105050373077392578e+01,7.025279998779296875e+00,3.679291725158691406e+00,6.741381645202636719e+00,7.714379310607910156e+00,1.078371238708496094e+01,8.886587142944335938e+00,6.599878311157226562e+00,7.382828712463378906e+00,2.547803640365600586e+00,-1.253974437713623047e+01,-1.657048797607421875e+01,-8.368931770324707031e+00,7.190573692321777344e+00,1.289918231964111328e+01,8.402963638305664062e+00,-7.477873802185058594e+00,-5.691655158996582031e+00,-1.171948528289794922e+01,-8.805101394653320312e+00,-7.693287849426269531e+00,-1.402835369110107422e+01,-1.565748500823974609e+01,-1.275021171569824219e+01,-1.127789306640625000e+01,-8.831130981445312500e+00,-5.255014419555664062e+00,3.530928611755371094e+00,5.923522949218750000e+00,-1.274169683456420898e-01,-2.320410013198852539e+00,8.372581481933593750e+00,8.369545936584472656e+00,6.291488647460937500e+00,9.645100593566894531e+00,1.154239940643310547e+01,6.591782569885253906e+00,3.811539888381958008e+00,5.407774448394775391e+00,7.287038803100585938e+00,6.975911140441894531e+00,6.572761535644531250e+00,2.070399284362792969e+00,2.311028718948364258e+00,8.502117156982421875e+00,4.214537620544433594e+00,5.484497547149658203e+00,-7.533621788024902344e-01,-4.243749678134918213e-01,8.180685043334960938e+00,1.648439025878906250e+01,2.119320678710937500e+01,1.298676109313964844e+01,4.984252452850341797e+00,-2.260769844055175781e+00,1.030154347419738770e+00,9.922571182250976562e+00,1.615004348754882812e+01,1.893373870849609375e+01,1.780660247802734375e+01,2.207526779174804688e+01,1.386545753479003906e+01,6.093030452728271484e+00,-1.052134335041046143e-01,1.406876921653747559e+00,-4.697619438171386719e+00,-5.826403141021728516e+00,-9.244517683982849121e-01,1.376340150833129883e+00,-1.920537352561950684e+00,-1.514303207397460938e+00,3.426401615142822266e+00,8.390028953552246094e+00,1.039701843261718750e+01,1.113283920288085938e+01,4.977324485778808594e+00,4.829360485076904297e+00,6.245619297027587891e+00,2.216002464294433594e+00,-1.478982925415039062e+00,-5.390936732292175293e-01,1.873440742492675781e+00,-1.485926866531372070e+00,-4.572807788848876953e+00,-3.502374649047851562e+00,-4.493700861930847168e-01,7.446885108947753906e-01,-1.146486699581146240e-01,-6.555209159851074219e+00,-1.234033584594726562e+01,4.375549852848052979e-01,1.328890800476074219e+01,1.630477142333984375e+01,1.497396278381347656e+01,1.556407737731933594e+01,1.722256851196289062e+01,1.489507865905761719e+01,1.516882514953613281e+01,1.580160903930664062e+01,2.087209320068359375e+01,1.570626068115234375e+01,2.657052516937255859e+00,1.820228099822998047e+00,4.491475820541381836e-01,1.132793426513671875e+00,3.171136140823364258e+00,2.334911584854125977e+00,-1.307810425758361816e+00,-1.142886042594909668e+00,-7.794436454772949219e+00,-1.243854904174804688e+01,-1.137802314758300781e+01,-7.735756874084472656e+00,1.859542608261108398e+00,4.396728515625000000e+00,4.650325298309326172e+00,6.618110656738281250e+00,8.911610603332519531e+00,1.364482116699218750e+01,1.084611701965332031e+01,1.063231468200683594e+01,8.197210311889648438e+00,8.876388549804687500e+00,1.128566741943359375e+01,7.861592292785644531e+00,1.573200225830078125e+01,2.105770492553710938e+01,1.228931999206542969e+01,-1.573312401771545410e+00,-1.801221609115600586e+00,8.405498504638671875e+00,6.528337955474853516e+00,9.161223411560058594e+00,1.924910163879394531e+01,2.548383903503417969e+01,2.637734413146972656e+01,2.514102554321289062e+01,1.817828369140625000e+01,1.932467651367187500e+01,1.672551345825195312e+01,1.629393959045410156e+01,2.225524139404296875e+01,2.174599838256835938e+01,-4.117704868316650391e+00,3.050726413726806641e+00,1.260298728942871094e+01,-8.832725286483764648e-01,-1.496618080139160156e+01,-1.593438053131103516e+01,2.039622068405151367e+00,7.472488403320312500e+00,4.262871742248535156e+00,1.870438814163208008e+00,6.290777683258056641e+00,7.066832542419433594e+00,4.814284801483154297e+00,5.540785789489746094e+00,4.920150756835937500e+00,4.176209449768066406e+00,5.008324623107910156e+00,3.518791198730468750e+00,2.868428230285644531e+00,-3.948241472244262695e-01,4.910403728485107422e+00,9.268243789672851562e+00,6.645710468292236328e+00,5.065395832061767578e+00,8.500377655029296875e+00,8.065870285034179688e+00,7.839759826660156250e+00,4.229594707489013672e+00,6.173542976379394531e+00,1.433838009834289551e+00,-1.029925823211669922e+01,-2.174982452392578125e+01,-8.624143600463867188e+00,4.783590316772460938e+00,1.241441249847412109e+00,-1.301922798156738281e+01,-1.677048110961914062e+01,-1.952511787414550781e+01,-1.491223144531250000e+01,-7.734447479248046875e+00,-1.300233268737792969e+01,-1.383787059783935547e+01,-6.224485874176025391e+00,-2.066993236541748047e+00,-3.826283693313598633e+00,4.258230209350585938e+00,6.514655113220214844e+00,6.821449398994445801e-01,5.569871902465820312e+00,-7.878463268280029297e-01,-2.149773216247558594e+01,-2.481221008300781250e+01,-7.103856086730957031e+00,-2.813046455383300781e+00,-2.196528196334838867e+00,-6.126592636108398438e+00,-1.046405220031738281e+01,-9.584474563598632812e+00,-6.238525390625000000e+00,-7.049523591995239258e-01,-6.706571578979492188e+00,2.780684947967529297e+00,8.086842536926269531e+00,1.064090728759765625e+01,1.116704368591308594e+01,9.765667915344238281e+00,1.018700218200683594e+01,8.293252944946289062e+00,1.023050212860107422e+01,1.358652305603027344e+01,9.422367095947265625e+00,2.126633882522583008e+00,2.692458629608154297e+00,2.852080583572387695e+00,-1.982439041137695312e+00,6.679222583770751953e+00,2.315995025634765625e+01,2.327969741821289062e+01,1.587371635437011719e+01,1.479796028137207031e+01,1.687960815429687500e+01,1.253497409820556641e+01,1.212422561645507812e+01,8.414552688598632812e+00,1.255395507812500000e+01,8.886312484741210938e+00,4.648079395294189453e+00,8.054754257202148438e+00,8.815299987792968750e+00,8.862405776977539062e+00,9.283676147460937500e+00,7.751724243164062500e+00,1.511413764953613281e+01,1.348945808410644531e+01,1.187215805053710938e+01,1.191465759277343750e+01,1.373386383056640625e+01,1.646526718139648438e+01,1.493722152709960938e+01,7.498716831207275391e+00,6.988315105438232422e+00,9.267438888549804688e+00,4.279579162597656250e+00,3.085964918136596680e-01,-3.650165557861328125e+00,-2.581394195556640625e+00,1.187971830368041992e+00,1.792796611785888672e+00,3.519455432891845703e+00,3.365298986434936523e+00,3.778916358947753906e+00,2.317922830581665039e+00,3.015885829925537109e+00,1.937140703201293945e+00,-2.442454814910888672e+00,-1.164832472801208496e+00,5.465562820434570312e+00,7.276337146759033203e+00,3.627480030059814453e+00,2.802145957946777344e+00,1.303052663803100586e+00,9.561000823974609375e+00,1.596899604797363281e+01,1.353471660614013672e+01,1.190537357330322266e+01,1.021004486083984375e+01,3.175000905990600586e+00,1.005587100982666016e+01,9.656980514526367188e+00,4.556165695190429688e+00,2.136018276214599609e+00,9.575210571289062500e+00,1.079431343078613281e+01,1.053827095031738281e+01,5.669959068298339844e+00,-5.591444015502929688e+00,-4.527172088623046875e+00,-1.017350435256958008e+00,-4.740139961242675781e+00,-4.116389274597167969e+00,-1.989763498306274414e+00,1.007324337959289551e+00,5.190078735351562500e+00,2.217373847961425781e+00,-6.642091751098632812e+00,-8.324986457824707031e+00,-1.451937580108642578e+01,-1.560158920288085938e+01,-9.944530487060546875e+00,2.178697347640991211e+00,3.059215068817138672e+00,-1.088931465148925781e+01,-1.407949638366699219e+01,-9.174364089965820312e+00,-4.059163570404052734e+00,3.831808090209960938e+00,1.379036331176757812e+01,1.256298446655273438e+01,8.785367965698242188e+00,-4.296380996704101562e+00,-8.162483215332031250e+00,-7.151716232299804688e+00,-1.111904430389404297e+01,-1.452839565277099609e+01,-1.421874332427978516e+01,-5.312789440155029297e+00,4.940776824951171875e+00,2.648586273193359375e+00,1.482072353363037109e+00,4.290429115295410156e+00,7.824255943298339844e+00,9.827327728271484375e+00,9.564378738403320312e+00,1.353658866882324219e+01,1.718890190124511719e+01,1.553090381622314453e+01,1.360418128967285156e+01,1.139743518829345703e+01,5.652731418609619141e+00,4.277109146118164062e+00,7.873259544372558594e+00,6.702065467834472656e+00,7.497434616088867188e+00,9.098098754882812500e+00,6.627844810485839844e+00,5.559996604919433594e+00,3.783838987350463867e+00,5.113631248474121094e+00,4.510306835174560547e+00,2.863264322280883789e+00,4.598484516143798828e+00,4.789474010467529297e-01,1.570467829704284668e+00,1.943547129631042480e+00,1.442559838294982910e+00,3.686419486999511719e+00,6.416470527648925781e+00,3.595927476882934570e+00,4.431224822998046875e+00,6.289028644561767578e+00,8.064523696899414062e+00,8.284370422363281250e+00,2.335742950439453125e+00,-3.628272056579589844e+00,-5.020035743713378906e+00,-9.006920814514160156e+00,-1.980403518676757812e+01,-2.164907073974609375e+01,-1.340285205841064453e+01,-3.736025571823120117e+00,2.037220299243927002e-01,-1.551960229873657227e+00,-2.928678989410400391e+00,-3.588762760162353516e+00,-1.008128738403320312e+01,-8.540508270263671875e+00,-8.293627738952636719e+00,-1.021876049041748047e+01,-1.525257015228271484e+01,-1.250523757934570312e+01,-4.143841743469238281e+00,8.718603134155273438e+00,1.653487014770507812e+01,1.248480510711669922e+01,5.109353065490722656e+00,2.838748931884765625e+00,4.723171234130859375e+00,3.221159934997558594e+00,2.289268970489501953e+00,3.701851844787597656e+00,1.268096923828125000e+01,2.114468765258789062e+01,1.486438465118408203e+01,1.011973857879638672e+01,1.536157703399658203e+01,1.105907535552978516e+01,9.137559890747070312e+00,2.038210105895996094e+01,1.662979698181152344e+01,6.222038269042968750e+00,-1.287859529256820679e-01,3.270765304565429688e+00,9.751358032226562500e-01,-5.760452270507812500e+00,-7.302794456481933594e+00,-7.838406562805175781e+00,-8.398971557617187500e+00,-3.023461103439331055e+00,8.406325340270996094e+00,1.014154243469238281e+01,6.370056152343750000e+00,-1.537680864334106445e+00,-1.217004776000976562e+00,8.458955764770507812e+00,1.613580894470214844e+01,1.462943458557128906e+01,1.176352310180664062e+01,8.551910400390625000e+00,1.078902721405029297e+01,1.362601184844970703e+01,9.591665267944335938e+00,1.231633090972900391e+01,1.107571601867675781e+01,9.405118942260742188e+00,1.299817276000976562e+01,9.296144485473632812e+00,9.789867401123046875e+00,1.162045288085937500e+01,8.009452819824218750e+00,4.881557464599609375e+00,2.056084632873535156e+00,3.096640825271606445e+00,6.095565319061279297e+00,7.316771507263183594e+00,6.592435359954833984e+00,2.584638357162475586e+00,-2.841218948364257812e+00,-2.760494947433471680e+00,4.510572433471679688e+00,8.541317939758300781e+00,1.546860504150390625e+01,1.603868484497070312e+01,1.636815643310546875e+01,1.076107025146484375e+00,-6.332114219665527344e+00,-1.204835891723632812e+01,-1.178313827514648438e+01,-9.027420043945312500e+00,-9.038515090942382812e+00,-3.200056791305541992e+00,2.009900569915771484e+00,-3.250412464141845703e+00,-2.561894655227661133e+00,6.419533729553222656e+00,8.301930427551269531e+00,2.076204299926757812e+00,-2.013442277908325195e+00,6.155991554260253906e+00,1.567411422729492188e+01,1.191136741638183594e+01,9.496836662292480469e+00,8.024650573730468750e+00,-1.824035048484802246e+00,-5.117197036743164062e+00,-5.963989257812500000e+00,-7.897176742553710938e+00,-4.678860664367675781e+00,-3.191625595092773438e+00,3.819390296936035156e+00,5.637384414672851562e+00,5.747047901153564453e+00,5.056239128112792969e+00,-1.621603965759277344e-02,-1.471131896972656250e+01,-1.498788070678710938e+01,-1.575427818298339844e+01,-1.560040950775146484e+01,-1.457045936584472656e+01,-1.404821014404296875e+01,-1.218715476989746094e+01,-4.070283889770507812e+00,-1.105530500411987305e+00,-4.338486194610595703e+00,-3.363259792327880859e+00,1.567178845405578613e+00,-7.638495445251464844e+00,-9.468514442443847656e+00,-1.355664014816284180e+00,-5.458477139472961426e-01,1.232770562171936035e+00,7.965971231460571289e-01,4.766645729541778564e-01,2.150886058807373047e-01,-1.448348283767700195e+00,-2.880483150482177734e+00,5.428540706634521484e-02,6.008968830108642578e+00,2.424747943878173828e+00,-1.859923958778381348e+00,-1.154799222946166992e+00,5.148779869079589844e+00,3.166392326354980469e+00,1.163022422790527344e+01,1.187987136840820312e+01,1.539174270629882812e+01,1.372678184509277344e+01,1.760320091247558594e+01,2.495833969116210938e+01,2.578598785400390625e+01,2.399839782714843750e+01,2.170960807800292969e+01,1.544224548339843750e+01,1.166148757934570312e+01,9.209335327148437500e+00,6.085698127746582031e+00,-1.320882320404052734e+00,-1.222467422485351562e+01,-1.340052986145019531e+01,-3.970963001251220703e+00,-4.775798320770263672e-01,6.523490905761718750e+00,1.023742103576660156e+01,1.211499977111816406e+01,7.259069442749023438e+00,3.785519838333129883e+00,1.078267574310302734e+00,5.269604325294494629e-01,-7.132016420364379883e-01,3.333777189254760742e+00,9.430896759033203125e+00,4.093804836273193359e+00,8.999737501144409180e-01,4.931446075439453125e+00,8.957881927490234375e+00,1.091775512695312500e+01,9.480891227722167969e+00,5.371511459350585938e+00,3.778448104858398438e+00,4.011826515197753906e+00,-1.280467414855957031e+01,-1.491721248626708984e+01,-4.825128555297851562e+00,-3.448849439620971680e+00,-9.570295333862304688e+00,-1.348241996765136719e+01,-1.400811958312988281e+01,-1.338468933105468750e+01,-1.153403186798095703e+01,-2.027628898620605469e+00,2.987773895263671875e+00,8.116019368171691895e-01,3.396615982055664062e-01,-1.384298086166381836e+00,-4.964134216308593750e+00,-5.390347957611083984e+00,8.600309491157531738e-01,4.132893085479736328e+00,1.130392193794250488e+00,-3.795307397842407227e+00,-1.021259880065917969e+01,-6.705086708068847656e+00,-2.618895053863525391e+00,-4.054115772247314453e+00,-6.403396129608154297e+00,-4.695055007934570312e+00,-4.903995513916015625e+00,-1.980358362197875977e-01,-5.721849799156188965e-01,-3.363835811614990234e+00,1.061840295791625977e+00,3.333216190338134766e+00,5.309437751770019531e+00,2.988589763641357422e+00,2.844708919525146484e+00,8.649331331253051758e-01,2.091034173965454102e+00,1.677424430847167969e+00,7.207120895385742188e+00,8.125333786010742188e+00,6.571620941162109375e+00,3.183114528656005859e+00,3.587581396102905273e+00,4.358037948608398438e+00,7.151988983154296875e+00,1.169505214691162109e+01,1.048288059234619141e+01,6.001892089843750000e+00,4.444871425628662109e+00,-2.034754753112792969e+00,8.128857612609863281e-02,-2.014008045196533203e+00,2.424876093864440918e-01,3.274504661560058594e+00,2.823255777359008789e+00,1.891685426235198975e-01,1.775906383991241455e-01,-1.760250926017761230e+00,-4.548364639282226562e+00,9.477772712707519531e-01,2.633392095565795898e+00,6.015468597412109375e+00,4.160941123962402344e+00,5.675241947174072266e+00,6.613893508911132812e+00,-2.614576578140258789e+00,-3.253358602523803711e+00,1.374317932128906250e+01,2.521784973144531250e+01,2.499182891845703125e+01,1.874891853332519531e+01,7.723419189453125000e+00,1.700394272804260254e+00,3.004944562911987305e+00,6.203046441078186035e-01,-5.520269870758056641e-01,2.628058671951293945e+00,-3.925946056842803955e-01,-1.261694073677062988e+00,-3.156175136566162109e+00,-1.748720288276672363e+00,-5.351716279983520508e-01,-1.080000042915344238e+00,-2.873520374298095703e+00,-1.145589923858642578e+01,-1.269674110412597656e+01,-1.180926513671875000e+01,-1.243058395385742188e+01,-1.205841159820556641e+01,-1.069692230224609375e+01,-1.910341644287109375e+01,-1.815959167480468750e+01,-1.613500213623046875e+01,-1.824456024169921875e+01,-1.200698471069335938e+01,-3.684569597244262695e+00,4.553134918212890625e+00,1.000735092163085938e+01,1.546231174468994141e+01,1.731856918334960938e+01,2.003872299194335938e+01,2.419223785400390625e+01,2.068024444580078125e+01,1.561711597442626953e+01,1.377474594116210938e+01,8.451587677001953125e+00,-3.099591732025146484e+00,-5.103375434875488281e+00,-4.403192043304443359e+00,-6.524461746215820312e+00,-3.991966247558593750e+00,9.014228582382202148e-01,5.034809112548828125e+00,7.490240573883056641e+00,7.838534355163574219e+00,1.182033729553222656e+01,1.462333297729492188e+01,1.290765190124511719e+01,8.248409271240234375e+00,7.846647262573242188e+00,7.241014480590820312e+00,5.241724491119384766e+00,2.095924615859985352e-01,-1.806449890136718750e-01,-1.861545443534851074e+00,-4.321674346923828125e+00,2.866277694702148438e+00,6.735715866088867188e+00,1.218294906616210938e+01,1.312444114685058594e+01,1.048416328430175781e+01,8.492730140686035156e+00,6.815710067749023438e+00,2.324184417724609375e+00,4.404183387756347656e+00,7.905430793762207031e+00,5.303709506988525391e+00,-2.326719999313354492e+00,-8.942583084106445312e+00,-9.663887023925781250e+00,-1.071384811401367188e+01,-6.343977928161621094e+00,-3.726366043090820312e+00,-6.087628364562988281e+00,-8.792649269104003906e+00,-4.953096389770507812e+00,2.912496089935302734e+00,4.053361892700195312e+00,2.074046850204467773e+00,-1.950328111648559570e+00,-2.016331195831298828e+00,-5.196166515350341797e+00,-5.776719093322753906e+00,5.308965444564819336e-01,6.220864295959472656e+00,7.049561977386474609e+00,7.669742584228515625e+00,7.500333309173583984e+00,3.120955944061279297e+00,2.177767515182495117e+00,-2.525238990783691406e+00,9.263529181480407715e-01,-4.057869911193847656e+00,4.810321629047393799e-01,1.011584854125976562e+01,1.616452598571777344e+01,1.032874965667724609e+01,1.282654476165771484e+01,1.062751770019531250e+00,-1.192737960815429688e+01,-1.804049682617187500e+01,-8.343256950378417969e+00,-1.259866237640380859e+00,-2.827074527740478516e+00,-7.413370132446289062e+00,-5.864294052124023438e+00,-2.870903491973876953e+00,-2.165562868118286133e+00,-8.651764392852783203e-01,4.774140417575836182e-01,6.129347085952758789e-01,-3.056186199188232422e+00,-3.579537868499755859e+00,2.865391254425048828e+00,1.042906570434570312e+01,9.774223327636718750e+00,6.780961036682128906e+00,1.192322921752929688e+01,7.044700622558593750e+00,6.827815055847167969e+00,8.338022232055664062e+00,2.885830402374267578e-01,-6.459793090820312500e+00,-1.505523014068603516e+01,-1.651431465148925781e+01,-1.762364387512207031e+01,-1.329180240631103516e+01,-1.529309511184692383e+00,8.790023803710937500e+00,1.348380661010742188e+01,7.194126129150390625e+00,3.603999614715576172e+00,-1.098013639450073242e+00,-1.548494338989257812e+00,-7.233568429946899414e-01,9.901353836059570312e+00,1.771565437316894531e+01,1.693132019042968750e+01,1.896965980529785156e+01,1.547301292419433594e+01,8.548669815063476562e+00,1.418743133544921875e+00,3.899896144866943359e-01,1.035165596008300781e+01,1.480937385559082031e+01,1.242676925659179688e+01,1.159953880310058594e+01,8.892991065979003906e+00,1.582529258728027344e+01,2.183809661865234375e+01,2.181618499755859375e+01,9.377410888671875000e+00,3.092282056808471680e+00,9.965494871139526367e-01,-1.987237095832824707e+00,-1.045193552970886230e+00,-2.782818317413330078e+00,-1.935730218887329102e+00,1.438709497451782227e+00,-1.111986541748046875e+01,-6.085061550140380859e+00,-1.628552198410034180e+00,-1.330127525329589844e+01,-1.313352966308593750e+01,-1.101023864746093750e+01,-7.763749122619628906e+00,-6.058549880981445312e+00,2.464393138885498047e+00,1.333657455444335938e+01,1.500741863250732422e+01,6.798053741455078125e+00,-3.284275054931640625e+00,3.137729167938232422e-01,3.440846920013427734e+00,-5.665916204452514648e-02,-1.996170878410339355e+00,2.635377883911132812e+00,9.678999781608581543e-01,1.467905998229980469e+00,-1.689702510833740234e+00,3.626796245574951172e+00,3.477498769760131836e+00,9.751873016357421875e-01,8.178748130798339844e+00,1.123703193664550781e+01,7.520043373107910156e+00,1.058186626434326172e+01,1.314130020141601562e+01,1.180277633666992188e+01,1.255475997924804688e+01,9.863031387329101562e+00,3.956328392028808594e+00,-3.522025585174560547e+00,-5.357958793640136719e+00,3.195265293121337891e+00,8.055112838745117188e+00,8.689140319824218750e+00,7.206280708312988281e+00,7.376123428344726562e+00,7.487913131713867188e+00,7.719158172607421875e+00,6.505308151245117188e+00,1.609221458435058594e+00,-2.774807810783386230e-01,4.549977302551269531e+00,5.709810256958007812e+00,4.069855690002441406e+00,7.891380786895751953e-01,5.964830517768859863e-01,3.202363014221191406e+00,5.673899173736572266e+00,2.761488437652587891e+00,-2.930363416671752930e-01,-7.011897087097167969e+00,3.030594438314437866e-03,4.366401195526123047e+00,4.264709472656250000e+00,1.080663681030273438e+00,-9.945060014724731445e-01,-3.690763235092163086e+00,-1.204684615135192871e+00,-1.233487427234649658e-01,-1.721974730491638184e+00,2.394336462020874023e+00,9.518957138061523438e+00,3.701167106628417969e+00,-2.697101831436157227e-01,7.166809558868408203e+00,6.144276618957519531e+00,-2.507817745208740234e+00,-3.801316738128662109e+00,-2.567279577255249023e+00,-1.653522849082946777e+00,6.375436782836914062e+00,1.281059360504150391e+01,8.623268127441406250e+00,-3.355717658996582031e+00,-1.322047424316406250e+01,-7.785133361816406250e+00,-1.124917793273925781e+01,-1.076267337799072266e+01,-1.456300926208496094e+01,-1.852266311645507812e+01,-1.373721504211425781e+01,-1.350042533874511719e+01,-1.390189266204833984e+01,-1.194515609741210938e+01,-1.128859519958496094e+01,-8.106834411621093750e+00,5.827392578125000000e+00,1.496935462951660156e+01,1.075061035156250000e+01,5.646582126617431641e+00,2.977638959884643555e+00,1.155771636962890625e+01,1.596531867980957031e+01,1.660059165954589844e+01,1.833764648437500000e+01,2.048618316650390625e+01,1.739400482177734375e+01,1.009841346740722656e+01,4.547811031341552734e+00,6.119993209838867188e+00,-4.167618751525878906e-01,-3.384943008422851562e+00,-4.866418838500976562e+00,-4.241260051727294922e+00,-3.309989929199218750e+00,5.351250171661376953e+00,6.003778457641601562e+00,-7.865022420883178711e-01,-6.896864414215087891e+00,-9.607702255249023438e+00,-8.081817626953125000e+00,-3.515416383743286133e+00,-7.053767681121826172e+00,-9.821222305297851562e+00,8.656112477183341980e-03,1.070459175109863281e+01,1.508724880218505859e+01,2.031940460205078125e+01,1.825183868408203125e+01,2.084843254089355469e+01,2.174436187744140625e+01,6.789453029632568359e+00,-1.234381294250488281e+01,-2.118793487548828125e+01,-1.920747756958007812e+01,-2.431129074096679688e+01,-2.331307029724121094e+01,-1.994059371948242188e+01,-1.625565147399902344e+01,-1.995218086242675781e+01,-1.374952888488769531e+01,6.567481756210327148e-01,9.311828613281250000e+00,1.006756401062011719e+01,6.063373565673828125e+00,-6.855410337448120117e-01,-1.081808185577392578e+01,6.568260192871093750e+00,1.589155578613281250e+01,9.545486450195312500e+00,6.402593135833740234e+00,1.478139877319335938e+00,-2.593912124633789062e+00,-3.864372014999389648e+00,-3.002756118774414062e+00,-2.198533058166503906e+00,4.311943054199218750e-02,6.528929710388183594e+00,1.108058643341064453e+01,9.238158226013183594e+00,3.340186119079589844e+00,-1.989763259887695312e+00,2.486715793609619141e+00,3.624616861343383789e+00,3.842994213104248047e+00,-2.492177486419677734e-02,-2.317791938781738281e+00,-6.618038177490234375e+00,-1.007888317108154297e+00,-2.669443607330322266e+00,1.931438803672790527e+00,5.366680145263671875e+00,3.836764812469482422e+00,6.480911731719970703e+00,9.774709701538085938e+00,1.005373954772949219e+01,1.411430263519287109e+01,2.088513946533203125e+01,1.262511062622070312e+01,3.664359331130981445e+00,-1.470194935798645020e+00,1.713549375534057617e+00,1.112182235717773438e+01,1.932594299316406250e+01,1.884220504760742188e+01,1.892678833007812500e+01,9.608198165893554688e+00,-9.402999281883239746e-02,-2.101873159408569336e+00,-5.004985332489013672e-01,-1.696698307991027832e+00,-1.549717426300048828e+00,3.362280368804931641e+00,1.965464401245117188e+01,2.487945556640625000e+01,2.335634231567382812e+01,1.174161911010742188e+01,4.101816654205322266e+00,-2.543789863586425781e+00,-1.016660118103027344e+01,-7.341676712036132812e+00,-1.195008754730224609e+00,1.819753646850585938e+00,1.278275609016418457e+00,3.249786615371704102e+00,3.802266836166381836e+00,2.216406345367431641e+00,3.560028076171875000e+00,4.658834934234619141e+00,6.063191890716552734e+00,5.584285736083984375e+00,4.249964237213134766e+00,6.066236495971679688e+00,1.549128890037536621e+00,-3.147039890289306641e+00,-5.156545639038085938e+00,3.494199275970458984e+00,-2.938896417617797852e-01,8.118317127227783203e-01,1.735272169113159180e+00,7.550150394439697266e+00,5.966993331909179688e+00,2.710882902145385742e+00,2.024688720703125000e+00,6.077561378479003906e+00,6.351283073425292969e+00,7.638571739196777344e+00,6.850143432617187500e+00,4.583746910095214844e+00,3.152048587799072266e+00,6.049107551574707031e+00,6.318045139312744141e+00,7.867549896240234375e+00,6.897156238555908203e+00,5.300328731536865234e+00,1.011648178100585938e+01,8.820990562438964844e+00,5.798928260803222656e+00,4.528802394866943359e+00,2.045421838760375977e+00,2.578216791152954102e-02,9.365964889526367188e+00,1.014924049377441406e+01,3.505972862243652344e+00,-3.850922584533691406e+00,7.287276983261108398e-01,-1.080550432205200195e+00,1.269858455657958984e+01,1.699534416198730469e+01,1.108237266540527344e+01,1.098617076873779297e+01,8.010296821594238281e+00,6.647208213806152344e+00,5.623448371887207031e+00,5.578539848327636719e+00,1.313801956176757812e+01,2.765362024307250977e+00,-5.274887084960937500e-01,4.295462608337402344e+00,1.373316347599029541e-02,-2.185935974121093750e+00,-1.163465499877929688e+00,4.682114601135253906e+00,4.947135925292968750e+00,1.388781261444091797e+01,2.252856063842773438e+01,1.956047439575195312e+01,1.092557621002197266e+01,8.068502426147460938e+00,1.023573875427246094e+01,1.074936676025390625e+01,-2.216171264648437500e+00,-4.451493740081787109e+00,-1.384650230407714844e+01,-1.414068603515625000e+01,-1.258784961700439453e+01,-1.687691879272460938e+01,-1.640141296386718750e+01,-1.364158630371093750e+01,-8.433703422546386719e+00,-4.217096328735351562e+00,-2.462839126586914062e+00,-1.008091163635253906e+01,-1.238916969299316406e+01,-1.104254722595214844e+01,-1.244511222839355469e+01,-1.418447494506835938e+01,-9.148351669311523438e+00,-6.565531730651855469e+00,-2.522368431091308594e+00,5.357161521911621094e+00,7.566544532775878906e+00,4.640620946884155273e-01,5.715512275695800781e+00,1.399656295776367188e+01,1.618676757812500000e+01,1.001938247680664062e+01,9.250638961791992188e+00,5.345945358276367188e+00,3.975025177001953125e+00,-3.636450290679931641e+00,-6.879703521728515625e+00,-5.747839927673339844e+00,-5.321862220764160156e+00,-6.725419998168945312e+00,4.718520641326904297e-01,6.328119277954101562e+00,1.037537288665771484e+01,1.056348514556884766e+01,7.060788154602050781e+00,-7.622061252593994141e+00,-4.872794151306152344e+00,1.645491027832031250e+01,2.956542205810546875e+01,2.272436141967773438e+01,1.358602142333984375e+01,1.308627986907958984e+01,1.893512725830078125e+01,1.946314811706542969e+01,1.583919906616210938e+01,1.726637840270996094e+01,2.195262908935546875e+01,2.325180816650390625e+01,2.043026161193847656e+01,1.532473564147949219e+01,2.231284713745117188e+01,2.207211303710937500e+01,2.094338607788085938e+01,2.006301879882812500e+01,2.087878990173339844e+01,1.081861686706542969e+01,3.369330406188964844e+00,2.719032049179077148e+00,3.207089900970458984e+00,1.469222068786621094e+00,5.502705574035644531e+00,8.349892616271972656e+00,5.769610404968261719e+00,2.379795074462890625e+00,4.571071624755859375e+00,1.011645030975341797e+01,1.141271400451660156e+01,9.874505996704101562e+00,9.351383209228515625e+00,5.125704765319824219e+00,2.688293933868408203e+00,9.931156158447265625e+00,1.035037040710449219e+01,-1.565431833267211914e+00,-4.340982437133789062e+00,-5.376260280609130859e-01,-2.895950317382812500e+00,-1.127799606323242188e+01,-1.709204483032226562e+01,-1.977767181396484375e+01,-1.890683746337890625e+01,-1.072384262084960938e+01,1.220481395721435547e-01,1.083260345458984375e+01,5.031531333923339844e+00,-4.138329029083251953e+00,-5.019778251647949219e+00,-2.271707057952880859e+00,-4.710926532745361328e+00,-6.835694313049316406e+00,1.801926136016845703e+00,9.259019851684570312e+00,1.346811008453369141e+01,3.657295703887939453e+00,-4.991647720336914062e+00,-3.040929794311523438e+00,1.109041976928710938e+01,1.536217689514160156e+01,1.728976631164550781e+01,1.157969665527343750e+01,2.465614080429077148e+00,-4.231723785400390625e+00,1.526142120361328125e+00,8.025920867919921875e+00,1.287634372711181641e+00,-6.901292204856872559e-01,2.481337070465087891e+00,-5.612204551696777344e+00,-8.615884780883789062e+00,-9.075213432312011719e+00,-7.483921051025390625e+00,-1.026929473876953125e+01,-6.782403945922851562e+00,-4.492555856704711914e-01,3.536741495132446289e+00,6.374329090118408203e+00,9.272147178649902344e+00,6.775227069854736328e+00,1.035998153686523438e+01,1.786689949035644531e+01,1.793372535705566406e+01,1.755722999572753906e+01,1.803972625732421875e+01,1.593266582489013672e+01,1.384046554565429688e+01,1.526698875427246094e+01,1.053852844238281250e+01,1.583587676286697388e-01,1.470358371734619141e+00,6.770528316497802734e+00,8.474865913391113281e+00,5.765016555786132812e+00,7.101285934448242188e+00,-3.830057144165039062e+00,1.205199718475341797e+00,8.531319618225097656e+00,1.331192588806152344e+01,1.075385665893554688e+01,7.890995502471923828e+00,7.748601436614990234e+00,9.801658630371093750e+00,8.590511322021484375e+00,8.850644111633300781e+00,1.319299507141113281e+01,1.017063617706298828e+01,2.402572154998779297e+00,6.068717956542968750e+00,7.410991668701171875e+00,5.441440582275390625e+00,-5.012787342071533203e+00,-3.006482601165771484e+00,3.289462566375732422e+00,6.781324386596679688e+00,1.189926910400390625e+01,7.843841552734375000e+00,-2.947497129440307617e+00,1.509078264236450195e+00,5.727737903594970703e+00,1.890959024429321289e+00,6.154525756835937500e+00,9.464763641357421875e+00,1.280852603912353516e+01,8.469568252563476562e+00,4.916752338409423828e+00,4.819464206695556641e+00,2.220423936843872070e+00,2.535466670989990234e+00,4.014172077178955078e+00,5.070424079895019531e+00,2.611161708831787109e+00,-2.352666378021240234e+00,-9.619282484054565430e-01,-9.936323761940002441e-01,-2.697308540344238281e+00,-1.028825759887695312e+00,4.558264732360839844e+00,1.149355888366699219e+01,7.831575393676757812e+00,4.174127101898193359e+00,6.249495506286621094e+00,4.303182601928710938e+00,5.948875427246093750e+00,5.980052947998046875e+00,5.500878334045410156e+00,2.819204807281494141e+00,6.426778316497802734e+00,7.410404205322265625e+00,7.426260471343994141e+00,8.927218437194824219e+00,9.707072257995605469e+00,5.330473899841308594e+00,2.403961896896362305e+00,2.298961877822875977e+00,2.563484907150268555e-01,-4.686070442199707031e+00,-4.946239948272705078e+00,-3.646961688995361328e+00,-6.198087215423583984e+00,1.953238248825073242e+00,1.251611828804016113e+00,-1.500473880767822266e+01,-8.182273864746093750e+00,3.029871463775634766e+00,1.212594413757324219e+01,1.608250045776367188e+01,1.536692905426025391e+01,7.747437953948974609e+00,1.144952774047851562e+01,1.559908103942871094e+01,1.686772346496582031e+01,1.475285530090332031e+01,1.188183784484863281e+01,6.666725635528564453e+00,2.444627761840820312e+00,5.381964206695556641e+00,1.041104698181152344e+01,1.349731063842773438e+01,1.067911434173583984e+01,6.887095451354980469e+00,3.611704707145690918e-01,8.584146499633789062e-01,-3.797506392002105713e-01,-5.932998657226562500e+00,-9.962810516357421875e+00,-1.116472434997558594e+01,-1.115630149841308594e+01,-6.254240512847900391e+00,-8.392751693725585938e+00,-9.809099197387695312e+00,-7.591499328613281250e+00,-4.675687789916992188e+00,-1.885726809501647949e+00,5.494199752807617188e+00,7.473056793212890625e+00,7.995892524719238281e+00,9.034282684326171875e+00,1.251160621643066406e+01,1.473028182983398438e+01,1.253347587585449219e+01,1.132167148590087891e+01,7.772392749786376953e+00,1.142856979370117188e+01,1.662636566162109375e+01,1.911509323120117188e+01,2.314518928527832031e+01,2.366661453247070312e+01,1.379459977149963379e+00,-1.397169494628906250e+01,-1.371649932861328125e+01,-3.021322011947631836e+00,7.958557009696960449e-01,4.525390625000000000e+00,9.371816635131835938e+00,1.226612472534179688e+01,1.324661445617675781e+01,1.251943588256835938e+01,9.478307723999023438e+00,1.816676378250122070e+00,-1.021748304367065430e+00,1.512519359588623047e+00,5.795029640197753906e+00,4.653562545776367188e+00,2.583927810192108154e-01,2.791154682636260986e-01,2.025989055633544922e+00,4.792593955993652344e+00,5.852748394012451172e+00,1.291973710060119629e+00,2.613443732261657715e-01,1.023496985435485840e+00,-2.937565445899963379e-01,-7.518185615539550781e+00,-6.188457012176513672e+00,-1.717050790786743164e+00,-9.459652900695800781e-01,3.844888687133789062e+00,4.095950126647949219e+00,-3.984569609165191650e-01,-5.205912590026855469e+00,-9.639068603515625000e+00,-4.143269538879394531e+00,9.158115386962890625e+00,1.304582214355468750e+01,9.494151115417480469e+00,1.612556695938110352e+00,-5.356486797332763672e+00,-5.245154380798339844e+00,4.036913514137268066e-01,1.115016746520996094e+01,7.844836235046386719e+00,3.515055418014526367e+00,5.846718788146972656e+00,6.468253135681152344e+00,1.084097099304199219e+01,1.595746231079101562e+01,1.540540218353271484e+01,1.656015014648437500e+01,1.379772758483886719e+01,5.792633295059204102e-01,-2.564938545227050781e+00,-1.561770725250244141e+01,-2.137680244445800781e+01,-1.878547477722167969e+01,-1.488527011871337891e+01,-7.833440780639648438e+00,1.636093616485595703e+00,7.962165832519531250e+00,1.454016876220703125e+01,1.270448875427246094e+01,6.659525394439697266e+00,2.081356525421142578e+00,8.154884338378906250e+00,9.211524963378906250e+00,1.141557097434997559e+00,5.546560287475585938e+00,7.309012413024902344e+00,6.721188545227050781e+00,3.646433830261230469e+00,-3.356744050979614258e+00,-8.488843917846679688e+00,-3.006432056427001953e+00,2.116526365280151367e-01,5.227444171905517578e-01,4.702910423278808594e+00,3.947295188903808594e+00,1.203547716140747070e+00,-4.235343337059020996e-01,-7.332476377487182617e-01,3.991631507873535156e+00,1.870230674743652344e+01,1.870835876464843750e+01,2.575373840332031250e+01,2.256161880493164062e+01,1.862212371826171875e+01,2.311784362792968750e+01,1.306390666961669922e+01,1.162013339996337891e+01,1.927482223510742188e+01,2.091990470886230469e+01,2.441006088256835938e+01,2.835018157958984375e+01,2.513136863708496094e+01,2.101630401611328125e+01,2.011012268066406250e+01,1.192208671569824219e+01,5.902337551116943359e+00,1.438685989379882812e+01,1.787995147705078125e+01,1.557627487182617188e+01,1.395822048187255859e+01,2.260301399230957031e+01,2.597882270812988281e+01,1.883415985107421875e+01,1.402087402343750000e+01,8.632013320922851562e+00,2.695195198059082031e+00,-8.149881362915039062e-01,-6.707056999206542969e+00,-1.194416236877441406e+01,-1.694867515563964844e+01,-1.579469203948974609e+01,-1.245689201354980469e+01,-2.823504924774169922e+00,5.445345401763916016e+00,6.654698371887207031e+00,-4.372369766235351562e+00,-1.522242426872253418e+00,6.911274909973144531e+00,3.773382902145385742e+00,1.458877563476562500e+00,5.099837303161621094e+00,-7.134781479835510254e-01,3.085237979888916016e+00,6.380962371826171875e+00,5.752466678619384766e+00,9.596014022827148438e+00,1.836979484558105469e+01,2.262423324584960938e+01,1.788250350952148438e+01,1.356480121612548828e+01,1.251566791534423828e+01,1.153539466857910156e+01,1.435036468505859375e+01,1.394887161254882812e+01,1.631723785400390625e+01,1.930712890625000000e+01,1.719070816040039062e+01,1.106218242645263672e+01,9.720518112182617188e+00,1.206850624084472656e+01,4.190825462341308594e+00,2.651527881622314453e+00,5.818330764770507812e+00,9.382720947265625000e+00,1.586780643463134766e+01,1.801537322998046875e+01,1.630586814880371094e+01,1.394473648071289062e+01,9.985464096069335938e+00,4.347406029701232910e-01,-3.117074489593505859e+00,2.326584100723266602e+00,8.385057449340820312e+00,8.879156112670898438e+00,6.808384418487548828e+00,5.405215740203857422e+00,5.344152450561523438e+00,2.458873391151428223e-01,4.207401752471923828e+00,1.114736270904541016e+01,1.442798614501953125e+01,1.246008872985839844e+01,1.126906394958496094e+01,1.043270301818847656e+01,7.856449127197265625e+00,-2.562565803527832031e-01,-3.623291492462158203e+00,-3.690716981887817383e+00,-2.958625316619873047e+00,7.480060577392578125e+00,1.632075881958007812e+01,1.663867187500000000e+01,9.783098220825195312e+00,5.935118198394775391e+00,-1.845938205718994141e+00,1.490192174911499023e+00,9.616238594055175781e+00,8.062984466552734375e+00,1.312963485717773438e+01,1.403629207611083984e+01,1.236713409423828125e+01,1.198965263366699219e+01,1.029182529449462891e+01,9.162774085998535156e+00,7.122159481048583984e+00,3.837614774703979492e+00,1.235135197639465332e-01,-1.887127161026000977e+00,1.329707622528076172e+00,1.087305665016174316e+00,-2.691411972045898438e+00,-2.396851539611816406e+00,7.024266719818115234e-01,5.651277065277099609e+00,3.490256786346435547e+00,-3.389795780181884766e+00,-6.758577346801757812e+00,-2.733139514923095703e+00,-1.853549838066101074e+00,-5.713986158370971680e-01,4.321515083312988281e+00,7.465059280395507812e+00,6.003023147583007812e+00,8.635371208190917969e+00,6.341567516326904297e+00,-7.704964280128479004e-02,9.485012888908386230e-01,-4.671399593353271484e-01,3.436897039413452148e+00,4.478884220123291016e+00,6.413876533508300781e+00,1.090091323852539062e+01,1.055076980590820312e+01,9.396314620971679688e+00,1.348696136474609375e+01,1.185920333862304688e+01,8.169816970825195312e+00,6.382557868957519531e+00,6.926387786865234375e+00,1.030564785003662109e+01,8.813264846801757812e+00,8.790900230407714844e+00,9.159243583679199219e+00,7.054235458374023438e+00,5.945809364318847656e+00,7.789941787719726562e+00,6.008030891418457031e+00,8.274402618408203125e+00,8.289366722106933594e+00,-2.025268077850341797e+00,-6.277113914489746094e+00,7.135373950004577637e-01,1.453567790985107422e+01,2.267971992492675781e+01,1.979785537719726562e+01,2.234064102172851562e+01,2.183321189880371094e+01,1.170688438415527344e+01,1.202544593811035156e+01,1.087125587463378906e+01,7.779207706451416016e+00,6.863479614257812500e+00,6.130474567413330078e+00,4.489449501037597656e+00,7.922839164733886719e+00,1.748907852172851562e+01,2.143231582641601562e+01,2.116088104248046875e+01,1.590830802917480469e+01,4.318330287933349609e+00,-4.842267036437988281e+00,-4.453798294067382812e+00,2.511282861232757568e-01,-3.370070695877075195e+00,-4.205950736999511719e+00,-6.468623876571655273e-01,6.544602870941162109e+00,4.934484481811523438e+00,3.216039657592773438e+00,4.222453117370605469e+00,5.350744247436523438e+00,1.189471626281738281e+01,9.656286239624023438e+00,1.273400592803955078e+01,1.678209304809570312e+01,2.107696151733398438e+01,1.448466873168945312e+01,-6.639793872833251953e+00,-9.358443260192871094e+00,-1.104504394531250000e+01,-4.597470760345458984e+00,-1.030624628067016602e+00,-4.944680213928222656e+00,6.055217385292053223e-01,-1.761041760444641113e+00,-3.677117586135864258e+00,-7.107083320617675781e+00,-1.074153518676757812e+01,-2.715266227722167969e+00,3.023225307464599609e+00,8.114528656005859375e+00,1.143953418731689453e+01,7.142000198364257812e+00,1.570428562164306641e+01,1.499899768829345703e+01,3.396705150604248047e+00,1.576261758804321289e+00,2.292676448822021484e+00,-3.074319124221801758e+00,-7.319575786590576172e+00,-1.250016689300537109e+01,-9.458213806152343750e+00,-9.917234420776367188e+00,-1.122782325744628906e+01,-1.029713630676269531e+01,-1.753339195251464844e+01,-1.784405517578125000e+01,-1.122653961181640625e+01,-5.547475814819335938e-01,2.211945295333862305e+00,1.245545387268066406e+00,6.389071464538574219e+00,1.352469539642333984e+01,1.319488716125488281e+01,1.175238227844238281e+01,4.916711330413818359e+00,9.409151077270507812e+00,2.075693130493164062e+01,2.386291885375976562e+01,2.403815841674804688e+01,2.791017532348632812e+01,2.761716079711914062e+01,2.333362960815429688e+01,2.082230377197265625e+01,1.338597297668457031e+01,1.528672599792480469e+01,1.743027114868164062e+01,1.232035827636718750e+01,3.426550149917602539e+00,3.188118696212768555e+00,1.073856544494628906e+01,2.008913803100585938e+01,2.872674179077148438e+01,2.234692001342773438e+01,1.693439865112304688e+01,1.646559143066406250e+01,1.684411430358886719e+01,1.824964523315429688e+01,1.522468566894531250e+01,7.130784988403320312e+00,3.078967809677124023e+00,6.803575515747070312e+00,9.848229408264160156e+00,9.726830482482910156e+00,1.044091987609863281e+01,6.813208580017089844e+00,4.901690959930419922e+00,7.737095832824707031e+00,1.336159133911132812e+01,2.444047927856445312e+01,2.324342346191406250e+01,1.807698249816894531e+01,1.418531036376953125e+01,8.418918609619140625e+00,1.120769119262695312e+01,1.920007133483886719e+01,1.715889358520507812e+01,1.075945281982421875e+01,8.296285629272460938e+00,1.251185417175292969e+00,-3.645775079727172852e+00,2.676408290863037109e+00,1.018709063529968262e+00,3.512209415435791016e+00,1.303668880462646484e+01,1.473649024963378906e+01,1.007123756408691406e+01,9.425532341003417969e+00,1.110077857971191406e+01,1.343490219116210938e+01,9.348427772521972656e+00,6.915227890014648438e+00,6.005598068237304688e+00,4.283811569213867188e+00,9.113251686096191406e+00,1.246843910217285156e+01,1.249394321441650391e+01,1.426311302185058594e+01,1.226025485992431641e+01,1.102535057067871094e+01,9.878509521484375000e+00,3.136868000030517578e+00,4.501081466674804688e+00,3.609232902526855469e+00,7.592693328857421875e+00,4.120520591735839844e+00,-6.343623161315917969e+00,-1.018049240112304688e+01,-6.251378536224365234e+00,9.901382446289062500e+00,1.807963562011718750e+01,1.670185089111328125e+01,1.085282230377197266e+01,1.082201385498046875e+01,9.276012420654296875e+00,1.102195858955383301e+00,5.979497909545898438e+00,1.542810058593750000e+01,1.758097076416015625e+01,1.397866439819335938e+01,1.427443790435791016e+01,1.750811958312988281e+01,1.689565467834472656e+01,1.826295661926269531e+01,2.351945877075195312e+01,2.248686981201171875e+01,1.372409629821777344e+01,1.436570930480957031e+01,1.821417236328125000e+01,1.319079971313476562e+01,4.016235351562500000e+00,4.648812770843505859e+00,1.001427841186523438e+01,8.900243759155273438e+00,1.452727508544921875e+01,1.265770339965820312e+01,1.216698741912841797e+01,1.755497360229492188e+01,1.489368152618408203e+01,8.048951148986816406e+00,3.034787654876708984e+00,1.283584403991699219e+01,1.468739223480224609e+01,1.494076919555664062e+01,1.809942626953125000e+01,1.453853797912597656e+01,9.704015731811523438e+00,1.012327384948730469e+01,7.655895233154296875e+00,5.948716163635253906e+00,4.680127143859863281e+00,2.325094461441040039e+00,-1.396058559417724609e+00,5.770355224609375000e+00,1.827775001525878906e+01,2.858971023559570312e+01,3.005730438232421875e+01,1.908435821533203125e+01,1.375561904907226562e+01,4.673933982849121094e+00,4.075556278228759766e+00,1.498522162437438965e+00,3.685948371887207031e+00,3.207712650299072266e+00,1.964959859848022461e+00,2.208897352218627930e+00,2.740051031112670898e+00,1.608558297157287598e+00,-2.131838083267211914e+00,-5.169742584228515625e+00,-6.823439598083496094e+00,-9.793324470520019531e+00,-1.373942756652832031e+01,-4.909161567687988281e+00,2.331300735473632812e+00,8.673705101013183594e+00,1.375181198120117188e+01,1.416667747497558594e+01,9.415403366088867188e+00,5.057548522949218750e+00,3.334018707275390625e+00,6.446360588073730469e+00,2.826465368270874023e+00,-3.336011886596679688e+00,-1.551416778564453125e+01,-6.471580028533935547e+00,4.951228141784667969e+00,8.964551925659179688e+00,1.120473575592041016e+01,6.504909992218017578e+00,9.713912606239318848e-01,2.026553630828857422e+00,3.250060379505157471e-01,3.897229194641113281e+00,1.328183364868164062e+01,1.322165107727050781e+01,1.461444473266601562e+01,1.789334106445312500e+01,2.416775894165039062e+01,2.395760154724121094e+01,6.818552017211914062e+00,-1.802925586700439453e+00,-1.263870239257812500e+00,1.066747474670410156e+01,1.072479820251464844e+01,6.161787509918212891e+00,2.701747417449951172e+00,4.512102007865905762e-01,-9.098155498504638672e-01,-1.174169158935546875e+01,-9.894308090209960938e+00,-6.010621070861816406e+00,-7.623556256294250488e-01,-5.339175462722778320e-01,-7.591105699539184570e-01,1.770769476890563965e+00,6.090711593627929688e+00,6.776625633239746094e+00,5.775962829589843750e+00,5.183573722839355469e+00,8.584087371826171875e+00,6.213973045349121094e+00,5.321496963500976562e+00,1.020316982269287109e+01,5.196116924285888672e+00,-2.607005119323730469e+00,-5.012815475463867188e+00,-6.010881423950195312e+00,-1.279837608337402344e+00,6.332328319549560547e+00,7.002408504486083984e+00,4.655100822448730469e+00,6.199444770812988281e+00,7.181212425231933594e+00,8.024108886718750000e+00,1.341929435729980469e+01,1.046350669860839844e+01,5.882378101348876953e+00,8.323834419250488281e+00,6.282789230346679688e+00,6.586770057678222656e+00,5.519082069396972656e+00,7.915738105773925781e+00,7.087627410888671875e+00,1.739877343177795410e+00,1.639607191085815430e+00,6.942471027374267578e+00,6.841624736785888672e+00,5.673400402069091797e+00,-1.246035337448120117e+00,-2.876299142837524414e+00,-4.384673833847045898e-01,9.863092005252838135e-02,4.406343996524810791e-01,-2.606998980045318604e-01,-5.610943317413330078e+00,-7.974760532379150391e+00,-4.600958824157714844e+00,-7.754728794097900391e+00,-9.382688522338867188e+00,-8.042398452758789062e+00,-1.249655914306640625e+01,-5.424667358398437500e+00,-4.062812328338623047e+00,-3.937097072601318359e+00,-2.430496692657470703e+00,-1.237750291824340820e+00,-1.099331259727478027e+00,5.332223176956176758e-01,5.597488403320312500e+00,1.831766128540039062e+00,-7.879487872123718262e-01,-3.552288293838500977e+00,-6.611282825469970703e+00,-6.616357803344726562e+00,-6.924541950225830078e+00,-8.054807662963867188e+00,-4.898955821990966797e+00,-4.948567390441894531e+00,-8.074028015136718750e+00,-1.846092462539672852e+00,-1.994968891143798828e+00,-2.402740955352783203e+00,4.417103528976440430e-02,6.013601303100585938e+00,1.262946510314941406e+01,1.397348213195800781e+01,1.423035049438476562e+01,1.093840980529785156e+01,7.391141891479492188e+00,1.091399478912353516e+01,9.239643096923828125e+00,1.272174072265625000e+01,2.221640777587890625e+01,1.995916748046875000e+01,1.772978591918945312e+01,1.521444320678710938e+01,1.569001960754394531e+01,1.696519088745117188e+01,1.408368492126464844e+01,5.992664813995361328e+00,1.024045228958129883e+00,7.923759937286376953e+00,1.175374317169189453e+01,1.283241844177246094e+01,1.393840789794921875e+01,1.639262199401855469e+01,1.514532852172851562e+01,5.668208122253417969e+00,-2.945681571960449219e+00,1.940871775150299072e-01,5.619827747344970703e+00,7.762662887573242188e+00,1.037518405914306641e+01,4.826403141021728516e+00,9.683696746826171875e+00,9.716709136962890625e+00,8.160657882690429688e+00,5.427461147308349609e+00,-1.031585502624511719e+01,-7.344616889953613281e+00,-1.608124136924743652e+00,-4.882924556732177734e-01,-3.449589490890502930e+00,-6.429409503936767578e+00,-3.441521883010864258e+00,-3.419163465499877930e+00,9.538168907165527344e+00,2.451988029479980469e+01,2.196840286254882812e+01,7.399283885955810547e+00,4.015393257141113281e+00,1.704463195800781250e+01,2.412141799926757812e+01,2.465638732910156250e+01,1.858662414550781250e+01,1.950848770141601562e+01,1.799050140380859375e+01,2.079365158081054688e+01,2.251605987548828125e+01,2.198797988891601562e+01,2.441769790649414062e+01,2.408834648132324219e+01,2.770007705688476562e+01,2.426327133178710938e+01,1.479690361022949219e+01,5.024212837219238281e+00,-6.663299083709716797e+00,-8.545675277709960938e+00,-8.820286750793457031e+00,-9.980976104736328125e+00,-6.355555057525634766e+00,2.115122318267822266e+00,2.276687145233154297e+00,2.914516925811767578e+00,-4.349938869476318359e+00,-7.250259876251220703e+00,-3.525529384613037109e+00,4.294806480407714844e+00,7.246845245361328125e+00,1.192679882049560547e+01,1.154679393768310547e+01,9.265085220336914062e+00,1.203032875061035156e+01,1.541225624084472656e+01,1.843178176879882812e+01,1.518794822692871094e+01,7.409720420837402344e+00,1.351973295211791992e+00,4.285224914550781250e+00,4.267281293869018555e-02,-7.631159305572509766e+00,-1.240236949920654297e+01,-7.905507087707519531e+00,-2.497858047485351562e+00,-3.411179542541503906e+00,-1.653311610221862793e+00,-2.697613239288330078e+00,-1.024017143249511719e+01,-1.071584320068359375e+01,-8.064992904663085938e+00,-4.559957981109619141e-01,7.439215660095214844e+00,7.736540794372558594e+00,4.901024341583251953e+00,-3.086711883544921875e+00,-1.966979503631591797e+00,9.762290954589843750e+00,1.382079696655273438e+01,5.297022819519042969e+00,-8.234710693359375000e+00,-1.753245353698730469e+01,-9.639007568359375000e+00,-8.071235656738281250e+00,-4.001125335693359375e+00,-3.473770141601562500e+00,-5.460964679718017578e+00,-1.152137565612792969e+01,-1.140537643432617188e+01,-1.090533256530761719e+01,-1.499122142791748047e+01,-1.535991191864013672e+01,-5.911549568176269531e+00,-7.414062023162841797e+00,4.716142177581787109e+00,5.740448951721191406e+00,9.627258300781250000e+00,1.184801292419433594e+01,9.086048126220703125e+00,4.974946022033691406e+00,-3.780287981033325195e+00,1.498987078666687012e-01,2.275958776473999023e+00,7.365803718566894531e+00,9.498152732849121094e+00,7.488759994506835938e+00,7.644483566284179688e+00,9.842548370361328125e+00,1.168894386291503906e+01,1.207804393768310547e+01,5.080169677734375000e+00,7.751920223236083984e+00,1.216840171813964844e+01,1.653970718383789062e+01,1.594671535491943359e+01,1.299821090698242188e+01,1.452172851562500000e+01,2.109509277343750000e+01,1.665608978271484375e+01,-4.928968846797943115e-01,-2.120222854614257812e+01,-2.183320999145507812e+01,-1.148005962371826172e+01,-3.202549457550048828e+00,-3.698048353195190430e+00,-7.904828786849975586e-01,-2.418233871459960938e+00,2.521531581878662109e+00,-1.181487083435058594e+00,-9.141757965087890625e+00,-7.169201374053955078e+00,-6.385200023651123047e+00,-7.315873622894287109e+00,-9.793100357055664062e+00,-6.150454521179199219e+00,-3.534986019134521484e+00,1.912651300430297852e+00,3.910629987716674805e+00,1.069719672203063965e+00,1.392546772956848145e+00,-4.974696040153503418e-02,4.193706512451171875e-01,2.848878145217895508e+00,6.081104874610900879e-01,3.329456806182861328e+00,-1.470461487770080566e+00,-1.482909488677978516e+01,-1.448915290832519531e+01,-1.122700881958007812e+01,-6.899002552032470703e+00,-1.031937026977539062e+01,-5.285130500793457031e+00,-4.715856552124023438e+00,-1.190328598022460938e+01,-1.451997566223144531e+01,-2.027933597564697266e+00,2.130269765853881836e+00,1.350134611129760742e-02,1.152355968952178955e-01,4.645761966705322266e+00,7.322577476501464844e+00,4.624224662780761719e+00,7.968574762344360352e-01,2.037035942077636719e+00,8.121030807495117188e+00,9.791275024414062500e+00,9.707792282104492188e+00,7.390197753906250000e+00,3.514696121215820312e+00,-3.567985773086547852e+00,-3.398173332214355469e+00,2.036089897155761719e-01,1.265753030776977539e+00,-3.529769659042358398e+00,-1.059667778015136719e+01,-1.419956970214843750e+01,-1.129975700378417969e+01,-2.928049564361572266e+00,-8.769712448120117188e+00,-1.107715415954589844e+01,-6.629178047180175781e+00,-2.566534519195556641e+00,2.167540311813354492e+00,1.718164682388305664e+00,5.672656059265136719e+00,7.270769596099853516e+00,3.350926637649536133e+00,3.446281254291534424e-01,4.925585687160491943e-01,1.487733960151672363e+00,4.148498535156250000e+00,4.242877960205078125e+00,6.290450572967529297e+00,5.643350601196289062e+00,2.849744081497192383e+00,2.291000366210937500e+00,5.990968704223632812e+00,2.561493396759033203e+00,-5.676478743553161621e-01,3.188262462615966797e+00,6.297093391418457031e+00,1.354337120056152344e+01,1.581456947326660156e+01,1.339488792419433594e+01,1.166256904602050781e+01,1.018330955505371094e+01,1.141704177856445312e+01,9.624385833740234375e+00,1.016136646270751953e+01,1.066040611267089844e+01,1.314380264282226562e+01,1.764407348632812500e+01,1.807359504699707031e+01,1.547452735900878906e+01,1.110216808319091797e+01,5.475905418395996094e+00,4.200684070587158203e+00,9.162058830261230469e+00,9.120017051696777344e+00,6.349857330322265625e+00,3.566668033599853516e+00,-9.755939841270446777e-01,-2.325572490692138672e+00,-1.335543990135192871e+00,-2.329310417175292969e+00,-4.565974235534667969e+00,-3.774112224578857422e+00,1.956973075866699219e+00,6.166120529174804688e+00,7.570942640304565430e-01,-1.060145139694213867e+00,-1.579852819442749023e+00,1.539151906967163086e+00,-1.312098860740661621e+00,-2.431024312973022461e+00,-7.967025756835937500e+00,-1.135916996002197266e+01,-9.537255287170410156e+00,-8.121833801269531250e+00,-2.657898187637329102e+00,6.704630374908447266e+00,1.253919792175292969e+01,9.692411422729492188e+00,-3.595193862915039062e+00,-1.296216869354248047e+01,-8.053322792053222656e+00,-8.437096476554870605e-01,6.332326889038085938e+00,6.875129699707031250e+00,1.385512924194335938e+01,1.412772750854492188e+01,7.533904075622558594e+00,-2.150759220123291016e+00,-5.934188842773437500e+00,-4.529512882232666016e+00,-8.015530109405517578e-01,6.413507461547851562e-01,-3.310026884078979492e+00,-1.366482639312744141e+01,-1.963264083862304688e+01,-1.870639038085937500e+01,-1.578048324584960938e+01,-1.749374961853027344e+01,-1.860712814331054688e+01,-9.437629699707031250e+00,-1.460575199127197266e+01,-2.315164566040039062e+01,-2.664924621582031250e+01,-1.861243820190429688e+01,-6.631072521209716797e+00,2.519495964050292969e+00,8.646198272705078125e+00,1.596341419219970703e+01,1.192160320281982422e+01,2.568998336791992188e+00,-3.639484405517578125e+00,-5.392683744430541992e-01,-6.974418163299560547e-01,3.139371871948242188e+00,1.083074569702148438e+00,-1.094305419921875000e+01,-6.261180877685546875e+00,4.421285152435302734e+00,1.165529441833496094e+01,7.826568603515625000e+00,4.745439529418945312e+00,7.445281028747558594e+00,1.078916072845458984e+01,1.636962127685546875e+01,1.377344322204589844e+01,5.478832721710205078e+00,-3.376612186431884766e+00,-6.024593353271484375e+00,1.399438977241516113e+00,5.823791503906250000e+00,7.270291805267333984e+00,7.123918533325195312e+00,5.578557014465332031e+00,8.207458496093750000e+00,7.183864593505859375e+00,7.983678817749023438e+00,7.131880760192871094e+00,3.805976629257202148e+00,-1.957231163978576660e-01,-4.600017070770263672e-01,1.227813839912414551e+00,5.588669776916503906e+00,3.045203208923339844e+00,5.744081020355224609e+00,6.303952693939208984e+00,7.040063142776489258e-01,7.279102802276611328e-01,3.117855548858642578e+00,7.291447639465332031e+00,-1.865684986114501953e-01,-2.921466350555419922e+00,-8.469665527343750000e+00,-6.327881813049316406e+00,5.712835788726806641e-01,7.262639999389648438e-01,2.694561004638671875e+00,-1.273965597152709961e+00,-8.200472831726074219e+00,8.765834569931030273e-02,3.328219175338745117e+00,1.401940155029296875e+01,2.035182571411132812e+01,1.108016204833984375e+01,9.061613082885742188e+00,1.628718185424804688e+01,1.600118446350097656e+01,6.429525852203369141e+00,2.668299436569213867e+00,1.184444618225097656e+01,1.034194564819335938e+01,8.550020217895507812e+00,8.262775421142578125e+00,1.805232763290405273e+00,1.764410734176635742e-01,-2.938748598098754883e+00,-7.305917263031005859e+00,4.736078381538391113e-01,9.113832473754882812e+00,9.816333770751953125e+00,1.268551254272460938e+01,1.497646331787109375e+01,1.500976943969726562e+01,1.200838851928710938e+01,8.339722633361816406e+00,8.232693672180175781e+00,1.138109779357910156e+01,9.494551658630371094e+00,1.246722412109375000e+01,1.700208854675292969e+01,1.741958236694335938e+01,1.662194824218750000e+01,1.219443988800048828e+01,6.107622146606445312e+00,6.491635322570800781e+00,1.159655952453613281e+01,1.118714523315429688e+01,7.225613594055175781e+00,-4.522802352905273438e+00,-2.989259004592895508e+00,-4.146181106567382812e+00,-3.007514715194702148e+00,-3.500931262969970703e+00,6.605701446533203125e-01,2.855280160903930664e+00,-3.528225719928741455e-01,1.939293384552001953e+00,-1.063257336616516113e+00,-5.721171379089355469e+00,-2.778323650360107422e+00,8.996616363525390625e+00,2.506550025939941406e+01,2.654955482482910156e+01,2.386321067810058594e+01,1.576715087890625000e+01,1.008572006225585938e+01,1.183903598785400391e+01,1.143349838256835938e+01,1.433560371398925781e+01,1.127831554412841797e+01,6.738663673400878906e+00,6.738459110260009766e+00,5.122789144515991211e-01,-2.560875415802001953e+00,3.779085636138916016e+00,7.693925857543945312e+00,3.127787828445434570e+00,5.079814195632934570e-01,-6.285328865051269531e-01,-5.651331901550292969e+00,-5.468563556671142578e+00,9.463869333267211914e-01,8.317083358764648438e+00,6.955111980438232422e+00,6.023221015930175781e+00,6.461034297943115234e+00,8.616334915161132812e+00,1.073592948913574219e+01,5.443619728088378906e+00,6.727600574493408203e+00,1.183151435852050781e+01,1.492358493804931641e+01,6.156363487243652344e+00,-1.237749457359313965e-01,-2.291948080062866211e+00,4.367296695709228516e+00,4.596242904663085938e+00,6.298748970031738281e+00,1.101024627685546875e+01,6.535075187683105469e+00,-1.737133860588073730e+00,-2.584422588348388672e+00,-2.629712820053100586e+00,9.019179344177246094e+00,1.198844814300537109e+01,1.097354698181152344e+01,5.913713455200195312e+00,-3.267333030700683594e+00,-5.428541183471679688e+00,5.885186791419982910e-01,2.551403045654296875e+00,3.026025056838989258e+00,2.465674400329589844e+00,5.372831344604492188e+00,8.628875732421875000e+00,9.836508750915527344e+00,1.052000522613525391e+01,9.793477058410644531e+00,5.757877826690673828e+00,8.782454490661621094e+00,1.017127990722656250e+01,6.491980552673339844e+00,5.614212989807128906e+00,7.922573089599609375e+00,8.601640701293945312e+00,5.384016513824462891e+00,8.377834320068359375e+00,9.521953582763671875e+00,9.372253417968750000e+00,2.235272169113159180e+00,1.854303359985351562e+00,1.466115951538085938e+01,2.338629722595214844e+01,2.280117797851562500e+01,2.028865432739257812e+01,1.504916763305664062e+01,1.851781082153320312e+01,1.171548175811767578e+01,1.756144332885742188e+01,1.774904632568359375e+01,1.144128799438476562e+01,1.274182796478271484e+00,9.919315338134765625e+00,1.353750324249267578e+01,1.472007369995117188e+01,1.187300300598144531e+01,2.124710273742675781e+01,2.520622634887695312e+01,1.927111625671386719e+01,2.307188415527343750e+01,1.991705513000488281e+01,1.963657188415527344e+01,4.146756172180175781e+00,-1.858862161636352539e+00,-1.474345445632934570e+00,2.429333031177520752e-01,1.397619366645812988e+00,-1.905303001403808594e+00,-1.546549415588378906e+01,-1.079949855804443359e+01,4.636794567108154297e+00,1.216176605224609375e+01,9.490587234497070312e+00,-2.029447555541992188e+00,-6.990623474121093750e+00,-7.520153522491455078e+00,-1.080783081054687500e+01,-3.910650253295898438e+00,2.651740610599517822e-01,-3.676657676696777344e+00,1.189600944519042969e+01,1.864775085449218750e+01,1.897894668579101562e+01,1.674787902832031250e+01,1.653172683715820312e+01,1.477461051940917969e+01,1.454585647583007812e+01,1.215226554870605469e+01,6.440815925598144531e+00,2.929508686065673828e+00,2.651605844497680664e+00,8.349490165710449219e+00,5.101097583770751953e+00,1.408554315567016602e-01,-4.708723068237304688e+00,-3.344023466110229492e+00,1.840287446975708008e+00,7.688568115234375000e+00,1.028195953369140625e+01,3.066063880920410156e+00,-4.154982089996337891e+00,1.384759545326232910e+00,9.555940628051757812e+00,1.465053939819335938e+01,2.172592163085937500e+01,2.713444519042968750e+01,2.716908645629882812e+01,1.869389533996582031e+01,1.107918930053710938e+01,1.095109939575195312e+01,1.678392410278320312e+01,2.064683532714843750e+01,1.930422973632812500e+01,1.821412658691406250e+01,1.470746135711669922e+01,9.715001106262207031e+00,1.107511901855468750e+01,1.215980720520019531e+01,3.502087831497192383e+00,2.090157985687255859e+00,-1.766379356384277344e+00,-8.378706574440002441e-01,3.847118377685546875e+00,-2.591253280639648438e+00,-7.226272583007812500e+00,-3.512378215789794922e+00,4.223429679870605469e+00,8.845113754272460938e+00,1.515809345245361328e+01,2.022157669067382812e+01,2.260251808166503906e+01,2.045256805419921875e+01,2.140972328186035156e+01,1.961647796630859375e+01,1.251628875732421875e+00,-1.309014701843261719e+01,-1.723938369750976562e+01,-1.331811332702636719e+01,-1.399507331848144531e+01,-1.502164459228515625e+01,-1.013350105285644531e+01,-4.738089561462402344e+00,-4.026353836059570312e+00,-4.326901435852050781e+00,3.003908157348632812e+00,-3.662612915039062500e+00,-4.676499843597412109e+00,-3.132689952850341797e+00,2.788490056991577148e-01,1.133209466934204102e+00,-4.369573593139648438e-01,8.011453628540039062e+00,1.027593135833740234e+01,7.673608779907226562e+00,7.444392442703247070e-01,-8.537046909332275391e-01,-8.313121795654296875e+00,-5.671077728271484375e+00,5.328431129455566406e+00,1.158476066589355469e+01,9.120606422424316406e+00,8.444530487060546875e+00,5.408948421478271484e+00,1.080671310424804688e+00,-1.366179347038269043e+00,1.266391754150390625e+00,6.806204795837402344e+00,9.183134078979492188e+00,4.475705146789550781e+00,-5.476990938186645508e-01,1.554218769073486328e+00,-1.053864061832427979e-01,-5.577397346496582031e+00,-4.241059303283691406e+00,3.377885580062866211e+00,4.366949081420898438e+00,1.917038202285766602e+00,8.821382522583007812e+00,8.016912460327148438e+00,8.034362792968750000e+00,1.185433006286621094e+01,1.479992103576660156e+01,1.644113922119140625e+01,1.778408432006835938e+01,1.594613361358642578e+01,8.076115608215332031e+00,-1.634558439254760742e+00,-5.146301269531250000e+00,1.844800472259521484e+00,-5.578835010528564453e-01,-3.813265323638916016e+00,8.697584867477416992e-01,2.004440307617187500e+00,4.605720520019531250e+00,4.781825542449951172e+00,7.774015426635742188e+00,8.317615509033203125e+00,1.120757579803466797e+00,-5.141391754150390625e+00,-7.165719032287597656e+00,-4.685933113098144531e+00,-4.250419616699218750e+00,-4.416728973388671875e+00,-9.006925582885742188e+00,-1.138810729980468750e+01,-6.987837314605712891e+00,1.617371439933776855e-01,-1.815247535705566406e-02,-6.457713127136230469e+00,-3.694932937622070312e+00,-3.146056652069091797e+00,-3.737142086029052734e+00,-3.998600721359252930e+00,-8.204988479614257812e+00,-6.435919284820556641e+00,-7.800977826118469238e-01,-1.038598299026489258e+00,3.028961181640625000e+00,4.737923622131347656e+00,5.006420612335205078e+00,2.404875755310058594e+00,3.527318716049194336e+00,4.463468551635742188e+00,9.734201431274414062e+00,8.189124107360839844e+00,6.782822608947753906e+00,1.075537204742431641e+01,3.250595331192016602e+00,2.358511447906494141e+00,1.455205440521240234e+00,-6.086874753236770630e-02,1.085383296012878418e+00,2.390739917755126953e+00,5.901241779327392578e+00,8.397950172424316406e+00,6.777057170867919922e+00,4.614978790283203125e+00,2.499569892883300781e+00,1.018690586090087891e+00,-3.443141579627990723e-01,-3.772219896316528320e+00,1.755286335945129395e+00,1.130410432815551758e+00,1.651285886764526367e+00,1.320022344589233398e+00,-1.408005714416503906e+00,4.943243026733398438e+00,1.254241752624511719e+01,8.359542846679687500e+00,4.366759777069091797e+00,6.574433326721191406e+00,4.699305057525634766e+00,1.915407896041870117e+00,5.954138755798339844e+00,2.980632543563842773e+00,-1.268557786941528320e+00,5.281942844390869141e+00,8.180924415588378906e+00,1.577194452285766602e+00,2.029104232788085938e+00,-4.402152895927429199e-01,-4.545062065124511719e+00,-3.325400114059448242e+00,-3.496100664138793945e+00,-9.963771700859069824e-01,2.227820873260498047e+00,-3.534247159957885742e+00,6.887028813362121582e-01,-4.136099815368652344e-01,-2.834091186523437500e+00,-1.420846700668334961e+00,-3.111050128936767578e+00,8.973307609558105469e-01,-1.262418180704116821e-01,8.519881963729858398e-01,3.503181934356689453e-01,2.959866523742675781e+00,2.317382335662841797e+00,-6.911214590072631836e-01,-2.865965604782104492e+00,-1.156109428405761719e+01,-1.670621109008789062e+01,-7.111087799072265625e+00,-4.599411964416503906e+00,2.546870708465576172e-02,2.491253376007080078e+00,-8.512645363807678223e-01,2.320307254791259766e+00,1.428205680847167969e+01,9.666101455688476562e+00,8.314853668212890625e+00,5.289011955261230469e+00,-2.850303173065185547e+00,-3.507400035858154297e+00,-4.339965343475341797e+00,-5.113168716430664062e+00,5.837374687194824219e+00,9.548461914062500000e+00,-7.785299301147460938e+00,-1.400862884521484375e+01,-1.046097850799560547e+01,-7.542074680328369141e+00,-1.503405570983886719e+00,-5.236258506774902344e+00,-8.403940200805664062e+00,-1.465208816528320312e+01,-1.661483955383300781e+01,-1.523279571533203125e+01,8.911960124969482422e-01,1.654625511169433594e+01,2.073013877868652344e+01,1.210821342468261719e+01,1.269276905059814453e+01,1.351684570312500000e+01,1.589992046356201172e+01,1.227187728881835938e+01,1.176973152160644531e+01,1.343870353698730469e+01,1.057152557373046875e+01,1.854338073730468750e+01,1.391814136505126953e+01,1.092154312133789062e+01,4.953818321228027344e+00,5.678717613220214844e+00,6.827882289886474609e+00,7.789478778839111328e+00,8.483297348022460938e+00,2.095609664916992188e+01,2.336785888671875000e+01,2.044197463989257812e+01,1.778772354125976562e+01,1.430004501342773438e+01,3.977223873138427734e+00,5.042606353759765625e+00,8.477096557617187500e+00,7.633669376373291016e+00,6.945466995239257812e+00,3.836201667785644531e+00,1.032328796386718750e+01,8.308830261230468750e+00,6.842926025390625000e+00,4.802794933319091797e+00,4.994769096374511719e-01,-7.723456621170043945e-01,-5.757771492004394531e+00,-7.445829391479492188e+00,-9.212152481079101562e+00,-8.532876014709472656e+00,5.700371265411376953e+00,1.115530776977539062e+01,4.531424045562744141e+00,4.357837200164794922e+00,1.187023830413818359e+01,1.029621315002441406e+01,9.760337829589843750e+00,8.978988647460937500e+00,1.516676521301269531e+01,1.894551086425781250e+01,1.256376743316650391e+01,8.260011672973632812e+00,3.007885694503784180e+00,-1.836272597312927246e+00,-6.936495304107666016e+00,-4.945962905883789062e+00,6.612926006317138672e+00,1.375354576110839844e+01,1.515798759460449219e+01,1.546140193939208984e+01,1.175509738922119141e+01,9.591012954711914062e+00,1.365239524841308594e+01,7.027335643768310547e+00,-6.715265274047851562e+00,-2.338766574859619141e+00,1.273096799850463867e+00,8.247456550598144531e+00,1.233024215698242188e+01,1.272758960723876953e+01,1.318701362609863281e+01,7.799758911132812500e+00,5.635795593261718750e+00,3.608515977859497070e+00,-2.625917434692382812e+00,-2.154083490371704102e+00,3.276817560195922852e+00,-1.979620456695556641e+00,-8.161446571350097656e+00,-1.139818763732910156e+01,-8.632669448852539062e+00,-2.275435686111450195e+00,5.740937232971191406e+00,7.844532012939453125e+00,-5.425458431243896484e+00,-8.845432281494140625e+00,-4.580659866333007812e+00,-7.608460187911987305e-01,6.781192302703857422e+00,1.490297126770019531e+01,1.510573959350585938e+01,2.812950611114501953e+00,1.766948699951171875e+00,-1.389885544776916504e+00,-1.077326011657714844e+01,-9.046684265136718750e+00,-6.160951614379882812e+00,2.457191228866577148e+00,7.566812992095947266e+00,5.679588317871093750e-01,-3.021695613861083984e+00,-8.000820279121398926e-01,-4.888655662536621094e+00,-3.702086210250854492e+00,-1.090172004699707031e+01,-9.191121101379394531e+00,-6.898032188415527344e+00,-1.106277465820312500e+01,-1.580520915985107422e+01,-1.477883625030517578e+01,-1.228208732604980469e+01,-1.182489109039306641e+01,-1.171866035461425781e+01,-9.084620475769042969e+00,-9.264503479003906250e+00,-1.142561531066894531e+01,-1.279124259948730469e+00,-8.141908645629882812e+00,2.670270442962646484e+00,1.283619642257690430e+00,-5.985774040222167969e+00,-5.060983657836914062e+00,-9.945302605628967285e-01,1.787992238998413086e+00,1.448086500167846680e+00,3.741249084472656250e+00,6.949316024780273438e+00,1.333079338073730469e+01,1.027030658721923828e+01,5.705826759338378906e+00,3.722825288772583008e+00,-2.616795003414154053e-01,5.561535835266113281e+00,1.099446582794189453e+01,1.168144226074218750e+01,1.071008872985839844e+01,8.712867736816406250e+00,1.051887512207031250e+01,6.181998252868652344e+00,3.879720687866210938e+00,2.007028579711914062e+00,4.613016128540039062e+00,5.537291526794433594e+00,7.051821708679199219e+00,3.543757915496826172e+00,1.261569023132324219e+00,5.333854556083679199e-01,3.633116483688354492e-01,5.788740158081054688e+00,7.086490631103515625e+00,3.742886781692504883e+00,-1.450153946876525879e+00,-2.802493095397949219e+00,8.330873250961303711e-01,3.279868364334106445e-01,-2.032061338424682617e+00,5.382295846939086914e-01,6.025367736816406250e+00,-3.822737932205200195e-01,4.789830207824707031e+00,1.412016105651855469e+01,1.757744407653808594e+01,1.512047195434570312e+01,1.695316886901855469e+01,2.104496002197265625e+01,1.840978050231933594e+01,1.276130485534667969e+01,2.490574359893798828e+00,2.775126457214355469e+00,3.862999439239501953e+00,4.135709762573242188e+00,1.103744983673095703e+01,2.003211593627929688e+01,2.021041107177734375e+01,1.802357482910156250e+01,4.589368343353271484e+00,-8.194903135299682617e-01,-1.747827887535095215e+00,-4.503227174282073975e-01,-1.255346685647964478e-01,-1.375120401382446289e+00,-5.361429214477539062e+00,-6.972949028015136719e+00,-6.484327316284179688e+00,-5.503129959106445312e+00,-3.288846015930175781e+00,1.628824353218078613e+00,-8.555835723876953125e+00,-1.131929302215576172e+01,-1.183001041412353516e+01,-1.462497329711914062e+01,-1.817811012268066406e+01,-1.218800926208496094e+01,-6.312881946563720703e+00,-3.639513015747070312e+00,1.596191644668579102e+00,9.963575363159179688e+00,7.634947776794433594e+00,4.591197013854980469e+00,-2.943443298339843750e+00,-5.519035339355468750e+00,-1.139183044433593750e+01,-1.470730018615722656e+01,-1.154312992095947266e+01,-8.655668258666992188e+00,-7.471132755279541016e+00,-4.531886100769042969e+00,-5.457246780395507812e+00,-3.839397430419921875e+00,-1.822679340839385986e-01,-4.311206340789794922e+00,-6.380912780761718750e+00,3.191900730133056641e+00,1.107017040252685547e+01,8.386770248413085938e+00,2.018190860748291016e+00,2.858372688293457031e+00,3.058150529861450195e+00,2.083853721618652344e+00,-3.767825365066528320e+00,-1.150626850128173828e+01,-7.624122619628906250e+00,2.202912330627441406e+00,-1.438532352447509766e+00,-1.073413133621215820e+00,-9.182605743408203125e+00,-1.181855297088623047e+01,-8.272590637207031250e+00,-6.700531005859375000e+00,-1.170941162109375000e+01,-1.688847732543945312e+01,-1.130795764923095703e+01,-1.222461986541748047e+01,-1.126414299011230469e+01,-1.726350021362304688e+01,-2.041137313842773438e+01,-1.557854080200195312e+01,-4.036128044128417969e+00,1.549587845802307129e+00,1.315128564834594727e+00,1.285120844841003418e+00,-2.957439422607421875e+00,-3.610653638839721680e+00,8.320461273193359375e+00,1.329904079437255859e+01,1.577692699432373047e+01,1.368107032775878906e+01,1.009709167480468750e+01,7.246168136596679688e+00,1.912349820137023926e+00,3.775754213333129883e+00,4.913222312927246094e+00,2.752602815628051758e+00,1.587576389312744141e+00,1.905043125152587891e+00,5.901479125022888184e-01,-4.728229522705078125e+00,-5.688941955566406250e+00,-3.158870697021484375e+00,1.246358752250671387e+00,3.398257732391357422e+00,9.051755905151367188e+00,4.429993152618408203e+00,-2.808509826660156250e+00,-8.649588584899902344e+00,-8.322080612182617188e+00,2.492561340332031250e-01,4.211921691894531250e+00,7.295207500457763672e+00,2.538640022277832031e+00,-5.209939479827880859e-01,-2.060411214828491211e+00,-6.207045078277587891e+00,-5.954067230224609375e+00,-3.045898914337158203e+00,-1.415694594383239746e+00,-5.918452739715576172e-01,-3.544859647750854492e+00,-3.243089675903320312e+00,2.423837661743164062e+00,6.741202354431152344e+00,1.992575645446777344e+00,-2.397397994995117188e+00,-1.088968753814697266e+00,1.287635087966918945e+00,5.770103454589843750e+00,5.601737022399902344e+00,-3.972531795501708984e+00,-7.076507568359375000e+00,8.775559067726135254e-01,1.718912696838378906e+01,2.231475448608398438e+01,1.781552886962890625e+01,1.095676422119140625e+01,7.390014171600341797e+00,-3.177640438079833984e+00,-8.365270614624023438e+00,1.496283292770385742e+00,-2.321012735366821289e+00,6.237211227416992188e-01,6.217048168182373047e+00,8.455284118652343750e+00,1.228881835937500000e+01,1.861886215209960938e+01,1.860481643676757812e+01,1.622514724731445312e+01,8.368028640747070312e+00,7.358585357666015625e+00,1.430812358856201172e+01,4.686653614044189453e+00,-4.337291717529296875e+00,-4.038866043090820312e+00,7.796801567077636719e+00,7.784565925598144531e+00,2.411470413208007812e+00,-1.063490676879882812e+01,-1.077974319458007812e+01,-4.406493186950683594e+00,4.929693341255187988e-01,-2.169258356094360352e+00,5.452078342437744141e+00,7.148687839508056641e+00,3.953478097915649414e+00,-3.707318305969238281e+00,-7.735116004943847656e+00,-5.068509101867675781e+00,-6.014132499694824219e+00,-9.517181396484375000e+00,-3.274948835372924805e+00,2.391926288604736328e+00,2.423743247985839844e+00,3.954350471496582031e+00,5.678837299346923828e+00,7.635395050048828125e+00,8.935009956359863281e+00,7.219723701477050781e+00,7.096872329711914062e+00,5.873852252960205078e+00,3.729851007461547852e+00,5.812169551849365234e+00,1.164186477661132812e+01,9.161606788635253906e+00,2.770178318023681641e+00,6.354244232177734375e+00,4.844886779785156250e+00,1.586973428726196289e+00,-3.200399398803710938e+00,-1.103852176666259766e+01,-1.494549179077148438e+01,-1.340470790863037109e+01,-1.139075660705566406e+01,-8.122757911682128906e+00,-1.252191662788391113e+00,3.245133161544799805e+00,2.955213785171508789e+00,-1.450713729858398438e+01,-1.403267860412597656e+01,-4.261648654937744141e+00,1.030388832092285156e+00,5.242261886596679688e+00,6.866698265075683594e+00,1.011144065856933594e+01,1.209368705749511719e+01,1.040202140808105469e+01,5.570196151733398438e+00,1.514020919799804688e+00,3.117813348770141602e+00,1.634373474121093750e+01,2.554214096069335938e+01,2.095654487609863281e+01,7.422489166259765625e+00,-2.719292879104614258e+00,7.732263803482055664e-01,2.394997835159301758e+00,7.050258636474609375e+00,1.263207435607910156e+01,5.767904281616210938e+00,3.657428741455078125e+00,-4.449367523193359375e-01,-5.820436954498291016e+00,-4.938956260681152344e+00,-4.516246795654296875e+00,-3.082553386688232422e+00,-4.955140590667724609e+00,-1.184273838996887207e+00,1.308383584022521973e+00,1.805589437484741211e+00,-2.667976617813110352e-01,8.314596176147460938e+00,1.269300937652587891e+01,1.200219535827636719e+01,1.133380603790283203e+01,9.819368362426757812e+00,1.308798789978027344e+00,-8.883384704589843750e+00,-1.664305305480957031e+01,-1.451910495758056641e+01,-1.169546508789062500e+01,-8.994859695434570312e+00,-2.038956165313720703e+00,9.554208755493164062e+00,1.478671073913574219e+01,1.569526672363281250e+01,9.961869716644287109e-01,1.282153129577636719e+00,2.355051040649414062e+00,6.753412723541259766e+00,8.909372329711914062e+00,8.602668762207031250e+00,4.997554421424865723e-02,-3.161388397216796875e+00,7.225090980529785156e+00,8.530890464782714844e+00,6.883114337921142578e+00,1.043902635574340820e+00,2.635315060615539551e-01,3.079994678497314453e+00,5.609992504119873047e+00,5.514114379882812500e+00,7.264526367187500000e+00,7.527401924133300781e+00,3.299049854278564453e+00,2.556614398956298828e+00,1.007364177703857422e+01,1.061804962158203125e+01,6.372744083404541016e+00,4.819884777069091797e+00,6.753571510314941406e+00,8.421929359436035156e+00,5.944776535034179688e+00,8.109468460083007812e+00,1.374222755432128906e+01,1.267067527770996094e+01,1.121628570556640625e+01,1.042670726776123047e+01,1.132868671417236328e+01,9.137832641601562500e+00,1.389722061157226562e+01,1.590329551696777344e+01,1.143793296813964844e+01,1.208970451354980469e+01,1.107488822937011719e+01,6.108285427093505859e+00,3.109756946563720703e+00,8.329095840454101562e+00,9.029632568359375000e+00,3.593521118164062500e+00,1.780093908309936523e+00,2.261350393295288086e+00,9.605205535888671875e+00,5.721580505371093750e+00,1.041849613189697266e+00,-4.756203889846801758e-01,1.479389905929565430e+00,3.848353147506713867e+00,1.150764083862304688e+01,1.962949371337890625e+01,1.493914890289306641e+01,1.954250693321228027e+00,-5.184380531311035156e+00,-9.981746673583984375e+00,-3.077125787734985352e+00,8.989027976989746094e+00,1.396473121643066406e+01,1.235216236114501953e+01,1.236264038085937500e+01,8.162018775939941406e+00,6.456726074218750000e+00,1.391380190849304199e+00,6.575685739517211914e-01,6.288941383361816406e+00,1.140452384948730469e+01,1.232683753967285156e+01,1.338404464721679688e+01,1.546002674102783203e+01,1.335092830657958984e+01,9.695909023284912109e-01,-2.393064022064208984e+00,4.455493927001953125e+00,8.971971511840820312e+00,7.132826328277587891e+00,8.712406158447265625e+00,1.040064620971679688e+01,9.457281112670898438e+00,9.896337509155273438e+00,7.855268478393554688e+00,5.618894577026367188e+00,1.677896690368652344e+01,1.569671058654785156e+01,8.233589172363281250e+00,1.590614318847656250e+00,2.109737396240234375e+00,4.822337627410888672e+00,3.158943653106689453e+00,1.178572559356689453e+01,1.607089805603027344e+01,1.495563411712646484e+01,8.871271133422851562e+00,7.193208694458007812e+00,4.994664192199707031e+00,1.127210330963134766e+01,1.616429138183593750e+01,5.313056945800781250e+00,-1.016908645629882812e+01,-1.422040939331054688e+01,-1.212658500671386719e+01,-1.180310440063476562e+01,-3.593378543853759766e+00,7.183299064636230469e-01,-5.567699432373046875e+00,-9.764855384826660156e+00,-1.050823879241943359e+01,-1.100952625274658203e+01,-6.139432430267333984e+00,-3.123493432998657227e+00,-2.396682262420654297e+00,-5.265140533447265625e+00,-3.908141851425170898e+00,2.027189731597900391e+00,2.112713098526000977e+00,4.732536315917968750e+00,1.509439277648925781e+01,1.427589321136474609e+01,1.089552116394042969e+01,9.871992111206054688e+00,4.968882560729980469e+00,1.417619466781616211e+00,7.317274808883666992e-01,9.757895469665527344e-01,5.797306060791015625e+00,1.314443206787109375e+01,1.581042480468750000e+01,1.629058074951171875e+01,2.593796157836914062e+01,2.031651687622070312e+01,1.369441509246826172e+01,1.182138442993164062e+01,1.257718086242675781e+01,1.403025436401367188e+01,1.284177970886230469e+01,7.417915344238281250e+00,1.074634742736816406e+01,1.341761302947998047e+01,1.470691585540771484e+01,4.193765163421630859e+00,4.423530101776123047e+00,7.499111175537109375e+00,4.833436012268066406e+00,1.704140543937683105e+00,5.692149162292480469e+00,1.116074943542480469e+01,9.730514526367187500e+00,1.246115207672119141e+01,1.311688804626464844e+01,8.959393501281738281e+00,3.468305349349975586e+00,3.926043987274169922e+00,7.215750694274902344e+00,9.607699394226074219e+00,7.416433811187744141e+00,1.725583791732788086e+00,2.914156198501586914e+00,9.192946434020996094e+00,6.707822799682617188e+00,3.852507114410400391e+00,4.125321388244628906e+00,7.738538742065429688e+00,1.090392208099365234e+01,5.534164428710937500e+00,3.509076595306396484e+00,5.163226127624511719e+00,3.217579364776611328e+00,1.671669006347656250e+01,1.365638542175292969e+01,-1.183558344841003418e+00,9.352177619934082031e+00,7.693240165710449219e+00,-4.328866958618164062e+00,-6.645569801330566406e+00,-5.684224128723144531e+00,-4.943776130676269531e+00,-5.689552307128906250e+00,-9.779691696166992188e+00,-1.079567718505859375e+01,-9.662183761596679688e+00,-1.182304382324218750e+00,6.264686584472656250e+00,9.650743484497070312e+00,4.838836669921875000e+00,1.078967571258544922e+00,6.158531308174133301e-01,3.195777654647827148e+00,1.227532958984375000e+01,1.142856597900390625e+01,1.336840438842773438e+01,1.010794830322265625e+01,8.503936767578125000e+00,2.702668190002441406e+00,-1.941737294197082520e+00,-3.249018192291259766e+00,-6.643574237823486328e+00,-3.908675193786621094e+00,4.048929214477539062e+00,9.843481183052062988e-01,1.097737550735473633e-01,1.180625438690185547e+01,2.049788665771484375e+01,1.521679401397705078e+01,1.158815956115722656e+01,1.555021476745605469e+01,1.629369926452636719e+01,7.275332927703857422e+00,1.433457183837890625e+01,1.555238533020019531e+01,7.618180274963378906e+00,5.479537963867187500e+00,1.676267623901367188e+00,-6.292407512664794922e+00,-4.503014564514160156e+00,4.822637081146240234e+00,4.485803127288818359e+00,2.863761901855468750e+00,2.984644412994384766e+00,2.314544200897216797e+00,5.280902862548828125e+00,3.241410732269287109e+00,4.331722855567932129e-01,-3.104154765605926514e-01,-4.255005836486816406e+00,-6.068917274475097656e+00,-3.499708652496337891e+00,1.724853515625000000e+00,5.079268455505371094e+00,7.517762660980224609e+00,8.779993057250976562e+00,4.741603851318359375e+00,1.945548295974731445e+00,3.251913070678710938e+00,5.050613880157470703e+00,2.006329059600830078e+00,2.897037982940673828e+00,1.078234863281250000e+01,1.120738792419433594e+01,1.155127143859863281e+01,8.073187828063964844e+00,5.197222232818603516e+00,-1.334247589111328125e-01,-1.025899505615234375e+01,3.049134731292724609e+00,1.077635383605957031e+01,1.007869529724121094e+01,3.110240936279296875e+00,-1.868601441383361816e+00,-9.218711853027343750e+00,-6.421886920928955078e+00,-2.328843355178833008e+00,-1.217576503753662109e+00,-5.522990226745605469e+00,-8.393419265747070312e+00,-9.922718048095703125e+00,-6.004069328308105469e+00,-3.191863775253295898e+00,2.036277055740356445e-01,-7.592025995254516602e-01,-5.904556751251220703e+00,-1.419791340827941895e+00,-5.743601799011230469e+00,-1.336760044097900391e+00,6.661202430725097656e+00,9.192286491394042969e+00,5.581071853637695312e+00,-9.800537824630737305e-01,-6.526819467544555664e-01,-3.291246891021728516e+00,-8.095366477966308594e+00,-1.683221435546875000e+01,-2.219464874267578125e+01,-1.701494216918945312e+01,-1.239669990539550781e+01,-9.489024162292480469e+00,-1.069664764404296875e+01,-1.318120670318603516e+01,-1.236945915222167969e+01,-9.066308975219726562e+00,-7.411246299743652344e+00,-5.286283969879150391e+00,4.875302314758300781e-02,1.249999284744262695e+00,-4.165720939636230469e-02,-2.002495229244232178e-01,8.148589134216308594e+00,1.187942600250244141e+01,9.465746879577636719e+00,6.762610912322998047e+00,2.711202383041381836e+00,4.847493171691894531e+00,5.240220069885253906e+00,6.914346694946289062e+00,1.242485046386718750e+01,1.219667053222656250e+01,2.007279968261718750e+01,2.283525848388671875e+01,1.623193931579589844e+01,7.780171871185302734e+00,7.552331447601318359e+00,-1.175475120544433594e+00,3.513722658157348633e+00,1.260401058197021484e+01,1.814195823669433594e+01,1.597814178466796875e+01,2.210300064086914062e+01,1.749615478515625000e+01,1.031920146942138672e+01,1.374551296234130859e+00,5.380480289459228516e+00,6.884294509887695312e+00,3.583030223846435547e+00,5.663102149963378906e+00,1.164439797401428223e+00,-2.982718229293823242e+00,-6.061872482299804688e+00,-3.824642658233642578e+00,-3.626838326454162598e-02,-1.843139290809631348e+00,6.533371925354003906e+00,6.777752876281738281e+00,-7.131689786911010742e-01,-1.846828579902648926e+00,-2.315756082534790039e+00,-1.388367414474487305e+00,-1.094529151916503906e+01,-1.683038711547851562e+01,-2.105585861206054688e+01,-1.554469490051269531e+01,-1.852910995483398438e+01,-2.379629898071289062e+01,-1.972157478332519531e+01,-8.719603538513183594e+00,4.907288074493408203e+00,1.544691562652587891e+01,1.658206367492675781e+01,1.516378593444824219e+01,8.102178573608398438e+00,4.180243968963623047e+00,1.889672851562500000e+01,2.545530128479003906e+01,2.425115203857421875e+01,1.328347587585449219e+01,3.875216007232666016e+00,2.416002273559570312e+00,5.377233028411865234e+00,1.771993255615234375e+01,2.207846641540527344e+01,1.481623649597167969e+01,4.936460018157958984e+00,8.398792266845703125e+00,1.179410171508789062e+01,8.896672248840332031e+00,5.896633625030517578e+00,4.504788398742675781e+00,1.560879111289978027e+00,-1.197675466537475586e+00,-2.255103826522827148e+00,-3.293839931488037109e+00,-2.898422241210937500e+00,3.100485324859619141e+00,1.230739212036132812e+01,1.829821395874023438e+01,1.872128295898437500e+01,1.119857215881347656e+01,3.946112871170043945e+00,8.064503669738769531e+00,6.405264854431152344e+00,-1.635623168945312500e+01,-1.892012405395507812e+01,-4.079750061035156250e+00,1.952137589454650879e+00,-1.174998402595520020e+00,-5.502590179443359375e+00,4.146333694458007812e+00,1.368332672119140625e+01,1.363842582702636719e+01,1.154905891418457031e+01,1.384111976623535156e+01,1.421911525726318359e+01,1.355757808685302734e+01,8.703678131103515625e+00,7.126013755798339844e+00,1.208943748474121094e+01,1.205132579803466797e+01,1.101461887359619141e+01,1.682386016845703125e+01,1.643769836425781250e+01,1.572293663024902344e+01,1.716623306274414062e+01,1.763982009887695312e+01,1.330893325805664062e+01,-8.765562057495117188e+00,-1.578469181060791016e+01,-1.396939849853515625e+01,-1.377917957305908203e+01,-1.368112373352050781e+01,-9.509907722473144531e+00,-5.562492370605468750e+00,-6.810218811035156250e+00,-4.169329643249511719e+00,-5.968122959136962891e+00,-3.957186460494995117e+00,-5.297557830810546875e+00,-9.618418693542480469e+00,-1.001727676391601562e+01,-2.902294635772705078e+00,3.051457405090332031e-01,2.644740581512451172e+00,7.344904899597167969e+00,7.729578018188476562e+00,7.751446247100830078e+00,7.463523387908935547e+00,-2.298056602478027344e+00,-5.220495223999023438e+00,-4.480542659759521484e+00,-5.434144496917724609e+00,-3.850163459777832031e+00,-6.529245376586914062e+00,-8.050764083862304688e+00,-9.279518127441406250e+00,-1.141529560089111328e+01,-8.977081298828125000e+00,-6.625679969787597656e+00,-7.791605949401855469e+00,-7.055886268615722656e+00,-4.737437248229980469e+00,-2.603486299514770508e+00,2.637622356414794922e+00,8.294279098510742188e+00,8.847612380981445312e+00,9.256345748901367188e+00,9.270329475402832031e+00,4.912278652191162109e+00,1.538036632537841797e+01,1.304599666595458984e+01,1.278227615356445312e+01,1.141831970214843750e+01,5.857443809509277344e+00,1.073955178260803223e+00,-1.201270222663879395e-01,-2.838319778442382812e+00,-3.582328081130981445e+00,-2.874939918518066406e+00,-2.747027397155761719e+00,-5.570938587188720703e-01,3.758781671524047852e+00,-2.099718451499938965e-01,1.913161039352416992e+00,5.672552108764648438e+00,8.275379180908203125e+00,1.065933227539062500e+01,8.470647811889648438e+00,4.774833679199218750e+00,7.791045188903808594e+00,8.920770645141601562e+00,1.005924415588378906e+01,7.698167800903320312e+00,1.324007797241210938e+01,1.401281261444091797e+01,1.273445701599121094e+01,1.389034271240234375e+01,1.461487388610839844e+01,1.112006855010986328e+01,1.226259040832519531e+01,1.149178218841552734e+01,1.083673000335693359e+01,9.660753250122070312e+00,1.244108867645263672e+01,1.482287025451660156e+01,1.434676265716552734e+01,1.044200325012207031e+01,6.409098625183105469e+00,5.516891002655029297e+00,3.083276271820068359e+00,5.858158111572265625e+00,3.750362873077392578e+00,1.119992017745971680e+00,5.281171798706054688e+00,4.271916866302490234e+00,7.586507797241210938e+00,1.055072975158691406e+01,-9.988282203674316406e+00,-1.119494819641113281e+01,-1.629824256896972656e+01,-1.565566921234130859e+01,-1.487687492370605469e+01,-7.465973377227783203e+00,-7.833271980285644531e+00,5.306029319763183594e+00,1.717995452880859375e+01,2.126004791259765625e+01,1.680958175659179688e+01,1.338570308685302734e+01,1.139376640319824219e+01,8.727584838867187500e+00,-1.842589497566223145e+00,-4.498660564422607422e-01,4.441298007965087891e+00,4.526151180267333984e+00,-1.137113809585571289e+00,-6.499213695526123047e+00,-7.676376819610595703e+00,-1.023706436157226562e+00,-3.943922281265258789e+00,-4.242307186126708984e+00,-1.998746991157531738e+00,-1.132196187973022461e+00,4.705548584461212158e-01,1.264037036895751953e+01,1.779508209228515625e+01,2.304477310180664062e+01,2.384971809387207031e+01,1.883086585998535156e+01,1.038442993164062500e+01,3.005681037902832031e+00,-2.307629346847534180e+00,-6.075878143310546875e-01,1.244926810264587402e+00,-1.581727981567382812e+00,-7.481715083122253418e-01,-8.691167831420898438e-01,-6.526047587394714355e-01,-1.293088316917419434e+00,-4.119356155395507812e+00,-7.296295166015625000e+00,-4.218659877777099609e+00,5.425969123840332031e+00,8.768714904785156250e+00,5.861739635467529297e+00,6.058988094329833984e+00,5.122789382934570312e+00,8.986643791198730469e+00,8.819651603698730469e+00,7.398557186126708984e+00,2.263500928878784180e+00,2.671269893646240234e+00,4.558230400085449219e+00,3.147017002105712891e+00,8.093381881713867188e+00,1.207267761230468750e+01,1.014328098297119141e+01,1.295815849304199219e+01,6.914614200592041016e+00,-7.371774673461914062e+00,4.226385116577148438e+00,5.225458621978759766e+00,5.903370857238769531e+00,1.084129619598388672e+01,1.035386466979980469e+01,3.135755538940429688e+00,-2.976453781127929688e+00,-2.899658441543579102e+00,1.616711425781250000e+01,2.498843383789062500e+01,2.826790046691894531e+01,2.455292129516601562e+01,2.450131225585937500e+01,2.505974578857421875e+01,2.973822402954101562e+01,1.834143257141113281e+01,8.750383377075195312e+00,3.016685485839843750e+00,-1.907142519950866699e+00,4.492134094238281250e+00,5.925381183624267578e-01,-8.953216552734375000e+00,-3.320974349975585938e+00,3.233178138732910156e+00,-5.670919418334960938e-01,2.786955833435058594e+00,7.965310096740722656e+00,1.343231773376464844e+01,1.335236644744873047e+01,1.721740722656250000e+01,1.908279418945312500e+01,1.154209327697753906e+01,5.209958076477050781e+00,5.661280632019042969e+00,8.916151046752929688e+00,7.530128479003906250e+00,1.291088867187500000e+01,1.827952957153320312e+01,2.016179275512695312e+01,2.276930427551269531e+01,2.124505615234375000e+01,2.419177246093750000e+01,1.979207229614257812e+01,1.724710655212402344e+01,1.298096466064453125e+01,8.997880935668945312e+00,2.805399417877197266e+00,2.688631534576416016e+00,-1.230662167072296143e-01,1.970318198204040527e+00,7.810733795166015625e+00,7.157690525054931641e+00,9.779813766479492188e+00,1.079733276367187500e+01,5.920876979827880859e+00,7.992309093475341797e+00,7.239321708679199219e+00,1.281818771362304688e+01,1.975355529785156250e+01,2.173898315429687500e+01,1.548011684417724609e+01,8.410117149353027344e+00,8.482307434082031250e+00,7.577917098999023438e+00,9.743249893188476562e+00,7.939999580383300781e+00,7.697558879852294922e+00,1.328315162658691406e+01,1.372613906860351562e+01,1.332079505920410156e+01,1.328818702697753906e+01,1.132600784301757812e+01,6.276723861694335938e+00,4.055428504943847656e+00,4.622109413146972656e+00,5.640408515930175781e+00,9.581243515014648438e+00,1.359147834777832031e+01,1.413616943359375000e+01,1.328783226013183594e+01,7.706222534179687500e+00,7.147003650665283203e+00,6.144957065582275391e+00,5.351377487182617188e+00,8.397566795349121094e+00,9.054507255554199219e+00,5.574465751647949219e+00,1.210431480407714844e+01,1.065284538269042969e+01,5.934545516967773438e+00,3.317579030990600586e-01,1.725171685218811035e+00,1.138516616821289062e+01,9.640495300292968750e+00,-2.024373412132263184e-02,1.756837844848632812e+00,1.975865840911865234e+00,5.400147438049316406e+00,9.573951721191406250e+00,1.195186233520507812e+01,1.292714118957519531e+01,1.007379150390625000e+01,1.065286159515380859e+01,1.319928359985351562e+01,7.217653274536132812e+00,-2.148466110229492188e+00,-9.024335861206054688e+00,-8.811561584472656250e+00,-2.400086641311645508e+00,5.163841247558593750e-01,4.096972465515136719e+00,5.218745708465576172e+00,4.894925117492675781e+00,1.342080831527709961e+00,1.839266061782836914e+00,4.966319084167480469e+00,7.711855888366699219e+00,2.978554725646972656e+00,-2.010727405548095703e+00,-4.526151418685913086e-01,-3.595051765441894531e+00,-1.704387187957763672e+00,4.646821498870849609e+00,8.510860443115234375e+00,1.138742065429687500e+01,1.317299127578735352e+00,-2.612516880035400391e+00,-5.585495948791503906e+00,-1.587136983871459961e+00,5.199221611022949219e+00,-1.109147787094116211e+00,1.340638160705566406e+00,2.691133975982666016e+00,-9.384962081909179688e+00,-2.164292144775390625e+01,-2.040172576904296875e+01,-1.512939834594726562e+01,-1.385306072235107422e+01,-1.163825798034667969e+01,-1.341950035095214844e+01,-1.428141880035400391e+01,2.614392280578613281e+00,4.604741096496582031e+00,9.137848854064941406e+00,6.608807086944580078e+00,-2.009980440139770508e+00,-4.784600734710693359e+00,-3.323455333709716797e+00,-8.962233066558837891e-01,-1.647014856338500977e+00,-5.402525663375854492e-01,2.473730087280273438e+00,5.940921306610107422e-01,-1.059354901313781738e+00,1.419962644577026367e+00,2.076612949371337891e+00,9.581861495971679688e+00,1.327901268005371094e+01,1.521410179138183594e+01,1.360544776916503906e+01,9.038476943969726562e+00,1.076324939727783203e+01,1.061094379425048828e+01,5.369931697845458984e+00,7.250519990921020508e-01,-1.050804018974304199e+00,-2.222861289978027344e+00,-8.479732275009155273e-01,4.392992496490478516e+00,6.645802497863769531e+00,7.734619140625000000e+00,1.006803131103515625e+01,8.846985816955566406e+00,9.197515487670898438e+00,3.851246833801269531e+00,-1.766429901123046875e+00,-3.748910903930664062e+00,1.035835933685302734e+01,1.460207748413085938e+01,1.292584991455078125e+01,8.110216140747070312e+00,-4.385275542736053467e-01,1.147034764289855957e+00,3.538411855697631836e-01,2.048733472824096680e+00,7.906069755554199219e+00,1.552827739715576172e+01,1.041155815124511719e+01,6.007655143737792969e+00,1.516654968261718750e+01,1.906993675231933594e+01,1.876463699340820312e+01,1.537681198120117188e+01,1.446211338043212891e+01,1.212717437744140625e+01,1.311303329467773438e+01,6.932512283325195312e+00,1.396342873573303223e+00,5.772696495056152344e+00,9.757777214050292969e+00,7.333550453186035156e+00,4.943051338195800781e+00,1.043344140052795410e+00,-1.426617980003356934e+00,3.114947557449340820e+00,9.410004615783691406e+00,1.854164314270019531e+01,2.131345748901367188e+01,1.868461990356445312e+01,3.608126401901245117e+00,-4.642828941345214844e+00,-5.372131347656250000e+00,-2.788498640060424805e+00,6.886624336242675781e+00,9.894435882568359375e+00,4.386118650436401367e-01,-6.462903976440429688e+00,-8.143692016601562500e+00,-8.454934120178222656e+00,-5.814603805541992188e+00,-1.441759943962097168e+00,-1.491879701614379883e+00,-2.237069606781005859e+00,-2.658767938613891602e+00,-9.830397367477416992e-01,4.338381767272949219e+00,6.265964031219482422e+00,5.480907440185546875e+00,4.354485988616943359e+00,-5.304765701293945312e-01,2.370370388031005859e+00,6.798268318176269531e+00,1.350188136100769043e+00,2.400285243988037109e+00,8.371524810791015625e+00,8.862165451049804688e+00,4.165225505828857422e+00,3.094615697860717773e+00,8.727689743041992188e+00,1.190173339843750000e+01,1.331362438201904297e+01,1.562764453887939453e+01,9.805271148681640625e+00,-1.173476934432983398e+00,-5.642830371856689453e+00,-4.882562637329101562e+00,-3.860831499099731445e+00,-1.301714777946472168e+00,2.095890045166015625e+00,4.317637681961059570e-01,3.750589847564697266e+00,1.312103867530822754e-01,1.457569479942321777e+00,1.375565814971923828e+01,2.148135566711425781e+01,1.830222892761230469e+01,2.131832122802734375e+01,2.374499511718750000e+01,2.384629249572753906e+01,1.414243602752685547e+01,1.370380020141601562e+01,8.066242218017578125e+00,5.361232280731201172e+00,1.564447402954101562e+01,2.238711547851562500e+01,2.325129699707031250e+01,1.843552970886230469e+01,1.610494232177734375e+01,1.584966373443603516e+01,2.559298515319824219e+01,1.764577484130859375e+01,9.529248237609863281e+00,9.929346084594726562e+00,1.426989555358886719e+01,9.129883766174316406e+00,3.233490705490112305e+00,2.453544378280639648e+00,3.262415885925292969e+00,7.530937194824218750e+00,3.498521566390991211e+00,1.378431892395019531e+01,2.489334487915039062e+01,2.804506874084472656e+01,2.781365966796875000e+01,3.480543518066406250e+01,3.603651428222656250e+01,2.352861595153808594e+01,1.007795238494873047e+01,7.585467815399169922e+00,6.279934883117675781e+00,8.032229423522949219e+00,1.773115539550781250e+01,2.694878578186035156e+01,2.624431991577148438e+01,2.643008804321289062e+01,3.097124481201171875e+01,2.958156204223632812e+01,2.860624504089355469e+01,1.745701980590820312e+01,1.579538249969482422e+01,1.458465003967285156e+01,1.068552970886230469e+01,7.214698791503906250e+00,6.964263916015625000e+00,8.854328155517578125e+00,7.517950534820556641e+00,1.262532234191894531e+00,5.179548859596252441e-01,-5.398564338684082031e-01,6.065126895904541016e+00,4.795877456665039062e+00,6.513866424560546875e+00,6.115177154541015625e+00,7.635776519775390625e+00,4.599072456359863281e+00,1.237155556678771973e+00,4.373291969299316406e+00,3.491019248962402344e+00,4.809541702270507812e+00,7.446463584899902344e+00,1.054012489318847656e+01,8.490630149841308594e+00,9.018824577331542969e+00,6.185783386230468750e+00,2.847339630126953125e+00,-1.716429233551025391e+00,1.725829124450683594e+00,7.728175163269042969e+00,9.819559097290039062e+00,1.353248596191406250e+01,2.149233818054199219e+01,2.103985595703125000e+01,2.582826232910156250e+01,2.659404373168945312e+01,2.180067825317382812e+01,1.352694320678710938e+01,7.786767959594726562e+00,7.343794822692871094e+00,-2.332602024078369141e+00,-1.532535552978515625e+01,-1.964012145996093750e+01,-1.108820915222167969e+01,-7.225315570831298828e+00,-1.233414840698242188e+01,-1.814630126953125000e+01,-1.567454528808593750e+01,-1.149863433837890625e+01,-9.941065788269042969e+00,-7.786777019500732422e+00,-9.398142814636230469e+00,-1.281000518798828125e+01,-8.799130439758300781e+00,-1.270954799652099609e+01,-6.103219985961914062e+00,4.275931358337402344e+00,1.469871520996093750e+01,1.673139190673828125e+01,2.211138153076171875e+01,3.217805480957031250e+01,3.644216918945312500e+01,3.131266403198242188e+01,1.690412521362304688e+01,1.556091690063476562e+01,1.876185226440429688e+01,1.617810821533203125e+01,1.039996337890625000e+01,-1.640198111534118652e+00,2.392328023910522461e+00,8.828656196594238281e+00,8.416351318359375000e+00,5.946834564208984375e+00,4.343257904052734375e+00,2.137810945510864258e+00,2.014791965484619141e+00,8.976988792419433594e+00,1.375773429870605469e+01,1.183924674987792969e+01,7.304719448089599609e+00,3.369075775146484375e+00,5.826904773712158203e+00,1.541004943847656250e+01,1.530409622192382812e+01,4.851642608642578125e+00,6.273216009140014648e-02,3.668537735939025879e-02,-2.003215551376342773e+00,-5.000330924987792969e+00,-5.617834091186523438e+00,1.547660231590270996e-01,6.967101097106933594e-01,4.261563301086425781e+00,3.150659084320068359e+00,1.501697063446044922e+00,9.786115884780883789e-01,8.369110107421875000e+00,1.149815368652343750e+01,7.403182983398437500e+00,5.182038307189941406e+00,5.889502525329589844e+00,8.455327033996582031e+00,8.459217071533203125e+00,4.179893970489501953e+00,5.718770980834960938e+00,1.024587440490722656e+01,8.895950317382812500e+00,6.299789428710937500e+00,6.721248149871826172e+00,6.437926292419433594e+00,6.874212741851806641e+00,7.785655021667480469e+00,5.367640495300292969e+00,5.013502120971679688e+00,7.717623710632324219e+00,7.303550720214843750e+00,5.071472167968750000e+00,5.145646095275878906e+00,2.261068344116210938e+00,-2.640991210937500000e-01,4.032927036285400391e+00,1.027490615844726562e+01,1.475494003295898438e+01,3.775914430618286133e+00,-2.421502828598022461e+00,-8.713756799697875977e-01,1.412694811820983887e+00,-3.696280717849731445e+00,-4.954231262207031250e+00,-7.840264320373535156e+00,-7.142628669738769531e+00,-3.954267740249633789e+00,-2.350090742111206055e+00,6.432583808898925781e+00,1.158060264587402344e+01,1.174958801269531250e+01,1.081583213806152344e+01,1.022596740722656250e+01,4.120578765869140625e+00,-6.193981170654296875e+00,-1.253800678253173828e+01,-9.539047241210937500e+00,-5.221729278564453125e+00,1.015167713165283203e+00,-1.713243603706359863e+00,-9.487306594848632812e+00,6.905995368957519531e+00,1.657653045654296875e+01,2.886142730712890625e+01,3.137085533142089844e+01,2.796289634704589844e+01,2.510837745666503906e+01,1.876976013183593750e+01,1.039901161193847656e+01,7.352613449096679688e+00,8.031618118286132812e+00,3.140329360961914062e+00,-2.529368877410888672e+00,-7.438282489776611328e+00,1.457555294036865234e-01,4.866402626037597656e+00,3.620434761047363281e+00,8.388668060302734375e+00,1.263809204101562500e+01,1.316436958312988281e+01,6.292701721191406250e+00,4.482733726501464844e+00,2.204248428344726562e+00,2.481283664703369141e+00,3.089892625808715820e+00,-2.727079868316650391e+00,-5.440444946289062500e+00,-4.018480181694030762e-01,7.339489936828613281e+00,2.960835933685302734e+00,-2.443794965744018555e+00,-9.202983379364013672e-01,-4.473537445068359375e+00,-4.108804702758789062e+00,-2.098070859909057617e+00,-2.649209499359130859e+00,-7.911249995231628418e-01,6.726899147033691406e+00,1.031520843505859375e+01,1.046771049499511719e+01,1.075186157226562500e+01,9.690199851989746094e+00,8.690793991088867188e+00,7.332674503326416016e+00,4.311117649078369141e+00,1.132479286193847656e+01,1.666813468933105469e+01,1.345346260070800781e+01,4.603803157806396484e+00,-1.338935017585754395e+00,-7.399338722229003906e+00,-1.110494804382324219e+01,-6.823744773864746094e+00,-2.574385166168212891e+00,2.794197559356689453e+00,1.771858692169189453e+00,-4.605374813079833984e+00,4.051758289337158203e+00,1.022597312927246094e+01,1.177563095092773438e+01,1.209695243835449219e+01,1.032640933990478516e+01,1.322187995910644531e+01,1.638272285461425781e+01,1.086946678161621094e+01,2.637686967849731445e+00,-1.340062379837036133e+00,-1.383803129196166992e+00,-5.580620765686035156e+00,-3.068817615509033203e+00,1.702856063842773438e+00,4.247191429138183594e+00,-5.511857986450195312e+00,-8.304193496704101562e+00,-1.842974185943603516e+00,-3.270593404769897461e+00,-2.747494459152221680e+00,2.193639993667602539e+00,6.965163230895996094e+00,1.424190902709960938e+01,1.031601333618164062e+01,7.887160301208496094e+00,1.099573707580566406e+01,1.097194480895996094e+01,5.752583503723144531e+00,2.925667762756347656e+00,7.886376380920410156e+00,1.002068901062011719e+01,7.906190872192382812e+00,6.619868755340576172e+00,1.364432525634765625e+01,1.441367912292480469e+01,1.224324035644531250e+01,6.809776306152343750e+00,-6.928289413452148438e+00,4.977410316467285156e+00,1.565354728698730469e+01,2.116181945800781250e+01,2.502812957763671875e+01,2.517803192138671875e+01,2.119477081298828125e+01,1.565888977050781250e+01,4.712050914764404297e+00,-2.870937824249267578e+00,4.445224106311798096e-01,8.148626327514648438e+00,9.162820816040039062e+00,1.679902648925781250e+01,2.390765762329101562e+01,1.969456863403320312e+01,1.589590644836425781e+01,1.540377616882324219e+01,5.715907096862792969e+00,-3.631059169769287109e+00,-2.524083375930786133e+00,-3.904169082641601562e+00,-2.727615356445312500e+00,-3.705916404724121094e+00,-2.788755655288696289e+00,-6.084134101867675781e+00,-3.101518392562866211e+00,3.752171039581298828e+00,7.376095771789550781e+00,9.801146507263183594e+00,3.069912672042846680e+00,3.657284736633300781e+00,7.251505851745605469e+00,5.736274719238281250e+00,3.207279682159423828e+00,6.308467864990234375e+00,9.708148956298828125e+00,2.211209535598754883e+00,5.239527702331542969e+00,7.233811855316162109e+00,9.498133659362792969e+00,4.877064704895019531e+00,4.197864055633544922e+00,9.273365020751953125e+00,5.242158889770507812e+00,8.512859344482421875e+00,7.628492832183837891e+00,6.166036605834960938e+00,8.988439559936523438e+00,7.173293590545654297e+00,5.447142124176025391e+00,1.662490844726562500e+01,2.266839599609375000e+01,2.483852767944335938e+01,1.851462173461914062e+01,1.664486694335937500e+01,1.496273803710937500e+01,7.734779834747314453e+00,1.256755065917968750e+01,1.608511734008789062e+01,1.494499588012695312e+01,1.190651655197143555e-01,-2.782421588897705078e+00,-1.744396686553955078e-01,4.697358608245849609e-01,4.688050270080566406e+00,4.714415073394775391e+00,-2.366695642471313477e+00,-7.343157529830932617e-01,-3.452694654464721680e+00,-4.447285175323486328e+00,8.805747985839843750e+00,1.221347618103027344e+01,1.524301052093505859e+01,1.473271369934082031e+01,2.389081001281738281e+00,-9.446756362915039062e+00,-8.176382064819335938e+00,-5.744436264038085938e+00,-2.958395957946777344e+00,9.682776451110839844e+00,1.958701324462890625e+01,2.043071556091308594e+01,1.550940227508544922e+01,1.339217090606689453e+01,1.423653030395507812e+01,1.436782646179199219e+01,1.627661705017089844e+01,5.309587955474853516e+00,-1.135664939880371094e+00,5.170917510986328125e+00,4.010115623474121094e+00,8.194810867309570312e+00,9.567064285278320312e+00,1.377987670898437500e+01,2.154727935791015625e+01,3.267263031005859375e+01,2.125842475891113281e+01,1.268920135498046875e+01,1.466689872741699219e+01,1.626198959350585938e+01,1.025997352600097656e+01,1.106897068023681641e+01,1.931234741210937500e+01,1.840692138671875000e+01,1.010325431823730469e+01,-1.219607353210449219e+01,-1.688018798828125000e+01,-1.520120048522949219e+01,-1.413519477844238281e+01,-1.437209606170654297e+01,-1.782206058502197266e+00,9.323195457458496094e+00,3.090768814086914062e+00,-6.229203224182128906e+00,-6.976519107818603516e+00,-4.233447313308715820e-01,5.211544990539550781e+00,4.969839572906494141e+00,7.321579456329345703e-01,-3.534001827239990234e+00,-1.050757598876953125e+01,-6.359599113464355469e+00,4.565455615520477295e-01,2.761795759201049805e+00,2.003114700317382812e+00,-1.251454114913940430e+00,-3.556880950927734375e+00,5.518937110900878906e-02,5.259431600570678711e-01,-3.207404136657714844e+00,-3.813508749008178711e+00,6.750512123107910156e-01,2.771669864654541016e+00,6.236261129379272461e-01,-4.647378444671630859e+00,-2.052546977996826172e+00,2.914001941680908203e+00,5.541498184204101562e+00,6.016805648803710938e+00,3.817920446395874023e+00,2.230986595153808594e+00,4.642571926116943359e+00,4.175368785858154297e+00,3.176216602325439453e+00,5.552602767944335938e+00,6.776119232177734375e+00,5.677367210388183594e+00,3.662480354309082031e+00,3.526021838188171387e-01,-3.264409303665161133e-02,6.822913169860839844e+00,8.529853820800781250e+00,7.197763442993164062e+00,5.840970993041992188e+00,3.280303478240966797e+00,1.338656663894653320e+00,-1.537248802185058594e+01,-2.096376419067382812e+01,-1.570071220397949219e+01,-9.874240875244140625e+00,-3.105474948883056641e+00,3.587642431259155273e+00,3.278322219848632812e+00,1.513225555419921875e+00,-3.935155868530273438e-01,-2.523944139480590820e+00,-4.428000450134277344e+00,-8.435061454772949219e+00,-1.167504787445068359e+01,-8.316358566284179688e+00,6.865985870361328125e+00,1.978017044067382812e+01,2.471671295166015625e+01,2.013361358642578125e+01,1.489020633697509766e+01,2.648848152160644531e+01,2.499488067626953125e+01,3.022263336181640625e+01,2.889339256286621094e+01,1.925347137451171875e+01,1.682931518554687500e+01,1.106949615478515625e+01,9.176501274108886719e+00,1.498963594436645508e+00,2.894314289093017578e+00,1.235876750946044922e+01,1.756581306457519531e+01,2.078216552734375000e+01,1.874611663818359375e+01,1.913185501098632812e+01,2.278909683227539062e+01,2.639068603515625000e+01,3.244172668457031250e+01,3.014970970153808594e+01,2.004248619079589844e+01,1.960404014587402344e+01,1.960452461242675781e+01,1.718316078186035156e+01,2.286144256591796875e+01,2.133078956604003906e+01,1.481176948547363281e+01,1.464066696166992188e+01,1.537005043029785156e+01,1.675651550292968750e+01,1.516591644287109375e+01,3.390293836593627930e+00,9.249123573303222656e+00,1.225682830810546875e+01,6.517395019531250000e+00,-4.802283644676208496e-01,-3.114399433135986328e+00,-4.765105247497558594e+00,-6.351109504699707031e+00,-1.541517376899719238e-01,2.537322998046875000e+00,-1.816173791885375977e+00,2.292381823062896729e-01,4.578738212585449219e+00,3.977512598037719727e+00,1.750142931938171387e+00,8.775686264038085938e+00,1.277659034729003906e+01,9.121811866760253906e+00,1.181388282775878906e+01,1.626228713989257812e+01,1.434995460510253906e+01,7.018891334533691406e+00,6.928606986999511719e+00,1.037718200683593750e+01,1.828417968750000000e+01,1.560812759399414062e+01,9.499493598937988281e+00,9.116516113281250000e+00,8.211776733398437500e+00,1.101776981353759766e+01,9.196168899536132812e+00,3.922491073608398438e+00,4.283444404602050781e+00,6.072519302368164062e+00,6.146154880523681641e+00,1.640048146247863770e+00,3.010684251785278320e-01,3.211192846298217773e+00,7.167802810668945312e+00,5.723410606384277344e+00,2.457512855529785156e+00,3.499228954315185547e+00,3.581279039382934570e+00,1.626023650169372559e+00,-9.991222381591796875e+00,-1.311551475524902344e+01,-1.013160324096679688e+01,-7.910832881927490234e+00,-6.473703384399414062e+00,7.146201133728027344e-01,3.935079574584960938e+00,5.807599544525146484e+00,1.246491432189941406e+01,1.264024734497070312e+01,1.162475204467773438e+01,6.590141296386718750e+00,3.021639585494995117e-01,4.439527034759521484e+00,7.385477066040039062e+00,5.316391944885253906e+00,2.019290924072265625e+00,9.003312110900878906e+00,1.182790946960449219e+01,1.687195587158203125e+01,1.253587150573730469e+01,1.703864860534667969e+01,2.373038101196289062e+01,2.155654144287109375e+01,1.876261138916015625e+01,1.549797725677490234e+01,1.555426216125488281e+01,1.349464607238769531e+01,1.342754745483398438e+01,1.383987617492675781e+01,1.056223297119140625e+01,3.799287080764770508e+00,1.055387973785400391e+01,9.342446327209472656e+00,1.005758476257324219e+01,1.092631435394287109e+01,1.163430881500244141e+01,1.038673400878906250e+01,1.467181301116943359e+01,1.807955551147460938e+01,2.033820343017578125e+01,2.216248703002929688e+01,1.869289779663085938e+01,1.495704650878906250e+01,1.192276954650878906e+01,6.865648746490478516e+00,6.518136024475097656e+00,4.563290596008300781e+00,3.484823226928710938e+00,5.049531936645507812e+00,8.477910995483398438e+00,1.378606033325195312e+01,1.602645111083984375e+01,9.084846496582031250e+00,4.498929500579833984e+00,4.376776218414306641e+00,7.462149143218994141e+00,4.214878082275390625e+00,3.299808025360107422e+00,6.232520580291748047e+00,8.720887184143066406e+00,8.950629234313964844e+00,7.441228866577148438e+00,2.759135484695434570e+00,8.204984068870544434e-01,1.390216445922851562e+01,2.416828155517578125e+01,1.969876098632812500e+01,1.199685668945312500e+01,6.867530345916748047e+00,2.947791337966918945e+00,-6.301065444946289062e+00,-1.022901153564453125e+01,-7.299416065216064453e-01,1.582713961601257324e+00,9.353528976440429688e+00,8.472625732421875000e+00,1.706812620162963867e+00,3.717079162597656250e-01,-3.106673955917358398e+00,-5.374624252319335938e+00,4.699621498584747314e-01,6.433061957359313965e-01,6.980203628540039062e+00,1.086270904541015625e+01,1.017897033691406250e+01,8.964654922485351562e+00,1.175602149963378906e+01,7.885562896728515625e+00,1.032090187072753906e+01,1.045622634887695312e+01,1.263868522644042969e+01,1.731663513183593750e+01,1.719172477722167969e+01,2.782654762268066406e+00,-8.114596605300903320e-01,5.892795562744140625e+00,1.149140453338623047e+01,7.626373291015625000e+00,9.502954483032226562e+00,1.645965957641601562e+01,2.000128173828125000e+01,1.872653770446777344e+01,1.853324890136718750e+01,2.100711822509765625e+01,2.376217079162597656e+01,2.661403083801269531e+01,1.759093093872070312e+01,5.599408149719238281e+00,5.492747783660888672e+00,1.420488739013671875e+01,2.329273986816406250e+01,2.534438896179199219e+01,1.836809539794921875e+01,7.035271644592285156e+00,6.620991706848144531e+00,1.050855541229248047e+01,1.487255859375000000e+01,1.518608856201171875e+01,1.030050563812255859e+01,7.268964767456054688e+00,7.391246795654296875e+00,1.043986129760742188e+01,1.310902786254882812e+01,1.243828582763671875e+01,1.470483016967773438e+01,1.626820564270019531e+01,1.155467128753662109e+01,7.507068634033203125e+00,3.876848697662353516e+00,9.844737052917480469e+00,1.162569522857666016e+00,-1.618859767913818359e-01,2.046371698379516602e+00,-1.762503981590270996e+00,-6.815837860107421875e+00,-1.452190780639648438e+01,-1.498719978332519531e+01,-2.064653158187866211e+00,2.968544244766235352e+00,6.389786720275878906e+00,6.195344448089599609e+00,-2.095448493957519531e+00,-2.492839097976684570e+00,-2.510567188262939453e+00,-1.090749025344848633e+00,2.318680763244628906e+00,2.184818983078002930e+00,4.977012634277343750e+00,3.969236612319946289e+00,3.923701763153076172e+00,1.469289875030517578e+01,2.107573318481445312e+01,1.064604759216308594e+01,-5.136403083801269531e+00,-4.931469917297363281e+00,6.515703201293945312e+00,5.670468330383300781e+00,3.861628055572509766e+00,-4.149876117706298828e+00,5.941749811172485352e-01,-1.339988112449645996e+00,-8.283142089843750000e+00,-1.038120460510253906e+01,-1.676366090774536133e+00,4.525079727172851562e-01,-5.558868408203125000e+00,-1.391762614250183105e+00,8.415397644042968750e+00,1.099153518676757812e+01,9.371511459350585938e+00,5.338160514831542969e+00,2.994077205657958984e+00,7.350873947143554688e+00,1.059164333343505859e+01,8.359174728393554688e+00,5.142313838005065918e-01,-3.419775962829589844e+00,-1.219139385223388672e+01,-6.228850364685058594e+00,-2.569455385208129883e+00,-4.974367141723632812e+00,-3.782631635665893555e+00,-3.297823190689086914e+00,-4.584252357482910156e+00,4.357946872711181641e+00,6.741103172302246094e+00,-4.476039886474609375e+00,-7.725819587707519531e+00,-5.944494247436523438e+00,-7.156930446624755859e+00,-7.873667716979980469e+00,-1.545926570892333984e+00,-2.335380792617797852e+00,-1.890588521957397461e+00,-2.411138296127319336e+00,-8.264672756195068359e-02,1.686862587928771973e+00,2.961821317672729492e+00,2.003055810928344727e+00,4.262688636779785156e+00,1.053818941116333008e+00,3.988215923309326172e+00,7.968117713928222656e+00,1.323812484741210938e+01,1.398236083984375000e+01,8.713577270507812500e+00,1.609443306922912598e+00,-1.036493182182312012e+00,-7.081562995910644531e+00,-1.134669876098632812e+01,-1.037149620056152344e+01,-1.066864585876464844e+01,-5.300943851470947266e+00,-1.772227168083190918e+00,3.178761482238769531e+00,4.081390380859375000e+00,4.261281013488769531e+00,6.305516362190246582e-01,1.302772998809814453e+01,1.543996238708496094e+01,2.069598197937011719e+01,2.355764579772949219e+01,2.233575820922851562e+01,2.407556915283203125e+01,2.697328186035156250e+01,2.571185684204101562e+01,1.099018669128417969e+01,-7.410831451416015625e+00,-1.477938270568847656e+01,-1.717213439941406250e+01,-1.341868782043457031e+01,-8.501308441162109375e+00,-7.861016273498535156e+00,-7.099673271179199219e+00,-1.071325969696044922e+01,-1.182827854156494141e+01,-5.317948341369628906e+00,-2.257427215576171875e+00,1.249839401245117188e+01,1.468017959594726562e+01,2.018041419982910156e+01,2.370235443115234375e+01,1.853013229370117188e+01,1.413660812377929688e+01,1.056901168823242188e+01,4.454020500183105469e+00,3.559255838394165039e+00,3.556050658226013184e-01,7.708354949951171875e+00,2.024912071228027344e+01,2.320027923583984375e+01,2.229521560668945312e+01,2.000045776367187500e+01,1.793761062622070312e+01,1.705327606201171875e+01,2.112176132202148438e+01,2.157828140258789062e+01,2.046700477600097656e+01,1.828874015808105469e+01,1.435582923889160156e+01,1.852288436889648438e+01,1.382933807373046875e+01,1.999093437194824219e+01,2.137027359008789062e+01,1.866621208190917969e+01,1.379006576538085938e+01,1.366856479644775391e+01,1.062491416931152344e+01,1.251686286926269531e+01,1.557093620300292969e+01,1.806563186645507812e+01,1.904452896118164062e+01,9.278185844421386719e+00,3.522702693939208984e+00,-9.782745838165283203e-01,-9.575810432434082031e+00,-1.342359733581542969e+01,5.229434013366699219e+00,8.970940589904785156e+00,2.251071929931640625e+00,-5.003549575805664062e+00,-1.555724620819091797e+00,6.077404975891113281e+00,1.756077575683593750e+01,6.930541038513183594e+00,1.018089652061462402e+00,3.691032886505126953e+00,3.694177150726318359e+00,-3.090505599975585938e-01,6.067274808883666992e-01,1.314001083374023438e+00,5.860565662384033203e+00,1.105546760559082031e+01,1.049507141113281250e+01,4.979066848754882812e+00,-1.044994354248046875e+00,-4.703661918640136719e+00,1.462398767471313477e+00,-1.137393951416015625e+01,-1.253806972503662109e+01,-1.005669784545898438e+01,-9.971961021423339844e+00,-1.300769805908203125e+01,-1.536213874816894531e+01,5.250303268432617188e+00,1.020528602600097656e+01,2.195450782775878906e+00,-4.079680442810058594e+00,-1.164736151695251465e-01,-2.366310358047485352e+00,-9.204522371292114258e-01,1.211495995521545410e+00,4.010598182678222656e+00,3.055472373962402344e-01,-3.433744668960571289e+00,-1.570379376411437988e+00,9.523684978485107422e-01,3.153281211853027344e+00,2.095207691192626953e+00,2.519097924232482910e-01,6.778357923030853271e-02,5.537158966064453125e+00,1.150499916076660156e+01,-2.722751200199127197e-01,1.155904769897460938e+00,3.980450153350830078e+00,-5.587877631187438965e-01,-5.659681320190429688e+00,-6.259093284606933594e+00,-9.693420410156250000e+00,-1.401299762725830078e+01,-1.125156974792480469e+01,-3.080889880657196045e-01,2.884124755859375000e+00,6.480459213256835938e+00,8.181653976440429688e+00,4.532419681549072266e+00,-4.941895484924316406e+00,-1.019014739990234375e+01,-3.462950229644775391e+00,7.779925465583801270e-01,-3.778240203857421875e+00,-3.848933935165405273e+00,-8.586127281188964844e+00,-1.017112255096435547e+01,-1.045278930664062500e+01,-2.303308010101318359e+00,-3.286674022674560547e-01,2.267322778701782227e+00,8.258295059204101562e+00,9.075354576110839844e+00,3.391456604003906250e+00,-3.320631742477416992e+00,-4.625048637390136719e+00,-6.201028823852539062e-03,1.823684096336364746e+00,3.569767951965332031e+00,4.996742248535156250e+00,2.133086204528808594e+00,-1.551946043968200684e+00,-1.763752102851867676e+00,1.876766324043273926e+00,1.474564456939697266e+01,1.468284034729003906e+01,1.183044624328613281e+01,1.282657241821289062e+01,4.024357318878173828e+00,-7.869592666625976562e+00,-1.151627540588378906e+01,-9.095069885253906250e+00,-6.992028236389160156e+00,-6.881207466125488281e+00,-7.281932830810546875e+00,-6.862769126892089844e+00,-6.191241264343261719e+00,6.194617271423339844e+00,6.548642158508300781e+00,-1.302365064620971680e+00,-5.458736419677734375e-01,3.342547655105590820e+00,5.873085975646972656e+00,5.823605060577392578e+00,3.170919179916381836e+00,4.800152301788330078e+00,5.507928848266601562e+00,4.447126388549804688e+00,4.212197303771972656e+00,3.705363988876342773e+00,6.793663501739501953e+00,8.221817016601562500e+00,5.541670799255371094e+00,-1.721310734748840332e+00,3.793277978897094727e+00,1.300753879547119141e+01,1.215979290008544922e+01,3.177127838134765625e+00,-5.566981434822082520e-01,8.051200866699218750e+00,7.093603134155273438e+00,5.802464008331298828e+00,6.319385170936584473e-01,1.475871443748474121e+00,4.521636486053466797e+00,3.317320346832275391e+00,6.724846959114074707e-01,4.463980674743652344e+00,-1.782915472984313965e+00,-3.271627426147460938e+00,-2.072938382625579834e-01,7.968020439147949219e-02,4.782039642333984375e+00,4.779269695281982422e+00,1.093509793281555176e+00,-4.695193767547607422e+00,-4.196260571479797363e-01,3.739964008331298828e+00,2.959871053695678711e+00,7.484298944473266602e-02,6.098435401916503906e+00,1.032447814941406250e+01,6.447025299072265625e+00,6.933219432830810547e+00,8.180393218994140625e+00,7.012145042419433594e+00,1.312131118774414062e+01,1.291777515411376953e+01,1.034393310546875000e+01,2.230451202392578125e+01,2.005163955688476562e+01,1.334090900421142578e+01,6.757549762725830078e+00,4.026663303375244141e+00,3.380265951156616211e+00,6.174182415008544922e+00,1.227490615844726562e+01,1.052439498901367188e+01,1.506720829010009766e+01,1.396081542968750000e+01,1.194922828674316406e+01,1.730892181396484375e+01,8.020407676696777344e+00,2.036372184753417969e+00,6.139658927917480469e+00,1.501882171630859375e+01,2.114889144897460938e+01,2.423135185241699219e+01,2.677995872497558594e+01,2.733020782470703125e+01,2.897695922851562500e+01,2.972480201721191406e+01,2.295190811157226562e+01,2.942189216613769531e+01,2.941925430297851562e+01,3.050824356079101562e+01,3.026310348510742188e+01,3.034503555297851562e+01,2.857547187805175781e+01,2.621507835388183594e+01,1.304501438140869141e+01,8.481940269470214844e+00,1.102460289001464844e+01,5.071106433868408203e+00,-7.598232746124267578e+00,-7.863975524902343750e+00,-6.333689212799072266e+00,1.268422794342041016e+01,2.215322494506835938e+01,2.495914077758789062e+01,2.723758316040039062e+01,2.597688293457031250e+01,2.774676513671875000e+01,2.799328422546386719e+01,2.846071624755859375e+01,1.789621353149414062e+01,1.056155967712402344e+01,1.079656791687011719e+01,6.752785682678222656e+00,3.754401683807373047e+00,-3.667501449584960938e+00,-4.563005447387695312e+00,-4.706854820251464844e+00,-9.995788574218750000e+00,-8.759445190429687500e+00,-3.187911033630371094e+00,1.833784103393554688e+00,2.631347179412841797e+00,3.239798307418823242e+00,4.798763275146484375e+00,2.380176067352294922e+00,3.620800495147705078e+00,6.683753013610839844e+00,2.403377056121826172e+00,-3.291720151901245117e+00,-2.419301748275756836e+00,7.743664979934692383e-01,-2.901309490203857422e+00,-1.077140045166015625e+01,-5.302947044372558594e+00,6.623536109924316406e+00,6.448882102966308594e+00,5.653420448303222656e+00,1.094958782196044922e+01,6.118597030639648438e+00,-9.382449150085449219e+00,-3.006283283233642578e+00,5.565127372741699219e+00,7.493015289306640625e+00,1.433978557586669922e+00,1.216555213928222656e+01,1.597911643981933594e+01,1.553729820251464844e+01,1.651095771789550781e+01,1.342539215087890625e+01,1.335782051086425781e+01,1.168727684020996094e+01,8.319757580757141113e-01,-1.003809070587158203e+01,-3.056837558746337891e+00,5.148095607757568359e+00,9.223562479019165039e-01,-3.309027433395385742e+00,5.356985092163085938e+00,7.881108283996582031e+00,1.748419570922851562e+01,2.988066864013671875e+01,3.529537963867187500e+01,3.250354003906250000e+01,3.020804786682128906e+01,2.121773147583007812e+01,1.058112430572509766e+01,1.222552680969238281e+01,1.886672592163085938e+01,2.380382728576660156e+01,2.076119995117187500e+01,2.200936889648437500e+01,1.841027069091796875e+01,1.234382247924804688e+01,1.199864292144775391e+01,1.156691074371337891e+01,1.207851314544677734e+01,1.069875621795654297e+01,8.382156372070312500e+00,-2.592068910598754883e-01,-5.063582897186279297e+00,9.199328422546386719e-01,8.558793067932128906e+00,5.947834968566894531e+00,-2.278713226318359375e+00,-4.495037078857421875e+00,-2.271237850189208984e+00,-2.187244653701782227e+00,-6.128536224365234375e+00,-1.338366985321044922e+01,-7.788956642150878906e+00,1.721915125846862793e+00,8.076043128967285156e-01,-5.768734931945800781e+00,-6.950675845146179199e-01,6.320691108703613281e-01,-4.380447864532470703e+00,-8.805373191833496094e+00,-3.818461418151855469e+00,5.231130123138427734e+00,1.568207359313964844e+01,1.437407684326171875e+01,2.396344184875488281e+00,-9.355444908142089844e-01,1.292132973670959473e+00,-3.707628965377807617e+00,-7.724617004394531250e+00,-1.879068255424499512e+00,-1.168027043342590332e+00,-3.145708084106445312e+00,-1.609217524528503418e+00,3.056924819946289062e+00,1.207706832885742188e+01,2.081932830810546875e+01,2.376090240478515625e+01,3.104432487487792969e+01,3.476757812500000000e+01,3.502136993408203125e+01,2.718283843994140625e+01,1.427654361724853516e+01,8.292613983154296875e+00,5.484457015991210938e+00,3.608283042907714844e+00,3.256188392639160156e+00,4.276896476745605469e+00,4.718537807464599609e+00,8.644021987915039062e+00,1.020552349090576172e+01,6.737543582916259766e+00,6.397295475006103516e+00,6.323151588439941406e+00,6.480071544647216797e+00,8.702056884765625000e+00,1.117893981933593750e+01,8.499509811401367188e+00,5.841867446899414062e+00,7.935389518737792969e+00,7.461764335632324219e+00,8.434199690818786621e-01,-1.576137065887451172e+00,2.028103828430175781e+00,1.004176712036132812e+01,1.304848289489746094e+01,1.050776290893554688e+01,8.994244575500488281e+00,8.418954610824584961e-01,-4.691029548645019531e+00,2.723929166793823242e+00,6.249940395355224609e+00,-1.102882027626037598e-01,3.203124046325683594e+00,5.841030120849609375e+00,-8.844128847122192383e-01,-1.093693494796752930e+00,-2.726504802703857422e+00,2.884422302246093750e+00,1.074423503875732422e+01,4.375534057617187500e+00,-6.357516288757324219e+00,-1.788968276977539062e+01,-1.673542022705078125e+01,-1.414599227905273438e+01,-1.927047348022460938e+01,-1.994356536865234375e+01,-1.822966766357421875e+01,-2.046212959289550781e+01,-2.101002311706542969e+01,-1.374812889099121094e+01,-1.242492485046386719e+01,-1.727415466308593750e+01,-1.670284271240234375e+01,-9.011254310607910156e+00,3.380983352661132812e+00,4.261690139770507812e+00,-1.414937782287597656e+01,-1.943815994262695312e+01,-2.132896232604980469e+01,-2.266356658935546875e+01,-6.233531951904296875e+00,1.796267271041870117e+00,1.287750911712646484e+01,1.982499885559082031e+01,2.317265701293945312e+01,1.971552658081054688e+01,1.563555431365966797e+01,1.985974121093750000e+01,2.123378372192382812e+01,1.544459915161132812e+01,1.408112335205078125e+01,1.030126762390136719e+01,3.189330101013183594e+00,1.909129023551940918e-01,-8.241534233093261719e-01,9.053936004638671875e+00,1.559277725219726562e+01,1.287482738494873047e+01,1.443299102783203125e+01,9.406547546386718750e+00,9.829494953155517578e-01,-2.105684280395507812e+00,-5.073800086975097656e+00,-7.327740669250488281e+00,-6.502219200134277344e+00,-1.177090072631835938e+01,-6.272938728332519531e+00,-6.400958538055419922e+00,9.576306343078613281e-01,1.947300910949707031e+00,1.753617227077484131e-01,-6.921261787414550781e+00,-7.567694664001464844e+00,-4.532152175903320312e+00,-2.089109897613525391e+00,-1.806916952133178711e+00,1.802239656448364258e+00,6.907340526580810547e+00,8.298269271850585938e+00,-3.261631965637207031e+00,-3.923290729522705078e+00,-2.989143610000610352e+00,-5.090944290161132812e+00,1.342548251152038574e+00,4.237359046936035156e+00,1.543603539466857910e+00,2.729401588439941406e+00,-1.190395236015319824e+00,-8.388115882873535156e+00,-7.486241340637207031e+00,-9.565725922584533691e-01,-4.010006904602050781e+00,-3.328178167343139648e+00,-2.650832414627075195e+00,-2.947114706039428711e+00,3.815127611160278320e+00,5.171436786651611328e+00,3.427291154861450195e+00,6.682309627532958984e+00,6.633234977722167969e+00,1.018172550201416016e+01,8.640523910522460938e+00,-2.864975035190582275e-01,-3.559717535972595215e-02,5.167095661163330078e+00,9.572326660156250000e+00,1.297418594360351562e+01,1.429033088684082031e+01,1.148109722137451172e+01,6.346796035766601562e+00,1.296150565147399902e+00,9.788837432861328125e+00,1.254433059692382812e+01,1.582746887207031250e+01,1.956743621826171875e+01,1.863003540039062500e+01,2.041898155212402344e+01,1.078881645202636719e+01,4.568383216857910156e+00,5.852152347564697266e+00,1.461551475524902344e+01,1.354678344726562500e+01,1.873667716979980469e+01,2.029891204833984375e+01,1.350459289550781250e+01,1.050233840942382812e+01,1.324382591247558594e+01,1.033116912841796875e+01,1.868692016601562500e+01,3.265179061889648438e+01,3.148460769653320312e+01,2.541520309448242188e+01,2.660872650146484375e+01,3.287453079223632812e+01,3.227609634399414062e+01,2.039725112915039062e+01,1.731350326538085938e+01,8.149650573730468750e+00,3.914942979812622070e+00,6.947464942932128906e+00,1.067405605316162109e+01,1.245827865600585938e+01,1.366928386688232422e+01,1.096415805816650391e+01,7.742575645446777344e+00,6.213557243347167969e+00,5.006384849548339844e+00,1.041696548461914062e+00,-2.829846382141113281e+00,-4.248671054840087891e+00,-1.099189758300781250e+01,-1.224386119842529297e+01,-8.211001396179199219e+00,-4.367225170135498047e+00,-6.089346408843994141e+00,-4.915137767791748047e+00,-3.406024694442749023e+00,-1.887691497802734375e+00,-7.441812753677368164e-01,3.463666915893554688e+00,1.014134025573730469e+01,1.147286987304687500e+01,5.462738037109375000e+00,3.231805324554443359e+00,3.690153121948242188e+00,-2.793003082275390625e+00,-4.063805580139160156e+00,1.219074249267578125e+00,6.135912418365478516e+00,7.132907867431640625e+00,1.074255561828613281e+01,9.619983673095703125e+00,8.407350540161132812e+00,5.147693634033203125e+00,1.003005027770996094e+00,1.055606365203857422e+00,1.871745944023132324e+00,3.707733631134033203e+00,7.039489746093750000e+00,7.042238712310791016e+00,6.446603775024414062e+00,8.604418754577636719e+00,9.614730834960937500e+00,7.870078563690185547e+00,6.350412368774414062e+00,4.927901268005371094e+00,3.673734664916992188e+00,1.287508130073547363e+00,1.941822171211242676e-01,-2.429881095886230469e+00,-1.949853897094726562e+00,-2.498082399368286133e+00,-7.575141429901123047e+00,-9.501863479614257812e+00,-6.983375072479248047e+00,-7.819887995719909668e-01,-1.501712799072265625e-01,-6.162617206573486328e+00,-1.174218177795410156e+01,-1.303958320617675781e+01,2.623199224472045898e+00,1.194640159606933594e+01,1.329174804687500000e+01,5.706313252449035645e-01,-5.788924694061279297e+00,-5.431851387023925781e+00,-1.322048759460449219e+01,-2.054845809936523438e+01,-1.624327278137207031e+01,-1.183756256103515625e+01,-7.703081130981445312e+00,-5.136409282684326172e+00,-3.964981555938720703e+00,-5.663844108581542969e+00,-1.032089614868164062e+01,-5.686867237091064453e+00,2.411290407180786133e-01,1.088051223754882812e+01,1.690545654296875000e+01,1.317018508911132812e+01,1.290769386291503906e+01,7.842155456542968750e+00,-2.579724073410034180e+00,-1.028075599670410156e+01,-4.245814800262451172e+00,-5.975008606910705566e-01,3.201571226119995117e+00,5.281949996948242188e+00,6.240184307098388672e+00,4.057559967041015625e+00,3.362461328506469727e+00,-1.863374710083007812e-01,9.587572813034057617e-01,5.861587524414062500e+00,2.211884498596191406e+00,-3.718470811843872070e+00,-4.486921310424804688e+00,-4.585441589355468750e+00,-6.385122299194335938e+00,-5.039042472839355469e+00,-4.058672785758972168e-01,3.477764368057250977e+00,9.625541687011718750e+00,1.197204685211181641e+01,-1.089359521865844727e+00,-1.299512672424316406e+01,-1.241398811340332031e+01,-9.512624740600585938e+00,-1.386015510559082031e+01,-1.399014091491699219e+01,-1.207323551177978516e+01,-1.052257061004638672e+01,-4.041791915893554688e+00,5.306359767913818359e+00,5.908177375793457031e+00,-3.377360701560974121e-01,-1.470986938476562500e+01,-9.803442001342773438e+00,-7.058616638183593750e+00,-9.754303932189941406e+00,-1.050015068054199219e+01,-5.238728523254394531e+00,3.225729942321777344e+00,4.698326110839843750e+00,6.188642024993896484e+00,4.996423423290252686e-01,1.474223136901855469e+00,-1.138171315193176270e+00,-3.676585674285888672e+00,7.583188056945800781e+00,1.076987457275390625e+01,1.164061307907104492e+00,-2.583610534667968750e+00,1.424364566802978516e+00,1.197497844696044922e-01,3.906788349151611328e+00,3.961225271224975586e+00,1.736959099769592285e+00,8.217460632324218750e+00,1.128331851959228516e+01,8.810556411743164062e+00,1.417039108276367188e+01,1.563204288482666016e+01,1.275650405883789062e+01,1.099428367614746094e+01,6.910652637481689453e+00,-8.642577528953552246e-01,-9.895368814468383789e-01,1.819204568862915039e+00,2.713294506072998047e+00,6.381805419921875000e+00,1.258909797668457031e+01,1.123661231994628906e+01,6.083762168884277344e+00,5.119717597961425781e+00,4.447041034698486328e+00,2.129042625427246094e+00,-7.186542987823486328e+00,-4.116218090057373047e-01,2.768366813659667969e+00,4.052064418792724609e+00,4.628305912017822266e+00,9.857789278030395508e-01,-3.124075174331665039e+00,-1.609567046165466309e+00,-1.268743872642517090e+00,1.212626099586486816e+00,1.882471084594726562e+00,-2.109370708465576172e+00,-3.087226629257202148e+00,4.771924972534179688e+00,6.259517669677734375e+00,2.561059474945068359e+00,-8.145953416824340820e-01,-2.352787494659423828e+00,-8.080249786376953125e+00,-3.790910959243774414e+00,6.648173332214355469e-01,-2.539251565933227539e+00,5.076033115386962891e+00,1.657560348510742188e+01,1.524905300140380859e+01,4.784472942352294922e+00,-1.630784988403320312e+00,-3.715981483459472656e+00,-1.166155457496643066e+00,5.365694999694824219e+00,5.900509834289550781e+00,5.316283702850341797e+00,7.915813446044921875e+00,4.215521812438964844e+00,6.629755973815917969e+00,9.567357063293457031e+00,9.346795082092285156e+00,8.762523651123046875e+00,-5.802164077758789062e+00,-1.122430515289306641e+01,6.965484142303466797e+00,1.875963592529296875e+01,2.908860397338867188e+01,3.192070579528808594e+01,3.121282005310058594e+01,3.428359985351562500e+01,2.809960174560546875e+01,1.754860877990722656e+01,5.233063220977783203e+00,3.660977363586425781e+00,9.966016769409179688e+00,1.125713157653808594e+01,8.825004577636718750e+00,1.383935070037841797e+01,1.575587558746337891e+01,2.104538345336914062e+01,1.957515144348144531e+01,1.675600051879882812e+01,1.779001617431640625e+01,2.087767791748046875e+01,2.235554504394531250e+01,2.201203918457031250e+01,2.061312103271484375e+01,1.715588760375976562e+01,1.832875061035156250e+01,1.476381683349609375e+01,9.834320068359375000e+00,6.993288040161132812e+00,3.900451421737670898e+00,6.965264320373535156e+00,8.608371734619140625e+00,9.156509399414062500e+00,9.691921234130859375e+00,1.114253902435302734e+01,9.876732826232910156e+00,7.565937042236328125e+00,5.410104751586914062e+00,3.952977180480957031e+00,3.914416551589965820e+00,3.957815170288085938e+00,1.377786040306091309e+00,-2.642040729522705078e+00,-1.672495365142822266e+00,-3.195117712020874023e+00,-3.442526817321777344e+00,-3.977200984954833984e+00,-4.242474555969238281e+00,3.981411695480346680e+00,1.412517929077148438e+01,1.093228149414062500e+01,7.355425834655761719e+00,1.928110599517822266e+00,-1.209928750991821289e+00,4.438646793365478516e+00,9.124500274658203125e+00,1.134451675415039062e+01,1.540966606140136719e+01,1.682581138610839844e+01,2.026086425781250000e+01,2.529046440124511719e+01,2.391962432861328125e+01,1.725772666931152344e+01,8.499568939208984375e+00,-1.055521726608276367e+00,1.086965179443359375e+01,1.962278366088867188e+01,1.846041870117187500e+01,8.650651931762695312e+00,-1.673775911331176758e+00,-6.699348449707031250e+00,-7.440094947814941406e+00,-8.154163360595703125e+00,-5.008857727050781250e+00,-2.003012657165527344e+00,-6.041599273681640625e+00,-1.246402263641357422e+00,-6.347498297691345215e-01,-5.787438392639160156e+00,-4.005441665649414062e+00,2.224183320999145508e+00,4.467092514038085938e+00,3.867482423782348633e+00,4.428821086883544922e+00,5.350993156433105469e+00,4.892661094665527344e+00,3.973124027252197266e+00,1.017965030670166016e+01,1.141701221466064453e+01,1.392546081542968750e+01,1.681521987915039062e+01,9.999685287475585938e+00,6.570864200592041016e+00,6.909497261047363281e+00,4.778772354125976562e+00,4.820457458496093750e+00,7.048811912536621094e+00,7.156479835510253906e+00,3.869574785232543945e+00,3.206873178482055664e+00,4.159669399261474609e+00,6.906281471252441406e+00,3.947235584259033203e+00,3.049558877944946289e+00,7.237075805664062500e+00,8.872409820556640625e+00,5.562345981597900391e+00,6.918307304382324219e+00,7.711519241333007812e+00,6.607686042785644531e+00,5.392849922180175781e+00,6.454516410827636719e+00,1.251715469360351562e+01,1.071788692474365234e+01,7.630059242248535156e+00,4.933331012725830078e-01,3.793867588043212891e+00,2.913003206253051758e+00,4.293932437896728516e+00,5.669346332550048828e+00,4.532617568969726562e+00,2.174883782863616943e-01,4.111837387084960938e+00,3.539096832275390625e+00,7.783776283264160156e+00,1.214628601074218750e+01,1.248669338226318359e+01,9.877090454101562500e+00,3.672041416168212891e+00,3.083200454711914062e-01,9.511255264282226562e+00,1.771364974975585938e+01,1.845320129394531250e+01,1.842852592468261719e+01,1.102708339691162109e+01,1.461243057250976562e+01,2.658659362792968750e+01,2.566628456115722656e+01,1.531136322021484375e+01,1.093912601470947266e+01,1.511475372314453125e+01,3.040377426147460938e+01,3.631803131103515625e+01,3.399483108520507812e+01,2.317942810058593750e+01,6.984863281250000000e+00,-2.941566944122314453e+00,6.711428165435791016e+00,6.499037742614746094e+00,1.562253761291503906e+01,1.632232475280761719e+01,2.180795073509216309e-01,-6.782279610633850098e-01,8.674354553222656250e+00,1.101353263854980469e+01,8.104127883911132812e+00,1.512354183197021484e+01,9.435317993164062500e+00,1.329175186157226562e+01,1.664818191528320312e+01,1.285571098327636719e+01,1.527985286712646484e+01,9.716905593872070312e+00,3.997449398040771484e+00,9.673499464988708496e-01,-1.807263970375061035e+00,-1.570759892463684082e+00,-1.887464880943298340e+00,-4.008985519409179688e+00,-5.944912433624267578e+00,5.457513332366943359e-01,9.030505180358886719e+00,1.343327713012695312e+01,1.227964210510253906e+01,7.085866451263427734e+00,2.793772697448730469e+00,-3.501305580139160156e+00,-3.617444992065429688e+00,-1.012613058090209961e+00,4.278748512268066406e+00,7.407807826995849609e+00,7.731300830841064453e+00,9.693175315856933594e+00,1.639319419860839844e+01,2.333542633056640625e+01,2.376673889160156250e+01,1.799273109436035156e+01,1.647566604614257812e+01,6.422252655029296875e+00,3.387547492980957031e+00,7.848904609680175781e+00,1.051636695861816406e+01,6.175621509552001953e+00,-3.558949947357177734e+00,-2.987519264221191406e+00,1.056980323791503906e+01,1.708055877685546875e+01,1.113563632965087891e+01,-4.713440239429473877e-01,-2.870804965496063232e-01,5.803414344787597656e+00,1.234957695007324219e+01,1.557653522491455078e+01,6.353130340576171875e+00,1.673167467117309570e+00,1.243127250671386719e+01,1.775802993774414062e+01,1.293214797973632812e+01,1.101147651672363281e+01,1.627351379394531250e+01,1.827120208740234375e+01,1.596587657928466797e+01,2.149248123168945312e+01,2.510579299926757812e+01,2.894590950012207031e+01,2.888734436035156250e+01,2.781068038940429688e+01,1.999622726440429688e+01,1.408793067932128906e+01,2.058927917480468750e+01,2.441178131103515625e+01,2.377882003784179688e+01,2.854136276245117188e+01,2.741720581054687500e+01,2.359856033325195312e+01,1.884004974365234375e+01,1.966891670227050781e+01,1.994713592529296875e+01,1.879282760620117188e+01,1.286213207244873047e+01,1.249581909179687500e+01,1.272521495819091797e+01,8.548624038696289062e+00,1.698061180114746094e+01,1.999328613281250000e+01,1.481989669799804688e+01,1.164059448242187500e+01,1.089583969116210938e+01,1.198346805572509766e+01,1.615366172790527344e+01,1.259850120544433594e+01,1.857298278808593750e+01,1.898823356628417969e+01,7.273961067199707031e+00,3.832502841949462891e+00,1.239595222473144531e+01,6.920658111572265625e+00,1.844514846801757812e+00,9.728071212768554688e+00,1.803633689880371094e+01,2.174938201904296875e+01,1.620262145996093750e+01,4.913094520568847656e+00,-9.838295936584472656e+00,-1.601102066040039062e+01,-9.358697891235351562e+00,6.128762245178222656e+00,1.151798248291015625e+01,1.220896434783935547e+01,9.128845214843750000e+00,5.727267265319824219e-01,-7.697255134582519531e+00,-6.756580352783203125e+00,4.492441177368164062e+00,1.733439254760742188e+01,2.333110237121582031e+01,2.126823234558105469e+01,1.896046829223632812e+01,1.488116836547851562e+01,1.000217437744140625e+01,6.852787971496582031e+00,1.332278060913085938e+01,1.244576644897460938e+01,9.391109466552734375e+00,2.178450822830200195e+00,-1.507594227790832520e+00,-7.788122445344924927e-02,1.792309284210205078e+00,-1.117748260498046875e+01,-7.484648704528808594e+00,-4.334012985229492188e+00,-7.247720241546630859e+00,-1.053170204162597656e+01,-3.073914289474487305e+00,2.590658903121948242e+00,1.473678350448608398e+00,2.779674291610717773e+00,9.546954154968261719e+00,1.604622650146484375e+01,5.584365844726562500e+00,3.171162843704223633e+00,1.163019561767578125e+01,1.765889739990234375e+01,2.164287567138671875e+01,1.781976890563964844e+01,2.068970108032226562e+01,1.932290649414062500e+01,1.280377101898193359e+01,1.095995044708251953e+01,9.397645950317382812e+00,1.086531639099121094e+00,2.585097551345825195e-01,5.005149245262145996e-01,-6.438937664031982422e+00,-5.639776229858398438e+00,-3.944957733154296875e+00,-7.362972497940063477e-01,3.651293277740478516e+00,3.142413377761840820e+00,5.375131607055664062e+00,7.249104499816894531e+00,8.592475891113281250e+00,7.224233627319335938e+00,6.730508804321289062e-01,-4.358484745025634766e+00,-5.943053245544433594e+00,-4.614201545715332031e+00,-1.912965178489685059e+00,-5.534816741943359375e+00,-8.109148740768432617e-01,-2.402947425842285156e+00,-8.641183853149414062e+00,-9.584612846374511719e+00,-4.540625095367431641e+00,-4.412959098815917969e+00,-2.357115745544433594e+00,-2.383496284484863281e+00,1.029422521591186523e+00,1.056532025337219238e+00,4.505919933319091797e+00,-8.258441686630249023e-01,1.924678444862365723e+00,4.226551055908203125e+00,2.398155689239501953e+00,2.635652303695678711e+00,2.056687593460083008e+00,8.471237182617187500e+00,1.270625686645507812e+01,1.755098724365234375e+01,1.634196472167968750e+01,1.571954441070556641e+01,1.712866210937500000e+01,1.419826126098632812e+01,1.266740989685058594e+01,8.822785377502441406e+00,7.451779365539550781e+00,6.117269515991210938e+00,7.291076183319091797e+00,1.191570520401000977e+00,-2.430600166320800781e+00,-3.745748043060302734e+00,-5.729428291320800781e+00,-2.971622943878173828e+00,2.376144409179687500e+00,8.692976951599121094e+00,9.355497360229492188e+00,1.190402793884277344e+01,2.018957519531250000e+01,1.952073097229003906e+01,1.586806201934814453e+01,1.826867294311523438e+01,2.026899909973144531e+01,2.075872802734375000e+01,1.819641232490539551e+00,-1.199298095703125000e+01,-9.392193794250488281e+00,-1.034037113189697266e+01,-1.363954782485961914e+00,1.133335971832275391e+01,1.163550758361816406e+01,1.275197410583496094e+01,1.722659301757812500e+01,1.397782897949218750e+01,1.602729415893554688e+01,1.111002731323242188e+01,-3.012330770492553711e+00,-1.178312110900878906e+01,-1.559148216247558594e+01,-5.494358062744140625e+00,-6.293155193328857422e+00,6.047290802001953125e+00,1.788928794860839844e+01,1.778623390197753906e+01,1.361925125122070312e+01,2.036666393280029297e+00,-2.908255577087402344e+00,6.531838417053222656e+00,2.478254127502441406e+01,2.558111953735351562e+01,1.633563232421875000e+01,9.347095489501953125e+00,6.677844047546386719e+00,9.733669281005859375e+00,1.191926383972167969e+01,1.061497592926025391e+01,6.861744880676269531e+00,5.695265769958496094e+00,7.078095436096191406e+00,6.922158241271972656e+00,7.190671443939208984e+00,7.366729736328125000e+00,7.865036964416503906e+00,1.189074897766113281e+01,1.025312423706054688e+01,8.005853652954101562e+00,3.290541410446166992e+00,2.425905704498291016e+00,4.469513893127441406e+00,1.254052639007568359e+01,1.770051193237304688e+01,1.524978923797607422e+01,1.533072853088378906e+01,1.528704261779785156e+01,1.537140846252441406e+01,1.648005294799804688e+01,1.501738929748535156e+01,9.222003936767578125e+00,1.131614971160888672e+01,6.006683826446533203e+00,1.861289501190185547e+00,4.736145973205566406e+00,6.424211502075195312e+00,8.029706954956054688e+00,4.656589508056640625e+00,2.761924743652343750e+00,7.272097110748291016e+00,1.126709461212158203e+01,8.387374877929687500e+00,5.303957462310791016e+00,-2.692212581634521484e+00,2.475077152252197266e+00,1.528148841857910156e+01,2.381985092163085938e+01,2.348391532897949219e+01,2.121090698242187500e+01,1.710234832763671875e+01,1.388230609893798828e+01,1.872904968261718750e+01,2.360492324829101562e+01,1.957311820983886719e+01,1.697193908691406250e+01,1.562358474731445312e+01,1.868176841735839844e+01,2.461916351318359375e+01,2.208277130126953125e+01,2.018141174316406250e+01,1.426937007904052734e+01,8.006655693054199219e+00,1.464892959594726562e+01,2.393556976318359375e+01,2.244146728515625000e+01,2.561389923095703125e+01,1.757867813110351562e+01,6.385325908660888672e+00,9.412987709045410156e+00,1.277314090728759766e+01,2.019163131713867188e+01,2.600218200683593750e+01,2.532794570922851562e+01,1.874321746826171875e+01,1.620033645629882812e+01,1.523223114013671875e+01,1.369234275817871094e+01,7.991762638092041016e+00,1.056091594696044922e+01,1.319753265380859375e+01,5.721760749816894531e+00,8.219026565551757812e+00,4.444169044494628906e+00,-2.086354732513427734e+00,3.127006292343139648e+00,1.079807376861572266e+01,1.242269515991210938e+01,1.359327697753906250e+01,9.624556541442871094e+00,1.001662445068359375e+01,1.629693412780761719e+01,1.906273269653320312e+01,2.130379104614257812e+01,2.079764556884765625e+01,9.603072166442871094e+00,6.915704250335693359e+00,9.248752593994140625e+00,1.334054946899414062e+01,1.560607528686523438e+01,1.161312675476074219e+01,2.202627658843994141e+00,1.424669623374938965e-01,2.637833058834075928e-01,-1.491898775100708008e+00,7.724298834800720215e-01,8.088542938232421875e+00,7.493388652801513672e+00,1.038537597656250000e+01,1.864754104614257812e+01,2.042970085144042969e+01,1.320860862731933594e+01,6.196607112884521484e+00,6.800433158874511719e+00,1.101784515380859375e+01,-2.243419885635375977e+00,-7.838121414184570312e+00,4.161458969116210938e+00,1.191855716705322266e+01,6.256334304809570312e+00,1.951865911483764648e+00,1.406660270690917969e+01,3.125605773925781250e+01,3.514780426025390625e+01,3.190135002136230469e+01,1.406893062591552734e+01,-2.622010707855224609e+00,-2.677849292755126953e+00,-3.916054248809814453e+00,-1.223606705665588379e+00,-1.017746925354003906e+00,2.987315177917480469e+00,7.292401790618896484e+00,9.422773361206054688e+00,1.831454658508300781e+01,2.535761833190917969e+01,2.298247528076171875e+01,8.154336929321289062e+00,4.238247871398925781e+00,9.775104522705078125e+00,1.318021011352539062e+01,1.970027351379394531e+01,2.310418319702148438e+01,1.871038627624511719e+01,1.158083534240722656e+01,4.820126056671142578e+00,-6.229664087295532227e-01,-3.319675326347351074e-01,-4.107005119323730469e+00,-3.815181493759155273e+00,-4.944291591644287109e+00,-2.609977006912231445e+00,-2.359237819910049438e-01,1.753264665603637695e+00,1.346129179000854492e+00,3.445422887802124023e+00,6.630330085754394531e+00,7.222002029418945312e+00,1.435850620269775391e+01,2.452347564697265625e+01,2.340075683593750000e+01,1.874068450927734375e+01,1.934972381591796875e+01,2.035566329956054688e+01,2.397389030456542969e+01,2.501394271850585938e+01,1.916263198852539062e+01,1.258004856109619141e+01,1.117562294006347656e+01,9.337703704833984375e+00,7.693305969238281250e+00,-2.587129831314086914e+00,-3.327593803405761719e+00,-3.374010086059570312e+00,1.367473363876342773e+00,-8.454566955566406250e+00,-1.258249855041503906e+01,-1.706767559051513672e+00,1.054603004455566406e+01,2.276229286193847656e+01,2.103227233886718750e+01,2.545685577392578125e+01,2.393322372436523438e+01,2.114663696289062500e+01,2.359523010253906250e+01,1.637249946594238281e+01,7.647588729858398438e+00,1.194210052490234375e+01,4.312509536743164062e+00,1.314834952354431152e+00,-7.908088564872741699e-01,7.110412597656250000e+00,1.322048187255859375e+01,1.117574501037597656e+01,8.973653793334960938e+00,1.423460102081298828e+01,2.048172378540039062e+01,2.455972290039062500e+01,1.627915000915527344e+01,1.069351005554199219e+01,1.345158195495605469e+01,1.931676101684570312e+01,2.492826080322265625e+01,2.679524612426757812e+01,2.308335494995117188e+01,2.012469100952148438e+01,1.405993080139160156e+01,1.709308815002441406e+01,1.373372077941894531e+01,1.123067665100097656e+01,1.426556396484375000e+01,1.339156723022460938e+01,1.316574859619140625e+01,1.022563457489013672e+01,9.923242568969726562e+00,1.071806907653808594e+01,7.505517959594726562e+00,7.252478122711181641e+00,1.241178798675537109e+01,1.490309238433837891e+01,1.853632354736328125e+01,1.867385101318359375e+01,1.566550636291503906e+01,1.503176498413085938e+01,1.333513069152832031e+01,1.302831268310546875e+01,1.030201053619384766e+01,9.793598175048828125e+00,1.086933326721191406e+01,8.749679565429687500e+00,7.028921127319335938e+00,4.851858139038085938e+00,5.378710746765136719e+00,8.444175720214843750e+00,6.173194885253906250e+00,-1.415405988693237305e+00,-2.989328205585479736e-01,2.565999746322631836e+00,3.613151073455810547e+00,1.072580146789550781e+01,1.473189735412597656e+01,1.570316600799560547e+01,1.309226131439208984e+01,9.913456916809082031e+00,9.958950042724609375e+00,1.361001682281494141e+01,1.100437831878662109e+01,6.647961139678955078e+00,5.685821533203125000e+00,7.467339992523193359e+00,1.369986152648925781e+01,1.539753818511962891e+01,1.378556156158447266e+01,1.211609363555908203e+01,1.422173690795898438e+01,1.385048866271972656e+01,6.729228973388671875e+00,6.873639106750488281e+00,8.421255111694335938e+00,7.442480087280273438e+00,1.866625976562500000e+01,2.257716178894042969e+01,2.008375167846679688e+01,1.111885929107666016e+01,3.396439790725708008e+00,6.069538593292236328e+00,1.547357559204101562e+01,1.369290924072265625e+01,1.110733985900878906e+01,5.007469654083251953e+00,-1.882468700408935547e+00,-2.493272423744201660e-01,-5.023280143737792969e+00,-1.125341892242431641e+01,-7.325300693511962891e+00,-6.163694381713867188e+00,-1.051704883575439453e+01,-6.993778228759765625e+00,5.862352848052978516e-01,1.079320311546325684e-01,-4.269326210021972656e+00,-6.844202518463134766e+00,4.884603023529052734e-01,6.944621562957763672e+00,7.516245841979980469e+00,6.661188125610351562e+00,-4.866135120391845703e+00,-1.432674694061279297e+01,-9.118210792541503906e+00,-2.777896881103515625e+00,1.989475488662719727e+00,2.405540227890014648e+00,5.876291275024414062e+00,8.829760551452636719e+00,1.972870445251464844e+01,2.919535827636718750e+01,2.709691238403320312e+01,1.905365371704101562e+01,1.705623245239257812e+01,1.687468147277832031e+01,1.467277526855468750e+01,1.464089584350585938e+01,1.121825599670410156e+01,9.642980575561523438e+00,1.389633083343505859e+01,1.654317092895507812e+01,1.446375083923339844e+01,9.407953262329101562e+00,2.765904664993286133e-01,1.045807743072509766e+01,1.289644432067871094e+01,9.895826339721679688e+00,9.812749862670898438e+00,8.775973320007324219e+00,1.461334323883056641e+01,1.077535247802734375e+01,5.735053062438964844e+00,-2.857785820960998535e-01,-1.221415877342224121e+00,-9.728734493255615234e-01,-7.644056320190429688e+00,-5.469057083129882812e+00,6.369645595550537109e+00,1.584340953826904297e+01,1.962564849853515625e+01,1.858345031738281250e+01,1.639977455139160156e+01,1.096673774719238281e+01,1.000962924957275391e+01,2.392155885696411133e+00,7.570127010345458984e+00,1.499278068542480469e+01,9.506540298461914062e+00,5.102794647216796875e+00,5.929580688476562500e+00,8.505018234252929688e+00,1.264573383331298828e+01,1.257746982574462891e+01,1.514627456665039062e+01,1.876200866699218750e+01,1.331836128234863281e+01,1.196270942687988281e+01,1.260460472106933594e+01,1.486197090148925781e+01,1.210892963409423828e+01,8.299535751342773438e+00,1.067674255371093750e+01,1.115505027770996094e+01,1.777834320068359375e+01,1.480898857116699219e+01,1.049672222137451172e+01,1.011805915832519531e+01,5.574975490570068359e+00,8.692564010620117188e+00,8.297558784484863281e+00,4.129590511322021484e+00,4.863361120223999023e-01,-4.053465843200683594e+00,-3.936223506927490234e+00,4.845069885253906250e+00,7.920263290405273438e+00,1.460396957397460938e+01,2.343942070007324219e+01,1.972467422485351562e+01,1.230404281616210938e+01,1.183412075042724609e+01,1.051825332641601562e+01,1.075814437866210938e+01,8.531846046447753906e+00,8.735758781433105469e+00,9.773887634277343750e+00,1.511473274230957031e+01,1.385724258422851562e+01,1.401308631896972656e+01,1.452552604675292969e+01,8.581678390502929688e+00,4.393563747406005859e+00,2.706826686859130859e+00,1.203990364074707031e+01,1.175355052947998047e+01,8.409696578979492188e+00,1.277261543273925781e+01,1.548993301391601562e+01,1.690164375305175781e+01,1.908037185668945312e+01,2.096142196655273438e+01,1.869601058959960938e+01,1.347070503234863281e+01,5.305738449096679688e+00,7.855493545532226562e+00,9.637281417846679688e+00,3.674850225448608398e+00,4.972554683685302734e+00,6.894588470458984375e+00,2.622138977050781250e+00,5.318303108215332031e+00,1.493420124053955078e+01,1.805134582519531250e+01,1.540493392944335938e+01,1.164590644836425781e+01,8.096435546875000000e+00,7.579444885253906250e+00,1.130643081665039062e+01,1.310173797607421875e+01,1.114349079132080078e+01,1.337206363677978516e+01,1.129479408264160156e+01,1.108481216430664062e+01,1.502770042419433594e+01,1.497761058807373047e+01,8.433620452880859375e+00,1.248254299163818359e+01,1.715529060363769531e+01,1.833613204956054688e+01,2.283432579040527344e+01,7.675754547119140625e+00,-1.408729910850524902e+00,2.153358459472656250e-01,5.570309638977050781e+00,1.049701309204101562e+01,1.748232650756835938e+01,2.253556442260742188e+01,2.138843727111816406e+01,2.487377166748046875e+01,2.487900543212890625e+01,2.661117553710937500e+01,2.728196716308593750e+01,2.409697914123535156e+01,2.120585060119628906e+01,2.203877449035644531e+01,2.574626159667968750e+01,1.850314712524414062e+01,1.184278964996337891e+01,9.890217781066894531e+00,6.367216110229492188e+00,-1.811954379081726074e-01,4.890809059143066406e+00,3.235047817230224609e+00,5.064309120178222656e+00,8.622854232788085938e+00,1.879589462280273438e+01,1.994093704223632812e+01,1.726047706604003906e+01,1.079146289825439453e+01,6.068048477172851562e+00,8.885751962661743164e-01,6.668511390686035156e+00,2.113029956817626953e-01,-5.532457351684570312e+00,2.887692928314208984e+00,1.535993576049804688e+01,1.495704460144042969e+01,1.175618267059326172e+01,2.397191619873046875e+01,2.687947463989257812e+01,1.890999221801757812e+01,8.030246734619140625e+00,9.172504425048828125e+00,1.841874885559082031e+01,3.105123329162597656e+01,3.542784881591796875e+01,2.893771743774414062e+01,2.919132232666015625e+01,2.799790954589843750e+01,2.758382034301757812e+01,2.684722137451171875e+01,2.583978271484375000e+01,2.678715896606445312e+01,2.622553825378417969e+01,2.939598655700683594e+01,3.207963562011718750e+01,1.920021438598632812e+01,1.378512001037597656e+01,1.989746475219726562e+01,2.262531280517578125e+01,2.817181396484375000e+01,2.496782302856445312e+01,1.377214050292968750e+01,1.031522750854492188e+01,6.212263107299804688e+00,2.274973630905151367e+00,7.956114411354064941e-01,-3.951217174530029297e+00,-9.580601692199707031e+00,-1.030073261260986328e+01,-6.279000282287597656e+00,-6.361679077148437500e+00,1.284497380256652832e+00,7.400126457214355469e+00,1.557838821411132812e+01,1.425928020477294922e+01,3.134546041488647461e+00,-1.899879217147827148e+00,4.783298969268798828e+00,4.998792648315429688e+00,-1.336504817008972168e+00,-5.965197086334228516e-02,4.445897579193115234e+00,6.698846817016601562e+00,7.149642944335937500e+00,1.285927772521972656e+01,1.717362213134765625e+01,8.486324310302734375e+00,-2.590768814086914062e+00,-5.968846321105957031e+00,-4.383187294006347656e+00,-1.038504981994628906e+01,-2.022264242172241211e+00,1.653275299072265625e+01,1.698328781127929688e+01,1.032892131805419922e+01,1.257139778137207031e+01,1.432911109924316406e+01,1.791228485107421875e+01,2.032806205749511719e+01,1.531663131713867188e+01,4.628561019897460938e+00,-2.038373231887817383e+00,-3.721721649169921875e+00,-1.388231158256530762e+00,-2.376587390899658203e+00,1.332452058792114258e+00,1.193607330322265625e+00,8.189196586608886719e-01,-7.197606086730957031e+00,-3.672963619232177734e+00,1.273041963577270508e-01,1.367469549179077148e+00,9.350776672363281250e+00,1.148127746582031250e+01,7.732141494750976562e+00,1.003920841217041016e+01,1.137215042114257812e+01,1.053686332702636719e+01,6.474588394165039062e+00,5.431359291076660156e+00,6.395123004913330078e+00,7.453963756561279297e+00,8.156364440917968750e+00,4.020476818084716797e+00,-6.349424362182617188e+00,-8.409944534301757812e+00,-2.332189559936523438e+00,1.006283283233642578e+01,1.635452270507812500e+01,1.497119712829589844e+01,2.254632949829101562e+01,2.259321022033691406e+01,6.957266807556152344e+00,5.552810668945312500e+00,1.249147224426269531e+01,1.681904411315917969e+01,1.782674026489257812e+01,1.451502227783203125e+01,4.970885276794433594e+00,8.221254348754882812e+00,6.871579647064208984e+00,-4.055127620697021484e+00,-9.264519691467285156e+00,2.529161691665649414e+00,5.751117706298828125e+00,1.338960838317871094e+01,1.723506546020507812e+01,1.221184349060058594e+01,9.313883781433105469e+00,5.045629501342773438e+00,4.993631839752197266e+00,6.766490459442138672e+00,8.215809822082519531e+00,-3.147433698177337646e-01,6.285942792892456055e-01,1.000062942504882812e+01,1.501036643981933594e+01,1.403603553771972656e+01,1.593830108642578125e+01,2.430855941772460938e+01,2.332837867736816406e+01,1.906036376953125000e+01,1.971289825439453125e+01,2.068642997741699219e+01,1.325352287292480469e+01,1.491007995605468750e+01,1.422632312774658203e+01,1.710065078735351562e+01,1.465283203125000000e+01,2.198288726806640625e+01,1.720154571533203125e+01,2.111952590942382812e+01,2.345604324340820312e+01,2.733394622802734375e+01,1.893210601806640625e+01,1.369034004211425781e+01,7.572858810424804688e+00,6.307852864265441895e-01,8.168045997619628906e+00,7.736710548400878906e+00,7.627216815948486328e+00,7.719595432281494141e+00,7.523612499237060547e+00,7.543100833892822266e+00,7.582161903381347656e+00,1.105466461181640625e+01,1.412711143493652344e+01,1.420675277709960938e+01,1.312365913391113281e+01,1.550734519958496094e+01,2.003741645812988281e+01,1.555163192749023438e+01,1.484473037719726562e+01,1.794586563110351562e+01,2.253706741333007812e+01,2.910133361816406250e+01,3.270576858520507812e+01,2.535390090942382812e+01,1.868672180175781250e+01,1.658114242553710938e+01,1.805415725708007812e+01,2.095777893066406250e+01,2.297595787048339844e+01,2.089406967163085938e+01,1.905948829650878906e+01,1.769602584838867188e+01,1.279741954803466797e+01,1.059816360473632812e+01,1.603018569946289062e+01,2.222315597534179688e+01,2.355223083496093750e+01,2.608538818359375000e+01,2.433198356628417969e+01,2.102653503417968750e+01,1.750978469848632812e+01,1.561613750457763672e+01,1.070970726013183594e+01,4.325210571289062500e+00,6.614140033721923828e+00,1.189002990722656250e+01,1.251338577270507812e+01,1.545537185668945312e+01,1.705743408203125000e+01,1.709520530700683594e+01,1.263061714172363281e+01,1.202338218688964844e+01,1.374877929687500000e+01,1.403166770935058594e+01,1.624630928039550781e+01,1.368968200683593750e+01,1.465879917144775391e+01,1.782178497314453125e+01,1.822630691528320312e+01,1.607815742492675781e+01,1.576632499694824219e+01,1.112153244018554688e+01,7.742648601531982422e+00,9.768230438232421875e+00,7.909299850463867188e+00,8.587432861328125000e+00,8.177265167236328125e+00,9.703741073608398438e+00,3.041873168945312500e+01,3.420165252685546875e+01,2.861235046386718750e+01,2.082660293579101562e+01,1.794124794006347656e+01,9.661345481872558594e+00,6.977236747741699219e+00,3.928652048110961914e+00,4.567269086837768555e-01,-1.881684064865112305e+00,4.016294479370117188e+00,6.316111564636230469e+00,4.033926725387573242e-01,-1.646595597267150879e+00,2.860082387924194336e+00,9.280313491821289062e+00,6.873917579650878906e+00,3.104275226593017578e+00,1.717798471450805664e+00,4.963214874267578125e+00,3.698530197143554688e+00,1.262159466743469238e+00,-5.993525505065917969e+00,-9.362861633300781250e+00,-4.750463366508483887e-01,2.103312969207763672e+00,-8.606687188148498535e-01,-9.129354476928710938e+00,-4.170867443084716797e+00,2.382240056991577148e+00,6.467385768890380859e+00,1.808084487915039062e+01,1.609263610839843750e+01,1.364931583404541016e+01,1.577379894256591797e+01,1.877462005615234375e+01,1.437525939941406250e+01,1.155187034606933594e+01,1.008836269378662109e+01,-3.033104538917541504e-02,2.016710519790649414e+00,1.143701362609863281e+01,9.291231155395507812e+00,-1.501934289932250977e+00,-2.959712982177734375e+00,8.958166122436523438e+00,1.500638389587402344e+01,1.985329437255859375e+01,2.682304382324218750e+01,3.221116638183593750e+01,2.424940109252929688e+01,9.745582580566406250e+00,1.383234310150146484e+01,1.846567535400390625e+01,2.845516204833984375e+01,3.232573699951171875e+01,3.519972610473632812e+01,3.040786743164062500e+01,2.279765319824218750e+01,1.746416854858398438e+01,2.202535820007324219e+01,2.969741058349609375e+01,3.423960494995117188e+01,2.853701400756835938e+01,2.335374450683593750e+01,1.714786720275878906e+01,1.296470260620117188e+01,1.203356170654296875e+01,4.887867927551269531e+00,-7.821867465972900391e-01,-5.139407157897949219e+00,1.251787185668945312e+00,1.196178817749023438e+01,1.997011566162109375e+01,1.979378890991210938e+01,1.380497074127197266e+01,8.999141693115234375e+00,6.285469055175781250e+00,4.656765460968017578e+00,1.364939570426940918e+00,-1.881561517715454102e+00,8.250227928161621094e+00,4.685432434082031250e+00,-3.327716290950775146e-01,1.866640806198120117e+00,8.858874440193176270e-01,-7.836003303527832031e+00,-1.275510120391845703e+01,-8.433181762695312500e+00,-5.466541290283203125e+00,-2.335281372070312500e+00,9.639694094657897949e-01,2.931422948837280273e+00,2.243365287780761719e+00,5.335647583007812500e+00,4.913665771484375000e+00,6.912011146545410156e+00,5.376088142395019531e+00,3.689951181411743164e+00,6.946983337402343750e+00,9.563871383666992188e+00,4.665524959564208984e+00,8.988003730773925781e-01,1.985420465469360352e+00,5.502037048339843750e+00,3.023893117904663086e+00,3.895234584808349609e+00,6.420946121215820312e+00,6.859487533569335938e+00,2.259992599487304688e+00,-1.863431692123413086e+00,1.967051923274993896e-01,7.706494331359863281e+00,6.406482696533203125e+00,1.617852926254272461e+00,2.071762084960937500e+00,1.221939802169799805e+00,4.104340076446533203e-02,2.706640005111694336e+00,3.005254507064819336e+00,1.371740913391113281e+01,2.076255035400390625e+01,1.690483665466308594e+01,1.468959808349609375e+01,1.377916908264160156e+01,2.103632736206054688e+01,1.907117843627929688e+01,1.124438858032226562e+01,1.400636482238769531e+01,1.589574623107910156e+01,1.437767410278320312e+01,1.001348686218261719e+01,8.516149520874023438e+00,7.231121063232421875e+00,-1.178324413299560547e+01,-3.848843574523925781e+00,3.961108922958374023e+00,1.086904239654541016e+01,1.836089706420898438e+01,1.195716762542724609e+01,1.387705135345458984e+01,1.290007400512695312e+01,9.958827972412109375e+00,4.939595222473144531e+00,-7.873699188232421875e+00,-1.276965713500976562e+01,-6.422379493713378906e+00,-2.742200374603271484e+00,1.725057601928710938e+01,1.751378250122070312e+01,1.800916099548339844e+01,6.719196319580078125e+00,-6.615463256835937500e+00,-6.991091251373291016e+00,1.175759315490722656e+00,3.581321716308593750e+00,9.413822174072265625e+00,1.471163558959960938e+01,1.973133087158203125e+01,2.000323486328125000e+01,1.787887382507324219e+01,1.093324279785156250e+01,6.085351943969726562e+00,2.236725807189941406e+00,1.401117801666259766e+00,2.362512826919555664e+00,9.286348342895507812e+00,1.384005165100097656e+01,1.421554088592529297e+01,1.227761077880859375e+01,7.915916442871093750e+00,9.572593688964843750e+00,5.357779979705810547e+00,9.285594940185546875e+00,1.323373603820800781e+01,1.617166709899902344e+01,2.242663192749023438e+01,2.322900962829589844e+01,2.719900512695312500e+01,3.602284240722656250e+01,3.266909790039062500e+01,1.749607849121093750e+01,8.408761978149414062e+00,3.577735900878906250e+00,3.603429555892944336e+00,2.887274503707885742e+00,4.554948806762695312e+00,3.734979629516601562e+00,-9.522601366043090820e-01,-1.013708686828613281e+01,-1.060328865051269531e+01,3.298051357269287109e+00,6.859046936035156250e+00,1.377422142028808594e+01,1.546321487426757812e+01,1.768828964233398438e+01,2.039727401733398438e+01,2.276909065246582031e+01,2.118918609619140625e+01,1.985018920898437500e+01,2.009765434265136719e+01,1.124905681610107422e+01,-3.329624831676483154e-01,-5.516942024230957031e+00,-1.211779117584228516e+00,9.231888771057128906e+00,1.983801841735839844e+01,1.927915191650390625e+01,1.387549495697021484e+01,1.248724174499511719e+01,1.547416114807128906e+01,1.809410476684570312e+01,1.208881855010986328e+01,1.338107490539550781e+01,1.901501083374023438e+01,1.958742904663085938e+01,1.413640403747558594e+01,5.718707561492919922e+00,-3.526854515075683594e+00,2.162003517150878906e-02,6.738073348999023438e+00,5.584940433502197266e+00,3.681045293807983398e+00,8.737360954284667969e+00,1.266713714599609375e+01,8.412313461303710938e+00,1.702883958816528320e+00,1.055251884460449219e+01,2.205778312683105469e+01,1.889163208007812500e+01,5.327636718750000000e+00,7.572231292724609375e+00,1.085664176940917969e+01,1.323836898803710938e+01,1.959112167358398438e+01,1.872182846069335938e+01,1.793019294738769531e+01,1.995503807067871094e+01,1.745701980590820312e+01,1.820847511291503906e+01,7.065722465515136719e+00,4.127096176147460938e+00,-1.451001882553100586e+00,-3.928928375244140625e+00,-2.760651111602783203e+00,4.157143592834472656e+00,4.603507041931152344e+00,5.826377868652343750e+00,1.255075454711914062e+01,1.917811584472656250e+01,2.312363433837890625e+01,2.008576202392578125e+01,2.002484893798828125e+01,1.683763122558593750e+01,1.171340179443359375e+01,6.247488021850585938e+00,7.713774681091308594e+00,1.123241424560546875e+01,1.017429065704345703e+01,9.101334571838378906e+00,1.011320590972900391e+01,1.429119110107421875e+01,1.674012374877929688e+01,1.331890106201171875e+01,1.166681861877441406e+01,1.505194091796875000e+01,1.358924484252929688e+01,9.941961288452148438e+00,7.689510822296142578e+00,2.155747890472412109e+00,-2.302788972854614258e+00,1.764491200447082520e+00,6.958346366882324219e+00,1.548600006103515625e+01,1.778933906555175781e+01,2.035553169250488281e+01,2.016112518310546875e+01,1.569892501831054688e+01,9.681166648864746094e+00,1.224383115768432617e+00,6.386394023895263672e+00,6.199357032775878906e+00,8.135179519653320312e+00,1.097138404846191406e+01,1.154191017150878906e+01,1.216629600524902344e+01,1.504968643188476562e+01,1.332160377502441406e+01,1.000319671630859375e+01,1.067933845520019531e+01,1.493939399719238281e+01,1.547156906127929688e+01,1.358435630798339844e+01,1.023353576660156250e+01,7.013643264770507812e+00,2.880768060684204102e+00,5.858260154724121094e+00,8.057199478149414062e+00,9.783761978149414062e+00,9.432296752929687500e+00,7.731622695922851562e+00,1.384150028228759766e+01,2.019947052001953125e+01,1.892652511596679688e+01,2.142609405517578125e+01,1.920767974853515625e+01,1.436976146697998047e+01,6.335718631744384766e+00,8.276268005371093750e+00,1.833503723144531250e+01,2.504687500000000000e+01,2.460854721069335938e+01,2.177599525451660156e+01,1.683367156982421875e+01,1.742256164550781250e+01,2.140020370483398438e+01,2.363516235351562500e+01,2.192238426208496094e+01,1.507510662078857422e+01,1.925654602050781250e+01,2.019912719726562500e+01,2.169608306884765625e+01,1.841985321044921875e+01,2.050072669982910156e+01,2.299365997314453125e+01,1.308291816711425781e+01,-1.078968811035156250e+01,-7.037143707275390625e+00,2.711514949798583984e+00,1.031448364257812500e+01,7.011774063110351562e+00,2.782166242599487305e+00,2.746042013168334961e-01,3.494396448135375977e+00,1.176247406005859375e+01,1.816422271728515625e+01,1.794932365417480469e+01,1.998589324951171875e+01,2.222710800170898438e+01,2.160076713562011719e+01,1.585810089111328125e+01,8.010101318359375000e+00,3.750422477722167969e+00,-1.820386350154876709e-01,3.646579027175903320e+00,1.111511611938476562e+01,1.378678894042968750e+01,8.172808647155761719e+00,9.838880538940429688e+00,6.627671241760253906e+00,3.188803434371948242e+00,1.982608556747436523e+00,5.023788452148437500e+00,5.884146213531494141e+00,4.130668640136718750e+00,-4.352589249610900879e-01,-3.458944261074066162e-01,-3.958420038223266602e+00,-3.496492385864257812e+00,-6.525804996490478516e+00,-9.878179550170898438e+00,-2.196381092071533203e+00,-1.060684323310852051e-01,-6.119603157043457031e+00,2.685353755950927734e+00,1.158713912963867188e+01,1.166696929931640625e+01,-3.425289630889892578e+00,-4.178552627563476562e+00,8.306850790977478027e-01,5.427421569824218750e+00,8.374298095703125000e+00,8.833261489868164062e+00,5.927974700927734375e+00,9.639667510986328125e+00,1.006970119476318359e+01,1.134346389770507812e+01,1.206598663330078125e+01,5.304539680480957031e+00,5.285219192504882812e+00,2.074651718139648438e+00,2.496592521667480469e+00,5.438281059265136719e+00,1.296419334411621094e+01,1.570553588867187500e+01,7.014925003051757812e+00,-5.067076206207275391e+00,-5.802416801452636719e+00,-6.187109351158142090e-01,8.990207910537719727e-01,-4.204751968383789062e+00,-4.605147361755371094e+00,-6.067963838577270508e-01,-5.447514057159423828e-01,6.193752765655517578e+00,-4.647401869297027588e-01,2.683393239974975586e+00,5.987915039062500000e+00,4.811876296997070312e+00,5.215381622314453125e+00,9.062890052795410156e+00,2.573029327392578125e+01,3.177600479125976562e+01,2.212817001342773438e+01,4.971172809600830078e+00,-1.288834810256958008e+00,-3.306921958923339844e+00,-2.156215906143188477e+00,-4.308266639709472656e+00,-2.023447990417480469e+00,3.189501762390136719e+00,1.206643867492675781e+01,8.512371063232421875e+00,7.510527610778808594e+00,3.063121318817138672e+00,6.092804074287414551e-01,1.895209789276123047e+00,1.673386335372924805e+00,7.604136466979980469e-01,8.462744951248168945e-01,3.169485807418823242e+00,7.184206008911132812e+00,3.772555828094482422e+00,1.474432706832885742e+00,6.876896858215332031e+00,6.030172824859619141e+00,6.379433155059814453e+00,8.839843750000000000e+00,1.303273296356201172e+01,8.500641822814941406e+00,-1.404076337814331055e+00,4.414553642272949219e+00,1.217313957214355469e+01,1.570897102355957031e+01,1.254256439208984375e+01,5.733638286590576172e+00,5.559359550476074219e+00,5.497128486633300781e+00,1.003983306884765625e+01,1.617035293579101562e+01,1.532803726196289062e+01,4.646068513393402100e-01,3.323595046997070312e+00,6.817543983459472656e+00,6.801640510559082031e+00,1.086334133148193359e+01,1.611960411071777344e+01,9.078094482421875000e+00,2.662378787994384766e+00,-5.353049278259277344e+00,3.946096897125244141e+00,1.820241546630859375e+01,2.178636932373046875e+01,2.690418052673339844e+01,2.520386886596679688e+01,2.776880264282226562e+01,3.028759002685546875e+01,2.111149597167968750e+01,1.684911727905273438e+01,1.500952148437500000e+01,1.256067466735839844e+01,1.289508056640625000e+01,1.132047557830810547e+01,2.318209648132324219e+00,-2.672955036163330078e+00,4.132999897003173828e+00,3.595332860946655273e+00,4.558289527893066406e+00,6.275168418884277344e+00,1.182608795166015625e+01,1.843981933593750000e+01,1.597463035583496094e+01,8.827101707458496094e+00,1.322840881347656250e+01,1.089309692382812500e+01,9.795837402343750000e+00,1.043290710449218750e+01,4.792034149169921875e+00,-2.482863903045654297e+00,1.411520719528198242e+00,1.182412815093994141e+01,1.683717918395996094e+01,1.688808441162109375e+01,1.711394500732421875e+01,1.788737869262695312e+01,1.866421890258789062e+01,1.935911178588867188e+01,1.983142852783203125e+01,1.618601608276367188e+01,6.670455455780029297e+00,3.931715726852416992e+00,1.192282295227050781e+01,1.351232814788818359e+01,1.348734855651855469e+01,1.399578571319580078e+01,1.547336006164550781e+01,1.915555191040039062e+01,1.348663330078125000e+01,1.382107162475585938e+01,1.587723636627197266e+01,1.331618309020996094e+01,7.353872299194335938e+00,5.177361488342285156e+00,-6.774836540222167969e+00,-3.579380512237548828e+00,1.578505754470825195e+00,2.023655414581298828e+00,-1.218866348266601562e+00,4.972888469696044922e+00,4.012755393981933594e+00,7.236165523529052734e+00,5.402460098266601562e+00,4.925529003143310547e+00,2.687462091445922852e+00,-1.817312955856323242e+00,-1.674444913864135742e+00,5.942353248596191406e+00,2.147731399536132812e+01,3.184182357788085938e+01,2.846668624877929688e+01,2.243639373779296875e+01,2.497952270507812500e+01,2.261236190795898438e+01,1.490283584594726562e+01,1.305431652069091797e+01,1.657551383972167969e+01,2.157654190063476562e+01,2.199664497375488281e+01,2.174715423583984375e+01,2.466281890869140625e+01,2.535913848876953125e+01,1.885980987548828125e+01,2.042217826843261719e+01,2.078505706787109375e+01,1.823165893554687500e+01,2.101726150512695312e+01,2.411599731445312500e+01,2.504056930541992188e+01,2.267395210266113281e+01,2.179878616333007812e+01,1.606758117675781250e+01,9.301361083984375000e+00,7.427343368530273438e+00,1.285670852661132812e+01,1.566100311279296875e+01,1.818695068359375000e+01,2.139224243164062500e+01,1.039482879638671875e+01,1.395841217041015625e+01,1.625605964660644531e+01,1.177092933654785156e+01,9.911074638366699219e+00,6.567177295684814453e+00,9.530166625976562500e+00,7.016696929931640625e+00,5.583059310913085938e+00,7.170073509216308594e+00,1.040781021118164062e+01,7.877888679504394531e+00,9.078023910522460938e+00,8.207526206970214844e+00,1.212345123291015625e+01,8.072212219238281250e+00,4.342428684234619141e+00,1.017169380187988281e+01,1.042465305328369141e+01,2.151238250732421875e+01,2.830539321899414062e+01,3.268991088867187500e+01,2.956039428710937500e+01,2.694883346557617188e+01,2.637516784667968750e+01,2.284915542602539062e+01,2.558282852172851562e+01,2.572125244140625000e+01,1.799553298950195312e+01,2.091658782958984375e+01,2.435577392578125000e+01,2.665332031250000000e+01,2.580896759033203125e+01,1.240277862548828125e+01,2.513715982437133789e+00,5.718283057212829590e-01,-7.758347988128662109e-01,4.162315368652343750e+00,8.431286811828613281e+00,2.718440532684326172e+00,4.093936920166015625e+00,1.277235126495361328e+01,1.318685722351074219e+01,9.872011184692382812e+00,7.185091972351074219e+00,3.267187356948852539e+00,9.693343162536621094e+00,1.647672080993652344e+01,1.570177841186523438e+01,8.540561676025390625e+00,9.382369995117187500e+00,1.005303382873535156e+01,8.328243255615234375e+00,1.550804710388183594e+01,2.053937149047851562e+01,1.788794326782226562e+01,1.446229076385498047e+01,2.096252632141113281e+01,2.409365081787109375e+01,1.893578720092773438e+01,1.808501434326171875e+01,2.274483489990234375e+01,2.528368759155273438e+01,2.574455451965332031e+01,2.297977828979492188e+01,2.060391807556152344e+01,2.287307548522949219e+01,2.579966163635253906e+01,2.311200523376464844e+01,1.641330528259277344e+01,1.461525058746337891e+01,1.630746459960937500e+01,1.693860435485839844e+01,1.667313385009765625e+01,1.545006752014160156e+01,1.566044425964355469e+01,1.907703018188476562e+01,1.835591125488281250e+01,1.868569183349609375e+01,1.371378898620605469e+01,9.686626434326171875e+00,3.748322963714599609e+00,4.802604675292968750e+00,1.044085121154785156e+01,8.496154785156250000e+00,7.261982917785644531e+00,4.390168190002441406e+00,4.349085807800292969e+00,3.126963853836059570e+00,2.577384710311889648e+00,6.200736999511718750e+00,1.584049701690673828e+01,1.640552139282226562e+01,1.640580940246582031e+01,1.445100784301757812e+01,6.929172992706298828e+00,3.510861635208129883e+00,-2.822408378124237061e-01,-1.032909870147705078e+01,-3.044706344604492188e+00,5.128803253173828125e+00,2.068037033081054688e+01,3.344338226318359375e+01,3.344644546508789062e+01,3.299751281738281250e+01,3.206851959228515625e+01,3.376847839355468750e+01,3.445721435546875000e+01,2.766601562500000000e+01,2.311849021911621094e+01,2.205545425415039062e+01,2.038630676269531250e+01,2.356500244140625000e+01,2.800128173828125000e+01,2.761343002319335938e+01,2.294232559204101562e+01,1.251237297058105469e+01,1.039902591705322266e+01,1.052003097534179688e+01,8.935570716857910156e+00,9.371870994567871094e+00,3.452444553375244141e+00,6.409161567687988281e+00,8.488214492797851562e+00,1.055816078186035156e+01,7.218448638916015625e+00,1.113874626159667969e+01,1.070401000976562500e+01,1.096685218811035156e+01,1.453696632385253906e+01,1.602074813842773438e+01,2.132019424438476562e+01,2.103708267211914062e+01,1.384565353393554688e+01,6.827937126159667969e+00,3.575442790985107422e+00,9.265183448791503906e+00,1.794053649902343750e+01,1.837009811401367188e+01,1.134773254394531250e+01,9.634733200073242188e+00,1.341820430755615234e+01,9.734375953674316406e+00,7.597636699676513672e+00,9.865062713623046875e+00,1.202971076965332031e+01,1.703327751159667969e+01,2.079444885253906250e+01,1.648423385620117188e+01,1.012121295928955078e+01,8.808340072631835938e+00,3.777543067932128906e+00,6.157718658447265625e+00,9.958581924438476562e+00,7.861691474914550781e+00,5.544670104980468750e+00,6.222541809082031250e+00,1.546073532104492188e+01,1.882332992553710938e+01,1.631865310668945312e+01,1.467084884643554688e+01,1.398479270935058594e+01,8.076881408691406250e+00,6.279604434967041016e+00,1.203665733337402344e+01,9.357055664062500000e+00,1.004580688476562500e+01,1.348823451995849609e+01,1.072502517700195312e+01,2.643677711486816406e+00,3.138301849365234375e+00,7.174634456634521484e+00,6.745918750762939453e+00,8.059758186340332031e+00,5.575801849365234375e+00,3.906906366348266602e+00,6.203470706939697266e+00,8.398526191711425781e+00,2.182018756866455078e+00,3.358568191528320312e+00,1.453515052795410156e+01,2.225067138671875000e+01,2.587466049194335938e+01,2.314640235900878906e+01,1.925270462036132812e+01,2.021456909179687500e+01,2.624823760986328125e+01,3.435114288330078125e+01,3.154777145385742188e+01,2.908120918273925781e+01,2.994881057739257812e+01,3.074459075927734375e+01,3.252540588378906250e+01,2.676844978332519531e+01,1.647381591796875000e+01,1.558363914489746094e+00,4.730716049671173096e-01,4.768731594085693359e-01,-4.536833763122558594e+00,4.150177955627441406e+00,6.012171268463134766e+00,7.123565196990966797e+00,8.520021438598632812e+00,1.520326328277587891e+01,1.544142723083496094e+01,1.036221694946289062e+01,-1.456812095642089844e+01,-1.716759300231933594e+01,-1.199595069885253906e+01,-6.000141143798828125e+00,-3.573892593383789062e+00,-1.177690982818603516e+00,-2.033162117004394531e-01,-5.528528213500976562e+00,2.585307598114013672e+00,3.761198520660400391e+00,8.110055923461914062e+00,1.638651657104492188e+01,2.024522972106933594e+01,1.966720581054687500e+01,1.590413284301757812e+01,8.763730049133300781e+00,5.085352897644042969e+00,5.520002365112304688e+00,1.045599079132080078e+01,6.736606121063232422e+00,7.467603683471679688e+00,9.100881576538085938e+00,1.884067916870117188e+01,2.724834442138671875e+01,2.780094146728515625e+01,2.365197563171386719e+01,1.998586273193359375e+01,1.382670021057128906e+01,6.050509452819824219e+00,8.208012580871582031e+00,1.666728782653808594e+01,1.941691207885742188e+01,1.074139022827148438e+01,1.063360977172851562e+01,1.718378639221191406e+01,1.767379570007324219e+01,1.431753253936767578e+01,1.872878265380859375e+01,1.879828834533691406e+01,2.213194274902343750e+01,2.346343994140625000e+01,1.989011764526367188e+01,1.884473037719726562e+01,8.432039260864257812e+00,1.027142047882080078e+01,1.239252376556396484e+01,9.891790390014648438e+00,8.801445007324218750e+00,2.461649894714355469e+00,-1.702885866165161133e+00,-3.524864196777343750e+00,-1.233501243591308594e+01,-1.789382553100585938e+01,-1.791762161254882812e+01,-8.080742835998535156e+00,-4.691616058349609375e+00,-9.544442176818847656e+00,-1.637034988403320312e+01,-1.556622886657714844e+01,-1.270607566833496094e+01,-7.149624824523925781e+00,-1.508023738861083984e+00,-1.678536891937255859e+00,8.206010818481445312e+00,1.044552993774414062e+01,4.198955059051513672e+00,-1.515448808670043945e+00,-1.501864910125732422e+00,1.612363576889038086e+00,2.327103376388549805e+00,4.727596282958984375e+00,8.310562133789062500e+00,7.371785640716552734e+00,2.100182533264160156e+00,-1.192934036254882812e+00,-8.556407690048217773e-02,9.559715270996093750e+00,1.217722511291503906e+01,1.285231971740722656e+01,9.852102279663085938e+00,7.431522369384765625e+00,4.827921867370605469e+00,-3.154296875000000000e+00,-7.371068954467773438e+00,7.586152553558349609e+00,1.620042228698730469e+01,2.223912429809570312e+01,2.679549407958984375e+01,2.662632369995117188e+01,1.178960132598876953e+01,1.557813167572021484e+01,2.861338043212890625e+01,2.442874908447265625e+01,2.024625205993652344e+01,1.164246082305908203e+01,1.401387786865234375e+01,1.568616676330566406e+01,8.581874847412109375e+00,7.470682144165039062e+00,2.861964702606201172e+00,-8.442680358886718750e+00,-7.946528434753417969e+00,1.248132228851318359e+00,1.878124237060546875e+01,2.411174392700195312e+01,1.710303115844726562e+01,9.635736465454101562e+00,3.553566694259643555e+00,2.690708637237548828e+00,7.664647579193115234e+00,7.287762165069580078e+00,7.320533752441406250e+00,9.373865127563476562e+00,9.140024185180664062e+00,1.369972229003906250e+01,1.412000656127929688e+01,1.354161071777343750e+01,1.383919906616210938e+01,8.632894515991210938e+00,2.396360397338867188e+00,-2.410930395126342773e+00,-4.834300994873046875e+00,-1.217192268371582031e+01,-1.653996658325195312e+01,-1.031145477294921875e+01,-5.448657989501953125e+00,1.833042860031127930e+00,8.883520126342773438e+00,5.462218761444091797e+00,-8.485593795776367188e-01,-3.928641319274902344e+00,-4.209534645080566406e+00,2.359145641326904297e+00,7.174264430999755859e+00,9.832399368286132812e+00,1.257275962829589844e+01,1.029241180419921875e+01,1.588158798217773438e+01,1.547278594970703125e+01,1.293930244445800781e+01,3.998293399810791016e+00,5.553461551666259766e+00,8.090848922729492188e+00,8.292101860046386719e+00,1.053639030456542969e+01,8.883007049560546875e+00,1.051281738281250000e+01,1.033657646179199219e+01,8.662218093872070312e+00,6.172629356384277344e+00,9.349310398101806641e-01,3.433960676193237305e+00,3.974068164825439453e+00,2.341211318969726562e+00,-7.801230549812316895e-01,1.285514116287231445e+00,9.004070281982421875e+00,8.590521812438964844e+00,4.083482742309570312e+00,5.184762001037597656e+00,2.548871994018554688e+00,2.856500864028930664e+00,3.420741558074951172e+00,5.596377849578857422e+00,8.484869003295898438e+00,6.911021709442138672e+00,7.512239933013916016e+00,1.123971652984619141e+01,8.967445373535156250e+00,3.729829311370849609e+00,5.568304061889648438e+00,8.249093055725097656e+00,2.957138538360595703e+00,1.720419168472290039e+00,3.842783927917480469e+00,4.662606239318847656e+00
5.844030857086181641e+00,5.480032920837402344e+00,7.968990802764892578e+00,3.945577144622802734e+00,5.382597446441650391e-02,-2.814876437187194824e-01,-1.007023048400878906e+01,-2.063315582275390625e+01,-2.553385543823242188e+01,-2.398390197753906250e+01,-2.089679145812988281e+01,-1.692190933227539062e+01,-1.156165313720703125e+01,-6.711853027343750000e+00,-4.846673011779785156e+00,-3.876334190368652344e+00,-2.377243041992187500e+00,1.230618655681610107e-01,-7.892697334289550781e+00,-5.815132141113281250e+00,4.728878974914550781e+00,1.070343780517578125e+01,8.366449356079101562e+00,6.901565551757812500e+00,3.218444347381591797e+00,5.676021099090576172e+00,5.642445564270019531e+00,3.108827471733093262e-01,-5.449043750762939453e+00,5.674919486045837402e-02,1.660308599472045898e+00,-4.917575836181640625e+00,-5.906842231750488281e+00,-6.646013259887695312e+00,-2.445949316024780273e+00,-6.807999610900878906e+00,-1.177627754211425781e+01,-1.739044952392578125e+01,-1.868542098999023438e+01,-2.073023796081542969e+01,-1.556762695312500000e+01,-1.279336452484130859e+01,-1.028964996337890625e+01,-7.966621398925781250e+00,-1.130584335327148438e+01,-2.012339591979980469e+00,6.822225093841552734e+00,5.377253532409667969e+00,-1.272056007385253906e+01,-2.279557609558105469e+01,-1.454628372192382812e+01,-1.148289871215820312e+01,-7.336953639984130859e+00,-7.431898593902587891e+00,-6.821970462799072266e+00,-6.372217178344726562e+00,-5.390513539314270020e-01,7.803809165954589844e+00,8.117053031921386719e+00,4.144539356231689453e+00,4.910111427307128906e-01,5.908120870590209961e-01,2.965264081954956055e+00,1.358802199363708496e+00,2.502272367477416992e+00,-9.189073443412780762e-01,-1.051870727539062500e+01,-5.782882690429687500e+00,-1.446230113506317139e-01,-1.574897384643554688e+01,-2.388971328735351562e+01,-2.345661163330078125e+01,-1.866308212280273438e+01,-1.161161994934082031e+01,-2.511115312576293945e+00,-3.672725915908813477e+00,-9.433927536010742188e+00,-2.115447235107421875e+01,-2.123621559143066406e+01,-8.621252059936523438e+00,6.094732284545898438e+00,1.251148986816406250e+01,4.290251731872558594e+00,-8.951868116855621338e-02,2.834338188171386719e+00,3.955465316772460938e+00,4.631673693656921387e-01,8.551569581031799316e-01,-2.586946010589599609e+00,-5.916383266448974609e+00,-6.622516632080078125e+00,-1.104714965820312500e+01,-1.406454944610595703e+01,-1.493440437316894531e+01,-1.624971771240234375e+01,-9.461679458618164062e+00,-5.631785392761230469e+00,-2.407383918762207031e+00,-3.277893066406250000e-01,3.886259555816650391e+00,-5.466280937194824219e+00,-8.569003105163574219e+00,-9.566652297973632812e+00,-3.358368873596191406e+00,-3.380329132080078125e+00,8.446976542472839355e-02,3.884955048561096191e-01,3.906178951263427734e+00,-1.538445472717285156e+00,1.189943313598632812e+00,3.936740159988403320e-01,2.388025760650634766e+00,5.422409534454345703e+00,3.768432140350341797e+00,-9.943796992301940918e-01,-8.784338235855102539e-01,-2.172594964504241943e-01,2.923989772796630859e+00,-1.303271889686584473e+00,-6.059658527374267578e-01,5.878059387207031250e+00,7.616799354553222656e+00,5.833334922790527344e+00,4.502409934997558594e+00,1.190859079360961914e+00,3.034057140350341797e+00,5.765021324157714844e+00,3.200847148895263672e+00,3.656681537628173828e+00,1.991961836814880371e+00,3.428925752639770508e+00,-3.425030231475830078e+00,-4.443623065948486328e+00,-5.256791114807128906e+00,-2.860853195190429688e+00,-6.405620098114013672e+00,-1.000899314880371094e+01,-1.425359058380126953e+01,-2.037129211425781250e+01,-1.830419540405273438e+01,-7.056685447692871094e+00,-6.533596515655517578e+00,-1.134897613525390625e+01,-2.703804206848144531e+01,-2.255679512023925781e+01,-1.248383903503417969e+01,-5.793584823608398438e+00,-3.118389129638671875e+00,-9.221375465393066406e+00,-1.100928664207458496e+00,3.002997159957885742e+00,9.657773971557617188e-01,-2.923754930496215820e+00,-1.331379318237304688e+01,-1.443513870239257812e+01,-1.574357795715332031e+01,-2.213297653198242188e+01,-1.853831100463867188e+01,-9.451629638671875000e+00,-3.748238086700439453e+00,6.602264642715454102e-01,-2.443793773651123047e+00,-6.765446662902832031e+00,-1.104138183593750000e+01,-1.362334251403808594e+01,-1.535223960876464844e+01,-1.319556522369384766e+01,-5.999668121337890625e+00,9.327630400657653809e-01,6.699988365173339844e+00,5.953825950622558594e+00,-5.383985042572021484e+00,-3.038867712020874023e+00,1.651511907577514648e+00,3.060276806354522705e-01,-1.488103628158569336e+00,-1.251518249511718750e+00,-5.946174144744873047e+00,-1.421708679199218750e+01,-1.278294467926025391e+01,-1.591391372680664062e+01,-1.140884971618652344e+01,-1.042215919494628906e+01,-9.889425277709960938e+00,-1.068839073181152344e+01,-6.961139202117919922e+00,-6.201904773712158203e+00,-1.091125297546386719e+01,-1.391701030731201172e+01,-5.383254051208496094e+00,-1.319940567016601562e+00,-1.497422933578491211e+00,-4.916424751281738281e+00,-1.661983871459960938e+01,-1.837579536437988281e+01,-1.224553871154785156e+01,-1.688958740234375000e+01,-1.462940311431884766e+01,-1.230751800537109375e+01,-1.290516376495361328e+01,-6.751933097839355469e+00,-2.286595821380615234e+00,-1.104663944244384766e+01,-8.424664497375488281e+00,-3.577507495880126953e+00,-6.363691329956054688e+00,-1.114932155609130859e+01,-1.189076709747314453e+01,-4.233425617218017578e+00,-3.006531715393066406e+00,-1.027978658676147461e+00,-7.823901176452636719e+00,-1.657345581054687500e+01,-1.513900470733642578e+01,-1.528980636596679688e+01,-1.500759696960449219e+01,6.730604767799377441e-01,1.227109718322753906e+01,4.577760219573974609e+00,2.221441507339477539e+00,8.432219505310058594e+00,1.785691452026367188e+01,2.157941436767578125e+01,1.490225505828857422e+01,3.527942657470703125e+00,-5.720329284667968750e+00,-9.129106521606445312e+00,-7.209875106811523438e+00,-1.339921665191650391e+01,-5.772140979766845703e+00,-5.348856925964355469e+00,-5.391286849975585938e+00,-2.677340030670166016e+00,-1.507919073104858398e+00,-4.950421333312988281e+00,-3.321670055389404297e+00,3.001759529113769531e+00,8.034811019897460938e+00,-6.506409645080566406e-01,-1.016355991363525391e+01,-1.227958106994628906e+01,-7.443522453308105469e+00,-1.011131191253662109e+01,-3.628602504730224609e+00,4.218237400054931641e+00,7.130368709564208984e+00,8.885438919067382812e+00,5.435132980346679688e+00,-4.208930015563964844e+00,-8.427416801452636719e+00,-8.520057678222656250e+00,-1.439348983764648438e+01,-1.134526824951171875e+01,-1.063856410980224609e+01,-1.797228240966796875e+01,-1.498285293579101562e+01,-1.328283691406250000e+01,-9.747331619262695312e+00,-1.131115150451660156e+01,-8.341836929321289062e+00,-1.714052259922027588e-01,2.880082607269287109e+00,5.683236718177795410e-01,-4.417071342468261719e+00,-1.264034748077392578e+01,-1.167704391479492188e+01,-1.116345119476318359e+01,-5.301164627075195312e+00,-1.515705585479736328e+00,-3.010490834712982178e-01,-9.308994293212890625e+00,-1.169541931152343750e+01,-2.507800340652465820e+00,-7.031916141510009766e+00,-1.468544769287109375e+01,-1.659636306762695312e+01,-9.687294006347656250e+00,-5.018537044525146484e-01,2.760301113128662109e+00,3.215115070343017578e-01,-9.566102981567382812e+00,-2.038342857360839844e+01,-2.594816970825195312e+01,-2.380460357666015625e+01,-1.724107551574707031e+01,-1.417677116394042969e+01,-1.800143051147460938e+01,-2.121171951293945312e+01,-9.203882217407226562e+00,-7.817784309387207031e+00,-1.199926853179931641e+00,-4.324843883514404297e-01,-6.260080337524414062e-01,2.654941082000732422e-01,5.549796104431152344e+00,8.065063476562500000e+00,5.255755901336669922e+00,-8.544678688049316406e-01,-6.436827182769775391e-01,-4.267944335937500000e+00,-9.223611831665039062e+00,-1.158739376068115234e+01,-1.418200302124023438e+01,-1.276738929748535156e+01,-8.461856842041015625e+00,-4.125627517700195312e+00,-6.643449783325195312e+00,-3.132806062698364258e+00,-5.888207912445068359e+00,-7.965177536010742188e+00,-8.399380683898925781e+00,-8.027072906494140625e+00,-3.058780193328857422e+00,8.214865922927856445e-01,-1.042397022247314453e+00,1.492978215217590332e+00,6.426159858703613281e+00,4.252535820007324219e+00,3.615299701690673828e+00,3.902575373649597168e-01,9.950485825538635254e-01,-3.380632400512695312e-01,-4.483802795410156250e+00,-1.013871431350708008e+00,4.454078674316406250e+00,3.312321662902832031e+00,-2.748971462249755859e+00,-2.961593151092529297e+00,-1.409196853637695312e+00,-3.818991661071777344e+00,-1.153092622756958008e+00,1.600565195083618164e+00,2.183006286621093750e+00,3.809808254241943359e+00,-1.552857875823974609e+00,1.078959703445434570e+00,-8.995279073715209961e-01,-1.710610866546630859e+00,-9.627409934997558594e+00,-1.250353431701660156e+01,-9.032369613647460938e+00,-4.477280616760253906e+00,-3.814688682556152344e+00,-3.217056274414062500e+00,-5.584552764892578125e+00,-7.915524005889892578e+00,-1.042797851562500000e+01,-1.397567558288574219e+01,-1.351548004150390625e+01,-2.236126518249511719e+01,-2.258065795898437500e+01,-1.963675308227539062e+01,-1.928509521484375000e+01,-1.117877388000488281e+01,-1.011278724670410156e+01,-1.233435726165771484e+01,-1.876670455932617188e+01,-2.488971710205078125e+01,-2.430128860473632812e+01,-2.008109283447265625e+01,-1.665027999877929688e+01,-1.217503738403320312e+01,-1.379718399047851562e+01,-1.629056739807128906e+01,-2.195595550537109375e+01,-2.953612518310546875e+01,-3.067911911010742188e+01,-2.030816650390625000e+01,-2.761136054992675781e+01,-2.641226768493652344e+01,-1.727116775512695312e+01,-1.627588868141174316e+00,9.319238662719726562e+00,1.094104385375976562e+01,5.059894561767578125e+00,-2.490014553070068359e+00,2.131388902664184570e+00,5.096996307373046875e+00,6.391432285308837891e+00,7.043838024139404297e+00,1.193168640136718750e+00,-4.553956508636474609e+00,-6.744006633758544922e+00,-6.505352973937988281e+00,-1.627437710762023926e+00,-1.015255570411682129e+00,-3.111398935317993164e+00,-4.789826869964599609e+00,2.125911235809326172e+00,-1.840056896209716797e+00,-7.537953376770019531e+00,-1.046307373046875000e+01,-8.274859428405761719e+00,-1.114885520935058594e+01,-1.041553115844726562e+01,-9.679183006286621094e+00,-7.236856222152709961e-01,3.699850559234619141e+00,-8.497101783752441406e+00,-1.165308189392089844e+01,-1.475109863281250000e+01,-1.536384773254394531e+01,-1.315071773529052734e+01,-8.844955444335937500e+00,-1.242574119567871094e+01,-1.076552963256835938e+01,-8.937763214111328125e+00,-7.469373226165771484e+00,-6.874992847442626953e+00,-1.031555080413818359e+01,-1.038162422180175781e+01,-1.231641197204589844e+01,-1.343644046783447266e+01,-1.165724945068359375e+01,-8.401306152343750000e+00,-4.346018791198730469e+00,1.783345937728881836e+00,2.734108686447143555e+00,6.784088611602783203e-01,-8.879752159118652344e+00,-9.019963264465332031e+00,-3.517443180084228516e+00,-1.106468200683593750e+01,-1.691658020019531250e+01,-1.058029937744140625e+01,-5.679409503936767578e+00,-5.147475242614746094e+00,-2.967500686645507812e+00,-7.690595626831054688e+00,-1.689487457275390625e+01,-1.997870445251464844e+01,-2.072551155090332031e+01,-2.012752151489257812e+01,-1.876111602783203125e+01,-1.209974384307861328e+01,-6.169864654541015625e+00,-8.834677934646606445e-01,-5.603329658508300781e+00,-6.798748016357421875e+00,-6.335210800170898438e+00,-1.194561958312988281e+01,-1.203038978576660156e+01,-7.163186073303222656e-01,-2.432114362716674805e+00,-2.171473979949951172e+00,-2.737780809402465820e+00,-9.997745513916015625e+00,-2.208655548095703125e+01,-2.370884704589843750e+01,-1.713147354125976562e+01,-1.611010742187500000e+01,-1.428096103668212891e+01,-1.227097702026367188e+01,-6.623684883117675781e+00,-4.509682655334472656e+00,-5.040216445922851562e-01,-6.464527130126953125e+00,-6.109915733337402344e+00,-1.099260330200195312e+01,-2.075075149536132812e+01,-1.350449943542480469e+01,-8.439275741577148438e+00,-9.740349054336547852e-01,5.635422468185424805e-01,-8.639712333679199219e+00,-1.802628707885742188e+01,-2.097658157348632812e+01,-1.919523239135742188e+01,-1.916205978393554688e+01,-2.769053649902343750e+01,-1.301696491241455078e+01,-6.141829490661621094e+00,-3.111529827117919922e+00,-2.306015729904174805e+00,-6.938329219818115234e+00,-1.102003669738769531e+01,-1.641423034667968750e+01,-9.368824958801269531e+00,-5.777500152587890625e+00,3.882503032684326172e+00,3.585900068283081055e-01,1.266337156295776367e+00,-4.895716667175292969e+00,2.785211563110351562e+00,1.016602897644042969e+01,1.247254943847656250e+01,-2.126887321472167969e+00,-1.789503574371337891e+00,-6.146381378173828125e+00,-1.181448554992675781e+01,-1.491503429412841797e+01,-1.074998474121093750e+01,-7.490063667297363281e+00,2.444230914115905762e-01,7.365489482879638672e+00,1.127401733398437500e+01,7.891914367675781250e+00,2.919013500213623047e+00,5.465633392333984375e+00,1.445415401458740234e+01,1.792060661315917969e+01,1.002519798278808594e+01,-7.620022773742675781e+00,-5.822600364685058594e+00,2.574184417724609375e+00,2.076593399047851562e+00,-9.979335784912109375e+00,-1.607062911987304688e+01,-1.752185249328613281e+01,-5.858519554138183594e+00,-8.479794502258300781e+00,-9.832357406616210938e+00,-1.918853759765625000e+01,-2.760146331787109375e+01,-2.669478797912597656e+01,-1.771658515930175781e+01,-1.943802261352539062e+01,-2.056326675415039062e+01,-1.713243484497070312e+01,-9.677602767944335938e+00,-5.651903152465820312e+00,-1.209373474121093750e+01,-1.581684112548828125e+01,-1.751692199707031250e+01,-1.294081306457519531e+01,-3.664134025573730469e+00,-2.304619550704956055e+00,-4.026298046112060547e+00,-4.086069107055664062e+00,-3.186090588569641113e-01,-5.114171504974365234e+00,-1.005303287506103516e+01,-1.157696723937988281e+01,-9.601867675781250000e+00,-7.886164665222167969e+00,-5.620621681213378906e+00,-4.272328376770019531e+00,-9.813173294067382812e+00,-1.086155033111572266e+01,-8.556686401367187500e+00,-4.804114341735839844e+00,-2.189016819000244141e+00,-2.961062908172607422e+00,1.117416381835937500e+00,6.924730777740478516e+00,5.321883201599121094e+00,5.282760858535766602e-01,-2.006175518035888672e+00,2.269725799560546875e+00,7.450006008148193359e-01,2.172221899032592773e+00,4.230486392974853516e+00,4.374036788940429688e+00,7.947461128234863281e+00,7.928490161895751953e+00,4.097087860107421875e+00,-1.990082502365112305e+00,-6.226047515869140625e+00,-3.895691871643066406e+00,2.055736303329467773e+00,6.996947288513183594e+00,-2.236736774444580078e+00,-1.813747406005859375e+01,-1.778067779541015625e+01,-1.666737556457519531e+01,-9.688270568847656250e+00,-5.484599113464355469e+00,-4.944046974182128906e+00,-1.323138427734375000e+01,-1.064404678344726562e+01,-6.739556789398193359e+00,-2.251409530639648438e+00,-3.423843383789062500e+00,-6.181716918945312500e+00,-6.242828845977783203e+00,-7.462451457977294922e-01,5.968465209007263184e-01,2.818853855133056641e+00,9.124995470046997070e-01,1.799004673957824707e+00,-2.554242134094238281e+00,-6.883803367614746094e+00,-8.556362152099609375e+00,-4.582173347473144531e+00,-7.889097213745117188e+00,-1.053600597381591797e+01,-1.419044399261474609e+01,-8.416815757751464844e+00,2.163561820983886719e+00,7.679553985595703125e+00,6.193039894104003906e+00,6.212242126464843750e+00,2.516930103302001953e+00,-6.847537994384765625e+00,-1.124813747406005859e+01,-1.482099533081054688e+01,-1.080377578735351562e+01,-5.434884071350097656e+00,-4.089863300323486328e-01,-2.393156290054321289e-01,3.343829512596130371e-01,2.294046163558959961e+00,-2.908271551132202148e+00,-3.306670188903808594e+00,-4.150823593139648438e+00,-5.175819993019104004e-02,2.946755886077880859e-01,-8.762546777725219727e-01,-3.912338256835937500e+00,-5.765769004821777344e+00,2.531153440475463867e+00,1.303550338745117188e+01,1.100594997406005859e+01,-3.156621456146240234e+00,-8.800846099853515625e+00,-8.261623382568359375e+00,-6.833665847778320312e+00,-6.227739334106445312e+00,-7.065232276916503906e+00,-5.086602210998535156e+00,5.732620239257812500e+00,5.832669258117675781e+00,-7.109825134277343750e+00,-4.466847419738769531e+00,5.072579383850097656e-01,3.189682006835937500e+00,4.549851417541503906e+00,4.681373119354248047e+00,4.533530712127685547e+00,2.484703540802001953e+00,4.055769920349121094e+00,4.268762588500976562e+00,-5.319978713989257812e+00,-1.351108360290527344e+01,-1.196064090728759766e+01,-1.579001235961914062e+01,-1.290816688537597656e+01,-7.276182174682617188e+00,-1.171298599243164062e+01,-9.124307632446289062e+00,-6.217389583587646484e+00,-6.347493171691894531e+00,-5.865554809570312500e+00,-8.999038696289062500e+00,-6.510418891906738281e+00,-3.659353256225585938e-01,-2.360307693481445312e+00,-8.253780364990234375e+00,-4.120438575744628906e+00,-1.827668905258178711e+00,-4.902989387512207031e+00,-3.275438070297241211e+00,-2.921168804168701172e+00,-7.578987121582031250e+00,-1.067956924438476562e+01,-9.565025329589843750e+00,-6.894299507141113281e+00,-2.863903284072875977e+00,-3.297030687332153320e+00,-9.468378067016601562e+00,-1.308635520935058594e+01,-8.882002830505371094e+00,-3.307540893554687500e+00,-1.583930873870849609e+01,-2.537862205505371094e+01,-2.424214935302734375e+01,-2.055488204956054688e+01,-1.678530502319335938e+01,-1.317091751098632812e+01,-9.881721496582031250e+00,-1.090439987182617188e+01,-6.839569091796875000e+00,-2.176617860794067383e+00,6.428442001342773438e+00,9.470700263977050781e+00,8.759376525878906250e+00,4.801232814788818359e+00,1.175976753234863281e+00,5.436537742614746094e+00,6.544333457946777344e+00,6.635160446166992188e+00,8.803433418273925781e+00,7.681654930114746094e+00,6.556653976440429688e+00,4.686481952667236328e+00,4.125586509704589844e+00,5.282368183135986328e+00,4.571267127990722656e+00,3.722248077392578125e+00,3.786896228790283203e+00,1.759653449058532715e+00,5.205383300781250000e+00,6.135458469390869141e+00,4.040922641754150391e+00,6.256090641021728516e+00,7.355066776275634766e+00,1.016783714294433594e+01,1.163625717163085938e+01,8.980692863464355469e+00,8.489445686340332031e+00,9.300942420959472656e+00,3.516823291778564453e+00,-4.025785923004150391e-01,3.653871417045593262e-01,4.219830036163330078e+00,5.100575447082519531e+00,4.544612884521484375e+00,4.387921333312988281e+00,5.474447250366210938e+00,4.735618114471435547e+00,8.362021446228027344e+00,5.633245468139648438e+00,-5.084070205688476562e+00,-5.616819858551025391e+00,3.048912048339843750e+00,-2.784855663776397705e-03,-1.220495510101318359e+01,-1.465831851959228516e+01,-1.560866928100585938e+01,-1.457354450225830078e+01,-1.825667190551757812e+01,-1.489424037933349609e+01,-1.041261672973632812e+01,-8.962926864624023438e+00,-1.076034188270568848e+00,-8.020067214965820312e-02,-1.767593860626220703e+00,-9.049129486083984375e+00,-1.492996883392333984e+01,-1.169718551635742188e+01,-7.820849418640136719e+00,-6.273612976074218750e+00,-5.517839431762695312e+00,-5.769667148590087891e+00,-6.251755237579345703e+00,-9.527923583984375000e+00,-1.056297302246093750e+01,-1.088278961181640625e+01,-6.999032497406005859e+00,3.034612894058227539e+00,9.941025733947753906e+00,1.420514392852783203e+01,6.900203227996826172e+00,5.888027191162109375e+00,9.937046051025390625e+00,8.124537467956542969e+00,9.036851882934570312e+00,7.796970367431640625e+00,6.252547264099121094e+00,9.191995620727539062e+00,3.783761978149414062e+00,4.872717857360839844e+00,4.963406562805175781e+00,8.471584320068359375e+00,8.831095695495605469e+00,5.088329911231994629e-01,-4.520493507385253906e+00,5.915517330169677734e+00,6.113748550415039062e+00,-8.863291740417480469e+00,-1.110447883605957031e+01,-9.624547958374023438e+00,-9.813800811767578125e+00,-8.220560073852539062e+00,-7.386929035186767578e+00,-1.890898513793945312e+01,-1.307803726196289062e+01,-3.433331489562988281e+00,-1.891257762908935547e+00,1.333752512931823730e+00,6.269274711608886719e+00,6.135127544403076172e+00,6.817670822143554688e+00,3.458415269851684570e+00,-3.759890317916870117e+00,-1.805096745491027832e+00,-4.091539859771728516e+00,-1.001347255706787109e+01,-6.583311080932617188e+00,7.173520565032958984e+00,4.559228420257568359e+00,-1.305366754531860352e-01,-2.791045188903808594e+00,-1.420472049713134766e+01,-2.409535980224609375e+01,-2.320697021484375000e+01,-6.002703666687011719e+00,1.764113545417785645e+00,2.112678289413452148e+00,1.425509452819824219e+00,3.615757942199707031e+00,-1.088762134313583374e-01,-9.022692441940307617e-01,-4.002598762512207031e+00,-8.162856101989746094e-01,2.508956193923950195e-02,2.784440040588378906e+00,1.357621288299560547e+01,2.334579277038574219e+01,2.935333251953125000e+01,2.111957931518554688e+01,5.553340435028076172e+00,-5.161032676696777344e+00,-1.208085441589355469e+01,-1.485229873657226562e+01,-1.100053405761718750e+01,-1.036046791076660156e+01,-1.211023616790771484e+01,-9.245016098022460938e+00,-1.226515579223632812e+01,-1.568957424163818359e+01,-1.707023239135742188e+01,-1.797237014770507812e+01,-1.708272743225097656e+01,-1.239565658569335938e+01,-9.378343582153320312e+00,-6.949601173400878906e+00,-5.695288658142089844e+00,-6.964834213256835938e+00,-9.778205871582031250e+00,-1.502906417846679688e+01,-1.115274238586425781e+01,-4.886959075927734375e+00,-8.347705841064453125e+00,-3.330570220947265625e+00,2.919373035430908203e+00,4.164525270462036133e-01,-4.739848136901855469e+00,-8.274271488189697266e-01,-3.106698513031005859e+00,-5.373258590698242188e+00,-5.035144805908203125e+00,-6.321210861206054688e+00,-5.069630622863769531e+00,-2.364721775054931641e+00,-4.508573532104492188e+00,-3.954607486724853516e+00,-2.023310661315917969e-01,-9.430135726928710938e+00,-1.210734748840332031e+01,-1.332858848571777344e+01,-1.346843147277832031e+01,-1.155092144012451172e+01,-1.369838047027587891e+01,-1.283550834655761719e+01,-2.221491050720214844e+01,-3.664163589477539062e+00,7.967050552368164062e+00,1.161379623413085938e+01,1.488184738159179688e+01,1.492095565795898438e+01,1.255747795104980469e+01,1.328182220458984375e+01,1.185184478759765625e+01,1.580986022949218750e+01,1.383281421661376953e+01,5.236408233642578125e+00,-2.264718770980834961e+00,-5.329576492309570312e+00,-1.079546928405761719e+01,-1.469594192504882812e+01,-1.077262115478515625e+01,-3.342210531234741211e+00,-8.083177566528320312e+00,-1.436817550659179688e+01,-9.140636444091796875e+00,-3.553176164627075195e+00,-5.781559467315673828e+00,-7.372489929199218750e+00,-2.507474899291992188e+00,3.979340314865112305e+00,1.198173403739929199e+00,5.065523386001586914e-01,-7.899657487869262695e-01,-6.934280872344970703e+00,-2.032764816284179688e+01,-2.461679458618164062e+01,-2.771469497680664062e+01,-2.975974273681640625e+01,-2.194259643554687500e+01,-1.367029190063476562e+01,-1.673637390136718750e+01,-2.410069656372070312e+01,-1.649900245666503906e+01,-4.266316413879394531e+00,3.324494838714599609e+00,7.476105690002441406e-01,-1.196222591400146484e+01,-1.813842391967773438e+01,-1.722158241271972656e+01,-2.030867385864257812e+01,-2.836250686645507812e+01,-2.852223968505859375e+01,-2.428162002563476562e+01,-1.813476943969726562e+01,-1.727832603454589844e+01,-1.238916206359863281e+01,-1.480311203002929688e+01,-1.672905731201171875e+01,-3.432166337966918945e+00,2.519062042236328125e+00,5.095543861389160156e+00,1.607635259628295898e+00,-7.622903823852539062e+00,-1.226722526550292969e+01,-1.276058673858642578e+01,-9.724855422973632812e+00,-6.040872573852539062e+00,-4.739943504333496094e+00,2.255334138870239258e+00,5.022485733032226562e+00,2.591374874114990234e+00,-2.927054643630981445e+00,-3.050155878067016602e+00,-3.377379417419433594e+00,-3.808903455734252930e+00,-4.402763366699218750e+00,-1.009136104583740234e+01,-9.550373077392578125e+00,-7.250877380371093750e+00,-6.882601737976074219e+00,-1.563839554786682129e+00,-7.544372081756591797e-01,-5.889276027679443359e+00,-6.102403640747070312e+00,-7.675784587860107422e+00,1.529676914215087891e+00,1.222405433654785156e+01,1.108804321289062500e+01,1.470521163940429688e+01,1.747762680053710938e+01,1.915479278564453125e+01,1.937629699707031250e+01,1.216976737976074219e+01,-2.933808267116546631e-01,-1.209414768218994141e+01,-1.262580204010009766e+01,-1.270703506469726562e+01,-1.394133186340332031e+01,-8.702324867248535156e+00,-5.485564231872558594e+00,2.003878355026245117e+00,1.359622478485107422e+01,9.028490066528320312e+00,1.637319922447204590e+00,-6.906077861785888672e-01,-3.668408870697021484e+00,-4.685233592987060547e+00,-1.458446884155273438e+01,-2.185106277465820312e+01,-2.270755195617675781e+01,-2.562482452392578125e+01,-3.217227935791015625e+01,-3.116918182373046875e+01,-2.023894691467285156e+01,-1.331120204925537109e+01,-1.010884475708007812e+01,-1.007147693634033203e+01,-5.149447441101074219e+00,-7.555031776428222656e+00,-7.192078590393066406e+00,-9.305236816406250000e+00,-7.998847007751464844e+00,-3.439591407775878906e+00,8.676313757896423340e-01,-5.012151002883911133e-01,6.679379343986511230e-01,3.315175771713256836e+00,8.047927856445312500e+00,7.349500656127929688e+00,6.976192474365234375e+00,8.872243881225585938e+00,9.040794372558593750e+00,7.813055038452148438e+00,7.209310531616210938e+00,1.180058479309082031e+01,8.694904327392578125e+00,4.154866695404052734e+00,-1.857212305068969727e+00,-7.999132156372070312e+00,-7.756039619445800781e+00,5.302131772041320801e-01,2.124464035034179688e+00,5.147520065307617188e+00,3.970488309860229492e+00,5.665953636169433594e+00,1.044311141967773438e+01,9.819942474365234375e+00,8.730608820915222168e-01,-4.033369541168212891e+00,4.109522819519042969e+00,2.487525701522827148e+00,-1.049494981765747070e+00,-1.314625930786132812e+01,-2.587785339355468750e+01,-2.348266029357910156e+01,-1.649277687072753906e+01,-7.097155570983886719e+00,-1.036418342590332031e+01,-6.119593620300292969e+00,6.991954326629638672e+00,1.940882873535156250e+01,2.147043991088867188e+01,2.076039505004882812e+01,2.437968254089355469e+01,1.858829116821289062e+01,1.464548110961914062e+01,8.808195114135742188e+00,5.536731719970703125e+00,3.402175664901733398e+00,4.555514812469482422e+00,5.614860534667968750e+00,-5.414742469787597656e+00,-1.055321884155273438e+01,-6.651206016540527344e+00,-5.049932003021240234e-02,1.179577589035034180e+00,8.254449844360351562e+00,7.267120361328125000e+00,-1.339745998382568359e+00,1.818804740905761719e+00,7.060423493385314941e-01,-2.132903099060058594e+00,-6.080142974853515625e+00,-5.072544097900390625e+00,-2.826494693756103516e+00,-1.038818168640136719e+01,-5.913298130035400391e+00,-3.150608062744140625e+00,-2.445187568664550781e+00,2.596583843231201172e+00,6.818364143371582031e+00,5.980577945709228516e+00,3.948914527893066406e+00,5.800985336303710938e+00,5.395668029785156250e+00,5.502717494964599609e+00,2.674131393432617188e+00,8.238670349121093750e+00,6.565503120422363281e+00,-2.149947643280029297e+00,-5.958496093750000000e+00,-3.108893394470214844e+00,1.969442963600158691e+00,-9.847740173339843750e+00,-1.027830219268798828e+01,-6.244739532470703125e+00,9.933352470397949219e-01,3.572102069854736328e+00,-1.455837249755859375e+00,-1.041112327575683594e+01,-1.039673328399658203e+01,-8.067419052124023438e+00,-5.679773807525634766e+00,-8.070602416992187500e+00,-8.456257820129394531e+00,-2.097959899902343750e+01,-2.381547164916992188e+01,-2.135720062255859375e+01,-2.006132888793945312e+01,-1.716087722778320312e+01,-1.075262451171875000e+01,-7.757133960723876953e+00,-5.741360187530517578e+00,-4.139689445495605469e+00,-1.823198795318603516e-02,4.952383041381835938e+00,7.451916694641113281e+00,6.908980369567871094e+00,1.100296974182128906e+00,-1.586177229881286621e+00,-2.176604509353637695e+00,2.869014441967010498e-01,5.367064476013183594e+00,8.260240554809570312e+00,9.467323303222656250e+00,6.299987792968750000e+00,1.080084800720214844e+01,8.822648048400878906e+00,4.879518508911132812e+00,-1.611851215362548828e+00,-1.072461318969726562e+01,-1.177941703796386719e+01,-1.178604316711425781e+01,-1.348405647277832031e+01,-1.580657958984375000e+01,-1.045631790161132812e+01,-4.257599830627441406e+00,-2.171246767044067383e+00,1.842875480651855469e-01,-2.780706644058227539e+00,-3.435526132583618164e+00,-2.349146604537963867e-01,1.443956375122070312e+00,7.062849998474121094e+00,9.872020721435546875e+00,7.123960018157958984e+00,3.299750804901123047e+00,4.555951118469238281e+00,-7.623023390769958496e-01,-5.730129718780517578e+00,6.735835075378417969e-01,7.576999664306640625e+00,6.893219947814941406e+00,3.017192363739013672e+00,5.414669036865234375e+00,6.165576457977294922e+00,1.254082012176513672e+01,1.460914802551269531e+01,1.412780952453613281e+01,1.226027011871337891e+01,1.161800193786621094e+01,7.164129257202148438e+00,5.439387798309326172e+00,3.260869503021240234e+00,4.705718040466308594e+00,1.010780906677246094e+01,9.594305992126464844e+00,8.416424751281738281e+00,5.359276294708251953e+00,2.494358539581298828e+00,7.201466560363769531e+00,5.603164196014404297e+00,2.013029575347900391e+00,-3.213443756103515625e+00,-2.361203193664550781e+00,-4.354614913463592529e-01,-1.935492396354675293e+00,-9.443629264831542969e+00,-1.687139868736267090e+00,-2.821618556976318359e+00,-1.570683479309082031e+01,-2.542506790161132812e+01,-3.040971946716308594e+01,-3.021421241760253906e+01,-2.562447166442871094e+01,-1.934873199462890625e+01,-2.208052444458007812e+01,-1.781187820434570312e+01,-1.655140113830566406e+01,-1.969271850585937500e+01,-1.744614219665527344e+01,-1.239544868469238281e+01,3.947458744049072266e+00,1.222888565063476562e+01,1.725782775878906250e+01,8.814449310302734375e+00,6.513110160827636719e+00,8.847324371337890625e+00,6.486601829528808594e+00,3.739427804946899414e+00,2.082320690155029297e+00,-3.678145647048950195e+00,-3.467647790908813477e+00,-5.460209846496582031e-01,-4.310075342655181885e-01,-9.824518203735351562e+00,-9.571205139160156250e+00,-6.138171195983886719e+00,2.774562835693359375e+00,3.855845928192138672e+00,3.153050422668457031e+00,3.056712865829467773e+00,1.795510292053222656e+00,-2.899721384048461914e+00,-2.940872192382812500e+00,-2.395794391632080078e+00,-1.714655518531799316e+00,-3.536129713058471680e+00,-6.900799870491027832e-01,4.769953727722167969e+00,5.503579616546630859e+00,3.057795286178588867e+00,4.560313224792480469e-01,-2.003609180450439453e+00,-1.057752799987792969e+01,-1.271811676025390625e+01,-1.315867042541503906e+01,-1.236082267761230469e+01,-7.345214843750000000e+00,-4.946305155754089355e-01,6.209914684295654297e-01,3.924303352832794189e-01,-1.003447771072387695e+00,7.721538543701171875e-01,2.287216186523437500e+00,4.303076744079589844e+00,6.958572864532470703e+00,9.783796310424804688e+00,5.824622154235839844e+00,5.453463792800903320e-01,3.504694700241088867e-01,-7.690176963806152344e-01,4.330334663391113281e+00,7.775180816650390625e+00,2.110884284973144531e+01,2.060848617553710938e+01,9.613857269287109375e+00,-4.913513660430908203e+00,-1.026562500000000000e+01,-2.968505620956420898e+00,2.170840263366699219e+00,3.739551067352294922e+00,1.093341922760009766e+01,1.772719955444335938e+01,2.000609016418457031e+01,6.130730152130126953e+00,-6.001601219177246094e+00,-8.478215217590332031e+00,-1.025560569763183594e+01,-9.458108901977539062e+00,-3.566079616546630859e+00,2.348442316055297852e+00,8.271323204040527344e+00,8.593154907226562500e+00,6.640693187713623047e+00,9.350971221923828125e+00,-4.768008232116699219e+00,-1.216191291809082031e+01,-1.352741622924804688e+01,-1.478893852233886719e+01,-1.495677566528320312e+01,-1.620254898071289062e+01,-1.996959877014160156e+01,-2.218071365356445312e+01,-1.909029006958007812e+01,-1.329711437225341797e+01,-8.233658790588378906e+00,-1.690463066101074219e+01,-2.129282379150390625e+01,-1.806606674194335938e+01,-1.566939830780029297e+01,-1.437329769134521484e+01,-1.282145500183105469e+01,-1.201587677001953125e+01,-1.776875305175781250e+01,-1.161175060272216797e+01,7.523171901702880859e-01,3.266579866409301758e+00,2.099723815917968750e-01,-3.600300312042236328e+00,6.421018838882446289e-01,1.027809143066406250e+01,8.542102813720703125e+00,1.082207965850830078e+01,3.986739873886108398e+00,6.509197235107421875e+00,1.390560531616210938e+01,-3.226658582687377930e+00,-8.620632171630859375e+00,-6.118824005126953125e+00,-1.577252864837646484e+00,-3.201584815979003906e+00,4.406265020370483398e-01,-2.180562973022460938e+00,-9.495388031005859375e+00,-8.762742042541503906e+00,-5.235705375671386719e+00,-3.185361385345458984e+00,-1.242158412933349609e-01,1.721780538558959961e+00,-2.432969331741333008e+00,-1.629497909545898438e+01,-1.892459869384765625e+01,-4.170860767364501953e+00,1.732688069343566895e+00,-2.043784856796264648e+00,-6.753737926483154297e+00,1.277086853981018066e+00,5.739577770233154297e+00,9.845886230468750000e-01,-1.516724705696105957e+00,-1.764190077781677246e+00,6.314377784729003906e+00,4.760102748870849609e+00,-4.239737987518310547e-02,1.604679226875305176e+00,4.479192733764648438e+00,6.336300849914550781e+00,3.391859054565429688e+00,4.926408767700195312e+00,7.111763000488281250e+00,6.067090034484863281e+00,5.060477256774902344e+00,-6.272566318511962891e+00,-1.361018562316894531e+01,-1.308841133117675781e+01,-9.998727798461914062e+00,-1.035753440856933594e+01,-2.301860332489013672e+00,1.315088462829589844e+01,1.789472961425781250e+01,1.338484191894531250e+01,9.898034095764160156e+00,5.125692367553710938e+00,3.389945983886718750e+00,6.981782913208007812e+00,1.072325134277343750e+01,1.344963645935058594e+01,1.028385257720947266e+01,7.407453536987304688e+00,3.849099636077880859e+00,-1.333000564575195312e+01,-1.990576171875000000e+01,-1.331492710113525391e+01,-7.921513557434082031e+00,-6.586911201477050781e+00,-1.013250637054443359e+01,-1.070813655853271484e+01,-1.084022140502929688e+01,-9.359607696533203125e+00,1.458039760589599609e+00,8.131481170654296875e+00,8.643259048461914062e+00,1.079608154296875000e+01,1.402306938171386719e+01,9.423801422119140625e+00,5.241978168487548828e+00,4.698698043823242188e+00,6.505029201507568359e+00,8.095534324645996094e+00,6.929354667663574219e+00,3.925037860870361328e+00,2.825720548629760742e+00,2.536001920700073242e+00,-3.937444210052490234e+00,-1.294689178466796875e-01,1.701920390129089355e+00,-4.707845687866210938e+00,-1.353253078460693359e+01,-8.144305229187011719e+00,-8.410547256469726562e+00,-4.610773086547851562e+00,4.906197547912597656e+00,1.244547843933105469e+01,1.103066921234130859e+01,9.989599227905273438e+00,1.651648712158203125e+01,1.506836509704589844e+01,6.750036239624023438e+00,5.599231719970703125e+00,4.194879055023193359e+00,1.244491934776306152e+00,-2.986115694046020508e+00,-7.687007904052734375e+00,-8.440162658691406250e+00,-9.057517051696777344e+00,-4.518157005310058594e+00,1.247805309295654297e+01,2.196358108520507812e+01,2.357745361328125000e+01,1.970273590087890625e+01,1.791794586181640625e+01,1.725669860839843750e+01,1.472289657592773438e+01,1.634932518005371094e+01,1.235895729064941406e+01,-2.378379344940185547e+00,-4.912103652954101562e+00,-6.524895668029785156e+00,-5.401382923126220703e+00,-3.018584012985229492e+00,1.525009512901306152e+00,7.815680980682373047e+00,5.391538143157958984e+00,2.925893068313598633e+00,-3.554937839508056641e+00,-4.865437984466552734e+00,3.599428176879882812e+00,4.041313648223876953e+00,-1.674215888977050781e+01,-1.509728813171386719e+01,-1.462286853790283203e+01,-1.194686412811279297e+01,-8.920981407165527344e+00,3.819778859615325928e-01,-2.668877124786376953e+00,-3.128848552703857422e+00,-1.930314421653747559e+00,-1.430340170860290527e+00,-3.237622976303100586e-01,2.380177736282348633e+00,-5.533167839050292969e+00,-2.934228777885437012e-01,8.683701515197753906e+00,4.819205760955810547e+00,-8.436989784240722656e+00,-1.494673919677734375e+01,-1.811972427368164062e+01,-1.890523147583007812e+01,-2.167053985595703125e+01,-2.526458930969238281e+01,-2.693880844116210938e+01,-2.230717086791992188e+01,-1.310027313232421875e+01,-9.056655883789062500e+00,-1.022090530395507812e+01,-1.298305892944335938e+01,-1.066160964965820312e+01,-1.176168441772460938e+01,-1.993114852905273438e+01,-1.714956283569335938e+01,-1.514451694488525391e+01,-1.570414447784423828e+01,-1.316699218750000000e+01,-9.462101936340332031e+00,-2.124682426452636719e+00,-3.902120351791381836e+00,-3.027517557144165039e+00,-8.341507911682128906e-01,-8.011653900146484375e+00,-1.065329456329345703e+01,-1.412909984588623047e+00,-3.315050601959228516e+00,-5.456252574920654297e+00,-1.288297843933105469e+01,-1.589103507995605469e+01,-1.621265220642089844e+01,-1.711415290832519531e+01,-1.333584308624267578e+01,-4.511903762817382812e+00,-5.310597419738769531e+00,-1.278623390197753906e+01,-1.828530120849609375e+01,-1.800823402404785156e+01,-1.511685943603515625e+01,-9.629882812500000000e+00,-3.655562877655029297e+00,1.719804883003234863e+00,6.612048149108886719e+00,1.020929145812988281e+01,2.078834152221679688e+01,1.895252609252929688e+01,1.269116592407226562e+01,8.923373222351074219e+00,1.909474611282348633e+00,-2.731968164443969727e+00,-5.444520473480224609e+00,-5.453735351562500000e+00,-5.892190456390380859e+00,-4.662531018257141113e-01,9.379880905151367188e+00,7.253538131713867188e+00,7.173311710357666016e+00,7.191046714782714844e+00,1.761893630027770996e-01,-3.148903608322143555e+00,-4.662033081054687500e+00,-7.525013923645019531e+00,-5.197245597839355469e+00,2.130355536937713623e-01,3.759793043136596680e+00,-1.947977781295776367e+00,-1.032006454467773438e+01,-1.694931793212890625e+01,-2.146606826782226562e+01,-1.622556686401367188e+01,-6.706300258636474609e+00,7.436271905899047852e-01,5.681291222572326660e-01,-4.125748157501220703e+00,-7.974563598632812500e+00,-5.593402862548828125e+00,-1.072287368774414062e+01,-9.661237716674804688e+00,-6.016547203063964844e+00,-6.556225776672363281e+00,-9.921562194824218750e+00,-1.360461711883544922e+01,-1.579329109191894531e+01,-1.028735923767089844e+01,-9.990841865539550781e+00,-1.237205410003662109e+01,-7.257815361022949219e+00,-2.273426532745361328e+00,-2.063963890075683594e+00,-4.350841045379638672e-01,6.244738101959228516e+00,2.303531885147094727e+00,5.399317741394042969e+00,3.242979049682617188e-01,-5.200096607208251953e+00,-6.083603382110595703e+00,-4.907903671264648438e+00,-7.074591636657714844e+00,-1.593068838119506836e+00,2.763900041580200195e+00,6.998754024505615234e+00,8.493019104003906250e+00,2.380370855331420898e+00,-1.548863530158996582e+00,-1.206762313842773438e+00,-4.633951187133789062e-01,2.952737808227539062e+00,4.291370391845703125e+00,3.275026798248291016e+00,-6.029579639434814453e+00,-1.651118659973144531e+01,-1.660139465332031250e+01,-1.361823844909667969e+01,-4.726383209228515625e+00,-4.109883785247802734e+00,3.031939506530761719e+00,5.882800817489624023e-01,-7.071229934692382812e+00,-7.434877872467041016e+00,-4.617573738098144531e+00,-2.433050155639648438e+00,-5.882051467895507812e+00,-4.114655494689941406e+00,-9.161365509033203125e+00,-1.528122520446777344e+01,-1.095110321044921875e+01,-6.402844429016113281e+00,1.204494595527648926e+00,-7.954301238059997559e-01,8.035464286804199219e-01,5.654885292053222656e+00,1.107364082336425781e+01,6.803609848022460938e+00,-6.162456512451171875e+00,-1.712825012207031250e+01,-2.119186401367187500e+01,-1.966062736511230469e+01,-1.786168670654296875e+01,-1.628559494018554688e+01,-6.880641937255859375e+00,2.523075342178344727e-01,6.557890892028808594e+00,1.105315017700195312e+01,4.664299964904785156e+00,-6.782299041748046875e+00,-1.235065650939941406e+01,-1.072259998321533203e+01,-1.314863204956054688e+01,-6.707397460937500000e+00,2.504096031188964844e+00,1.084673595428466797e+01,1.541625976562500000e+01,1.201122188568115234e+01,4.986240863800048828e+00,-5.591098308563232422e+00,-7.798241615295410156e+00,-3.686470985412597656e+00,-6.785846710205078125e+00,-1.030054664611816406e+01,-7.389598846435546875e+00,-2.456596612930297852e+00,-3.236561059951782227e+00,-1.837569594383239746e+00,1.272840738296508789e+00,4.012518882751464844e+00,4.948427677154541016e+00,-2.095607519149780273e+00,-1.127833366394042969e+01,-8.791181564331054688e+00,-1.866632580757141113e+00,-4.647016525268554688e+00,3.721955060958862305e+00,2.070736312866210938e+01,2.083406829833984375e+01,1.287141609191894531e+01,1.482580184936523438e+01,2.173203659057617188e+01,2.872065544128417969e+01,2.687489700317382812e+01,2.324616050720214844e+01,1.784051895141601562e+01,7.505490779876708984e+00,-3.050525188446044922e+00,-4.793889045715332031e+00,-4.316825866699218750e+00,-5.036621093750000000e+00,-4.481568336486816406e+00,-8.066201210021972656e+00,-1.072773170471191406e+01,-3.235859632492065430e+00,4.614728927612304688e+00,9.902518391609191895e-01,-1.225758552551269531e+01,-1.326185035705566406e+01,-8.289747238159179688e+00,-4.373763084411621094e+00,-4.776809692382812500e+00,-6.526793479919433594e+00,-6.508333206176757812e+00,-6.999473571777343750e+00,-9.078941345214843750e+00,-1.113056278228759766e+01,-5.261369705200195312e+00,1.157010793685913086e+00,1.886357307434082031e+00,3.624803066253662109e+00,4.960818767547607422e+00,7.279630184173583984e+00,6.490392684936523438e+00,5.274077415466308594e+00,-3.191975593566894531e+00,-8.906087875366210938e+00,-1.059312820434570312e+01,-1.725597000122070312e+01,-2.407223510742187500e+01,-2.110618591308593750e+01,-1.656317138671875000e+01,-1.306288909912109375e+01,-8.454863548278808594e+00,-1.460872936248779297e+01,-2.834579467773437500e+01,-2.956909942626953125e+01,-2.243117141723632812e+01,-1.840246963500976562e+01,-2.120379257202148438e+01,-1.665683364868164062e+01,-2.744690418243408203e+00,1.618304061889648438e+01,1.892025375366210938e+01,1.120837402343750000e+01,8.703369140625000000e+00,5.212814331054687500e+00,-1.921361446380615234e+00,-7.625109672546386719e+00,-6.326633930206298828e+00,-1.285817718505859375e+01,-1.768158721923828125e+01,-9.945796966552734375e+00,-6.994885444641113281e+00,-1.727434754371643066e+00,7.826418876647949219e+00,6.761052608489990234e+00,3.037133216857910156e-01,-1.716774821281433105e+00,-1.155529785156250000e+01,-1.608506202697753906e+01,-1.435494995117187500e+01,-9.337427139282226562e+00,-1.269397735595703125e+01,-1.867821121215820312e+01,-1.960932159423828125e+01,-1.516702461242675781e+01,-6.678933143615722656e+00,-1.046525669097900391e+01,-1.235153961181640625e+01,-1.356187248229980469e+01,-8.732738494873046875e+00,-8.226329803466796875e+00,-1.053481674194335938e+01,-4.267491340637207031e+00,2.128512620925903320e+00,-8.518433570861816406e-01,9.110523223876953125e+00,1.528978157043457031e+01,1.090587806701660156e+01,9.930405616760253906e+00,1.287612342834472656e+01,1.045401000976562500e+01,7.186271667480468750e+00,5.528669357299804688e+00,2.275677204132080078e+00,3.195077657699584961e+00,3.314687013626098633e+00,2.983006715774536133e+00,1.908775568008422852e+00,-2.243229389190673828e+00,-6.567726612091064453e+00,-1.137346982955932617e+00,-4.320559978485107422e+00,-3.767941474914550781e+00,-3.418740987777709961e+00,-1.591031074523925781e+00,1.155108213424682617e+00,1.807903289794921875e+00,-1.987207770347595215e+00,-3.196658134460449219e+00,-2.875726699829101562e+00,-1.425596833229064941e+00,2.456615447998046875e+00,2.451154708862304688e+00,1.887757062911987305e+00,2.120096683502197266e+00,-4.514149665832519531e+00,-2.114868640899658203e+00,2.088685512542724609e+00,-1.365408420562744141e+00,-4.645735740661621094e+00,-5.375103950500488281e+00,-1.843207955360412598e+00,2.309549093246459961e+00,5.091397762298583984e-01,-3.438026905059814453e+00,-4.306369781494140625e+00,-2.480878829956054688e+00,9.459081888198852539e-01,3.212168693542480469e+00,4.241898536682128906e+00,-5.853160023689270020e-01,1.961856126785278320e+00,7.479325294494628906e+00,9.232416152954101562e+00,-4.172511696815490723e-01,-4.085991859436035156e+00,-1.606079697608947754e+00,-6.675651550292968750e+00,-8.104772567749023438e+00,-6.408296585083007812e+00,-4.536323070526123047e+00,-6.268374443054199219e+00,-1.016960811614990234e+01,-5.831633567810058594e+00,-1.136518359184265137e+00,-6.648708343505859375e+00,-1.146878814697265625e+01,-1.093512916564941406e+01,-1.052454280853271484e+01,-9.640997886657714844e+00,-1.333684158325195312e+01,-1.449204635620117188e+01,-1.500912857055664062e+01,-1.321576213836669922e+01,-8.712716102600097656e+00,-6.439944267272949219e+00,1.772258281707763672e+00,1.443062305450439453e+01,1.648617172241210938e+01,1.750526809692382812e+01,1.335033798217773438e+01,9.144579887390136719e+00,6.825868606567382812e+00,-1.602089166641235352e+00,-7.693371295928955078e+00,-9.197141647338867188e+00,9.478396177291870117e-01,1.967587232589721680e+00,-1.257799339294433594e+01,-1.835728263854980469e+01,-1.084887409210205078e+01,6.720892190933227539e-01,4.086316525936126709e-01,1.049592018127441406e+00,5.992992401123046875e+00,1.110965728759765625e+00,9.023269653320312500e+00,1.124156951904296875e+01,1.337180423736572266e+01,1.428242301940917969e+01,1.338669872283935547e+01,1.115213775634765625e+01,1.386301231384277344e+01,1.408476638793945312e+01,1.192118072509765625e+01,1.279994869232177734e+01,1.020262718200683594e+01,5.563514709472656250e+00,1.572568893432617188e+00,-3.766742706298828125e+00,-7.921617627143859863e-01,5.351677894592285156e+00,6.023119926452636719e+00,9.328666687011718750e+00,7.265003204345703125e+00,5.855130195617675781e+00,4.627028942108154297e+00,5.316414833068847656e-01,-1.712926626205444336e+00,-2.573365211486816406e+00,-3.732099533081054688e+00,-1.014866924285888672e+01,-1.386519336700439453e+01,-1.311941051483154297e+01,-1.820516109466552734e+00,9.147728919982910156e+00,8.355984687805175781e+00,1.143982791900634766e+01,1.316841888427734375e+01,1.353167343139648438e+01,9.516051292419433594e+00,7.991723060607910156e+00,5.039537906646728516e+00,8.289569854736328125e+00,1.191819953918457031e+01,1.319023132324218750e+01,1.542506694793701172e+01,1.141015529632568359e+01,4.605901718139648438e+00,2.687184810638427734e+00,6.846686363220214844e+00,1.018685150146484375e+01,1.868003273010253906e+01,2.246452713012695312e+01,2.291960906982421875e+01,2.248979568481445312e+01,1.864645004272460938e+01,1.584303092956542969e+01,1.847479820251464844e+01,1.808058357238769531e+01,1.892469024658203125e+01,1.864831352233886719e+01,1.308503913879394531e+01,6.113974571228027344e+00,-4.730472564697265625e+00,-1.046761798858642578e+01,-4.246008872985839844e+00,3.152853488922119141e+00,5.846412658691406250e+00,1.422253370285034180e+00,-8.236415863037109375e+00,-1.861029052734375000e+01,-1.401887893676757812e+01,-1.269494247436523438e+01,-4.238699913024902344e+00,-5.489370822906494141e+00,-9.926893234252929688e+00,-7.352146625518798828e+00,1.657490611076354980e+00,4.799387454986572266e-01,-1.142168641090393066e+00,-1.182120323181152344e+01,-1.442361450195312500e+01,-1.692421722412109375e+01,-1.305089378356933594e+01,-1.024628067016601562e+01,-5.574424266815185547e+00,-5.492898464202880859e+00,-1.738566207885742188e+01,-1.442378425598144531e+01,-8.796794891357421875e+00,-6.296130657196044922e+00,-9.814104080200195312e+00,-1.602674102783203125e+01,-1.839405822753906250e+01,-5.679482460021972656e+00,-4.787658691406250000e+00,-4.326951026916503906e+00,3.580288410186767578e+00,1.972288846969604492e+00,-5.242139101028442383e-02,-2.650369644165039062e+00,-9.133124351501464844e+00,-7.038613796234130859e+00,7.289477586746215820e-01,4.187289714813232422e+00,6.625884056091308594e+00,8.010559082031250000e+00,5.481498241424560547e-01,-9.778759002685546875e+00,-1.544878864288330078e+01,-1.143132972717285156e+01,-3.482020854949951172e+00,-1.307352781295776367e-01,-8.006430625915527344e+00,-7.899442672729492188e+00,-1.056336975097656250e+01,-1.201126670837402344e+01,-1.224289703369140625e+01,-1.140771484375000000e+01,-1.311618614196777344e+01,-1.340875625610351562e+01,-1.550641059875488281e+01,-1.071051406860351562e+01,-8.859558105468750000e+00,-1.539059162139892578e+01,-5.129233360290527344e+00,-1.806472182273864746e+00,-1.095391511917114258e+00,-5.969137668609619141e+00,-2.828431606292724609e+00,-7.188543796539306641e+00,-1.569702625274658203e+01,-1.231784629821777344e+01,-1.065124702453613281e+01,-7.803228378295898438e+00,-6.292867660522460938e+00,-6.315174102783203125e+00,-5.582757949829101562e+00,-5.696510314941406250e+00,-7.534325122833251953e-02,1.553306579589843750e+00,-2.313130855560302734e+00,-8.708330154418945312e+00,-1.175330162048339844e+01,-1.458154392242431641e+01,-1.663224411010742188e+01,-7.479690313339233398e-01,9.479968808591365814e-03,-2.366293907165527344e+00,-2.279287815093994141e+00,1.284052371978759766e+00,8.264854550361633301e-01,-2.919464349746704102e+00,-3.182942628860473633e+00,-1.555305957794189453e+00,1.190526962280273438e+00,4.609452247619628906e+00,6.618254661560058594e+00,-2.280672550201416016e+00,-3.717319011688232422e+00,-2.252077758312225342e-01,6.250919342041015625e+00,6.742516994476318359e+00,2.172213554382324219e+00,-9.381950497627258301e-01,2.748275756835937500e+00,3.978017330169677734e+00,3.940242528915405273e+00,9.625518321990966797e-01,-1.506112813949584961e-01,-3.866614699363708496e-01,-8.258568048477172852e-01,1.796828269958496094e+00,8.515206336975097656e+00,7.901241302490234375e+00,9.830228805541992188e+00,1.056188583374023438e+01,7.228450298309326172e+00,5.348402500152587891e+00,4.863406658172607422e+00,7.232526779174804688e+00,1.059874439239501953e+01,8.259443283081054688e+00,7.637520313262939453e+00,5.176105499267578125e+00,-5.375350952148437500e+00,-4.694449901580810547e+00,-1.269850969314575195e+00,4.964670181274414062e+00,-5.661984443664550781e+00,-6.701968193054199219e+00,1.916818976402282715e+00,5.412419319152832031e+00,5.510163784027099609e+00,-6.554615497589111328e-01,-2.659254550933837891e+00,2.142310857772827148e+00,-1.537417650222778320e+00,-7.290427207946777344e+00,-1.036138725280761719e+01,-7.450673103332519531e+00,-8.141791820526123047e-02,-4.801413714885711670e-01,-4.225079536437988281e+00,-5.195278167724609375e+00,-6.348525047302246094e+00,-5.571769714355468750e+00,-9.640264511108398438e+00,-1.698622703552246094e+01,-2.058251571655273438e+01,-1.889332389831542969e+01,-1.440597915649414062e+01,-1.065939903259277344e+01,-9.941772460937500000e+00,-1.274780845642089844e+01,-1.084351539611816406e+01,-1.210148048400878906e+01,-1.084103393554687500e+01,-1.160192108154296875e+01,-1.878977012634277344e+01,-5.832589626312255859e+00,8.674729347229003906e+00,1.815304946899414062e+01,2.132580566406250000e+01,2.310479164123535156e+01,1.482050418853759766e+01,1.013277053833007812e+01,1.008472251892089844e+01,6.579552650451660156e+00,-4.900699853897094727e-01,-7.379676342010498047e+00,-1.179501247406005859e+01,-1.225917434692382812e+01,-1.079610919952392578e+01,-1.582462215423583984e+01,-1.378454113006591797e+01,-2.094602108001708984e+00,-6.423711776733398438e-02,-1.733912825584411621e+00,-2.780958175659179688e+00,6.368151903152465820e-01,-8.741255998611450195e-01,-2.205603599548339844e+00,-1.257820487022399902e+00,-5.600763320922851562e+00,-1.170956802368164062e+01,-9.735816955566406250e+00,-7.385534286499023438e+00,-9.938592910766601562e+00,-6.894399642944335938e+00,4.768319725990295410e-01,5.711866378784179688e+00,5.396234989166259766e+00,3.334387063980102539e+00,2.612096071243286133e+00,4.939120292663574219e+00,6.029464721679687500e+00,5.002142906188964844e+00,1.088553237915039062e+01,7.003290176391601562e+00,-2.144491672515869141e+00,-3.997128486633300781e+00,-5.319341659545898438e+00,-3.991755962371826172e+00,3.128972053527832031e+00,-1.420181632041931152e+00,-6.641512870788574219e+00,-6.003708839416503906e+00,-4.700412750244140625e+00,-8.251003265380859375e+00,-4.655686378479003906e+00,-2.528029441833496094e+00,-4.325830459594726562e+00,-3.746107101440429688e+00,4.706171035766601562e+00,-6.692324161529541016e+00,-9.528038024902343750e+00,-7.755168080329895020e-01,-2.129285812377929688e+00,-2.747375011444091797e+00,-1.154613971710205078e+00,3.327716350555419922e+00,4.381881237030029297e+00,-4.830399036407470703e+00,-8.129056930541992188e+00,-1.079677295684814453e+01,3.275130748748779297e+00,4.622376918792724609e+00,1.433981060981750488e+00,-1.560695528984069824e+00,-2.393406867980957031e+00,-4.132768630981445312e+00,-1.230533409118652344e+01,-1.407365036010742188e+01,-1.025208854675292969e+01,-1.025919914245605469e+01,-1.111256313323974609e+01,-4.364161968231201172e+00,-3.594353675842285156e+00,-1.068524932861328125e+01,-1.868751907348632812e+01,-1.659825134277343750e+01,-1.170492172241210938e+01,-2.618270635604858398e+00,-5.373391628265380859e+00,-7.716730594635009766e+00,2.163296937942504883e+00,9.969638824462890625e+00,1.077571105957031250e+01,3.695824146270751953e+00,4.465964317321777344e+00,6.037710189819335938e+00,3.769183158874511719e+00,2.037691593170166016e+00,1.882130146026611328e+00,5.696551322937011719e+00,-3.603652238845825195e+00,9.859149932861328125e+00,1.421804428100585938e+01,1.180783748626708984e+01,1.363955855369567871e+00,1.991761088371276855e+00,4.416342735290527344e+00,6.703267574310302734e+00,9.260356903076171875e+00,7.188639163970947266e+00,5.667378902435302734e+00,8.584075927734375000e+00,9.187025070190429688e+00,7.227075576782226562e+00,8.028060913085937500e+00,8.496619224548339844e+00,6.962841987609863281e+00,6.997780799865722656e+00,8.260249137878417969e+00,8.009389877319335938e+00,1.217146301269531250e+01,1.149878501892089844e+01,7.540160179138183594e+00,9.327249526977539062e+00,7.368874073028564453e+00,4.493803501129150391e+00,3.393807649612426758e+00,5.029366016387939453e+00,1.081865119934082031e+01,1.582366085052490234e+01,6.194419860839843750e+00,4.491182327270507812e+00,1.394772338867187500e+01,2.068077468872070312e+01,9.843664169311523438e+00,4.449653148651123047e+00,1.062805557250976562e+01,9.691776275634765625e+00,1.214665603637695312e+01,1.046282100677490234e+01,-7.446281909942626953e-01,-5.548733711242675781e+00,-3.759663820266723633e+00,-5.473114848136901855e-01,-1.878661155700683594e+00,-1.111587047576904297e+01,-6.419631004333496094e+00,-5.062447547912597656e+00,2.122115612030029297e+00,6.158635139465332031e+00,8.255779266357421875e+00,5.507828235626220703e+00,-2.362863063812255859e+00,-6.342411041259765625e+00,-1.118879318237304688e+01,-1.392000770568847656e+01,-1.551068019866943359e+01,-1.300150680541992188e+01,-9.357925415039062500e+00,-5.228430271148681641e+00,-5.743206024169921875e+00,1.170680046081542969e+00,9.499019384384155273e-02,2.054355621337890625e+00,1.199864387512207031e+00,-1.298176527023315430e+00,-2.574339866638183594e+00,-8.089895248413085938e+00,-8.445714950561523438e+00,-5.886176109313964844e+00,-5.888978004455566406e+00,2.770634174346923828e+00,8.366902351379394531e+00,1.011096096038818359e+01,6.629823207855224609e+00,-3.166343927383422852e+00,-1.252992439270019531e+01,-1.677131271362304688e+01,-1.335782337188720703e+01,-9.753990173339843750e+00,-1.267397117614746094e+01,-1.728864860534667969e+01,-1.552402305603027344e+01,-5.901311874389648438e+00,-5.829133033752441406e+00,-5.460677146911621094e+00,-2.749755144119262695e+00,-2.052474021911621094e+00,-1.505145454406738281e+01,-2.271637344360351562e+01,-2.121525955200195312e+01,-1.902796745300292969e+01,-1.258441448211669922e+01,-5.802922248840332031e+00,-2.913728952407836914e-01,5.607785224914550781e+00,1.191392326354980469e+01,9.546977996826171875e+00,6.355467796325683594e+00,-1.793972134590148926e+00,-1.051744270324707031e+01,-8.650949478149414062e+00,-4.577425003051757812e+00,-4.153659045696258545e-01,1.146894645690917969e+01,1.772313117980957031e+01,1.859681129455566406e+01,1.939286422729492188e+01,1.515935802459716797e+01,1.002654552459716797e+01,1.224461555480957031e+01,1.062293243408203125e+01,7.813208580017089844e+00,5.516451358795166016e+00,-1.355016231536865234e-01,-6.105893254280090332e-01,1.016618490219116211e+00,1.976556777954101562e+00,-4.909496307373046875e+00,-1.355245018005371094e+01,-1.394205951690673828e+01,-1.428657722473144531e+01,-1.358387851715087891e+01,-8.993034362792968750e+00,-1.073926925659179688e+01,4.168272972106933594e+00,1.956584548950195312e+01,3.005295181274414062e+01,2.558898925781250000e+01,1.346544361114501953e+01,4.590079307556152344e+00,3.886252164840698242e+00,4.548640251159667969e+00,1.046121978759765625e+01,1.355043411254882812e+01,1.613594436645507812e+01,2.085694122314453125e+01,2.244306945800781250e+01,1.752345657348632812e+01,1.006891441345214844e+01,4.956198692321777344e+00,6.617731571197509766e+00,1.183490753173828125e+01,1.088793468475341797e+01,3.079087018966674805e+00,3.278293609619140625e+00,7.391395568847656250e+00,7.894480705261230469e+00,6.681135177612304688e+00,6.527127265930175781e+00,6.334481239318847656e+00,3.450792312622070312e+00,4.276374816894531250e+00,-1.698028087615966797e+00,-3.189265012741088867e+00,3.371144056320190430e+00,1.810352444648742676e+00,-1.606243610382080078e+00,-3.502759933471679688e+00,-1.327950382232666016e+01,-1.631852531433105469e+01,-1.260409927368164062e+01,-1.334712219238281250e+01,-1.075681495666503906e+01,-7.506565093994140625e+00,-6.624105453491210938e+00,-4.919006824493408203e+00,-5.623361587524414062e+00,1.239453434944152832e+00,9.447712898254394531e+00,6.961483955383300781e+00,3.892601966857910156e+00,4.294030189514160156e+00,5.691304206848144531e-01,2.841640472412109375e+00,8.843115806579589844e+00,6.164902687072753906e+00,4.968423843383789062e+00,-7.573405504226684570e-01,2.981924533843994141e+00,9.519908905029296875e+00,3.839698314666748047e+00,-1.232517838478088379e+00,3.565018653869628906e+00,5.105155706405639648e-01,7.607962608337402344e+00,1.081051063537597656e+01,1.319167327880859375e+01,1.546980285644531250e+01,1.813563537597656250e+01,1.798087692260742188e+01,1.218124294281005859e+01,1.282849597930908203e+01,1.071840763092041016e+01,8.632951736450195312e+00,1.165757560729980469e+01,1.158933258056640625e+01,3.424614429473876953e+00,-1.203221797943115234e+00,2.400745868682861328e+00,4.141401767730712891e+00,3.573524475097656250e+00,4.052754402160644531e+00,9.200879096984863281e+00,4.920303344726562500e+00,-2.569713830947875977e+00,1.566841244697570801e+00,7.935852527618408203e+00,1.502941131591796875e+01,1.506030273437500000e+01,1.471948051452636719e+01,3.773721456527709961e+00,-1.740850210189819336e+00,-8.191230893135070801e-01,-5.258840560913085938e+00,-4.645915031433105469e+00,-4.610047340393066406e+00,-8.114714622497558594e+00,-7.745745182037353516e+00,-3.255814313888549805e+00,5.613543391227722168e-01,8.817152023315429688e+00,1.683884811401367188e+01,2.440076828002929688e+01,2.380521965026855469e+01,1.699148559570312500e+01,1.022973251342773438e+01,6.570694923400878906e+00,7.712645530700683594e+00,9.482605934143066406e+00,1.479414939880371094e+01,1.452065277099609375e+01,5.519177436828613281e+00,-9.208514213562011719e+00,-1.990662384033203125e+01,-1.709174156188964844e+01,-1.366884326934814453e+01,-9.824205398559570312e+00,1.375534343719482422e+01,2.970190429687500000e+01,2.554554557800292969e+01,2.050449752807617188e+01,2.328004455566406250e+01,2.301981925964355469e+01,2.007028579711914062e+01,2.064557266235351562e+01,2.211845397949218750e+01,6.534509658813476562e+00,-4.464566707611083984e+00,-1.207964324951171875e+01,-2.316948318481445312e+01,-2.959259033203125000e+01,-2.297498512268066406e+01,-1.193433189392089844e+01,2.650567531585693359e+00,1.339502334594726562e+01,1.347356605529785156e+01,6.247282028198242188e+00,4.044581413269042969e+00,4.930197715759277344e+00,-1.565869450569152832e+00,6.310317039489746094e+00,2.942209005355834961e+00,3.476088047027587891e+00,4.891751289367675781e+00,5.344006538391113281e+00,7.138481140136718750e+00,7.418122291564941406e+00,3.582034826278686523e+00,7.355869293212890625e+00,1.253181076049804688e+01,1.626489639282226562e+01,1.839595222473144531e+01,2.008759689331054688e+01,1.771026611328125000e+01,1.193912696838378906e+01,7.015127182006835938e+00,4.302880287170410156e+00,-6.352825164794921875e+00,-7.856293678283691406e+00,-6.847466945648193359e+00,-1.066497611999511719e+01,-1.407233524322509766e+01,-1.839434242248535156e+01,-1.072557830810546875e+01,-8.579232215881347656e+00,-1.061292171478271484e+01,-4.589427947998046875e+00,-3.237277746200561523e+00,1.642949104309082031e+00,6.260448455810546875e+00,7.204123497009277344e+00,3.986145019531250000e+00,3.068468093872070312e+00,1.158706283569335938e+01,8.175046920776367188e+00,-3.300077438354492188e+00,1.257740020751953125e+00,-4.968527317047119141e+00,-9.237875938415527344e+00,-4.777323722839355469e+00,-3.376303195953369141e+00,-7.464838981628417969e+00,-1.124283695220947266e+01,-1.456617641448974609e+01,-1.341236495971679688e+01,-1.067627429962158203e+01,2.733556509017944336e+00,1.095356345176696777e+00,1.846132755279541016e+00,4.158366680145263672e+00,8.066595792770385742e-01,3.187072515487670898e+00,1.696730375289916992e+00,2.266083717346191406e+00,5.913864135742187500e+00,1.801276922225952148e+00,-1.685659408569335938e+00,-6.189234733581542969e+00,-1.145249938964843750e+01,-1.225809097290039062e+01,-1.412377071380615234e+01,-1.690806198120117188e+01,-1.062407970428466797e+01,-5.317834854125976562e+00,-7.778182983398437500e+00,-7.260422706604003906e+00,-1.927639126777648926e+00,-7.587984949350357056e-02,1.771120071411132812e+00,1.018717670440673828e+01,1.417825508117675781e+01,1.667826271057128906e+01,1.869417190551757812e+01,2.350504684448242188e+01,2.045692062377929688e+01,1.945021820068359375e+01,1.756673049926757812e+01,1.135422325134277344e+01,7.992556571960449219e+00,1.323148250579833984e+01,1.455396080017089844e+01,2.214124298095703125e+01,2.345702362060546875e+01,2.962484359741210938e+01,3.151747322082519531e+01,2.860020446777343750e+01,2.845217323303222656e+01,2.486094093322753906e+01,2.240125274658203125e+01,2.139791107177734375e+01,1.738700866699218750e+01,1.925777816772460938e+01,2.082929611206054688e+01,2.024337768554687500e+01,2.187229347229003906e+01,1.145812606811523438e+01,5.093744277954101562e+00,3.396664857864379883e-01,-3.751281023025512695e+00,-3.157496452331542969e-03,4.444245338439941406e+00,3.176760911941528320e+00,2.659234523773193359e+00,7.509301900863647461e-01,-5.577013015747070312e+00,-6.133975982666015625e+00,-3.053752422332763672e+00,-7.270996093750000000e+00,-1.153776550292968750e+01,-1.249550056457519531e+01,-1.135272407531738281e+01,3.820233345031738281e+00,8.489977836608886719e+00,3.964894771575927734e+00,-1.634109735488891602e+00,4.379610061645507812e+00,3.096524238586425781e+00,3.790444850921630859e+00,-2.322204351425170898e+00,2.076785087585449219e+00,1.306115341186523438e+01,1.801084899902343750e+01,1.488638591766357422e+01,1.134624290466308594e+01,3.430835604667663574e-01,-1.148862457275390625e+01,-1.316264152526855469e+01,-3.588023900985717773e+00,3.041228294372558594e+00,4.075981140136718750e+00,7.761881828308105469e+00,1.358949279785156250e+01,1.590176677703857422e+01,1.688463592529296875e+01,1.945044326782226562e+01,3.008918571472167969e+01,2.906772994995117188e+01,1.897715377807617188e+01,1.919504928588867188e+01,1.534195709228515625e+01,8.110528945922851562e+00,8.884130477905273438e+00,5.559124469757080078e+00,8.241365432739257812e+00,1.271189689636230469e+01,1.493331527709960938e+01,1.240113258361816406e+01,1.616033315658569336e-01,-4.706995487213134766e+00,-1.967468142509460449e+00,5.510058403015136719e-01,4.342965126037597656e+00,9.021343231201171875e+00,1.470635795593261719e+01,1.324468326568603516e+01,9.183399200439453125e+00,3.201687812805175781e+00,4.061329841613769531e+00,1.294812488555908203e+01,1.914942169189453125e+01,2.329968261718750000e+01,2.485929489135742188e+01,2.457135581970214844e+01,2.090454864501953125e+01,1.593222808837890625e+01,1.945674133300781250e+01,1.828374862670898438e+01,1.454613685607910156e+01,1.405265426635742188e+01,1.173487472534179688e+01,1.623474311828613281e+01,1.322066211700439453e+01,1.090037155151367188e+01,1.099390602111816406e+01,1.293712615966796875e+01,1.267562866210937500e+01,1.389864158630371094e+01,1.191107940673828125e+01,1.103888893127441406e+01,1.294654273986816406e+01,9.647105216979980469e+00,8.074771881103515625e+00,8.698899269104003906e+00,1.908941864967346191e+00,-1.824743270874023438e+00,5.810291290283203125e+00,8.751140594482421875e+00,6.375764846801757812e+00,-1.539204835891723633e+00,-1.372150993347167969e+01,-1.769154930114746094e+01,-9.566560745239257812e+00,-6.086564064025878906e+00,-8.493768692016601562e+00,-6.378595352172851562e+00,-5.345678329467773438e+00,8.795790672302246094e-01,-3.413677811622619629e-01,-1.250620841979980469e+01,-1.500610446929931641e+01,-1.226199626922607422e+01,-9.104846954345703125e+00,-4.412540435791015625e+00,3.619436025619506836e+00,6.960323333740234375e+00,9.368710517883300781e+00,7.895779609680175781e+00,4.242803573608398438e+00,3.998672723770141602e+00,9.667731285095214844e+00,8.065298080444335938e+00,1.440644741058349609e+00,3.350180387496948242e-01,4.247033119201660156e+00,-6.469550132751464844e+00,-1.241911029815673828e+01,-1.701117515563964844e+01,-2.039438247680664062e+01,-1.605657577514648438e+01,-9.046030044555664062e+00,-1.576731300354003906e+01,-1.945212364196777344e+01,-1.712933540344238281e+01,-9.615313529968261719e+00,-6.077225685119628906e+00,-1.522050499916076660e+00,1.715088725090026855e+00,1.200565147399902344e+01,1.910264778137207031e+01,1.704675674438476562e+01,9.289977073669433594e+00,2.437085509300231934e-01,-6.763833045959472656e+00,-6.675460338592529297e+00,-4.110540390014648438e+00,-4.410085678100585938e+00,-5.730975151062011719e+00,-4.358345031738281250e+00,-1.013404965400695801e+00,1.235998511314392090e+00,1.240448474884033203e+00,-5.193810462951660156e+00,-7.759213447570800781e+00,-5.829418659210205078e+00,-9.105588912963867188e+00,-1.768175125122070312e+01,-2.087578010559082031e+01,-1.971463012695312500e+01,-1.640580749511718750e+01,-7.425189971923828125e+00,1.399492740631103516e+00,1.763568305969238281e+01,2.566971588134765625e+01,2.595818328857421875e+01,2.280878448486328125e+01,1.980553436279296875e+01,1.593005561828613281e+01,1.162944412231445312e+01,1.470276069641113281e+01,1.473659420013427734e+01,1.132535552978515625e+01,1.119454765319824219e+01,7.387704849243164062e+00,-5.270286798477172852e-01,-6.575445175170898438e+00,-5.615293502807617188e+00,-3.437184572219848633e+00,-2.623433589935302734e+00,-4.145978450775146484e+00,-3.470786571502685547e+00,-2.743511915206909180e+00,5.833420753479003906e+00,6.441979408264160156e+00,-4.815954208374023438e+00,-1.094570732116699219e+01,-7.936543941497802734e+00,-6.984617233276367188e+00,-2.481750249862670898e+00,-1.061312103271484375e+01,-9.296989440917968750e+00,-9.083132743835449219e+00,-4.510118007659912109e+00,-4.754504203796386719e+00,-7.335175514221191406e+00,-6.529412269592285156e+00,1.145529365539550781e+01,1.021134567260742188e+01,1.286767196655273438e+01,1.711297988891601562e+01,1.781736946105957031e+01,2.322086715698242188e+01,2.819843292236328125e+01,2.326583099365234375e+01,1.811302757263183594e+01,1.684073638916015625e+01,1.541341114044189453e+01,1.150601100921630859e+01,1.162944030761718750e+01,1.470550441741943359e+01,1.307991409301757812e+01,1.378663253784179688e+01,1.832993507385253906e+01,1.847096252441406250e+01,1.926000976562500000e+01,1.911733245849609375e+01,1.669380950927734375e+01,1.061210346221923828e+01,3.303420066833496094e+00,-5.197875976562500000e+00,-1.090192222595214844e+01,-8.925096511840820312e+00,-6.195132255554199219e+00,2.778181314468383789e+00,5.395250320434570312e+00,3.436354398727416992e+00,1.027855396270751953e+00,8.557632446289062500e+00,2.663570976257324219e+01,3.537617492675781250e+01,3.482005310058593750e+01,2.662938308715820312e+01,1.916191101074218750e+01,1.166498374938964844e+01,-4.940559566020965576e-01,6.774196624755859375e+00,2.076636505126953125e+01,3.097312164306640625e+01,3.312440872192382812e+01,2.910628890991210938e+01,1.348512077331542969e+01,1.500518131256103516e+01,2.427858734130859375e+01,2.492637252807617188e+01,1.734348297119140625e+01,1.355611038208007812e+01,6.887883186340332031e+00,6.127820014953613281e+00,1.172913169860839844e+01,2.458687973022460938e+01,2.139437484741210938e+01,7.855876922607421875e+00,2.640651941299438477e+00,8.369935750961303711e-01,-9.496089220046997070e-01,-2.468551158905029297e+00,-3.903352737426757812e+00,-5.373629570007324219e+00,9.229238629341125488e-01,3.053223848342895508e+00,6.394151210784912109e+00,1.905664443969726562e+00,-3.171928882598876953e+00,-2.710695743560791016e+00,4.725961685180664062e+00,-4.451798439025878906e+00,2.297566980123519897e-01,4.376033782958984375e+00,8.874732017517089844e+00,1.393952941894531250e+01,1.161458683013916016e+01,3.935742378234863281e+00,-3.554792404174804688e+00,1.045133709907531738e+00,5.481770515441894531e+00,8.358072280883789062e+00,8.149931907653808594e+00,1.386511802673339844e+01,1.522595119476318359e+01,1.859685134887695312e+01,2.436082458496093750e+01,3.227355575561523438e+01,2.741588592529296875e+01,2.441888046264648438e+01,2.093481826782226562e+01,2.919585704803466797e+00,-3.098874568939208984e+00,1.070176362991333008e+00,7.232284545898437500e+00,6.245050430297851562e+00,8.797460556030273438e+00,1.026794815063476562e+01,8.030780792236328125e+00,5.393966674804687500e+00,1.232634544372558594e+00,-7.110040783882141113e-01,7.098800659179687500e+00,4.826762676239013672e+00,4.232981681823730469e+00,6.927056312561035156e+00,8.532086372375488281e+00,8.331920623779296875e+00,5.002891063690185547e+00,2.261461973190307617e+00,4.414729595184326172e+00,1.471452474594116211e+00,-1.943645358085632324e+00,1.621736049652099609e+00,7.836150169372558594e+00,7.279175758361816406e+00,8.947849273681640625e-04,-4.996872425079345703e+00,-9.135200500488281250e+00,-9.338368177413940430e-01,8.154469490051269531e+00,9.240120887756347656e+00,9.536950111389160156e+00,6.990981578826904297e+00,4.800205707550048828e+00,7.751817703247070312e+00,7.751124382019042969e+00,5.285480976104736328e+00,4.801951348781585693e-01,1.317642688751220703e+00,4.455023288726806641e+00,4.707547187805175781e+00,3.581315517425537109e+00,1.989820718765258789e+00,-3.253293514251708984e+00,2.596361398696899414e+00,8.878111839294433594e+00,1.870296287536621094e+01,2.030627250671386719e+01,5.123584747314453125e+00,-9.728936195373535156e+00,-1.719065475463867188e+01,-1.502906036376953125e+01,-1.414546585083007812e+01,-1.164057445526123047e+01,-7.572092056274414062e+00,-1.196895694732666016e+01,-2.096550750732421875e+01,-1.844425964355468750e+01,-9.888179779052734375e+00,3.064475059509277344e-01,3.374296188354492188e+00,3.193170785903930664e+00,2.238131284713745117e+00,1.194780588150024414e+00,-7.766451358795166016e+00,-1.490368652343750000e+01,-1.106191539764404297e+01,-6.110430717468261719e+00,5.384858250617980957e-01,-2.892324209213256836e+00,-1.187970924377441406e+01,-1.660557365417480469e+01,-1.003844642639160156e+01,-3.322564601898193359e+00,-3.801423311233520508e-02,2.746008872985839844e+00,2.239769554138183594e+01,3.192992019653320312e+01,2.072720909118652344e+01,1.223340988159179688e+01,1.493392944335937500e+01,1.569970607757568359e+01,2.385460281372070312e+01,1.757685661315917969e+01,7.983709812164306641e+00,-7.570175528526306152e-01,-1.121996045112609863e+00,3.709064126014709473e-01,6.400815963745117188e+00,8.272089004516601562e+00,7.715437889099121094e+00,6.719478368759155273e-01,-1.061976432800292969e+01,-1.282148647308349609e+01,-1.405449485778808594e+01,-1.895626449584960938e+01,-1.629734992980957031e+01,-8.468913078308105469e+00,-6.356097221374511719e+00,-5.012488842010498047e+00,6.826201438903808594e+00,9.799601554870605469e+00,4.908048629760742188e+00,5.576666355133056641e+00,7.709702014923095703e+00,1.209172821044921875e+01,9.568452835083007812e+00,-3.996705055236816406e+00,-1.662934303283691406e+00,9.699733734130859375e+00,2.110117912292480469e+01,1.931491851806640625e+01,1.185893630981445312e+01,8.841390609741210938e+00,1.148776817321777344e+01,3.318755149841308594e+00,-2.182610750198364258e+00,-1.005797386169433594e+00,-3.502477645874023438e+00,-2.659504652023315430e+00,-4.379157066345214844e+00,-2.845264434814453125e+00,2.234595775604248047e+00,9.996302127838134766e-01,3.148161888122558594e+00,3.053318023681640625e+00,7.410717010498046875e+00,1.115005207061767578e+01,7.108423709869384766e+00,4.358177185058593750e+00,2.446709632873535156e+00,2.347875118255615234e+00,6.416862010955810547e-01,-1.141079902648925781e+01,-2.066154479980468750e+01,-1.039418601989746094e+01,-3.519676446914672852e+00,5.158388614654541016e+00,1.409385490417480469e+01,1.255252742767333984e+01,1.073775100708007812e+01,1.179527378082275391e+01,1.493907737731933594e+01,1.808450698852539062e+01,1.754750823974609375e+01,9.504402160644531250e+00,1.057585906982421875e+01,8.638785362243652344e+00,2.861180543899536133e+00,-7.587932586669921875e+00,-1.311029052734375000e+01,-1.835901260375976562e+01,-1.501141929626464844e+01,-1.327398109436035156e+01,-1.378202056884765625e+01,-9.563951492309570312e+00,-8.090425491333007812e+00,-1.000126266479492188e+01,-1.192546272277832031e+01,-9.645874977111816406e+00,-2.667240619659423828e+00,-3.411170721054077148e+00,4.887154698371887207e-01,5.845066070556640625e+00,5.393482446670532227e-01,3.503907680511474609e+00,9.272418022155761719e+00,7.524473190307617188e+00,4.219895362854003906e+00,5.117525100708007812e+00,1.412421989440917969e+01,2.284772491455078125e+01,2.320248413085937500e+01,2.226243019104003906e+01,2.102383232116699219e+01,2.235386276245117188e+01,1.930083656311035156e+01,1.484588241577148438e+01,1.370920944213867188e+01,1.340509796142578125e+01,6.569174289703369141e+00,9.438461303710937500e+00,1.455054092407226562e+01,1.307529354095458984e+01,1.140709304809570312e+01,1.191583442687988281e+01,1.023370933532714844e+01,1.275471496582031250e+01,1.212872695922851562e+01,1.481633377075195312e+01,1.288297462463378906e+01,1.185449600219726562e+01,1.232069969177246094e+01,1.068328189849853516e+01,8.468742370605468750e+00,7.058462142944335938e+00,8.220887184143066406e+00,9.899866104125976562e+00,1.242549800872802734e+01,1.322151470184326172e+01,1.177385902404785156e+01,1.229095458984375000e+01,9.419797897338867188e+00,2.919532060623168945e+00,2.334690570831298828e+00,6.000354766845703125e+00,5.885986685752868652e-01,1.061153793334960938e+01,5.440963745117187500e+00,-1.691627502441406250e-02,-2.900768280029296875e+00,-4.919462203979492188e+00,-5.106762886047363281e+00,-6.489784240722656250e+00,-1.691459655761718750e+01,-2.081215476989746094e+01,-1.892621612548828125e+01,-1.632697677612304688e+01,-9.321278572082519531e+00,-4.459259033203125000e+00,3.026908397674560547e+00,-6.791581153869628906e+00,-1.115954780578613281e+01,-5.793082714080810547e-02,8.973812103271484375e+00,1.767928314208984375e+01,2.214609909057617188e+01,1.429791927337646484e+01,2.911956787109375000e+00,5.336958169937133789e-02,6.691649436950683594e+00,8.993030548095703125e+00,8.837635040283203125e+00,1.796627044677734375e+00,-2.754168987274169922e+00,2.377259016036987305e+00,5.570062637329101562e+00,4.188923835754394531e+00,1.683894348144531250e+01,2.298366928100585938e+01,1.272440528869628906e+01,3.387738943099975586e+00,6.238514900207519531e+00,8.886814117431640625e+00,1.411497211456298828e+01,1.566691970825195312e+01,1.604132461547851562e+01,1.789478683471679688e+01,1.936571502685546875e+01,1.590599822998046875e+01,1.140182113647460938e+01,1.519166564941406250e+01,1.700901031494140625e+01,1.162544059753417969e+01,1.437180328369140625e+01,1.434266471862792969e+01,8.279117584228515625e+00,5.362943649291992188e+00,1.203047180175781250e+01,1.543991374969482422e+01,1.897681427001953125e+01,2.252513313293457031e+01,2.362465286254882812e+01,1.841634178161621094e+01,1.283439254760742188e+01,9.472526550292968750e+00,1.265606784820556641e+01,5.895623683929443359e+00,2.621963262557983398e+00,-5.331796169281005859e+00,-7.843838691711425781e+00,-5.405497550964355469e+00,1.635666012763977051e+00,5.194881439208984375e+00,1.284644889831542969e+01,1.251650619506835938e+01,6.998822212219238281e+00,4.674076080322265625e+00,1.342871856689453125e+01,2.012854003906250000e+01,1.579183387756347656e+01,4.445154190063476562e+00,5.121012687683105469e+00,1.962290048599243164e+00,-1.792562723159790039e+00,-7.000192642211914062e+00,-1.549616432189941406e+01,-1.496201801300048828e+01,-8.962965011596679688e+00,-5.978160858154296875e+00,-8.510599136352539062e+00,-7.692464828491210938e+00,-6.325932502746582031e+00,-7.723217487335205078e+00,-2.197390556335449219e+00,-2.004453182220458984e+00,5.152584075927734375e+00,7.196762084960937500e+00,5.102574825286865234e+00,8.299347877502441406e+00,9.380485534667968750e+00,8.202850341796875000e+00,9.914398193359375000e+00,1.196976661682128906e+01,1.303516578674316406e+01,7.994400978088378906e+00,8.775124549865722656e+00,1.407775974273681641e+01,1.741713142395019531e+01,1.289128684997558594e+01,8.302671432495117188e+00,7.025916099548339844e+00,8.254411697387695312e+00,1.018051528930664062e+01,8.468887329101562500e+00,-6.131345033645629883e-01,-1.096916770935058594e+01,-5.470952033996582031e+00,4.975017070770263672e+00,1.964238739013671875e+01,1.172598648071289062e+01,1.094426441192626953e+01,1.106843471527099609e+01,1.590538406372070312e+01,1.718034553527832031e+01,1.667947387695312500e+01,1.469281387329101562e+01,7.155727386474609375e+00,3.316949605941772461e-01,-1.882582426071166992e+00,-8.307861089706420898e-01,-1.776676177978515625e+00,1.629433035850524902e-01,-8.199261426925659180e-01,-4.496116638183593750e+00,-1.673403263092041016e+00,2.636137485504150391e+00,1.194496393203735352e+00,5.859691619873046875e+00,4.507328510284423828e+00,1.396986842155456543e+00,-4.378584384918212891e+00,-7.884237766265869141e+00,-8.594192504882812500e+00,-5.768415451049804688e+00,-4.846754550933837891e+00,3.820188045501708984e-01,5.098832130432128906e+00,1.429728698730468750e+01,2.386481285095214844e+01,1.126287651062011719e+01,1.668245792388916016e-01,1.258170890808105469e+01,1.718765258789062500e+01,1.689719390869140625e+01,1.504704666137695312e+01,1.241134452819824219e+01,8.627513885498046875e+00,8.514708518981933594e+00,6.920260429382324219e+00,2.893103599548339844e+00,1.025338411331176758e+00,-3.999967813491821289e+00,-1.103530311584472656e+01,-1.275586128234863281e+01,-1.077977371215820312e+01,-1.226442909240722656e+01,-1.226859855651855469e+01,-8.245728492736816406e+00,-8.228389739990234375e+00,-4.691186904907226562e+00,-1.759303927421569824e+00,-3.416677236557006836e+00,4.041839122772216797e+00,6.223769187927246094e+00,-9.572407603263854980e-02,-4.251147508621215820e-01,1.125765228271484375e+01,2.557271575927734375e+01,2.460741806030273438e+01,7.418016433715820312e+00,2.850824356079101562e+00,4.149519205093383789e-01,7.031443595886230469e+00,1.159280014038085938e+01,1.486330604553222656e+01,1.928314018249511719e+01,2.717159652709960938e+01,3.410268783569335938e+01,3.170968627929687500e+01,2.560913848876953125e+01,9.411038398742675781e+00,6.271279335021972656e+00,9.131790161132812500e+00,1.199577331542968750e+01,1.049055767059326172e+01,7.111842155456542969e+00,-5.141789317131042480e-01,-3.518612861633300781e+00,-1.049483656883239746e+00,7.531150579452514648e-01,3.808265209197998047e+00,7.447866201400756836e-01,-4.656699180603027344e+00,-5.011113166809082031e+00,-6.280847549438476562e+00,-1.119293451309204102e+00,-1.062525510787963867e+00,4.695113897323608398e-01,2.096176624298095703e+00,4.597081184387207031e+00,5.175298690795898438e+00,-2.724102735519409180e+00,-7.700312614440917969e+00,-6.688937187194824219e+00,-4.354671955108642578e+00,-7.331732749938964844e+00,-1.742219924926757812e-02,4.217207908630371094e+00,4.129268169403076172e+00,6.404706239700317383e-01,8.057270050048828125e-01,2.523188114166259766e+00,5.862433910369873047e-01,1.649380922317504883e+00,7.103324890136718750e+00,8.280560493469238281e+00,1.628031539916992188e+01,1.736263847351074219e+01,1.376828956604003906e+01,9.270301818847656250e+00,5.465299129486083984e+00,5.959002494812011719e+00,2.712748527526855469e+00,-2.438551902770996094e+00,-1.029793500900268555e+00,7.745538711547851562e+00,3.846554994583129883e+00,4.500210285186767578e-03,-4.635117053985595703e-01,-4.844616889953613281e+00,-1.758525490760803223e+00,-1.987492084503173828e+00,-1.052762222290039062e+01,-1.391108131408691406e+01,-1.669081306457519531e+01,-1.675591659545898438e+01,-1.838268280029296875e+01,-2.132732391357421875e+01,-1.910200691223144531e+01,-2.035421752929687500e+01,-1.794641685485839844e+01,-1.924997329711914062e+01,-1.214459419250488281e+01,-7.004064083099365234e+00,-8.990438461303710938e+00,-1.610556983947753906e+01,-2.238039398193359375e+01,-2.019631958007812500e+01,-2.282700729370117188e+01,-2.512323188781738281e+01,-1.458921051025390625e+01,-8.846404075622558594e+00,-4.416336059570312500e+00,8.375165939331054688e+00,1.359661293029785156e+01,1.103159141540527344e+01,3.947369337081909180e+00,1.103401899337768555e+00,-2.458935976028442383e+00,3.927112340927124023e+00,1.621580886840820312e+01,2.105308532714843750e+01,2.363757705688476562e+01,2.371389198303222656e+01,1.792295074462890625e+01,1.596909713745117188e+01,1.432773208618164062e+01,1.641030120849609375e+01,1.373614978790283203e+01,5.521803379058837891e+00,9.269438982009887695e-01,3.304418087005615234e+00,5.377164363861083984e+00,-1.197837591171264648e+00,-2.238878726959228516e+00,3.969088315963745117e+00,1.020689392089843750e+01,1.155410957336425781e+01,6.745430231094360352e-01,1.921068906784057617e+00,5.092206597328186035e-01,-3.290786981582641602e+00,-9.067497253417968750e+00,-1.101247692108154297e+01,-1.039258193969726562e+01,-8.724481582641601562e+00,-9.728012084960937500e+00,-7.141508102416992188e+00,-9.648729324340820312e+00,-5.684565544128417969e+00,2.167126178741455078e+00,9.441457748413085938e+00,9.149425506591796875e+00,5.366819381713867188e+00,1.208678364753723145e+00,1.411191558837890625e+01,2.339796829223632812e+01,2.874444580078125000e+01,2.535973167419433594e+01,2.035706329345703125e+01,1.838614654541015625e+01,2.230880355834960938e+01,1.840655899047851562e+01,1.550487709045410156e+01,1.669465637207031250e+01,6.949956893920898438e+00,-6.288881778717041016e+00,-7.738125801086425781e+00,9.059464931488037109e-02,8.546858787536621094e+00,2.964027786254882812e+01,4.263283538818359375e+01,3.890981292724609375e+01,2.902108764648437500e+01,2.400848579406738281e+01,2.058384704589843750e+01,1.578884506225585938e+01,5.486444473266601562e+00,3.828856945037841797e+00,6.738610267639160156e-01,-4.293428421020507812e+00,-5.432583332061767578e+00,-2.396297454833984375e+00,2.721635818481445312e+00,4.451076507568359375e+00,1.771920323371887207e+00,-1.206933259963989258e-01,-2.500333547592163086e+00,7.800593376159667969e+00,1.792935562133789062e+01,1.802843093872070312e+01,4.160690307617187500e+00,8.071320056915283203e-01,6.565207481384277344e+00,7.792584419250488281e+00,7.495015144348144531e+00,7.659315109252929688e+00,7.699213981628417969e+00,1.006357574462890625e+01,7.594537734985351562e+00,1.149221301078796387e+00,-1.226606369018554688e+01,-1.944598388671875000e+01,-1.244071960449218750e+01,-6.667252540588378906e+00,-7.197960376739501953e+00,-6.572040915489196777e-01,2.030241012573242188e+00,-2.206306934356689453e+00,-4.203670501708984375e+00,3.452270030975341797e+00,1.285628700256347656e+01,1.275304985046386719e+01,1.419928359985351562e+01,1.421210670471191406e+01,1.194036102294921875e+01,1.271137046813964844e+01,6.308589935302734375e+00,1.148391008377075195e+00,9.814388155937194824e-01,-8.906474113464355469e+00,-1.135359573364257812e+01,-1.077713394165039062e+01,-1.576795673370361328e+01,-2.014695739746093750e+01,-2.118309402465820312e+01,2.133323669433593750e+00,2.025125122070312500e+01,1.693606567382812500e+01,8.081649780273437500e+00,8.445663452148437500e+00,3.763454675674438477e+00,-5.510249614715576172e+00,-9.684797286987304688e+00,-1.057734584808349609e+01,-1.053874778747558594e+01,-1.034643554687500000e+01,-4.731755256652832031e+00,3.303589344024658203e+00,2.205413103103637695e+00,-3.202080488204956055e+00,-7.361330509185791016e+00,-3.427417278289794922e+00,9.721902608871459961e-01,7.016393661499023438e+00,-1.206708192825317383e+00,-8.261680603027343750e-03,1.559968376159667969e+01,2.829767227172851562e+01,2.887460327148437500e+01,2.726944732666015625e+01,2.232952308654785156e+01,1.199778175354003906e+01,5.736522197723388672e+00,4.474844455718994141e+00,6.280156612396240234e+00,7.660854339599609375e+00,6.304625988006591797e+00,2.883623600006103516e+00,-1.153479099273681641e+00,-1.329045653343200684e+00,-1.677581071853637695e+00,-6.760193824768066406e+00,-1.801911115646362305e+00,5.611101150512695312e+00,1.348546600341796875e+01,1.769288444519042969e+01,1.301837539672851562e+01,4.287750124931335449e-01,-4.100954532623291016e+00,-4.190179109573364258e-01,1.553972959518432617e-01,3.917220592498779297e+00,-7.600297927856445312e+00,-1.781784820556640625e+01,-1.101640892028808594e+01,-7.954987525939941406e+00,7.163138985633850098e-01,4.821287631988525391e+00,3.361874580383300781e+00,9.248924255371093750e+00,9.612249374389648438e+00,2.583410644531250000e+01,3.366689682006835938e+01,3.297873687744140625e+01,2.469647789001464844e+01,2.199490928649902344e+01,2.265102767944335938e+01,1.917747879028320312e+01,1.174024581909179688e+01,1.312625885009765625e+01,1.064999198913574219e+01,1.359063339233398438e+01,1.393748855590820312e+01,1.120673465728759766e+01,9.055030822753906250e+00,4.994653701782226562e+00,-3.696659803390502930e+00,-1.089615345001220703e+01,-1.187940406799316406e+01,-6.086486816406250000e+00,-9.216727256774902344e+00,-1.272904300689697266e+01,-1.217393302917480469e+01,-1.375304412841796875e+01,-1.467532157897949219e+01,-1.024856567382812500e+01,-3.636390447616577148e+00,4.818723201751708984e+00,8.496511459350585938e+00,1.961058616638183594e+01,2.677737236022949219e+01,1.791062927246093750e+01,5.026370525360107422e+00,-7.787957191467285156e-01,-4.460596561431884766e+00,-3.391420125961303711e+00,-8.111059665679931641e-01,-4.241234660148620605e-01,3.968469142913818359e+00,6.341538429260253906e+00,2.792281627655029297e+00,-3.877605438232421875e+00,-3.332849740982055664e+00,2.290156602859497070e+00,5.515020370483398438e+00,7.267796039581298828e+00,4.382835388183593750e+00,4.795233726501464844e+00,6.867913722991943359e+00,4.537073135375976562e+00,5.186268806457519531e+00,4.160385131835937500e+00,4.348622798919677734e+00,1.030923843383789062e+01,8.649180412292480469e+00,4.602448463439941406e+00,3.195474624633789062e+00,4.036828041076660156e+00,2.562049388885498047e+00,1.970312833786010742e+00,5.929137706756591797e+00,4.917857170104980469e+00,3.732495307922363281e+00,6.666154265403747559e-01,1.721916794776916504e+00,5.731460094451904297e+00,3.830126762390136719e+00,1.541789770126342773e+00,2.825723886489868164e+00,4.791142463684082031e+00,7.349904537200927734e+00,8.552289962768554688e+00,8.321337699890136719e+00,5.724527359008789062e+00,6.980792999267578125e+00,8.520473480224609375e+00,8.852645874023437500e+00,5.686012268066406250e+00,1.206070184707641602e+00,5.198098659515380859e+00,7.170027732849121094e+00,1.349239158630371094e+01,1.083180236816406250e+01,7.036624908447265625e+00,1.585196256637573242e+00,8.888604044914245605e-01,-1.997634410858154297e+00,-1.505756378173828125e+01,-1.687553024291992188e+01,-1.999375534057617188e+01,-1.545202445983886719e+01,-1.589855384826660156e+01,-1.537977981567382812e+01,-1.709879684448242188e+01,-1.222278594970703125e+01,-6.023801326751708984e+00,-5.122737407684326172e+00,-8.685545921325683594e+00,-7.733744144439697266e+00,-9.333617210388183594e+00,-1.184662055969238281e+01,-1.265079307556152344e+01,-2.723333597183227539e+00,1.294692754745483398e-01,-3.303623676300048828e+00,-1.009091377258300781e+01,-8.932523727416992188e+00,-3.610607147216796875e+00,-7.271163940429687500e+00,-1.430921745300292969e+01,-1.899127197265625000e+01,-2.078898239135742188e+01,-1.390021324157714844e+01,-1.019761943817138672e+01,-9.724884033203125000e+00,-4.654139518737792969e+00,3.893752098083496094e+00,4.659713268280029297e+00,2.768498897552490234e+00,-2.331533193588256836e+00,-8.354269027709960938e+00,-1.653449821472167969e+01,-1.854655456542968750e+01,-1.377239894866943359e+01,-1.517835998535156250e+01,-1.032128429412841797e+01,-1.095323371887207031e+01,-3.879536628723144531e+00,-5.498216629028320312e+00,-5.472211837768554688e+00,-1.118090152740478516e+00,2.380527496337890625e+00,2.031863689422607422e+00,1.399502754211425781e+01,2.567359924316406250e+01,2.377286911010742188e+01,1.413843631744384766e+01,2.157968759536743164e+00,-6.986537456512451172e+00,-3.723718404769897461e+00,1.007126867771148682e-01,2.264391422271728516e+00,5.339208126068115234e+00,-3.758449077606201172e+00,-6.578719139099121094e+00,-1.083377838134765625e+01,-1.130064773559570312e+01,-1.763192367553710938e+01,-2.292608642578125000e+01,-2.029643630981445312e+01,-1.103099632263183594e+01,-6.664095878601074219e+00,2.831720590591430664e+00,8.415560722351074219e+00,4.078665256500244141e+00,-7.653590440750122070e-01,1.007247686386108398e+00,1.738858103752136230e+00,7.628720402717590332e-01,4.891525268554687500e+00,1.031044673919677734e+01,1.265789318084716797e+01,1.225161743164062500e+01,6.803019523620605469e+00,2.960771560668945312e+00,-3.755778372287750244e-01,-3.782534837722778320e+00,-1.539324283599853516e+01,-1.696797943115234375e+01,-1.470917510986328125e+01,-1.388805770874023438e+01,-1.226067352294921875e+01,-8.229057312011718750e+00,-8.865333557128906250e+00,-8.856641769409179688e+00,-5.501009941101074219e+00,-4.628679275512695312e+00,-6.823990941047668457e-01,-4.345398426055908203e+00,-7.294257164001464844e+00,-6.260888576507568359e+00,-4.573009967803955078e+00,4.702930450439453125e+00,7.152976036071777344e+00,4.383375167846679688e+00,4.073709487915039062e+00,-2.088218688964843750e+00,-7.302664279937744141e+00,-1.900756359100341797e+00,3.103683233261108398e+00,2.175657510757446289e+00,5.587368011474609375e-01,-1.553499579429626465e+00,-3.695538043975830078e+00,-2.741974592208862305e+00,-7.174158096313476562e+00,-4.432276248931884766e+00,8.227313041687011719e+00,2.198367118835449219e+01,2.393914031982421875e+01,1.478161144256591797e+01,8.775051116943359375e+00,9.423727989196777344e+00,1.326882457733154297e+01,1.463712692260742188e+01,1.242556953430175781e+01,7.080501556396484375e+00,-1.499301195144653320e+00,-5.025635719299316406e+00,-1.889741063117980957e+00,-3.317285776138305664e-01,7.270132064819335938e+00,4.295056819915771484e+00,3.001133680343627930e+00,8.132682800292968750e+00,3.716097593307495117e+00,5.485812664031982422e+00,9.939428329467773438e+00,7.562824249267578125e+00,8.170060157775878906e+00,6.534331321716308594e+00,3.779284238815307617e+00,9.103040695190429688e+00,1.271971130371093750e+01,1.132227897644042969e+01,1.429066276550292969e+01,1.093604469299316406e+01,8.438142776489257812e+00,7.179087638854980469e+00,9.671722412109375000e+00,1.125985336303710938e+01,6.711323738098144531e+00,-2.579391479492187500e+00,-2.149764299392700195e+00,-2.722455024719238281e+00,-4.852061271667480469e+00,-2.877893924713134766e+00,-4.760527610778808594e+00,-1.521126174926757812e+01,-3.762938976287841797e+00,-1.182479023933410645e+00,-2.053327560424804688e-01,3.401698112487792969e+00,4.627196311950683594e+00,1.109385490417480469e-01,-6.832749247550964355e-01,-5.379347324371337891e+00,-1.208347415924072266e+01,-1.944610404968261719e+01,-2.206941986083984375e+01,-2.222714233398437500e+01,-2.102264785766601562e+01,-1.983107757568359375e+01,-1.865427017211914062e+01,-1.731233406066894531e+01,-1.220116233825683594e+01,-9.050413131713867188e+00,-1.032482814788818359e+01,-1.133257293701171875e+01,-7.142639636993408203e+00,-8.655377388000488281e+00,-1.323042964935302734e+01,-1.344384193420410156e+01,-1.069597244262695312e+01,-7.127476692199707031e+00,-7.921686649322509766e+00,-7.226338863372802734e+00,-4.525679588317871094e+00,-6.588999748229980469e+00,-7.726039886474609375e+00,7.658295154571533203e+00,1.236515045166015625e+01,9.290019989013671875e+00,7.197492122650146484e+00,6.522322177886962891e+00,8.389734268188476562e+00,9.703533172607421875e+00,8.295067787170410156e+00,8.477722167968750000e+00,6.587119102478027344e+00,5.636090278625488281e+00,2.523486375808715820e+00,1.709051370620727539e+00,3.279592275619506836e+00,6.417835712432861328e+00,7.190465450286865234e+00,6.203062057495117188e+00,-4.703830718994140625e+00,-5.300845146179199219e+00,-7.015384674072265625e+00,-4.259896278381347656e+00,1.725418686866760254e+00,2.161395072937011719e+00,-1.328742742538452148e+00,1.012886333465576172e+01,1.772905349731445312e+01,2.088443565368652344e+01,1.722111320495605469e+01,7.392148017883300781e+00,-2.511570453643798828e+00,-2.163890123367309570e+00,2.108255028724670410e-01,3.745061874389648438e+00,6.010053634643554688e+00,9.646869659423828125e+00,8.448997497558593750e+00,6.565533638000488281e+00,7.657593250274658203e+00,4.448852539062500000e+00,1.267431735992431641e+00,4.785918235778808594e+00,1.258799934387207031e+01,1.514801979064941406e+01,9.160108566284179688e+00,-2.293910264968872070e+00,-3.863807678222656250e+00,3.511831760406494141e+00,3.702887058258056641e+00,-1.266087651252746582e+00,-7.839468002319335938e+00,-6.010210037231445312e+00,-5.329981803894042969e+00,-4.969002723693847656e+00,-3.883632183074951172e+00,-3.997149467468261719e+00,-4.102704048156738281e+00,-5.677962779998779297e+00,-5.828676223754882812e+00,-6.020051956176757812e+00,-4.181094169616699219e+00,-2.345601558685302734e+00,-5.719627380371093750e+00,-7.122748851776123047e+00,-6.470967769622802734e+00,-8.220308303833007812e+00,-4.904328346252441406e+00,-1.868327736854553223e+00,-3.247458934783935547e+00,4.035162448883056641e+00,3.541025161743164062e+00,5.741728782653808594e+00,7.235898017883300781e+00,4.324693679809570312e+00,1.355806827545166016e+00,5.807018280029296875e+00,3.868871688842773438e+00,3.434288501739501953e+00,1.678605198860168457e+00,2.418957948684692383e+00,9.350624084472656250e+00,8.203041076660156250e+00,5.195983409881591797e+00,3.570427179336547852e+00,2.692106246948242188e+00,2.361094951629638672e+00,-8.404352068901062012e-01,-3.089475870132446289e+00,-2.188537597656250000e+00,1.053332924842834473e+00,3.290653944015502930e+00,4.127731323242187500e+00,2.840707302093505859e+00,4.013187408447265625e+00,5.173785209655761719e+00,3.981920480728149414e+00,-1.946455240249633789e+00,-1.861069917678833008e+00,5.353455543518066406e-01,5.325559616088867188e+00,9.911893844604492188e+00,8.268243789672851562e+00,7.413397789001464844e+00,8.743858337402343750e+00,8.951532363891601562e+00,2.918489456176757812e+00,2.202515363693237305e+00,-1.595488309860229492e+00,-4.205815315246582031e+00,-3.481733798980712891e+00,-7.043064594268798828e+00,-2.424454450607299805e+00,2.265001296997070312e+00,-2.043070793151855469e+00,-3.891726255416870117e+00,1.461876273155212402e+00,2.022691726684570312e+00,1.294172883033752441e+00,6.198199748992919922e+00,7.919274330139160156e+00,3.159546136856079102e+00,-5.922924876213073730e-01,-7.515021324157714844e+00,-7.761307239532470703e+00,-5.062036037445068359e+00,-4.396331787109375000e+00,-2.804028987884521484e+00,4.938017427921295166e-01,2.525638341903686523e+00,4.485787391662597656e+00,5.261633872985839844e+00,1.254767179489135742e+00,-1.741598606109619141e+00,2.844790935516357422e+00,6.667629241943359375e+00,5.038858890533447266e+00,-3.471931219100952148e-01,-7.344271659851074219e+00,-1.261092185974121094e+01,-1.214335250854492188e+01,-1.248781967163085938e+01,-1.347794151306152344e+01,-2.095129203796386719e+01,-2.339413833618164062e+01,-1.733123779296875000e+01,-5.090248107910156250e+00,2.917373657226562500e+00,5.947587490081787109e+00,1.047761344909667969e+01,7.678214550018310547e+00,3.582335233688354492e+00,8.978790283203125000e+00,8.390739440917968750e+00,3.219592332839965820e+00,9.891593933105468750e+00,1.603768348693847656e+01,1.052926540374755859e+01,8.041217803955078125e+00,6.166315555572509766e+00,9.396938323974609375e+00,9.618036270141601562e+00,4.409592628479003906e+00,-3.972661972045898438e+00,-6.241554260253906250e+00,2.205227613449096680e+00,7.623243331909179688e+00,7.547576904296875000e+00,1.444972991943359375e+01,6.936988830566406250e+00,-4.734053611755371094e+00,-3.982418537139892578e+00,-1.791876602172851562e+01,-1.986462020874023438e+01,-1.720333480834960938e+01,5.243081569671630859e+00,7.364909648895263672e+00,2.912604808807373047e-01,-3.283161163330078125e+00,-2.097867131233215332e-01,1.315663576126098633e+00,-1.595275688171386719e+01,-1.688296508789062500e+01,-1.083623218536376953e+01,-1.177366065979003906e+01,-1.233555412292480469e+01,-5.223179817199707031e+00,-2.259827136993408203e+00,-4.061251163482666016e+00,-5.196722030639648438e+00,-6.933212280273437500e+00,-6.283679008483886719e+00,-5.257043361663818359e+00,1.694456338882446289e+00,1.195686340332031250e+01,8.938727378845214844e+00,2.995152711868286133e+00,-2.953549861907958984e+00,-3.283547639846801758e+00,-2.702814102172851562e+00,-1.409703016281127930e+00,2.482890129089355469e+00,-4.041070938110351562e-01,-9.207468032836914062e+00,2.352753400802612305e+00,1.226512336730957031e+01,1.037427902221679688e+01,3.982983112335205078e+00,1.238320350646972656e+01,1.299821662902832031e+01,1.657310867309570312e+01,1.360687446594238281e+01,1.081625175476074219e+01,1.282095241546630859e+01,1.084338378906250000e+01,2.487146377563476562e+00,4.332916259765625000e+00,1.452449417114257812e+01,1.601214599609375000e+01,1.807312774658203125e+01,1.821247100830078125e+01,1.999791145324707031e+01,1.259031867980957031e+01,2.569100618362426758e+00,-8.480185270309448242e-02,2.881765127182006836e+00,1.873122453689575195e+00,-5.657372474670410156e-01,-5.671138286590576172e+00,-1.440265893936157227e+00,3.618670463562011719e+00,-4.240831732749938965e-01,2.583231449127197266e+00,2.422704219818115234e+00,2.023827075958251953e+00,-4.016128540039062500e+00,-4.186844825744628906e+00,6.031663894653320312e+00,1.715535354614257812e+01,2.905228614807128906e+01,2.532222366333007812e+01,1.845379066467285156e+01,1.476033973693847656e+01,1.827716064453125000e+01,1.425267887115478516e+01,8.277180671691894531e+00,2.587960243225097656e+00,2.054532051086425781e+00,5.037968635559082031e+00,2.875683784484863281e+00,1.232741165161132812e+01,2.517293167114257812e+01,2.960101318359375000e+01,1.876626777648925781e+01,9.033660888671875000e+00,1.194502258300781250e+01,2.406144523620605469e+01,2.010541152954101562e+01,1.417908954620361328e+01,7.528353214263916016e+00,2.314542055130004883e+00,2.393966913223266602e+00,-4.433600902557373047e+00,-7.093480110168457031e+00,2.677311420440673828e+00,4.961873054504394531e+00,-9.002378582954406738e-01,-7.557535171508789062e+00,-1.133475303649902344e+01,-1.018537902832031250e+01,-1.339319229125976562e+01,-1.454906272888183594e+01,-1.172120666503906250e+01,-1.062078666687011719e+01,-7.196931838989257812e+00,-5.694108963012695312e+00,-3.571753025054931641e+00,-2.837978839874267578e+00,-7.191874980926513672e+00,-4.657683372497558594e+00,2.071800708770751953e+00,2.435141801834106445e-01,-1.464140415191650391e-02,-4.737045764923095703e+00,-2.434919595718383789e+00,-3.427502155303955078e+00,-5.207957267761230469e+00,-1.109353828430175781e+01,-1.392776012420654297e+01,-9.715984344482421875e+00,-2.487449645996093750e+00,5.869850635528564453e+00,5.285747528076171875e+00,3.114377498626708984e+00,-5.859032869338989258e-01,-1.911362886428833008e+00,-5.241384506225585938e+00,-5.985074996948242188e+00,-3.571684837341308594e+00,3.162436723709106445e+00,7.140941619873046875e+00,5.580074310302734375e+00,4.519150733947753906e+00,-3.653473377227783203e+00,-8.997400283813476562e+00,-9.902557373046875000e+00,-7.267106056213378906e+00,5.119285583496093750e+00,7.937850475311279297e+00,3.157017230987548828e+00,-5.060237646102905273e-01,2.232330560684204102e+00,-2.592965841293334961e+00,-2.674637794494628906e+00,2.951589822769165039e+00,6.813725948333740234e+00,1.297440290451049805e+00,-4.182862281799316406e+00,4.390005588531494141e+00,5.579860687255859375e+00,1.160911369323730469e+01,8.755102157592773438e+00,6.615799903869628906e+00,-7.614192962646484375e-01,-1.022604656219482422e+01,-1.558809089660644531e+01,-1.318939495086669922e+01,3.619624376296997070e+00,3.394434928894042969e+00,-9.157385230064392090e-01,-2.160375356674194336e+00,-3.835078716278076172e+00,-2.703825473785400391e+00,-8.522486686706542969e+00,-9.964670181274414062e+00,-8.177144050598144531e+00,-6.480817794799804688e+00,-2.879148483276367188e+00,1.202237844467163086e+00,6.745862483978271484e+00,1.034640979766845703e+01,1.316767597198486328e+01,1.522248458862304688e+01,1.337330055236816406e+01,1.501888561248779297e+01,1.796062088012695312e+01,1.744718170166015625e+01,1.276091957092285156e+01,7.375647544860839844e+00,3.603281974792480469e+00,1.493121147155761719e+00,-5.642223358154296875e-02,3.357674837112426758e+00,7.621018409729003906e+00,7.691943168640136719e+00,7.988395690917968750e+00,1.025631809234619141e+01,1.421717548370361328e+01,2.017421722412109375e+01,2.291335678100585938e+01,2.219440841674804688e+01,2.229609489440917969e+01,2.100212097167968750e+01,1.557132530212402344e+01,1.646217727661132812e+01,1.589483261108398438e+01,1.460132026672363281e+01,1.942835617065429688e+01,2.415625762939453125e+01,1.360093498229980469e+01,2.986773967742919922e+00,4.303555488586425781e+00,6.453730583190917969e+00,7.472361564636230469e+00,6.217514038085937500e+00,4.410242080688476562e+00,5.534658432006835938e+00,5.696515560150146484e+00,2.617976665496826172e+00,6.303302764892578125e+00,1.103307819366455078e+01,8.520303726196289062e+00,8.790562629699707031e+00,6.084105491638183594e+00,3.419290781021118164e+00,3.549913883209228516e+00,3.800256490707397461e+00,5.733642578125000000e-01,1.258345961570739746e+00,3.536456584930419922e+00,8.316513061523437500e+00,1.053987884521484375e+01,7.753769874572753906e+00,5.081800460815429688e+00,4.364463806152343750e+00,3.500265836715698242e+00,5.231582641601562500e+00,2.098947286605834961e+00,-3.422843456268310547e+00,-6.808660984039306641e+00,2.388192415237426758e+00,-3.009754419326782227e-02,-1.354577779769897461e+00,1.193485558032989502e-01,2.575329780578613281e+00,1.824538707733154297e+00,3.316755294799804688e+00,-3.519208431243896484e+00,-1.019996643066406250e+01,-1.597930145263671875e+01,-2.010707855224609375e+01,-1.636123275756835938e+01,-5.248186111450195312e+00,-8.630834579467773438e+00,-8.081401824951171875e+00,-3.285683095455169678e-01,-7.497569084167480469e+00,-1.017371749877929688e+01,-1.087721061706542969e+01,-1.594555974006652832e+00,-7.873340249061584473e-01,2.829612255096435547e+00,-3.198259353637695312e+00,-1.197611045837402344e+01,-1.518467712402343750e+01,-1.323941040039062500e+01,-8.657518386840820312e+00,-3.272703647613525391e+00,-3.464366793632507324e-01,4.618798255920410156e+00,9.909506797790527344e+00,1.070630192756652832e+00,3.107265233993530273e+00,5.104921340942382812e+00,-2.403935432434082031e+00,-1.184056472778320312e+01,-8.444353103637695312e+00,-4.964579582214355469e+00,-3.071823716163635254e-01,-2.815589427947998047e+00,-4.625428199768066406e+00,-1.494279098510742188e+01,-1.682670402526855469e+01,-2.304257965087890625e+01,-2.051515769958496094e+01,-2.059005355834960938e+01,-2.569201278686523438e+01,-1.759095764160156250e+01,-1.525788307189941406e+01,-2.157324981689453125e+01,-1.429224586486816406e+01,-5.902810573577880859e+00,-7.259899139404296875e+00,-9.018482208251953125e+00,-4.485310554504394531e+00,1.862748026847839355e+00,1.851336717605590820e+00,-8.755785226821899414e-01,-5.207480192184448242e-01,-2.886801958084106445e-01,2.414924621582031250e+00,5.891458988189697266e+00,1.281976699829101562e+00,-3.130111098289489746e-01,-8.814994812011718750e+00,-1.000152969360351562e+01,-1.054505348205566406e+01,-1.145550060272216797e+01,-1.328776454925537109e+01,-1.424680900573730469e+01,-1.516641426086425781e+01,-1.648258209228515625e+01,-8.693857192993164062e+00,-5.912264347076416016e+00,-6.937161445617675781e+00,-8.214603424072265625e+00,-2.947356700897216797e+00,1.562983036041259766e+00,2.623456954956054688e+00,8.264458179473876953e-01,5.134924888610839844e+00,7.015337944030761719e+00,7.016374111175537109e+00,8.042249679565429688e+00,5.627761363983154297e+00,3.055586338043212891e+00,4.467831850051879883e-01,5.060404777526855469e+00,-8.321198225021362305e-01,-1.485428810119628906e+00,-1.588934421539306641e+00,2.450644969940185547e+00,-2.305245399475097656e-01,-7.699515342712402344e+00,-1.106244468688964844e+01,-2.106010818481445312e+01,-2.765284919738769531e+01,-2.821609878540039062e+01,-2.173771476745605469e+01,-1.674557495117187500e+01,-1.657611656188964844e+01,-1.445065879821777344e+01,-1.055346488952636719e+01,-1.698223876953125000e+01,-1.603919601440429688e+01,-6.634382247924804688e+00,-2.379700660705566406e+00,2.632084131240844727e+00,5.922894477844238281e+00,2.174970149993896484e+00,-4.396834373474121094e-01,-4.454925537109375000e+00,-3.167622327804565430e+00,-1.096250152587890625e+01,-7.734963417053222656e+00,-1.200819778442382812e+01,-1.413249015808105469e+01,-1.006115245819091797e+01,-1.718761062622070312e+01,-2.172183609008789062e+01,-1.299702835083007812e+01,-4.000991821289062500e+00,-6.333993911743164062e+00,1.209907770156860352e+00,6.975145339965820312e+00,-3.658338308334350586e+00,-1.677376174926757812e+01,-2.502957916259765625e+01,-1.303292465209960938e+01,-6.957697868347167969e-02,-7.172238826751708984e+00,-4.227982044219970703e+00,4.193227291107177734e+00,1.471709632873535156e+01,-7.631957054138183594e+00,-2.740548706054687500e+01,-2.723987197875976562e+01,-1.906299591064453125e+01,-1.371787834167480469e+01,-3.722535610198974609e+00,-5.869463682174682617e-01,-1.773841857910156250e+00,4.753838062286376953e+00,4.714416980743408203e+00,-6.938759088516235352e-01,-4.155889034271240234e+00,1.188957691192626953e-02,6.207352638244628906e+00,8.928809165954589844e+00,9.285981178283691406e+00,7.002493858337402344e+00,7.699254035949707031e+00,1.297572326660156250e+01,1.226069736480712891e+01,7.939688682556152344e+00,-3.101681232452392578e+00,-3.177750110626220703e+00,2.963542222976684570e+00,1.147601890563964844e+01,1.288513755798339844e+01,1.194249153137207031e+01,9.851540565490722656e+00,9.773941040039062500e+00,1.257445907592773438e+01,1.131541633605957031e+01,8.076850891113281250e+00,5.522563934326171875e+00,4.010837078094482422e+00,7.166707992553710938e+00,2.419385433197021484e+00,-7.098078250885009766e+00,-1.109194755554199219e+01,-6.776496410369873047e+00,-8.552506446838378906e+00,-1.223041725158691406e+01,1.169706583023071289e+00,6.874408721923828125e+00,8.027565002441406250e+00,1.104478836059570312e+01,1.577018642425537109e+01,9.756227493286132812e+00,8.215321540832519531e+00,9.998281478881835938e+00,9.306812286376953125e+00,3.788101911544799805e+00,-1.289636373519897461e+00,-7.702897071838378906e+00,-6.237002372741699219e+00,-9.104824066162109375e+00,-1.139839744567871094e+01,-1.223535156250000000e+01,-8.802129745483398438e+00,-7.675243377685546875e+00,-7.734343528747558594e+00,-3.825931072235107422e+00,-8.813112974166870117e-01,3.255305290222167969e+00,4.565739154815673828e+00,3.029673576354980469e+00,9.878242015838623047e-01,1.848850250244140625e-01,5.332169532775878906e+00,4.886631488800048828e+00,4.459768295288085938e+00,4.696747779846191406e+00,4.720133781433105469e+00,3.404562473297119141e+00,2.232348442077636719e+00,3.236365318298339844e+00,5.959620475769042969e+00,3.960441589355468750e+00,2.922775745391845703e-01,5.015625476837158203e+00,7.591515541076660156e+00,1.019763231277465820e+00,1.574283838272094727e-01,2.910281419754028320e-01,-2.822207927703857422e+00,-7.430434703826904297e+00,-8.375606536865234375e+00,-7.527100563049316406e+00,-1.692720031738281250e+01,-2.247240829467773438e+01,-1.358895778656005859e+01,-8.674770355224609375e+00,-4.153948783874511719e+00,-2.193593978881835938e+00,-1.169755649566650391e+01,-1.130944633483886719e+01,-7.249347686767578125e+00,-3.311252593994140625e+00,-5.050321578979492188e+00,-1.193426704406738281e+01,-9.507635116577148438e+00,-8.063436508178710938e+00,-9.372158050537109375e+00,-1.672977638244628906e+01,-1.614384651184082031e+01,-2.359941482543945312e+01,-1.537478828430175781e+01,-6.650096416473388672e+00,-4.441043853759765625e+00,-9.299306869506835938e+00,-1.238938903808593750e+01,-1.140810394287109375e+01,-8.520103454589843750e+00,-1.477427721023559570e+00,4.250869154930114746e-02,-1.206534862518310547e+00,7.758991241455078125e+00,1.027849578857421875e+01,1.478164100646972656e+01,1.289729022979736328e+01,1.278229808807373047e+01,7.344014644622802734e+00,4.647533416748046875e+00,-6.957084655761718750e+00,-1.685525512695312500e+01,-1.754634475708007812e+01,-1.437871170043945312e+01,-1.115296173095703125e+01,-1.234051609039306641e+01,-1.440548133850097656e+01,-1.871355247497558594e+01,-1.338885498046875000e+01,-9.436069488525390625e+00,6.412625312805175781e-01,3.624936580657958984e+00,7.498473644256591797e+00,8.305207252502441406e+00,8.699966430664062500e+00,1.220885658264160156e+01,1.193542671203613281e+01,1.112513160705566406e+01,1.453941249847412109e+01,1.494048118591308594e+01,1.195572662353515625e+01,7.924642562866210938e+00,-3.028435945510864258e+00,-5.334405422210693359e+00,-1.918522953987121582e+00,-3.239882946014404297e+00,-1.007909584045410156e+01,-1.152635955810546875e+01,-2.343904972076416016e+00,8.498408317565917969e+00,4.818824768066406250e+00,-9.131124496459960938e+00,-1.254852581024169922e+01,-1.204327487945556641e+01,-1.466168022155761719e+01,-9.641125679016113281e+00,-3.924797177314758301e-01,6.672219276428222656e+00,7.320763587951660156e+00,8.006011962890625000e+00,6.899098873138427734e+00,3.647781133651733398e+00,-9.306373596191406250e-01,-1.389103293418884277e+00,8.959746956825256348e-01,6.235576629638671875e+00,1.018349456787109375e+01,5.145856857299804688e+00,-2.706557035446166992e+00,-4.913799285888671875e+00,-2.612998485565185547e+00,-1.662801265716552734e+00,-8.236564636230468750e+00,-1.247140693664550781e+01,-1.395681762695312500e+01,-4.619783878326416016e+00,4.496459007263183594e+00,1.466907024383544922e+01,1.594015789031982422e+01,1.329674720764160156e+01,7.861166000366210938e+00,8.422828674316406250e+00,6.622079849243164062e+00,3.972351789474487305e+00,3.630494356155395508e+00,8.112653732299804688e+00,5.004474639892578125e+00,6.796188354492187500e-01,1.596696138381958008e+00,7.108618259429931641e+00,6.652122974395751953e+00,3.709185838699340820e+00,6.740581512451171875e+00,1.235081768035888672e+01,8.086917877197265625e+00,6.034287452697753906e+00,4.142352104187011719e+00,7.640190124511718750e+00,1.494659423828125000e+01,1.557526493072509766e+01,1.354273414611816406e+01,8.186010360717773438e+00,4.037293910980224609e+00,8.494363784790039062e+00,1.604062271118164062e+01,1.890661239624023438e+01,1.416879463195800781e+01,1.260939121246337891e+00,-2.848096609115600586e+00,-8.929353713989257812e+00,-1.049708366394042969e+01,-1.472087574005126953e+01,-1.411007499694824219e+01,-8.284669876098632812e+00,-2.899440765380859375e+00,2.430953383445739746e-01,3.094765663146972656e+00,-1.481496930122375488e+00,-1.160476493835449219e+01,-1.203058338165283203e+01,-7.455821514129638672e+00,-7.959987640380859375e+00,-7.063001632690429688e+00,-1.407112216949462891e+01,-1.068309211730957031e+01,-5.859154701232910156e+00,-1.107065582275390625e+01,-1.017358684539794922e+01,-7.151515007019042969e+00,-4.922013282775878906e+00,-1.930377840995788574e+00,-4.017112255096435547e-01,-9.841690063476562500e-01,-7.562768459320068359e-01,-1.939176440238952637e+00,4.049284934997558594e+00,8.805465698242187500e+00,9.853626251220703125e+00,1.295668029785156250e+01,1.393037319183349609e+01,2.151381683349609375e+01,2.045843887329101562e+01,1.631206130981445312e+01,1.287918853759765625e+01,1.338026237487792969e+01,1.360862159729003906e+01,1.639165878295898438e+01,1.848048782348632812e+01,1.453047561645507812e+01,9.264896392822265625e+00,5.577144622802734375e+00,1.574635863304138184e+00,3.605093002319335938e+00,5.295897960662841797e+00,9.773904800415039062e+00,6.782111167907714844e+00,5.474443912506103516e+00,9.203946113586425781e+00,9.204420089721679688e+00,3.205593585968017578e+00,3.631700277328491211e+00,7.230564117431640625e+00,1.337647056579589844e+01,5.080555915832519531e+00,1.404130458831787109e+00,5.606439590454101562e+00,3.969213962554931641e+00,-4.210236668586730957e-01,-1.155047059059143066e+00,4.256206512451171875e+00,3.279217720031738281e+00,2.231537342071533203e+00,4.084215641021728516e+00,1.336833477020263672e+00,-4.010356903076171875e+00,-5.599029541015625000e+00,-3.874366760253906250e+00,-2.443497657775878906e+00,-9.663593769073486328e-02,4.890472412109375000e+00,6.409566879272460938e+00,8.111948966979980469e+00,-7.674635648727416992e-01,4.582388997077941895e-01,5.532448887825012207e-01,-3.173156499862670898e+00,-2.421102523803710938e+00,-1.024557113647460938e+00,3.303707599639892578e+00,1.482487201690673828e+00,-4.575663566589355469e+00,-2.145000934600830078e+00,7.427057027816772461e-01,1.944913148880004883e+00,-3.666845858097076416e-01,-2.912862896919250488e-01,-2.625298023223876953e+00,5.280098915100097656e-01,-2.629905045032501221e-01,-1.785760521888732910e+00,5.121316909790039062e-01,6.321931838989257812e+00,4.742217063903808594e+00,2.360183715820312500e+00,6.944638252258300781e+00,9.460153579711914062e+00,2.294054508209228516e+00,-9.272034168243408203e-01,2.428338050842285156e+00,-5.596618056297302246e-01,2.893981456756591797e+00,2.176041364669799805e+00,-3.773394227027893066e-01,-5.530308723449707031e+00,-3.342691421508789062e+00,2.614319086074829102e+00,-2.712687253952026367e+00,-6.612652778625488281e+00,7.219585776329040527e-01,2.261981964111328125e+00,-5.412808418273925781e+00,-5.451305866241455078e+00,-9.207277297973632812e-01,-2.255303621292114258e+00,-2.024788856506347656e+00,-1.563727617263793945e+00,-1.782754659652709961e+00,1.120046019554138184e+00,-2.048809766769409180e+00,5.667507052421569824e-01,1.562730312347412109e+00,2.480284690856933594e+00,2.163208007812500000e+00,4.066040813922882080e-01,-7.190586090087890625e+00,-2.848423957824707031e+01,-4.316149902343750000e+01,-3.993742370605468750e+01,-3.259449768066406250e+01,-2.810457229614257812e+01,-2.701792716979980469e+01,-2.785501098632812500e+01,-2.653304290771484375e+01,-2.598750305175781250e+01,-1.265007686614990234e+01,-5.430761814117431641e+00,-5.755263328552246094e+00,-8.551539421081542969e+00,2.353854179382324219e+00,-1.755365133285522461e+00,-1.380349349975585938e+01,-2.057557868957519531e+01,-9.423976898193359375e+00,-2.956006050109863281e+00,-2.669329643249511719e+00,-9.169733047485351562e+00,-1.307547569274902344e+01,-1.020502758026123047e+01,-3.167726993560791016e+00,-3.784190177917480469e+00,-7.669875144958496094e+00,-4.850445747375488281e+00,1.016355514526367188e+00,-2.450097799301147461e+00,3.719314575195312500e+00,7.023183345794677734e+00,8.953128814697265625e+00,1.113853836059570312e+01,5.245793819427490234e+00,1.163730621337890625e+01,1.024500846862792969e+01,6.776799201965332031e+00,1.446703529357910156e+01,1.540461349487304688e+01,1.680052185058593750e+01,1.628553390502929688e+01,1.476870894432067871e+00,-3.085998296737670898e-01,-6.524956226348876953e+00,-1.581651115417480469e+01,-1.386472129821777344e+01,-9.856487274169921875e+00,-7.297380447387695312e+00,-5.942179203033447266e+00,-5.068534851074218750e+00,-3.700077772140502930e+00,-2.429651737213134766e+00,-1.640555977821350098e+00,-9.471611022949218750e+00,-1.647951507568359375e+01,-2.343450355529785156e+01,-2.016581726074218750e+01,-1.847676086425781250e+01,-2.247402954101562500e+01,-2.847665596008300781e+01,-3.174907302856445312e+01,-2.800254440307617188e+01,-2.361933898925781250e+01,-1.432963943481445312e+01,-1.227034187316894531e+01,-1.760956382751464844e+01,-1.474185562133789062e+01,-1.762849235534667969e+01,-5.076278686523437500e+00,-6.812159538269042969e+00,-1.528155708312988281e+01,-2.314936637878417969e+01,-2.386838150024414062e+01,-1.730717468261718750e+01,-2.111083221435546875e+01,-2.637849807739257812e+01,-2.221495056152343750e+01,-1.314924716949462891e+01,-1.623416137695312500e+01,-1.912085533142089844e+01,-1.328919982910156250e+01,-6.185862541198730469e+00,-8.426326751708984375e+00,-9.590757369995117188e+00,-1.385586166381835938e+01,-1.225600624084472656e+01,-7.102613449096679688e+00,-5.831204652786254883e-01,-4.257225036621093750e+00,6.490269184112548828e+00,1.245352554321289062e+01,1.318742179870605469e+01,8.281927108764648438e+00,3.636642932891845703e+00,3.525533199310302734e+00,8.144931793212890625e+00,1.332488250732421875e+01,1.154246997833251953e+01,5.402158737182617188e+00,1.959786176681518555e+00,-1.270102500915527344e+00,-6.140432834625244141e+00,-1.712326049804687500e+00,5.813052654266357422e-01,-6.472097873687744141e+00,-9.135146141052246094e+00,-1.287666416168212891e+01,-9.872005462646484375e+00,-5.952054023742675781e+00,-6.840199828147888184e-01,7.414625644683837891e+00,5.921557426452636719e+00,-2.645473003387451172e+00,-8.652359008789062500e+00,-7.556651115417480469e+00,-9.232686042785644531e+00,-6.431350231170654297e+00,-9.058002471923828125e+00,-8.255511283874511719e+00,-5.993097305297851562e+00,-4.348608493804931641e+00,-4.681661128997802734e+00,-4.722201824188232422e+00,-2.646746158599853516e+00,-3.912174701690673828e-02,2.335947036743164062e+00,3.445501089096069336e+00,-3.630058526992797852e+00,-6.052573204040527344e+00,-6.139636039733886719e+00,-6.538336277008056641e+00,1.263861775398254395e+00,6.275989532470703125e+00,7.038745403289794922e+00,5.495699405670166016e+00,-4.009697437286376953e+00,-9.570396423339843750e+00,-1.491018104553222656e+01,-1.319589233398437500e+01,-1.430121421813964844e+01,-1.577160644531250000e+01,-1.558198261260986328e+01,-1.416900253295898438e+01,-1.633279609680175781e+01,-8.517101287841796875e+00,-1.440875291824340820e+00,2.273924589157104492e+00,1.161761283874511719e+00,1.099090576171875000e+00,3.757935285568237305e+00,1.409046292304992676e+00,-8.323034286499023438e+00,-6.031920433044433594e+00,1.935919284820556641e+00,2.501012325286865234e+00,6.205168247222900391e+00,1.248815441131591797e+01,1.242211532592773438e+01,9.202690124511718750e+00,7.492548942565917969e+00,5.977208137512207031e+00,9.508334159851074219e+00,1.126375102996826172e+01,3.306940555572509766e+00,2.076082229614257812e-01,7.925271391868591309e-01,1.384193181991577148e+00,1.650251626968383789e+00,2.707691192626953125e+00,6.642136096954345703e+00,5.509211540222167969e+00,1.163865923881530762e+00,-4.404268264770507812e+00,-2.515225887298583984e+00,-1.451775133609771729e-01,2.121005773544311523e+00,1.541951060295104980e+00,3.478706598281860352e+00,5.816147327423095703e+00,1.270194435119628906e+01,8.758745193481445312e+00,4.849483489990234375e+00,1.604982614517211914e-01,-1.952861189842224121e+00,5.431180000305175781e+00,7.431879043579101562e+00,7.611375808715820312e+00,1.743900060653686523e+00,2.240686178207397461e+00,1.374447822570800781e+01,1.389052200317382812e+01,1.326283454895019531e+01,1.067254924774169922e+01,9.207359313964843750e+00,1.115489959716796875e+01,1.416755485534667969e+01,1.506503105163574219e+01,1.517452430725097656e+01,1.189001464843750000e+01,1.242183923721313477e+00,-8.967435836791992188e+00,-4.062656879425048828e+00,9.624164700508117676e-01,1.257634043693542480e+00,-1.769310712814331055e+00,-4.474295139312744141e+00,-9.837610244750976562e+00,-1.681191444396972656e+01,-1.565333747863769531e+01,4.046449661254882812e+00,1.708127403259277344e+01,1.871846771240234375e+01,1.857567596435546875e+01,1.846897888183593750e+01,1.561942481994628906e+01,1.450593948364257812e+01,5.377880573272705078e+00,-4.553610801696777344e+00,-5.760558128356933594e+00,6.565120220184326172e-01,-4.120631217956542969e+00,-1.244440078735351562e+01,-1.116589736938476562e+01,-1.581098794937133789e+00,8.846683502197265625e+00,-1.421038508415222168e+00,4.082807540893554688e+00,8.315337181091308594e+00,1.269738578796386719e+01,1.033883285522460938e+01,4.182476043701171875e+00,8.830701828002929688e+00,1.055636405944824219e+01,5.319980621337890625e+00,-2.308075666427612305e+00,2.624643325805664062e+00,6.057715892791748047e+00,5.295083045959472656e+00,-2.722384929656982422e-01,-2.850925922393798828e-02,-5.541234970092773438e+00,-5.395917415618896484e+00,-1.259100914001464844e+01,-5.978083610534667969e+00,-6.692539453506469727e-01,-2.976539611816406250e+00,8.300280570983886719e-02,-4.012545585632324219e+00,2.823780775070190430e+00,7.815073490142822266e+00,1.146636772155761719e+01,1.168326377868652344e+01,9.865383148193359375e+00,1.410778808593750000e+01,1.922232437133789062e+01,1.715964889526367188e+01,8.513087034225463867e-01,-1.267495918273925781e+01,-1.512281990051269531e+01,-1.813344192504882812e+01,-1.081725311279296875e+01,-2.608337879180908203e+00,3.791173219680786133e+00,1.116845703125000000e+01,9.089097976684570312e+00,1.155542373657226562e+01,1.659654235839843750e+01,2.021633148193359375e+01,2.161752319335937500e+01,1.789645004272460938e+01,1.389920520782470703e+01,1.565483188629150391e+01,1.832057952880859375e+01,1.966036415100097656e+01,1.645896530151367188e+01,1.344347763061523438e+01,6.479355812072753906e+00,-9.730048179626464844e-01,-2.839778423309326172e+00,-3.197512149810791016e+00,-3.559077739715576172e+00,7.207504272460937500e+00,1.077047443389892578e+01,2.489807367324829102e+00,4.653420925140380859e+00,8.468262672424316406e+00,5.059443473815917969e+00,5.932725906372070312e+00,4.707364082336425781e+00,3.014388084411621094e+00,1.434783101081848145e+00,1.979602813720703125e+00,2.926916122436523438e+00,5.753375053405761719e+00,4.395435333251953125e+00,1.437190771102905273e+00,4.685646057128906250e+00,7.401687145233154297e+00,7.625954627990722656e+00,5.214046001434326172e+00,-2.151530265808105469e+00,-8.913612365722656250e+00,-1.354982757568359375e+01,-1.273802566528320312e+01,-4.607464790344238281e+00,-6.454477310180664062e+00,-3.905362844467163086e+00,-6.675544738769531250e+00,-1.533080005645751953e+01,-1.420345115661621094e+01,1.169709324836730957e+00,-1.261580562591552734e+01,-1.166120529174804688e+01,-4.970293998718261719e+00,-3.969835758209228516e+00,-5.404449701309204102e-01,-5.876629352569580078e+00,-7.929091930389404297e+00,-6.443696022033691406e+00,-2.062826156616210938e+00,-6.843454360961914062e+00,-2.961474657058715820e-01,3.175997018814086914e+00,-3.579022884368896484e+00,-3.777995824813842773e+00,3.827686309814453125e+00,3.649962425231933594e+00,-1.324133038520812988e+00,-2.681299149990081787e-01,-4.917191028594970703e+00,-7.421545028686523438e+00,-7.326633453369140625e+00,-4.644433021545410156e+00,-4.169837474822998047e+00,-1.429114341735839844e+00,4.652348518371582031e+00,1.167574214935302734e+01,7.106936454772949219e+00,3.816583633422851562e+00,5.805383205413818359e+00,6.426086425781250000e+00,8.747773170471191406e+00,1.116223812103271484e+01,1.104236412048339844e+01,1.119230747222900391e+01,6.905443668365478516e+00,8.132460117340087891e-01,3.328830242156982422e+00,3.542325019836425781e+00,-3.520023584365844727e+00,-7.746302604675292969e+00,-7.605805397033691406e+00,-6.370253562927246094e+00,-1.250440979003906250e+01,-1.582872390747070312e+01,-1.316279411315917969e+01,-7.259450912475585938e+00,-4.324801921844482422e+00,-3.115143060684204102e+00,-9.271582365036010742e-01,-2.153062820434570312e+00,-4.467337608337402344e+00,-4.696770668029785156e+00,-7.057443618774414062e+00,4.477617144584655762e-01,5.654228210449218750e+00,6.984447002410888672e+00,5.222856998443603516e+00,2.190676450729370117e+00,5.338934898376464844e+00,9.679688453674316406e+00,8.664904594421386719e+00,7.699200153350830078e+00,9.741811752319335938e+00,1.622390747070312500e+01,1.305370903015136719e+01,1.463466644287109375e+01,1.568609619140625000e+01,1.132476425170898438e+01,7.139078140258789062e+00,1.225955581665039062e+01,1.208743858337402344e+01,7.274729728698730469e+00,-3.126958847045898438e+00,1.243480443954467773e+00,6.627506256103515625e+00,4.233270645141601562e+00,1.636195182800292969e-01,4.868149459362030029e-01,1.308282852172851562e+00,1.884345531463623047e+00,1.964217543601989746e+00,1.029514312744140625e+01,2.157700729370117188e+01,1.748037338256835938e+01,1.233425140380859375e+01,1.087352466583251953e+01,9.547637939453125000e+00,8.946165084838867188e+00,1.035450077056884766e+01,8.624723434448242188e+00,5.083024024963378906e+00,3.645935058593750000e+00,3.150273561477661133e+00,6.017300128936767578e+00,7.793678283691406250e+00,7.502668380737304688e+00,9.728770256042480469e+00,8.888282775878906250e+00,4.168640136718750000e+00,3.899795532226562500e+00,7.838924407958984375e+00,1.674995231628417969e+01,1.596306324005126953e+01,6.054568290710449219e+00,-2.532926797866821289e+00,4.247649192810058594e+00,6.974896907806396484e+00,3.670753479003906250e+00,-1.687581062316894531e+01,-2.249560546875000000e+01,-1.705044174194335938e+01,-1.397822475433349609e+01,-1.526530456542968750e+01,-1.267786216735839844e+01,-1.195770072937011719e+01,-1.088209342956542969e+01,-5.928839683532714844e+00,-1.431717634201049805e+00,4.939752578735351562e+00,4.765127182006835938e+00,1.325980663299560547e+00,2.054494380950927734e+00,1.595209121704101562e+00,4.394646167755126953e+00,3.210178852081298828e+00,3.925243377685546875e+00,4.602191925048828125e+00,6.596296310424804688e+00,4.198193073272705078e+00,3.191747188568115234e+00,5.388143539428710938e+00,5.906522750854492188e+00,6.197045326232910156e+00,5.065988540649414062e+00,5.884977817535400391e+00,5.254099845886230469e+00,7.765038490295410156e+00,8.666638374328613281e+00,6.317376136779785156e+00,7.038282394409179688e+00,1.268896102905273438e+01,1.654322433471679688e+01,1.523816776275634766e+01,7.139575958251953125e+00,2.162377119064331055e+00,-5.352319717407226562e+00,-1.768308877944946289e+00,2.357475280761718750e+00,2.041411638259887695e+00,-6.249096989631652832e-01,7.115739583969116211e-02,3.080853223800659180e+00,-1.042946219444274902e+00,-1.635148286819458008e+00,-2.263924837112426758e+00,-2.940650224685668945e+00,-1.806990242004394531e+01,-2.391896438598632812e+01,-1.559704589843750000e+01,-5.743323326110839844e+00,2.149364233016967773e+00,1.792344093322753906e+00,-9.831349372863769531e+00,-1.341568756103515625e+01,-1.704923057556152344e+01,-1.482563781738281250e+01,-1.779471397399902344e+01,-2.630672454833984375e+01,-2.862847518920898438e+01,-2.385694122314453125e+01,-1.695886802673339844e+01,-1.495175075531005859e+01,-1.944011688232421875e+01,-2.145112991333007812e+01,-2.311920166015625000e+01,-2.085627555847167969e+01,-2.133946990966796875e+01,-1.477008533477783203e+01,-1.315549755096435547e+01,-1.586989784240722656e+01,-1.392711162567138672e+01,-1.172595024108886719e+01,-9.918798446655273438e+00,-1.001092529296875000e+01,-1.077246093750000000e+01,-1.209686660766601562e+01,-1.733048629760742188e+01,-1.639702415466308594e+01,-1.221721267700195312e+01,-8.473506927490234375e+00,-6.467761993408203125e+00,-1.206020450592041016e+01,-2.190329742431640625e+01,-2.101800537109375000e+01,-1.301725864410400391e+01,-1.124441337585449219e+01,-1.329110717773437500e+01,-6.481526374816894531e+00,4.132493019104003906e+00,9.633926391601562500e+00,1.002978038787841797e+01,6.235865116119384766e+00,9.763384819030761719e+00,1.799386215209960938e+01,2.264231300354003906e+01,9.987342834472656250e+00,6.394345760345458984e-01,4.457853317260742188e+00,1.741873931884765625e+01,2.283461380004882812e+01,2.049497604370117188e+01,2.095856666564941406e+01,2.120569992065429688e+01,1.530890941619873047e+01,5.515715599060058594e+00,4.441568374633789062e+00,4.114370822906494141e+00,2.682387828826904297e+00,7.830169200897216797e-01,3.816538333892822266e+00,6.152199268341064453e+00,5.801603794097900391e+00,7.455557823181152344e+00,9.575693130493164062e+00,8.717042922973632812e+00,9.940460205078125000e+00,-1.582271814346313477e+00,-9.716773986816406250e+00,-1.472772598266601562e+01,-1.895337867736816406e+01,-1.708139801025390625e+01,-1.092526531219482422e+01,2.083542108535766602e+00,2.540400981903076172e+00,-4.619899749755859375e+00,-4.762996196746826172e+00,-5.719579696655273438e+00,-5.513998031616210938e+00,-5.201458930969238281e+00,-5.085330009460449219e+00,-2.490310668945312500e+00,-2.851842641830444336e+00,8.399699211120605469e+00,1.981183409690856934e+00,-6.900413513183593750e+00,-8.665331840515136719e+00,-1.366101980209350586e+00,4.983906745910644531e+00,1.795826435089111328e+00,-1.927981853485107422e+00,-2.450291633605957031e+00,-8.050907254219055176e-01,4.611087322235107422e+00,1.066595268249511719e+01,8.907371520996093750e+00,6.859587669372558594e+00,5.735435485839843750e+00,3.988842964172363281e+00,1.625619083642959595e-01,-3.154303789138793945e+00,-2.012215137481689453e+00,1.037934303283691406e+00,-2.271103858947753906e-02,-2.593538522720336914e+00,2.363192558288574219e+00,5.913708686828613281e+00,4.542560100555419922e+00,1.039417982101440430e+00,1.810979843139648438e+00,4.524671554565429688e+00,-1.089786171913146973e+00,1.517454862594604492e+00,-1.007215619087219238e+00,1.637163877487182617e+00,4.880705833435058594e+00,1.000288501381874084e-01,-1.646857261657714844e+01,-1.907348442077636719e+01,-9.700931549072265625e+00,-6.502379894256591797e+00,-2.086359262466430664e+00,-4.740025997161865234e+00,-1.158275508880615234e+01,-5.229712486267089844e+00,-1.211912345886230469e+01,-1.677217864990234375e+01,-1.622350883483886719e+01,-1.840797042846679688e+01,-2.215225601196289062e+01,-2.575366592407226562e+01,-3.636219787597656250e+01,-3.968740844726562500e+01,-3.768400573730468750e+01,-3.326808547973632812e+01,-2.393617248535156250e+01,-1.856858062744140625e+01,-1.924194717407226562e+01,-1.387816047668457031e+01,-8.928439140319824219e+00,-9.227854728698730469e+00,8.744684457778930664e-01,1.393549346923828125e+01,1.514737129211425781e+01,1.029226493835449219e+01,8.362447738647460938e+00,1.344952869415283203e+01,2.003532409667968750e+01,1.760350418090820312e+01,1.061502075195312500e+01,4.571555137634277344e+00,-1.438389062881469727e+00,-1.456512069702148438e+01,-1.946814346313476562e+01,-1.823335266113281250e+01,-1.049276542663574219e+01,-1.074854850769042969e+01,-1.304192733764648438e+01,-9.265216827392578125e+00,-7.219943046569824219e+00,-5.409770965576171875e+00,-4.954244613647460938e+00,-4.685751438140869141e+00,-5.908061504364013672e+00,-4.392395496368408203e+00,-1.750832796096801758e+00,-4.720327854156494141e+00,-4.008194923400878906e+00,-3.404273509979248047e+00,-7.631348609924316406e+00,-3.023377656936645508e+00,1.731097459793090820e+00,1.750301837921142578e+00,-4.038947105407714844e+00,1.456671357154846191e-01,4.507881164550781250e+00,8.617038726806640625e+00,5.835441589355468750e+00,2.847900629043579102e+00,3.328026294708251953e+00,1.612397074699401855e+00,3.942645192146301270e-01,-4.884747505187988281e+00,-5.865203857421875000e+00,-1.030220413208007812e+01,-1.655713272094726562e+01,-1.735990142822265625e+01,-1.732491683959960938e+01,-2.060503387451171875e+01,-1.975797080993652344e+01,-1.621644210815429688e+01,-1.371510505676269531e+01,-7.914520740509033203e+00,3.172908544540405273e+00,7.321063041687011719e+00,8.685406684875488281e+00,3.553073883056640625e+00,8.053121566772460938e+00,1.661834907531738281e+01,1.635168075561523438e+01,9.521371841430664062e+00,1.209674119949340820e+00,-6.611414909362792969e+00,-6.506174087524414062e+00,-3.060712337493896484e+00,-2.301645278930664062e+00,-4.539599418640136719e-01,8.931200981140136719e+00,1.305684924125671387e+00,-9.589115142822265625e+00,-1.071875953674316406e+01,-1.365134239196777344e+01,-1.325569915771484375e+01,-9.058806419372558594e+00,-6.541860103607177734e-02,1.043135643005371094e+01,7.518263816833496094e+00,1.224241852760314941e+00,-4.620729446411132812e+00,-9.576465606689453125e+00,-1.140727043151855469e+01,-2.189539432525634766e+00,9.232640266418457031e+00,1.129120540618896484e+01,1.141460418701171875e+01,1.553872680664062500e+01,2.499811744689941406e+01,2.383268737792968750e+01,2.116668319702148438e+01,1.461249732971191406e+01,9.308929443359375000e+00,-3.558488607406616211e+00,-1.263328933715820312e+01,-1.080053901672363281e+01,-5.499859809875488281e+00,-4.523766040802001953e+00,-8.655281066894531250e-01,9.002557754516601562e+00,1.457741355895996094e+01,1.721638488769531250e+01,5.053082466125488281e+00,-3.496751785278320312e+00,-5.840785980224609375e+00,-7.355238437652587891e+00,-1.825443744659423828e+00,5.338903069496154785e-01,3.434730172157287598e-01,-4.527716159820556641e+00,-1.301994514465332031e+01,-1.598377037048339844e+01,-1.383966445922851562e+01,-6.998717308044433594e+00,-2.735547065734863281e+00,-2.317750453948974609e+00,-3.805982589721679688e+00,-4.108150482177734375e+00,1.508327364921569824e+00,1.593208193778991699e+00,3.780562877655029297e+00,1.300397396087646484e+01,1.752479171752929688e+01,2.229722976684570312e+01,1.707634735107421875e+01,9.585529327392578125e+00,7.226863861083984375e+00,4.870103359222412109e+00,3.226240396499633789e+00,5.014679908752441406e+00,1.384627819061279297e+00,-8.239057540893554688e+00,-1.720512771606445312e+01,-1.393452644348144531e+01,1.631615161895751953e-01,1.287070465087890625e+01,1.122833251953125000e+01,1.194010162353515625e+01,8.598369598388671875e+00,8.553454399108886719e+00,1.084971046447753906e+01,2.241082000732421875e+01,2.583477401733398438e+01,2.074675369262695312e+01,9.216566085815429688e+00,5.756597518920898438e+00,6.523300409317016602e-01,-1.158086872100830078e+01,-1.568948650360107422e+01,-1.240659046173095703e+01,-8.611001014709472656e+00,-1.248234748840332031e+01,-4.382205963134765625e+00,-1.960435509681701660e+00,-3.852621078491210938e+00,1.732462286949157715e+00,6.753387451171875000e+00,3.090968370437622070e+00,-1.174369525909423828e+01,-1.724868583679199219e+01,-1.249507331848144531e+01,-9.507365226745605469e+00,-1.020902729034423828e+01,-9.474961280822753906e+00,-8.011031150817871094e+00,-6.387973785400390625e+00,-1.518793582916259766e+00,-1.518770694732666016e+00,-2.043738126754760742e+00,-3.613037586212158203e+00,-7.511578083038330078e+00,-6.357745170593261719e+00,-1.119449806213378906e+01,-1.184176254272460938e+01,-1.083007621765136719e+01,2.574684023857116699e-01,6.075995445251464844e+00,5.683678627014160156e+00,1.116840124130249023e+00,-2.840962886810302734e+00,-4.897052288055419922e+00,-1.397884607315063477e+00,-4.272055625915527344e+00,-1.136323928833007812e+01,-1.100990676879882812e+01,-1.100538444519042969e+01,-8.966571807861328125e+00,-8.938318252563476562e+00,-5.574887275695800781e+00,-1.898995161056518555e+00,-1.145896553993225098e+00,-4.538577079772949219e+00,-9.757133483886718750e+00,-1.020562458038330078e+01,-1.049886512756347656e+01,-1.444681167602539062e+01,-1.625458145141601562e+01,-1.327307987213134766e+01,-7.870038986206054688e+00,-8.310034751892089844e+00,-2.193740606307983398e+00,5.565734386444091797e+00,-2.799890995025634766e+00,1.922417879104614258e+00,1.484391784667968750e+01,2.358781814575195312e+01,2.201678466796875000e+01,1.708104324340820312e+01,1.925465202331542969e+01,2.281479072570800781e+01,2.202687835693359375e+01,2.658297729492187500e+01,3.149725723266601562e+01,2.447689819335937500e+01,9.232925415039062500e+00,-3.254333734512329102e+00,-3.647340774536132812e+00,-7.425719261169433594e+00,-4.075244903564453125e+00,3.852347850799560547e+00,5.467043399810791016e+00,4.314005851745605469e+00,-2.136723756790161133e+00,-3.383240222930908203e+00,3.112495422363281250e+00,9.741550445556640625e+00,1.854100799560546875e+01,2.098376846313476562e+01,1.674319648742675781e+01,1.139345169067382812e+01,1.152900695800781250e+01,1.089451789855957031e+01,2.502169132232666016e+00,-5.369690656661987305e-01,3.062119722366333008e+00,6.400665283203125000e+00,1.100678539276123047e+01,9.171287536621093750e+00,-2.937254667282104492e+00,-6.734067440032958984e+00,-6.225531578063964844e+00,-1.195414423942565918e+00,-2.267433881759643555e+00,-3.520897388458251953e+00,1.228214025497436523e+00,-4.305453896522521973e-01,1.533321022987365723e+00,9.207119941711425781e+00,1.161693000793457031e+01,1.120535087585449219e+01,1.451277065277099609e+01,1.581411743164062500e+01,1.335652160644531250e+01,1.825931549072265625e+01,2.111121940612792969e+01,1.553672599792480469e+01,5.427033901214599609e+00,-4.487088680267333984e+00,-8.891707420349121094e+00,-3.271173000335693359e+00,-3.022504568099975586e+00,-9.954068183898925781e+00,-1.089532470703125000e+01,-6.127582073211669922e+00,-2.547487735748291016e+00,-3.464036583900451660e-01,6.603743553161621094e+00,6.286921501159667969e+00,2.630465030670166016e+00,1.744979858398437500e+00,4.881619453430175781e+00,6.715018272399902344e+00,4.442514419555664062e+00,2.657255172729492188e+00,6.205168247222900391e+00,4.439849853515625000e+00,2.518791913986206055e+00,1.081585168838500977e+00,5.431237220764160156e+00,5.945412635803222656e+00,3.670513629913330078e+00,-1.340465188026428223e+00,7.917374372482299805e-03,9.863612055778503418e-01,-2.962523460388183594e+00,-9.891706705093383789e-01,1.589793682098388672e+00,-4.045226573944091797e+00,-4.015266418457031250e+00,-1.115600347518920898e+00,5.425738334655761719e+00,3.226302146911621094e+00,9.026054382324218750e+00,7.511702060699462891e+00,-1.854321122169494629e+00,-7.189257144927978516e+00,-9.517640113830566406e+00,-7.782495498657226562e+00,-9.816192626953125000e+00,-1.392593383789062500e+01,-1.894975280761718750e+01,-2.001359176635742188e+01,-2.413289260864257812e+01,-2.068600463867187500e+01,-1.452204704284667969e+01,-6.613114356994628906e+00,-1.294488334655761719e+01,-1.720851898193359375e+01,-1.762914085388183594e+01,-1.593833732604980469e+01,-1.147899246215820312e+01,-6.115797042846679688e+00,-1.220302772521972656e+01,-1.249301147460937500e+01,-1.118452262878417969e+01,-9.573691368103027344e+00,-1.657660293579101562e+01,-2.010976409912109375e+01,-1.814817810058593750e+01,-8.865736007690429688e+00,-9.471698760986328125e+00,-4.435701847076416016e+00,9.638309478759765625e+00,1.697426605224609375e+01,1.733186531066894531e+01,1.224749755859375000e+01,6.953769683837890625e+00,1.017605185508728027e+00,-2.972143173217773438e+00,1.638288497924804688e+00,2.455036163330078125e+00,-3.885159492492675781e+00,-7.141351699829101562e+00,-1.556676626205444336e-02,8.785073280334472656e+00,1.621080780029296875e+01,2.315376281738281250e+01,2.080241012573242188e+01,1.253834342956542969e+01,5.413137912750244141e+00,3.077869892120361328e+00,-2.642581462860107422e-01,-5.705013275146484375e+00,-1.214969635009765625e+01,-1.068302631378173828e+01,-5.993660926818847656e+00,-3.352787494659423828e-01,-2.041783332824707031e+00,2.389034271240234375e+00,6.035417556762695312e+00,7.227307796478271484e+00,8.020959854125976562e+00,8.417850494384765625e+00,1.232858467102050781e+01,1.962694168090820312e+00,2.519514322280883789e+00,4.815209388732910156e+00,1.409115409851074219e+01,2.717933654785156250e+01,2.467792129516601562e+01,1.749584007263183594e+01,9.427186012268066406e+00,3.199744224548339844e-01,-6.707179546356201172e+00,-9.801753044128417969e+00,-1.054374885559082031e+01,-1.297527217864990234e+01,-1.597293472290039062e+01,-1.415523147583007812e+01,-1.539662742614746094e+01,-7.429395675659179688e+00,6.878094673156738281e+00,1.418944168090820312e+01,1.021419143676757812e+01,5.480942726135253906e+00,5.846431851387023926e-01,-6.021913528442382812e+00,-1.031680488586425781e+01,-6.304729461669921875e+00,-3.405465126037597656e+00,-1.564321398735046387e+00,-6.310396194458007812e+00,-1.311493492126464844e+01,-1.434334182739257812e+01,-1.211500549316406250e+01,-7.124271392822265625e+00,-6.052906513214111328e+00,-5.570061683654785156e+00,1.485986828804016113e+00,8.423477172851562500e+00,1.147883987426757812e+01,6.060201644897460938e+00,1.081986427307128906e-01,-3.112932920455932617e+00,2.591180801391601562e+00,8.521171569824218750e+00,1.510001373291015625e+01,2.126307296752929688e+01,2.454020690917968750e+01,1.928672409057617188e+01,1.747539138793945312e+01,1.592073822021484375e+01,1.580329704284667969e+01,1.294747734069824219e+01,1.116505241394042969e+01,1.041528034210205078e+01,2.885715723037719727e+00,-1.158892273902893066e+00,7.156823158264160156e+00,-3.643710613250732422e+00,-5.186616420745849609e+00,-8.341997146606445312e+00,-7.895978927612304688e+00,-8.670476913452148438e+00,-1.019688320159912109e+01,-1.056536388397216797e+01,-4.855063438415527344e+00,-2.430277109146118164e+00,-4.165923297405242920e-01,4.462618827819824219e+00,7.525237560272216797e+00,1.044571495056152344e+01,1.672927474975585938e+01,8.465340614318847656e+00,5.308748245239257812e+00,6.649886608123779297e+00,4.548804283142089844e+00,3.684835910797119141e+00,-2.909126043319702148e+00,-1.989282369613647461e+00,9.084005355834960938e+00,8.075850486755371094e+00,4.131823539733886719e+00,4.953598499298095703e+00,5.037039279937744141e+00,3.773634433746337891e+00,3.377904176712036133e+00,1.989128708839416504e+00,4.535324096679687500e+00,5.957468032836914062e+00,5.413085460662841797e+00,-5.530578136444091797e+00,-1.601568984985351562e+01,-1.470459842681884766e+01,-9.164781570434570312e+00,-4.180589675903320312e+00,3.142888069152832031e+00,6.018268585205078125e+00,3.332636833190917969e+00,-5.086742401123046875e+00,-2.378599643707275391e+00,-6.116065979003906250e+00,-2.056646347045898438e+01,-2.429727172851562500e+01,-2.117265701293945312e+01,-1.345660781860351562e+01,-1.069245433807373047e+01,-6.337731361389160156e+00,-3.943013906478881836e+00,-4.337793350219726562e+00,-5.373945713043212891e+00,-7.296345710754394531e+00,-5.912660598754882812e+00,-6.405714988708496094e+00,-9.103372573852539062e+00,-7.455459117889404297e+00,-1.012675285339355469e+01,-1.873129653930664062e+01,-2.098963928222656250e+01,-1.698571968078613281e+01,-8.543188095092773438e+00,-7.103172302246093750e+00,-1.628319549560546875e+01,-1.936551284790039062e+01,-1.380312442779541016e+01,-1.367123222351074219e+01,-1.522297286987304688e+01,-1.118158721923828125e+01,-6.977825164794921875e+00,-2.222631454467773438e+00,-7.735267639160156250e+00,-1.013841533660888672e+01,-3.993179082870483398e+00,-2.324900865554809570e+00,2.650897502899169922e+00,2.568593621253967285e-01,-4.912549853324890137e-01,2.878631591796875000e+00,-4.033046722412109375e+00,5.265387535095214844e+00,1.190521526336669922e+01,9.053493499755859375e+00,8.824872970581054688e+00,8.968310952186584473e-01,-4.334787368774414062e+00,9.593902826309204102e-01,4.665692329406738281e+00,-7.204158902168273926e-01,-1.977048158645629883e+00,-4.259528160095214844e+00,2.517854690551757812e+00,6.657317638397216797e+00,7.299922943115234375e+00,7.955046653747558594e+00,3.055819034576416016e+00,3.872007846832275391e+00,6.678261756896972656e+00,9.648813247680664062e+00,5.959195137023925781e+00,3.573417663574218750e-03,3.200722336769104004e-01,5.572450160980224609e+00,6.131799697875976562e+00,4.752973079681396484e+00,2.335861682891845703e+00,7.987747192382812500e+00,1.073201179504394531e+01,8.564547538757324219e+00,5.004516601562500000e+00,1.461283683776855469e+00,2.583754539489746094e+00,8.739417076110839844e+00,4.645481586456298828e+00,2.700181245803833008e+00,7.496119499206542969e+00,6.922765731811523438e+00,7.210965633392333984e+00,1.378640651702880859e+00,-1.236243486404418945e+00,-3.094389438629150391e+00,-1.091697216033935547e+00,-1.980450820922851562e+01,-3.120132446289062500e+01,-3.034517288208007812e+01,-2.963631439208984375e+01,-2.667516708374023438e+01,-1.990572357177734375e+01,-1.335699462890625000e+01,-4.344823360443115234e+00,4.095181465148925781e+00,1.012883567810058594e+01,1.290161132812500000e+01,4.767858505249023438e+00,-7.135821342468261719e+00,-1.753441619873046875e+01,-1.983475112915039062e+01,-1.701334762573242188e+01,-2.141828727722167969e+01,-1.639840698242187500e+01,-1.519010829925537109e+01,-1.614057350158691406e+01,-9.213420867919921875e+00,-4.061808109283447266e+00,-5.094232559204101562e+00,-7.016717433929443359e+00,-1.224592590332031250e+01,-1.253264808654785156e+01,-1.416755962371826172e+01,-1.635390090942382812e+01,-1.232680320739746094e+01,-1.282413578033447266e+01,-1.143770790100097656e+01,-9.456924438476562500e+00,-3.716713190078735352e+00,1.141636276245117188e+01,1.193806934356689453e+01,1.465981864929199219e+01,1.213910198211669922e+01,7.257641792297363281e+00,-8.711663484573364258e-01,1.666564226150512695e+00,6.704618930816650391e+00,8.278881072998046875e+00,2.251242995262145996e-01,-4.840481281280517578e-02,8.387987136840820312e+00,1.239730453491210938e+01,6.794634819030761719e+00,1.919191479682922363e+00,-3.705851435661315918e-01,-4.570605754852294922e-01,-4.331607341766357422e+00,-1.315566062927246094e+01,-1.077925205230712891e+01,-3.821945905685424805e+00,-4.939751625061035156e+00,-4.233773231506347656e+00,-1.777078509330749512e+00,-3.248643875122070312e+00,1.813112735748291016e+00,5.492632389068603516e+00,1.931028604507446289e+00,2.268130302429199219e+00,1.986729383468627930e+00,-9.284971237182617188e+00,-1.143976211547851562e+01,-7.719685077667236328e+00,-6.644292831420898438e+00,-9.348302841186523438e+00,-1.156436347961425781e+01,-1.869983291625976562e+01,-2.284499740600585938e+01,-2.668355751037597656e+01,-2.517119407653808594e+01,-2.130084037780761719e+01,-1.018264579772949219e+01,-8.288036346435546875e+00,1.366717243194580078e+01,2.297709274291992188e+01,2.154000854492187500e+01,1.563205909729003906e+01,-3.238370418548583984e-01,-9.629806518554687500e+00,-8.978416442871093750e+00,-2.048747253417968750e+01,-2.360461807250976562e+01,-1.114276695251464844e+01,-6.339277029037475586e-01,-1.661157131195068359e+00,-1.025143814086914062e+01,-1.677878952026367188e+01,-7.504759788513183594e+00,2.624969005584716797e+00,5.710102558135986328e+00,4.461310863494873047e+00,-8.813236236572265625e+00,-2.173353576660156250e+01,-1.421451187133789062e+01,-1.921851396560668945e+00,9.533367156982421875e+00,1.205594825744628906e+01,6.987368583679199219e+00,-3.734440803527832031e-01,1.805585622787475586e+00,4.297453880310058594e+00,4.234271049499511719e+00,-3.908047199249267578e+00,-1.421485519409179688e+01,-2.063752365112304688e+01,-1.184125518798828125e+01,-8.813995718955993652e-01,5.289732456207275391e+00,8.984092712402343750e+00,1.405049324035644531e+01,1.398870277404785156e+01,1.902483224868774414e+00,-1.659685134887695312e+01,-1.503450202941894531e+01,-1.913751029968261719e+01,-1.716688346862792969e+01,-1.437050724029541016e+01,-1.216164588928222656e+01,-1.085936164855957031e+01,3.109848022460937500e+00,8.967956542968750000e+00,1.021324634552001953e+01,6.470002174377441406e+00,3.172851085662841797e+00,2.348069667816162109e+00,5.845956802368164062e-01,3.138182163238525391e+00,-4.655153274536132812e+00,-7.572429180145263672e+00,-5.084023952484130859e+00,-1.859421968460083008e+00,-6.299475669860839844e+00,-5.181100845336914062e+00,-8.792964935302734375e+00,-7.086525917053222656e+00,-3.947360992431640625e+00,-6.278113365173339844e+00,-1.343994617462158203e+00,-2.174930095672607422e+00,-3.029836654663085938e+00,-5.010584831237792969e+00,-1.077466011047363281e+00,-4.362862408161163330e-01,2.065666437149047852e+00,1.318830966949462891e+00,-1.767310500144958496e+00,-1.964663124084472656e+01,-2.988221740722656250e+01,-3.291569519042968750e+01,-3.028416061401367188e+01,-2.226478385925292969e+01,-1.294815921783447266e+01,-1.840298080444335938e+01,-1.792557334899902344e+01,-7.028892993927001953e+00,2.823375225067138672e+00,1.378378391265869141e+00,-1.434164345264434814e-01,4.988180637359619141e+00,1.071875953674316406e+01,8.540029525756835938e+00,3.935067653656005859e+00,6.516168117523193359e-01,-3.474045276641845703e+00,-1.043700408935546875e+01,-1.410235786437988281e+01,-1.147291660308837891e+01,-8.068151473999023438e+00,-5.183452606201171875e+00,-2.566631793975830078e+00,-1.771405339241027832e+00,2.060011386871337891e+00,2.281542778015136719e+00,1.214686155319213867e+00,1.266319990158081055e+00,-8.536529541015625000e-01,7.442802429199218750e+00,8.951799392700195312e+00,-2.075834035873413086e+00,-9.272222518920898438e+00,-1.031995391845703125e+01,-1.183712768554687500e+01,-8.374065160751342773e-01,4.840902328491210938e+00,3.277810096740722656e+00,3.300884485244750977e+00,2.296159267425537109e+00,2.594196319580078125e+01,3.331998443603515625e+01,2.796697235107421875e+01,1.290746307373046875e+01,5.515826225280761719e+00,4.772879600524902344e+00,3.829481124877929688e+00,6.196887969970703125e+00,-4.160197377204895020e-01,-6.426699638366699219e+00,-1.480226707458496094e+01,-2.407144546508789062e+01,-2.606069564819335938e+01,-2.631691932678222656e+01,-1.210076713562011719e+01,7.500278949737548828e-02,1.280960917472839355e+00,-4.355216503143310547e+00,-6.637426614761352539e-01,4.583425521850585938e-01,-5.401362419128417969e+00,-8.916669845581054688e+00,-8.330998420715332031e+00,-3.493717432022094727e+00,-2.835638999938964844e+00,-2.772158622741699219e+00,-1.744617938995361328e+00,-3.789339542388916016e+00,1.945675015449523926e+00,4.203877449035644531e+00,-7.696785926818847656e-01,3.459554195404052734e+00,4.826146125793457031e+00,4.414612054824829102e-01,-2.903534412384033203e+00,-6.766486167907714844e+00,-6.778378486633300781e+00,-2.729938745498657227e+00,3.522265195846557617e+00,4.017696857452392578e+00,6.675600051879882812e+00,5.098729610443115234e+00,3.693697214126586914e+00,7.833371162414550781e+00,7.840672492980957031e+00,2.956794977188110352e+00,5.891589164733886719e+00,6.041627883911132812e+00,1.195409178733825684e+00,6.907584667205810547e-01,-6.763118505477905273e-01,-5.651082992553710938e+00,-1.714936494827270508e+00,7.656670570373535156e+00,9.367348670959472656e+00,-5.016856670379638672e+00,2.372000694274902344e+00,9.950110435485839844e+00,5.977086544036865234e+00,-3.187377929687500000e+00,-1.375340747833251953e+01,-1.236667728424072266e+01,-1.320843696594238281e+00,3.622761726379394531e+00,3.000550985336303711e+00,4.505080223083496094e+00,5.934165477752685547e+00,7.234238147735595703e+00,6.773812770843505859e+00,1.351275563240051270e+00,-3.112864017486572266e+00,-6.375717639923095703e+00,-1.314867973327636719e+01,-1.094211483001708984e+01,-1.144808006286621094e+01,-9.668279647827148438e+00,-8.725296020507812500e+00,-8.579805374145507812e+00,-1.587913799285888672e+01,-1.647217941284179688e+01,-1.376985931396484375e+01,-8.491189002990722656e+00,-4.284321784973144531e+00,3.164641857147216797e-01,-2.316245555877685547e+00,-1.764928627014160156e+01,-2.242874908447265625e+01,-1.745857429504394531e+01,-1.994701766967773438e+01,-1.973349571228027344e+01,-1.746064376831054688e+01,-1.977994537353515625e+01,-1.220835781097412109e+01,-2.362687587738037109e+00,7.916984558105468750e-01,2.596795320510864258e+00,5.536769390106201172e+00,9.521062850952148438e+00,1.530934333801269531e+01,1.312725639343261719e+01,6.857708930969238281e+00,4.758170604705810547e+00,-2.816542148590087891e+00,-9.015401840209960938e+00,-8.098981857299804688e+00,-6.629794120788574219e+00,-4.367742538452148438e+00,4.419184684753417969e+00,2.667929172515869141e+00,1.529839038848876953e+00,8.452530503273010254e-01,1.185511827468872070e+00,9.459484100341796875e+00,1.331818580627441406e+01,1.552544593811035156e+01,1.474324607849121094e+01,1.172109794616699219e+01,6.297019004821777344e+00,8.128542900085449219e+00,6.105042457580566406e+00,6.303388118743896484e+00,7.334733963012695312e+00,1.201604080200195312e+01,1.553968811035156250e+01,1.685653877258300781e+01,1.684187316894531250e+01,1.199342441558837891e+01,7.545764923095703125e+00,8.799149513244628906e+00,4.627279281616210938e+00,3.719369411468505859e+00,7.088338375091552734e+00,-2.435675859451293945e-01,-1.173013782501220703e+01,-2.051114273071289062e+01,-2.123399353027343750e+01,-2.562927627563476562e+01,-1.717515563964843750e+01,-1.667542648315429688e+01,-4.908714771270751953e+00,7.632587432861328125e+00,1.175142288208007812e+01,-4.013479948043823242e-01,-9.626883268356323242e-01,2.286145210266113281e+00,-3.889189481735229492e+00,-6.398133754730224609e+00,-4.653766155242919922e+00,-4.562215328216552734e+00,-3.767675876617431641e+00,8.025196790695190430e-01,7.033437252044677734e+00,1.559607505798339844e+01,1.964343261718750000e+01,2.259467315673828125e+01,1.223762321472167969e+01,1.834849715232849121e+00,-3.355342149734497070e+00,-8.375215530395507812e+00,-8.759067535400390625e+00,-3.366041183471679688e+00,1.534919023513793945e+00,4.807982444763183594e+00,1.089937329292297363e+00,-2.106608152389526367e+00,2.885163784027099609e+00,-8.869544982910156250e+00,2.004863977432250977e+00,6.334308624267578125e+00,6.155600547790527344e+00,2.459264993667602539e+00,-9.559198379516601562e+00,-4.996374130249023438e+00,-1.482205867767333984e+00,7.751339673995971680e-02,-2.450340747833251953e+00,-7.560960769653320312e+00,-3.596475124359130859e-01,1.469830894470214844e+01,1.756308746337890625e+01,9.838461875915527344e+00,7.659557342529296875e+00,1.655153274536132812e+01,1.832715225219726562e+01,1.443518161773681641e+01,6.878691196441650391e+00,-1.470115065574645996e+00,-1.695409417152404785e+00,-1.371862292289733887e-01,2.661355495452880859e+00,8.030423164367675781e+00,4.107008934020996094e+00,-5.106180667877197266e+00,-9.905778884887695312e+00,-1.223252868652343750e+01,-1.789155769348144531e+01,-1.748818016052246094e+01,-9.683931350708007812e+00,-1.357895016670227051e+00,3.598118305206298828e+00,5.752880096435546875e+00,4.219072341918945312e+00,5.698128700256347656e+00,9.389154434204101562e+00,5.732764244079589844e+00,3.923485040664672852e+00,3.631031513214111328e+00,8.512550354003906250e+00,2.704786062240600586e+00,4.173356533050537109e+00,7.130575180053710938e+00,8.751468658447265625e+00,6.470407485961914062e+00,3.961678504943847656e+00,5.052950859069824219e+00,4.031367301940917969e+00,7.612379550933837891e+00,2.809340000152587891e+00,3.613508462905883789e+00,6.436686515808105469e+00,2.982125520706176758e+00,6.651040911674499512e-01,9.851541519165039062e+00,6.242968559265136719e+00,4.051982164382934570e-01,-4.473877906799316406e+00,-9.493082761764526367e-03,6.318155288696289062e+00,9.304419517517089844e+00,-4.004346728324890137e-01,3.497447967529296875e+00,1.016520309448242188e+01,-2.876427650451660156e+00,-5.310441017150878906e+00,7.944740056991577148e-01,6.112516403198242188e+00,7.871446609497070312e+00,1.017778968811035156e+01,5.199553489685058594e+00,-9.193452596664428711e-01,-1.328543782234191895e+00,-5.333421230316162109e+00,-1.244341278076171875e+01,-1.311153316497802734e+01,-9.518630981445312500e+00,-1.061000442504882812e+01,-9.708637237548828125e+00,-9.419686317443847656e+00,-1.826180219650268555e+00,8.968229889869689941e-01,-1.713419795036315918e+00,3.151259422302246094e+00,6.811462879180908203e+00,7.650228500366210938e+00,9.624731063842773438e+00,9.675113677978515625e+00,8.953978538513183594e+00,-6.562329292297363281e+00,-5.985253334045410156e+00,-3.103062152862548828e+00,6.764807224273681641e+00,1.373058986663818359e+01,1.871580696105957031e+01,1.216750717163085938e+01,3.422064304351806641e+00,-5.173267841339111328e+00,-9.052721023559570312e+00,-1.264327812194824219e+01,-4.233670234680175781e+00,-3.116208076477050781e+00,-6.536199569702148438e+00,1.257827997207641602e+00,1.859682083129882812e+00,-7.391999244689941406e+00,-2.699591636657714844e+00,5.656367778778076172e+00,1.047139167785644531e+01,-4.543127536773681641e+00,-3.837459087371826172e+00,-1.846503734588623047e+00,-1.678231239318847656e+00,-4.919784545898437500e+00,-5.262711048126220703e+00,3.231395483016967773e-01,-7.169569730758666992e-01,-5.522775650024414062e+00,-1.180648326873779297e+01,-1.074433326721191406e+01,-8.218400001525878906e+00,-1.020518493652343750e+01,-1.058254432678222656e+01,-1.091373157501220703e+01,-1.211983489990234375e+01,-4.643778800964355469e+00,-3.960957765579223633e+00,-2.098721742630004883e+00,-7.484303116798400879e-01,-2.824485778808593750e+00,-4.919274806976318359e+00,-6.303746223449707031e+00,-4.193222522735595703e+00,-3.261151611804962158e-01,1.747937202453613281e+00,6.386026144027709961e-01,-6.289884448051452637e-01,-1.957286596298217773e+00,-2.186408996582031250e+00,1.040625810623168945e+00,3.839574813842773438e+00,4.475455284118652344e+00,2.960623741149902344e+00,1.880153179168701172e+00,1.347563266754150391e+00,5.687254905700683594e+00,5.757015228271484375e+00,3.838376522064208984e+00,1.711785554885864258e+00,4.705019950866699219e+00,7.698483467102050781e+00,6.277797698974609375e+00,4.404578208923339844e+00,2.414034128189086914e+00,5.275924682617187500e+00,-3.280321121215820312e+00,-3.152422428131103516e+00,6.196496009826660156e+00,-1.094001770019531250e+00,-5.863976001739501953e+00,-2.716533660888671875e+00,-1.488147258758544922e+00,-3.719909667968750000e+00,2.460536956787109375e+00,1.681278705596923828e+00,-1.467082947492599487e-01,-4.506746292114257812e+00,-1.384852600097656250e+01,-1.819303703308105469e+01,-1.529494285583496094e+01,-1.497594833374023438e+01,-1.635427093505859375e+01,-9.799131393432617188e+00,-7.250539779663085938e+00,-3.412061929702758789e+00,6.537851691246032715e-01,4.545745849609375000e+00,8.176683425903320312e+00,5.296596050262451172e+00,-1.189549446105957031e+01,-1.585508441925048828e+01,-1.086550045013427734e+01,-1.263013839721679688e+01,-1.559559535980224609e+01,-1.632842636108398438e+01,-5.005681037902832031e+00,4.075204730033874512e-01,-3.507974147796630859e+00,-9.874494552612304688e+00,-9.085390567779541016e-01,8.713714599609375000e+00,1.895721626281738281e+01,2.548132514953613281e+01,2.677286529541015625e+01,2.778556442260742188e+01,3.108761978149414062e+01,2.399922943115234375e+01,1.144973373413085938e+01,6.361728191375732422e+00,8.662901878356933594e+00,7.874354362487792969e+00,1.373687505722045898e+00,2.664323806762695312e+00,5.463330745697021484e+00,5.852204322814941406e+00,8.596313476562500000e+00,5.124333381652832031e+00,2.743368148803710938e+00,9.206054687500000000e+00,8.799268722534179688e+00,1.861202239990234375e+01,2.299400329589843750e+01,2.201939964294433594e+01,2.074910163879394531e+01,2.128104400634765625e+01,2.327545166015625000e+01,2.097455596923828125e+01,1.825823974609375000e+01,1.934516906738281250e+01,1.483511161804199219e+01,1.080564117431640625e+01,9.695318222045898438e+00,8.596557617187500000e+00,6.718824386596679688e+00,-1.656602621078491211e-01,-1.283140277862548828e+01,-1.598224544525146484e+01,-1.478783416748046875e+01,-1.744203948974609375e+01,-2.703311538696289062e+01,-2.538620758056640625e+01,-3.496337890625000000e+00,2.076766014099121094e+00,3.299242019653320312e+00,4.215258598327636719e+00,6.779880523681640625e+00,8.755630493164062500e+00,5.207753658294677734e+00,8.224943161010742188e+00,1.167165756225585938e+01,4.516951560974121094e+00,4.908409118652343750e+00,4.516044139862060547e+00,4.220823764801025391e+00,3.774139881134033203e+00,6.730163574218750000e+00,7.254361629486083984e+00,4.228361606597900391e+00,4.470470428466796875e+00,3.230749130249023438e+00,3.694810867309570312e+00,6.822366714477539062e+00,2.248164415359497070e+00,1.148448467254638672e+00,6.165592193603515625e+00,1.102412128448486328e+01,1.292061614990234375e+01,9.594854354858398438e+00,5.701808452606201172e+00,7.192142486572265625e+00,8.503974914550781250e+00,1.227866077423095703e+01,4.686627864837646484e+00,-3.922683715820312500e+00,-1.034257984161376953e+01,-1.390054702758789062e+01,-1.468419933319091797e+01,-1.626741600036621094e+01,-1.213126182556152344e+01,4.838148117065429688e+00,-1.057593941688537598e+00,-1.419027900695800781e+01,-1.914789581298828125e+01,-2.180107498168945312e+01,-2.468876266479492188e+01,-1.834128952026367188e+01,-1.000142383575439453e+01,-9.004663467407226562e+00,-7.521146774291992188e+00,-7.514173507690429688e+00,-3.174190044403076172e+00,5.404027462005615234e+00,6.812161445617675781e+00,-1.409764051437377930e+00,-9.507310867309570312e+00,-3.685789585113525391e+00,-4.367990970611572266e+00,-5.617601871490478516e-01,1.935785770416259766e+00,-4.404504299163818359e+00,-1.250083732604980469e+01,-2.103071784973144531e+01,-1.705513000488281250e+01,-1.511994075775146484e+01,-7.832214355468750000e+00,4.575061202049255371e-01,4.249440670013427734e+00,8.604919433593750000e+00,1.038225746154785156e+01,1.207633972167968750e+01,9.623449325561523438e+00,4.248724460601806641e+00,5.333420753479003906e+00,6.510115623474121094e+00,2.353181838989257812e+00,-3.048499107360839844e+00,-5.968328475952148438e+00,-5.679182529449462891e+00,-5.417908668518066406e+00,-2.188414096832275391e+00,-2.496164560317993164e+00,-2.172305345535278320e+00,-2.278973579406738281e+00,1.075765967369079590e+00,2.899239659309387207e-01,-1.040503692626953125e+01,-2.229923248291015625e+01,-3.408239746093750000e+01,-3.018429756164550781e+01,-1.864183998107910156e+01,-1.038958644866943359e+01,-9.705207824707031250e+00,-1.131366825103759766e+01,-1.220587921142578125e+01,-1.769172668457031250e+01,-6.575429439544677734e+00,-3.688703775405883789e-01,-1.112859249114990234e+00,8.576765060424804688e+00,2.000874328613281250e+01,2.173495483398437500e+01,1.183218383789062500e+01,5.438581466674804688e+00,3.151369571685791016e+00,4.213555812835693359e+00,8.391796112060546875e+00,9.903429031372070312e+00,7.265453338623046875e+00,4.321064949035644531e+00,-3.200816154479980469e+00,-4.679378032684326172e+00,-3.827198266983032227e+00,-5.857163429260253906e+00,-5.809120178222656250e+00,-2.549687862396240234e+00,-1.118885421752929688e+01,-1.496298217773437500e+01,-5.680835723876953125e+00,-1.219703102111816406e+01,-1.188014221191406250e+01,-1.412814044952392578e+01,-1.388130760192871094e+01,-9.583502769470214844e+00,-1.376202487945556641e+01,-1.732691574096679688e+01,-1.697436714172363281e+01,-1.550133228302001953e+01,-2.081686782836914062e+01,-2.091132354736328125e+01,-1.734886169433593750e+01,-1.118467712402343750e+01,-1.123052978515625000e+01,-6.471423149108886719e+00,-1.101195335388183594e+00,-6.438733339309692383e-01,-6.759155273437500000e+00,-1.701214981079101562e+01,-2.006097984313964844e+01,-1.752785301208496094e+01,-1.193084812164306641e+01,-9.328155517578125000e+00,-7.593881130218505859e+00,5.400362014770507812e-01,3.019912958145141602e+00,-1.455310821533203125e+01,-2.242384338378906250e+01,-2.184603118896484375e+01,-1.943348693847656250e+01,-1.093527126312255859e+01,-2.080035686492919922e+00,7.069935798645019531e+00,1.266461753845214844e+01,1.092908668518066406e+01,3.730865955352783203e+00,3.998095035552978516e+00,1.524487495422363281e+01,2.326119995117187500e+01,2.298933982849121094e+01,1.455307579040527344e+01,5.626472473144531250e+00,7.367117881774902344e+00,-1.699622273445129395e-01,-1.158609580993652344e+01,-1.318288612365722656e+01,-8.158752441406250000e+00,-2.124313354492187500e+00,1.592849731445312500e+00,-1.819827914237976074e+00,-3.985606193542480469e+00,-1.629630446434020996e+00,-1.930891752243041992e+00,-4.110357284545898438e+00,-7.423742294311523438e+00,-6.567761898040771484e-01,8.280625343322753906e+00,1.169864845275878906e+01,3.904826879501342773e+00,-7.543191909790039062e+00,-6.774192333221435547e+00,-3.137814283370971680e+00,6.312880992889404297e+00,3.034743070602416992e-01,-9.818758010864257812e+00,-5.967311859130859375e+00,-5.676748752593994141e+00,-8.561279296875000000e+00,-1.362761592864990234e+01,-1.364736747741699219e+01,-1.485940551757812500e+01,-1.694522857666015625e+01,-1.401405811309814453e+01,-1.897436904907226562e+01,-2.293801116943359375e+01,-1.281649303436279297e+01,-1.022854423522949219e+01,-1.550375843048095703e+01,-1.857664489746093750e+01,-1.575232791900634766e+01,-1.144578361511230469e+01,-1.574334144592285156e+01,-1.653787994384765625e+01,-1.482732582092285156e+01,-1.420730781555175781e+01,-1.376866531372070312e+01,-9.634480476379394531e+00,-8.216018676757812500e+00,-6.980675697326660156e+00,-7.611131191253662109e+00,-1.014947509765625000e+01,-6.066907882690429688e+00,-6.962547302246093750e+00,-1.951220273971557617e+00,-1.606798648834228516e+00,-1.932510733604431152e+00,-4.442029893398284912e-01,7.385423779487609863e-01,1.635515213012695312e+00,-1.386291742324829102e+00,-1.374380230903625488e+00,9.087092876434326172e-01,7.216237783432006836e-01,-2.994307279586791992e+00,-2.017777442932128906e+00,1.813767790794372559e+00,2.104274034500122070e+00,6.735304594039916992e-01,-1.397600889205932617e+00,-5.061771392822265625e+00,-2.519632816314697266e+00,3.371542692184448242e-01,2.175479888916015625e+00,3.254721403121948242e+00,-2.574034929275512695e-01,4.415966570377349854e-01,-8.029073715209960938e+00,-1.130643653869628906e+01,-9.839380264282226562e+00,-2.467216968536376953e+00,2.616313457489013672e+00,1.272831201553344727e+00,-1.919177651405334473e+00,-3.782132863998413086e+00,-1.854067611694335938e+01,-2.842914199829101562e+01,-2.561959075927734375e+01,-1.955737686157226562e+01,-2.083935165405273438e+01,-1.705615234375000000e+01,-1.503367900848388672e+01,-1.774802589416503906e+01,-1.765097808837890625e+01,-1.726551651954650879e+00,9.420730590820312500e+00,1.891321372985839844e+01,2.446649169921875000e+01,2.134058952331542969e+01,1.835415649414062500e+01,1.706549072265625000e+01,1.354760932922363281e+01,7.998788833618164062e+00,-1.125012040138244629e+00,-5.110828399658203125e+00,-1.325229740142822266e+01,-1.439125061035156250e+01,-1.113907718658447266e+01,-1.290664196014404297e+01,-1.922148323059082031e+01,-1.672526931762695312e+01,-9.450873374938964844e+00,8.250956535339355469e-01,6.028038501739501953e+00,4.970283508300781250e+00,-2.190137147903442383e+00,1.598026990890502930e+00,1.146908569335937500e+01,1.880214691162109375e+01,2.269731712341308594e+01,1.864447593688964844e+01,2.185700607299804688e+01,2.475354385375976562e+01,2.644643020629882812e+01,1.994162559509277344e+01,8.586833000183105469e+00,5.678555488586425781e+00,1.052872657775878906e+01,-1.548237323760986328e+00,-8.882871627807617188e+00,-4.650380134582519531e+00,8.277416229248046875e+00,1.939618873596191406e+01,2.039548301696777344e+01,1.756726455688476562e+01,1.413103961944580078e+01,1.053046989440917969e+01,2.547761917114257812e+00,-1.345394730567932129e+00,5.797747135162353516e+00,7.447238922119140625e+00,7.800080299377441406e+00,6.709386348724365234e+00,1.832527518272399902e+00,-1.069902038574218750e+01,-1.369193553924560547e+01,-1.338344764709472656e+01,-5.844481468200683594e+00,-1.505871176719665527e+00,7.196963787078857422e+00,1.367196178436279297e+01,8.475697040557861328e-01,-8.991817474365234375e+00,2.161304950714111328e-01,3.917402267456054688e+00,3.909928798675537109e-01,-4.994986534118652344e+00,1.191237568855285645e-01,5.135430335998535156e+00,8.148009300231933594e+00,7.882918119430541992e-01,-7.865255355834960938e+00,-1.340221023559570312e+01,5.883450031280517578e+00,1.419747924804687500e+01,2.203221023082733154e-01,-1.297350215911865234e+01,-1.890176391601562500e+01,-1.718951416015625000e+01,-1.354074764251708984e+01,-2.920645713806152344e+00,4.377197265625000000e+00,2.187434673309326172e+00,-2.496157646179199219e+00,1.104021072387695312e+00,1.761826515197753906e+00,6.646617650985717773e-01,1.370351195335388184e+00,2.039990186691284180e+00,2.386122941970825195e+00,4.010378837585449219e+00,-7.820618748664855957e-01,4.002048373222351074e-01,4.469468116760253906e+00,1.957520008087158203e+00,1.944866299629211426e+00,3.768091440200805664e+00,1.793811321258544922e-01,-3.647584438323974609e+00,3.374478816986083984e+00,-1.685975837707519531e+01,-2.596669387817382812e+01,-1.816551208496093750e+01,3.146058320999145508e+00,5.662014961242675781e+00,-2.471846342086791992e+00,-5.108168125152587891e+00,-1.956904649734497070e+00,9.867532730102539062e+00,1.191335105895996094e+01,1.163321113586425781e+01,3.812602758407592773e+00,-1.239076805114746094e+01,-2.289720535278320312e+01,-2.329893875122070312e+01,-1.130003738403320312e+01,-6.627748489379882812e+00,-3.984351158142089844e+00,-4.460219860076904297e+00,-2.980084419250488281e+00,-6.645637512207031250e+00,-2.048012542724609375e+01,-1.091218185424804688e+01,7.561378955841064453e+00,8.219503402709960938e+00,7.263099670410156250e+00,5.685888290405273438e+00,1.969624757766723633e-01,-1.010109233856201172e+01,-7.157387733459472656e+00,-8.314520835876464844e+00,-1.301267623901367188e+01,-8.136563301086425781e+00,2.002627372741699219e+00,3.302093267440795898e+00,-8.825356364250183105e-01,-1.512738466262817383e+00,-3.938615798950195312e+00,-1.522442245483398438e+01,-1.652488899230957031e+01,-1.426666831970214844e+01,-1.306880950927734375e+01,-6.122075080871582031e+00,-6.706310749053955078e+00,-3.726857662200927734e+00,8.153794288635253906e+00,1.170172309875488281e+01,1.704893875122070312e+01,2.250844955444335938e+01,2.104473495483398438e+01,1.628912544250488281e+01,9.343961715698242188e+00,3.893168449401855469e+00,3.776101827621459961e+00,-2.815819740295410156e+00,-9.804470062255859375e+00,-1.017551231384277344e+01,-4.480638027191162109e+00,4.157491207122802734e+00,5.507471084594726562e+00,6.905058383941650391e+00,9.795316696166992188e+00,1.155621814727783203e+01,1.070275497436523438e+01,9.449989199638366699e-01,-8.841411590576171875e+00,-1.201494216918945312e+01,-6.600589752197265625e+00,-8.075746893882751465e-01,-1.113194751739501953e+01,-1.791536712646484375e+01,-2.607930374145507812e+01,-2.617523574829101562e+01,-1.677506256103515625e+01,-7.080110549926757812e+00,-8.200092315673828125e+00,-7.816725254058837891e+00,-7.202927112579345703e+00,-8.045950889587402344e+00,-9.351139068603515625e+00,-1.778941273689270020e+00,-2.320032835006713867e+00,-2.022663950920104980e-01,1.097611045837402344e+01,9.079418182373046875e+00,3.446023702621459961e+00,-2.534557342529296875e+00,-3.996363401412963867e+00,2.056926488876342773e-01,-1.984078526496887207e+00,-4.713256835937500000e+00,2.190984487533569336e-01,2.956382036209106445e+00,1.946960449218750000e+00,-1.179581284523010254e+00,2.067177295684814453e+00,2.017117738723754883e+00,-5.820340156555175781e+00,-5.624565124511718750e+00,-1.517343759536743164e+00,-1.622075796127319336e+00,2.254485607147216797e+00,-3.033680915832519531e+00,-2.194996595382690430e+00,5.528153896331787109e+00,5.952638626098632812e+00,2.087233513593673706e-01,-4.646174430847167969e+00,-9.114694595336914062e-02,5.304434776306152344e+00,3.489735126495361328e+00,1.169965744018554688e+00,-1.480875968933105469e+00,1.847923398017883301e+00,7.567678928375244141e+00,6.645583629608154297e+00,6.758465290069580078e+00,-5.001100897789001465e-01,-6.385673522949218750e+00,-3.993517160415649414e-01,1.581429362297058105e+00,-2.579941272735595703e+00,-7.846732139587402344e+00,-9.208770751953125000e+00,-9.245589256286621094e+00,-7.544722557067871094e+00,-4.477679729461669922e+00,-5.672604084014892578e+00,-1.469354438781738281e+01,-1.684144973754882812e+01,-1.701854133605957031e+01,-1.460973548889160156e+01,-1.316786766052246094e+01,-1.714319038391113281e+01,-1.906931114196777344e+01,-2.899297714233398438e+01,-2.294755935668945312e+01,-2.176985931396484375e+01,-2.665405845642089844e+01,-1.998289871215820312e+01,-1.266411972045898438e+01,-1.132734775543212891e+01,-1.823909187316894531e+01,-2.239144134521484375e+01,-2.170202255249023438e+01,-1.976904296875000000e+01,-1.439291381835937500e+01,-7.994619846343994141e+00,2.827227592468261719e+00,1.216604804992675781e+01,1.463862228393554688e+01,5.611895084381103516e+00,1.699825882911682129e+00,6.440628051757812500e+00,1.886076569557189941e+00,1.583864808082580566e+00,3.657887220382690430e+00,2.656006574630737305e+00,-2.402472257614135742e+00,-6.467732787132263184e-01,3.648798942565917969e+00,8.303760528564453125e+00,1.337086677551269531e+01,6.953125000000000000e+00,4.621610641479492188e+00,1.914239168167114258e+00,1.811659336090087891e-02,1.807355999946594238e+00,2.230005264282226562e+00,2.879508733749389648e+00,4.949904918670654297e+00,1.518962621688842773e+00,-6.612820625305175781e+00,-1.133589744567871094e+01,-1.600125503540039062e+01,-1.863662338256835938e+01,-2.220758056640625000e+01,-2.635610580444335938e+01,-3.166326141357421875e+01,-3.379046630859375000e+01,-2.085178565979003906e+01,-1.968734169006347656e+01,-1.871984100341796875e+01,-1.074502658843994141e+01,-9.359507560729980469e+00,-4.269142627716064453e+00,2.345149755477905273e+00,9.792767524719238281e+00,1.920915603637695312e+01,1.980784988403320312e+01,1.557258510589599609e+01,1.339562511444091797e+01,9.746623992919921875e+00,6.087401866912841797e+00,3.627976894378662109e+00,1.355591583251953125e+01,1.163047313690185547e+01,7.315643787384033203e+00,1.069074058532714844e+01,1.809154987335205078e+00,9.453066825866699219e+00,8.133705139160156250e+00,2.140454292297363281e+00,-7.277942657470703125e+00,-1.279884910583496094e+01,-2.139503097534179688e+01,-2.249154281616210938e+01,-1.170480060577392578e+01,-5.679238796234130859e+00,-6.429780960083007812e+00,-1.014250278472900391e+01,-7.932828426361083984e+00,-9.445400238037109375e+00,-1.616115379333496094e+01,-1.872647094726562500e+01,-2.309338760375976562e+01,-2.054705810546875000e+01,-1.368788146972656250e+01,-6.621563911437988281e+00,-9.851263046264648438e+00,-7.590497016906738281e+00,-5.583178997039794922e+00,1.464528799057006836e+00,3.434772014617919922e+00,6.220200061798095703e-01,1.851208806037902832e+00,5.148203849792480469e+00,4.798340320587158203e+00,-8.799788355827331543e-01,-9.581112861633300781e-01,-4.442259073257446289e-01,2.855728268623352051e-01,-5.145057678222656250e+00,-1.268618774414062500e+01,-2.982442378997802734e+00,4.930887699127197266e+00,5.757441520690917969e+00,-9.086334705352783203e-02,-6.926562786102294922e-01,6.765320777893066406e+00,2.033508062362670898e+00,-1.000210046768188477e+00,-2.140667915344238281e+00,3.341037750244140625e+00,3.200963497161865234e+00,6.516204357147216797e+00,5.671888351440429688e+00,-8.447657227516174316e-01,-6.568780899047851562e+00,-7.109026908874511719e+00,-9.528022766113281250e+00,-1.857033920288085938e+01,-2.434935379028320312e+01,-1.838718986511230469e+01,-1.157891654968261719e+01,-8.957220077514648438e+00,-1.114593791961669922e+01,-1.231552696228027344e+01,-1.218271732330322266e+01,-6.726882606744766235e-02,5.392827033996582031e+00,1.958848118782043457e+00,-1.642584085464477539e+00,-1.062513232231140137e+00,2.667744636535644531e+00,7.008170127868652344e+00,1.081483554840087891e+01,1.141103935241699219e+01,8.019795417785644531e+00,5.081758499145507812e+00,7.039983749389648438e+00,5.058343410491943359e+00,5.903952717781066895e-01,2.097767829895019531e+00,7.076433181762695312e+00,3.321757316589355469e+00,1.300602674484252930e+00,3.176409721374511719e+00,5.580901503562927246e-01,1.051271200180053711e+00,2.447886466979980469e+00,3.081058502197265625e+00,5.849871635437011719e+00,6.551872253417968750e+00,4.768105983734130859e+00,-1.794345617294311523e+00,-6.794175148010253906e+00,-1.646512603759765625e+01,-1.834495544433593750e+01,-1.726624298095703125e+01,-1.675242996215820312e+01,-2.044285964965820312e+01,-1.927708244323730469e+01,-8.726177215576171875e+00,-1.240507125854492188e+00,-7.532388687133789062e+00,-7.294426918029785156e+00,-6.215900421142578125e+00,-5.748078346252441406e+00,1.050566864013671875e+01,1.540837955474853516e+01,1.940851593017578125e+01,1.890096473693847656e+01,2.215912818908691406e+01,2.501154518127441406e+01,2.302085494995117188e+01,2.147679138183593750e+01,1.796820068359375000e+01,6.642506122589111328e+00,2.817022323608398438e+00,6.341811180114746094e+00,7.995186328887939453e+00,9.786294937133789062e+00,1.260470199584960938e+01,2.286374330520629883e+00,-7.966816902160644531e+00,-8.060049057006835938e+00,8.723569512367248535e-01,1.416127562522888184e+00,-9.307850837707519531e+00,-1.148151969909667969e+01,-1.380747890472412109e+01,-1.090485954284667969e+01,-5.665042877197265625e+00,1.548583030700683594e+00,5.791460990905761719e+00,2.355114936828613281e+00,-6.285720348358154297e+00,-1.033311653137207031e+01,-8.090832710266113281e+00,-1.114804172515869141e+01,-1.264892292022705078e+01,-1.411825752258300781e+01,-1.940699768066406250e+01,-1.499591255187988281e+01,-1.235551357269287109e+01,-1.015980243682861328e+01,-1.371082305908203125e+01,-5.937640190124511719e+00,1.989700078964233398e+00,8.608933687210083008e-01,-8.318738937377929688e-01,-2.417069911956787109e+00,9.077887535095214844e-01,6.816293239593505859e+00,8.437941551208496094e+00,8.849063873291015625e+00,1.098258495330810547e+01,6.020058155059814453e+00,-8.297723531723022461e-01,5.977612495422363281e+00,1.350799465179443359e+01,1.275719547271728516e+01,1.173089218139648438e+01,1.432406997680664062e+01,1.793358039855957031e+01,1.565342330932617188e+01,7.356913566589355469e+00,4.374043941497802734e+00,5.805104255676269531e+00,1.166758346557617188e+01,1.096939849853515625e+01,7.519815444946289062e+00,7.390860557556152344e+00,4.425134181976318359e+00,-5.623866319656372070e-01,-2.599002838134765625e+00,4.843439579010009766e+00,2.216701984405517578e+00,-1.795620679855346680e+00,1.282291889190673828e+00,1.969442176818847656e+01,3.275361633300781250e+01,1.920408821105957031e+01,1.014533233642578125e+01,8.542422294616699219e+00,1.917683601379394531e+00,-9.886701583862304688e+00,-2.611796140670776367e+00,2.080046653747558594e+00,5.712407827377319336e-01,-4.139098644256591797e+00,-5.223391532897949219e+00,-4.686839103698730469e+00,-3.238013267517089844e+00,-1.303813338279724121e+00,1.385591626167297363e-01,3.456337213516235352e+00,-1.148241162300109863e+00,-9.855140686035156250e+00,-1.293722057342529297e+01,-1.105600166320800781e+01,-1.103235435485839844e+01,-7.470705986022949219e+00,-5.417832374572753906e+00,-5.690414428710937500e+00,4.221169948577880859e+00,1.022401428222656250e+01,1.123693656921386719e+01,6.585181236267089844e+00,-3.302426338195800781e+00,-1.182059955596923828e+01,-1.667269706726074219e+01,-2.098263931274414062e+01,-1.977565765380859375e+01,-1.743791198730468750e+01,-4.269701957702636719e+00,-8.935861587524414062e+00,-1.471823024749755859e+01,-1.759421539306640625e+01,-2.006429672241210938e+01,-1.261772537231445312e+01,-9.961812019348144531e+00,-1.099799919128417969e+01,-6.881086349487304688e+00,-6.611158370971679688e+00,-8.971588611602783203e-01,1.641669273376464844e+00,4.018075942993164062e+00,7.276927947998046875e+00,4.499956130981445312e+00,9.669742584228515625e-01,2.406531572341918945e+00,5.889163017272949219e+00,2.924082756042480469e+00,-1.369844055175781250e+01,-1.977873992919921875e+01,-4.650462150573730469e+00,5.126345634460449219e+00,1.263922691345214844e+01,1.472515296936035156e+01,1.410242557525634766e+01,1.401244354248046875e+01,1.859028244018554688e+01,2.554838943481445312e+01,2.237150382995605469e+01,1.715265464782714844e+01,1.821974945068359375e+01,1.557137107849121094e+01,1.328682708740234375e+01,1.215672683715820312e+01,1.295214462280273438e+01,1.015829086303710938e+01,8.450023651123046875e+00,5.653477668762207031e+00,8.080557584762573242e-01,3.949367523193359375e+00,5.701960563659667969e+00,4.324948310852050781e+00,5.995478630065917969e+00,8.249013900756835938e+00,6.176292896270751953e+00,4.029658317565917969e+00,1.330926704406738281e+01,1.022812747955322266e+01,5.731587886810302734e+00,9.212526321411132812e+00,8.622318267822265625e+00,9.699269294738769531e+00,1.077108764648437500e+01,7.087351799011230469e+00,5.616620063781738281e+00,6.923464775085449219e+00,5.093140602111816406e+00,8.635568618774414062e+00,1.023458194732666016e+01,2.380099534988403320e+00,-1.567715406417846680e-01,5.025261878967285156e+00,4.015782833099365234e+00,7.151954770088195801e-01,-3.149218559265136719e+00,-2.483140468597412109e+00,-7.896455287933349609e+00,-1.190049648284912109e+01,-1.279119873046875000e+01,-1.443515491485595703e+01,-1.244314384460449219e+01,-5.044216156005859375e+00,-3.539007425308227539e+00,3.258158683776855469e+00,9.123118400573730469e+00,6.506326198577880859e+00,-2.595777809619903564e-01,1.853587627410888672e+00,7.836286544799804688e+00,9.436985015869140625e+00,1.011352252960205078e+01,1.229828453063964844e+01,1.462444496154785156e+01,1.148272895812988281e+01,1.156975746154785156e+01,1.431629753112792969e+01,1.360310649871826172e+01,1.021668910980224609e+01,3.949459552764892578e+00,2.273774147033691406e+00,3.876246809959411621e-01,8.777844905853271484e-01,-1.755647659301757812e-01,-3.123703479766845703e+00,-4.078340530395507812e+00,5.923318862915039062e+00,1.340907001495361328e+01,1.163360977172851562e+01,7.181548118591308594e+00,8.284465789794921875e+00,8.154844284057617188e+00,6.450428485870361328e+00,2.566694021224975586e+00,-2.196462392807006836e+00,-2.733438730239868164e+00,-5.432115554809570312e+00,-1.215079426765441895e+00,3.064172744750976562e+00,1.117303943634033203e+01,8.591978073120117188e+00,6.117376327514648438e+00,7.194502830505371094e+00,5.664180755615234375e+00,4.503205299377441406e+00,1.253377914428710938e+00,-3.177058935165405273e+00,5.826687812805175781e+00,1.210281658172607422e+01,1.178727340698242188e+01,1.666125297546386719e+01,2.122929763793945312e+01,2.564542198181152344e+01,2.808462142944335938e+01,2.428042984008789062e+01,9.828779220581054688e+00,7.180688381195068359e+00,8.857906341552734375e+00,2.783570289611816406e+00,-3.608715772628784180e+00,1.308283329010009766e+01,1.072267532348632812e+01,2.499369144439697266e+00,-9.232522010803222656e+00,-7.384085178375244141e+00,-8.932433128356933594e-01,3.813104152679443359e+00,3.151241540908813477e+00,3.674637317657470703e+00,2.676640510559082031e+00,9.198719024658203125e+00,2.075679063796997070e+00,-6.750741481781005859e+00,-6.245474338531494141e+00,-8.507116436958312988e-01,8.776188492774963379e-01,6.951089859008789062e+00,1.966092681884765625e+01,1.360501480102539062e+01,4.299429953098297119e-01,-8.205839157104492188e+00,-1.536756801605224609e+01,-1.294708633422851562e+01,-8.535751342773437500e+00,-4.110916614532470703e+00,-5.550653934478759766e-01,-7.149924755096435547e+00,-9.691837310791015625e+00,-6.989914417266845703e+00,-4.346322536468505859e+00,-6.322664260864257812e+00,-1.831513214111328125e+01,-2.273152160644531250e+01,-1.638689041137695312e+01,-4.826769828796386719e+00,-7.586163520812988281e+00,-1.054072380065917969e+01,-8.268251419067382812e+00,-4.207591056823730469e+00,5.831605911254882812e+00,1.205785942077636719e+01,1.845008468627929688e+01,2.390945053100585938e+01,1.886700820922851562e+01,1.282365703582763672e+01,7.903595924377441406e+00,9.555572509765625000e+00,1.420965003967285156e+01,1.301408958435058594e+01,1.053964042663574219e+01,7.277538776397705078e+00,8.254087448120117188e+00,1.221928977966308594e+01,8.562797546386718750e+00,-2.248083829879760742e+00,-9.819721221923828125e+00,-9.608886718750000000e+00,-1.019836235046386719e+01,-9.878215789794921875e+00,-6.263769626617431641e+00,-1.236686611175537109e+01,-5.828762531280517578e+00,5.841833114624023438e+00,5.148863315582275391e+00,-1.763551950454711914e+00,-3.437762022018432617e+00,-7.380064487457275391e+00,-4.608604431152343750e+00,-2.408284187316894531e+00,-3.430094003677368164e+00,-4.639128684997558594e+00,-4.848422050476074219e+00,-3.290118455886840820e+00,-2.736283779144287109e+00,2.306670188903808594e+00,5.606978416442871094e+00,-1.543309688568115234e-01,-8.763558387756347656e+00,-1.134069252014160156e+01,9.092015266418457031e+00,2.166944885253906250e+01,2.420063972473144531e+01,1.388507652282714844e+01,6.554845809936523438e+00,-3.697008132934570312e+00,-7.197903633117675781e+00,-1.721439123153686523e+00,-6.529703140258789062e+00,-1.312057304382324219e+01,-5.051194190979003906e+00,2.627332210540771484e+00,9.319478869438171387e-01,3.837115764617919922e+00,-1.425782084465026855e+00,-3.452407121658325195e+00,-2.289985418319702148e+00,-8.156569480895996094e+00,-9.725980758666992188e+00,-1.028204154968261719e+01,-9.064879417419433594e+00,-5.561200618743896484e+00,-1.515461683273315430e+00,-3.648601531982421875e+00,-7.404909610748291016e+00,-6.457161426544189453e+00,1.727873802185058594e+00,-1.062849640846252441e+00,-7.018927335739135742e-01,6.635496139526367188e+00,1.401054859161376953e+01,1.093475055694580078e+01,4.928459644317626953e+00,1.354792237281799316e+00,1.480426192283630371e-01,-2.386384904384613037e-01,-1.034559249877929688e+01,-1.911782836914062500e+01,-9.339312553405761719e+00,2.372568845748901367e+00,1.697018623352050781e+00,3.647736549377441406e+00,2.618836641311645508e+00,5.469672203063964844e+00,1.088442683219909668e+00,-5.318143844604492188e+00,1.132425069808959961e+00,1.116159820556640625e+01,1.470008468627929688e+01,1.212246894836425781e+01,8.835165977478027344e+00,4.201495170593261719e+00,-9.108170270919799805e-01,6.324917316436767578e+00,7.311886310577392578e+00,2.889422893524169922e+00,1.515863776206970215e+00,-1.135812997817993164e+00,-6.319355964660644531e-01,3.461886048316955566e-01,-3.471024632453918457e-01,-1.418975114822387695e+00,1.319530963897705078e+00,-4.207703173160552979e-01,-5.364995002746582031e+00,-8.228359222412109375e+00,-1.041803455352783203e+01,-1.513774871826171875e+01,-1.231851387023925781e+01,-1.840837478637695312e+01,-1.219472503662109375e+01,-5.132312297821044922e+00,-3.272373676300048828e-01,7.475724220275878906e+00,1.963543415069580078e+00,5.352567672729492188e+00,9.856094360351562500e+00,2.832597255706787109e+00,4.432972908020019531e+00,5.522898674011230469e+00,6.455805301666259766e+00,-2.287019252777099609e+00,1.605334758758544922e+00,9.610097885131835938e+00,8.074664115905761719e+00,5.791682243347167969e+00,7.752962112426757812e+00,3.556029558181762695e+00,9.795433044433593750e+00,1.110440063476562500e+01,7.922940254211425781e+00,3.490787506103515625e+00,5.622681617736816406e+00,6.063289642333984375e+00,4.887689590454101562e+00,5.102987289428710938e+00,-1.116482496261596680e+00,-3.821443557739257812e+00,8.882966041564941406e-01,1.869621157646179199e+00,3.758376598358154297e+00,4.926058769226074219e+00,2.784662723541259766e+00,-4.658982157707214355e-02,6.475156545639038086e-01,1.348610997200012207e+00,4.271157264709472656e+00,-1.139321327209472656e-01,-4.380906105041503906e+00,-3.829262554645538330e-01,4.469962120056152344e+00,8.740561485290527344e+00,4.238700866699218750e+00,1.990030050277709961e+00,1.319084167480468750e+00,-2.837648868560791016e+00,-8.448372840881347656e+00,-1.355459499359130859e+01,-1.509186840057373047e+01,-1.344883060455322266e+01,-7.592337608337402344e+00,-1.283062648773193359e+01,-1.448452854156494141e+01,-1.537049102783203125e+01,-1.814902877807617188e+01,-2.183263778686523438e+01,-2.753908538818359375e+01,-2.260189819335937500e+01,-7.369316101074218750e+00,-8.016668319702148438e+00,-3.737387180328369141e+00,4.216571807861328125e+00,1.063219165802001953e+01,1.433927154541015625e+01,1.353629589080810547e+01,7.917800426483154297e+00,2.996215105056762695e+00,6.306544303894042969e+00,1.077423477172851562e+01,-3.172851562500000000e+00,-5.998738288879394531e+00,-2.022234201431274414e+00,6.886422634124755859e-01,2.496606111526489258e+00,-1.754575967788696289e-01,2.381801605224609375e+00,6.686100959777832031e+00,1.268428516387939453e+01,1.132554244995117188e+01,1.018805503845214844e+01,1.483964920043945312e-02,-1.081692028045654297e+01,-8.079292297363281250e+00,-4.063881874084472656e+00,-7.979841232299804688e+00,-2.715622901916503906e+00,7.810133457183837891e+00,1.757488250732421875e+01,1.801584625244140625e+01,1.867477226257324219e+01,2.516735649108886719e+01,2.087517738342285156e+01,1.357073593139648438e+01,1.450285148620605469e+01,1.376391983032226562e+01,8.597623825073242188e+00,5.417936325073242188e+00,6.361846446990966797e+00,9.740064620971679688e+00,1.348203086853027344e+01,1.252214908599853516e+01,1.536797618865966797e+01,1.384277248382568359e+01,6.817234992980957031e+00,5.046720504760742188e+00,-1.613761901855468750e+00,1.918731331825256348e-01,2.949507236480712891e+00,-2.911186695098876953e+00,-1.288626098632812500e+01,-2.182698440551757812e+01,-2.163245773315429688e+01,-1.581773185729980469e+01,-1.189715862274169922e+01,-1.016782760620117188e+01,-9.725133895874023438e+00,-1.265240097045898438e+01,-1.598116493225097656e+01,-1.779527473449707031e+01,-1.275444221496582031e+01,-6.147161483764648438e+00,-6.685969352722167969e+00,-7.514035224914550781e+00,5.091618061065673828e+00,7.152508258819580078e+00,9.429708480834960938e+00,6.541968822479248047e+00,5.026113986968994141e+00,9.420855522155761719e+00,1.075572204589843750e+01,7.915542602539062500e+00,-1.526821136474609375e+00,-9.115020751953125000e+00,-5.587953090667724609e+00,-1.260792541503906250e+01,-1.630900382995605469e+01,-1.847066879272460938e+01,-1.368064785003662109e+01,-1.461208629608154297e+01,-1.902875518798828125e+01,-1.213819026947021484e+01,-6.094609737396240234e+00,5.752136230468750000e+00,1.265090942382812500e+01,1.533199882507324219e+01,1.706781196594238281e+01,1.700000572204589844e+01,1.007290458679199219e+01,5.108296871185302734e+00,-2.824943304061889648e+00,-7.463769435882568359e+00,-2.212321758270263672e+00,1.180020570755004883e-01,4.148563861846923828e+00,8.585846900939941406e+00,1.008923339843750000e+01,6.526284217834472656e+00,7.006334304809570312e+00,7.174153804779052734e+00,2.886209726333618164e+00,-3.769849777221679688e+00,-5.353564023971557617e-01,4.159907341003417969e+00,3.267036914825439453e+00,2.671228647232055664e+00,1.031463527679443359e+01,1.122467803955078125e+01,5.286340713500976562e+00,1.020442199707031250e+01,-5.903487205505371094e+00,-1.061433696746826172e+01,-1.232177734375000000e+01,-1.320538902282714844e+01,-5.189902305603027344e+00,-4.862258434295654297e-01,-2.411053180694580078e+00,-8.626489639282226562e+00,-1.664439010620117188e+01,-1.300091934204101562e+01,-8.186333656311035156e+00,-7.781745910644531250e+00,-1.041241264343261719e+01,-1.318832206726074219e+01,-6.193843841552734375e+00,1.793774366378784180e-01,-4.947647571563720703e+00,-1.634398841857910156e+01,-2.777240943908691406e+01,-2.728540802001953125e+01,-8.938852310180664062e+00,-2.756526231765747070e+00,-9.811151504516601562e+00,-1.350357437133789062e+01,-1.177702045440673828e+01,-1.158945465087890625e+01,-1.348452472686767578e+01,-1.184661197662353516e+01,-8.543495178222656250e+00,-3.182656526565551758e+00,3.336338043212890625e+00,-4.829286098480224609e+00,-1.502080535888671875e+01,-1.386616611480712891e+01,-8.849886894226074219e+00,-6.635698795318603516e+00,4.882137298583984375e+00,2.806891202926635742e+00,-2.140890359878540039e+00,1.001895999908447266e+01,1.934244155883789062e+01,1.596312332153320312e+01,1.358352184295654297e+01,8.800120353698730469e+00,1.833682775497436523e+00,2.631421804428100586e+00,7.858177423477172852e-01,1.424650073051452637e+00,5.867536544799804688e+00,8.151229858398437500e+00,1.602505445480346680e+00,-1.280251884460449219e+01,-1.928055953979492188e+01,-2.111703491210937500e+01,-2.497140312194824219e+01,-1.550160408020019531e+01,-3.204662084579467773e+00,7.439940452575683594e+00,6.010763168334960938e+00,1.302924633026123047e+00,-3.441763401031494141e+00,-8.009883880615234375e+00,-1.051057147979736328e+01,-8.343294143676757812e+00,-7.417721748352050781e+00,1.425509452819824219e+00,9.004901885986328125e+00,1.559537887573242188e+01,7.774717807769775391e+00,-1.976106524467468262e+00,-1.021764373779296875e+01,-8.632171630859375000e+00,-7.227966308593750000e+00,-5.113558292388916016e+00,-7.201659202575683594e+00,-1.087962055206298828e+01,1.827402591705322266e+00,4.658121109008789062e+00,5.525974273681640625e+00,6.678296566009521484e+00,1.132606601715087891e+01,1.131824111938476562e+01,9.618374824523925781e+00,4.659817695617675781e+00,-1.212730169296264648e+00,1.751155495643615723e+00,2.117569923400878906e+00,2.237220764160156250e+00,1.558930397033691406e+00,4.564267635345458984e+00,1.457735180854797363e+00,4.220272600650787354e-01,-2.004208564758300781e+00,-6.171890258789062500e+00,-7.068408966064453125e+00,-4.094659805297851562e+00,-1.544219970703125000e+00,-7.579746246337890625e+00,-1.054371452331542969e+01,-1.326702594757080078e+01,-1.424361133575439453e+01,-1.203379249572753906e+01,-1.765491485595703125e+01,-1.484594535827636719e+01,-3.924045801162719727e+00,7.373754978179931641e-01,-2.935805320739746094e+00,-6.103512763977050781e+00,-1.347510528564453125e+01,-1.961103439331054688e+01,-3.282029724121093750e+01,-3.026310920715332031e+01,-2.234949493408203125e+01,-1.207329750061035156e+01,-4.209354877471923828e+00,-1.461305737495422363e+00,-5.765683174133300781e+00,-1.563954639434814453e+01,-2.341963005065917969e+01,-1.573459434509277344e+01,-1.445655059814453125e+01,-1.741007995605468750e+01,-1.471058082580566406e+01,-1.969618988037109375e+01,-2.337250137329101562e+01,-2.249988937377929688e+01,-2.770530128479003906e+01,-2.584675979614257812e+01,-2.020483398437500000e+01,-1.828800582885742188e+01,-1.787164688110351562e+01,-1.505241584777832031e+01,-1.419765663146972656e+01,-1.448313045501708984e+01,-1.457505416870117188e+01,-7.360747337341308594e+00,-1.572755813598632812e+01,-1.458025550842285156e+01,-9.655910491943359375e+00,-1.282159042358398438e+01,-8.716615676879882812e+00,-7.789849281311035156e+00,-8.513175964355468750e+00,-1.048092651367187500e+01,-9.863138198852539062e+00,-8.429471969604492188e+00,-1.380048179626464844e+01,-2.403095817565917969e+01,-1.518423175811767578e+01,-6.186895847320556641e+00,-9.140889167785644531e+00,-2.348653221130371094e+01,-2.172150802612304688e+01,-1.818237304687500000e+01,-2.078905487060546875e+01,-1.983410835266113281e+01,-2.040540504455566406e+01,-1.759980392456054688e+01,-8.844860076904296875e+00,-6.701981544494628906e+00,-5.355122566223144531e+00,-4.470774650573730469e+00,-2.457270383834838867e+00,-1.763081550598144531e+00,-5.988346338272094727e-01,2.199175357818603516e+00,4.305903017520904541e-01,-4.135054111480712891e+00,-6.978952884674072266e-01,4.242638111114501953e+00,4.529632091522216797e+00,-2.963437438011169434e-01,-3.585030078887939453e+00,-1.211994051933288574e+00,8.029315948486328125e+00,1.142316436767578125e+01,5.012327671051025391e+00,4.950311183929443359e+00,5.207833290100097656e+00,8.381490707397460938e+00,1.009813785552978516e+01,7.874716281890869141e+00,-1.304585933685302734e-01,-2.567770957946777344e+00,-5.305260658264160156e+00,-1.197002792358398438e+01,-1.218784046173095703e+01,-1.381721401214599609e+01,-1.916717529296875000e+01,-1.490970706939697266e+01,-2.280372047424316406e+01,-2.525510406494140625e+01,-2.129895782470703125e+01,-1.383735561370849609e+01,-1.503657722473144531e+01,-2.039455413818359375e+01,-1.898577880859375000e+01,-2.135570716857910156e+01,-1.413556575775146484e+01,-9.593160629272460938e+00,-1.949913406372070312e+01,-3.801873207092285156e+00,5.802104949951171875e+00,4.998293399810791016e+00,2.941541671752929688e+00,1.426428556442260742e+00,9.160359382629394531e+00,5.797154426574707031e+00,-2.454844951629638672e+00,-8.130245208740234375e+00,-1.156970882415771484e+01,-4.187569618225097656e+00,-2.198756694793701172e+00,2.562107086181640625e+00,7.333042621612548828e+00,9.229778289794921875e+00,-6.566202163696289062e+00,-1.541197013854980469e+01,-1.699594497680664062e+01,-1.610186767578125000e+01,-1.370435905456542969e+01,-5.761215686798095703e+00,-4.772584915161132812e+00,-5.280250549316406250e+00,9.020956754684448242e-01,4.261863231658935547e+00,2.449857294559478760e-01,-2.860881328582763672e+00,-5.141465187072753906e+00,-7.006273746490478516e+00,-8.082257270812988281e+00,-9.056362152099609375e+00,-6.334914207458496094e+00,-1.442963123321533203e+00,5.660277843475341797e+00,6.985181808471679688e+00,9.429748058319091797e-01,-4.974454045295715332e-01,-6.743396282196044922e+00,-1.499167442321777344e+01,-9.225096702575683594e+00,-6.798231124877929688e+00,-3.166373252868652344e+00,1.417305660247802734e+01,2.197842788696289062e+01,2.038393783569335938e+01,1.759715461730957031e+01,1.520608139038085938e+01,1.697860527038574219e+01,9.882524490356445312e+00,6.454643249511718750e+00,3.153877258300781250e+00,-6.810975074768066406e-02,-2.647507429122924805e+00,-3.263903617858886719e+00,-6.982918262481689453e+00,-9.061861991882324219e+00,-1.369216728210449219e+01,-1.615345001220703125e+01,-1.487988567352294922e+01,-1.384585762023925781e+01,-1.280187797546386719e+01,-1.368418216705322266e+01,-2.333821487426757812e+01,-2.961287307739257812e+01,-1.638288688659667969e+01,-9.104212760925292969e+00,-2.307162666320800781e+01,-2.052670669555664062e+01,-1.193684959411621094e+01,-1.084968447685241699e-01,1.141162109375000000e+01,1.385953521728515625e+01,2.077538108825683594e+01,2.251705551147460938e+01,2.087394523620605469e+01,2.418207740783691406e+01,2.305949401855468750e+01,2.000613403320312500e+01,1.501512908935546875e+01,8.287036895751953125e+00,-2.429361045360565186e-01,1.796567440032958984e+00,8.263598442077636719e+00,4.489460945129394531e+00,-4.282876491546630859e+00,-2.275251388549804688e+00,1.368232369422912598e-01,3.754993200302124023e+00,5.493153572082519531e+00,4.050868988037109375e+00,1.442882776260375977e+00,7.237137794494628906e+00,1.343590927124023438e+01,1.752460479736328125e+01,1.785364913940429688e+01,1.334739208221435547e+01,7.311309814453125000e+00,4.911064147949218750e+00,9.157430648803710938e+00,1.380098533630371094e+01,1.954550933837890625e+01,2.553006362915039062e+01,2.788055992126464844e+01,2.074269866943359375e+01,9.659414291381835938e+00,4.150315761566162109e+00,1.855534672737121582e+00,-2.997646331787109375e-01,-1.799297332763671875e+00,-2.513145685195922852e+00,-4.614878654479980469e+00,3.971729874610900879e-01,3.672544240951538086e+00,-4.678784370422363281e+00,-6.613004684448242188e+00,-5.095422267913818359e+00,-2.160856723785400391e+00,8.857067108154296875e+00,1.241115760803222656e+01,3.601478576660156250e+00,6.731116771697998047e-02,-1.772673368453979492e+00,-4.464337825775146484e-01,-1.188725948333740234e+01,-1.529984474182128906e+01,-1.330360889434814453e+01,-1.395718574523925781e+01,-7.477648258209228516e+00,1.999439001083374023e+00,7.533742427825927734e+00,2.422155618667602539e+00,1.151657462120056152e+00,-8.706342697143554688e+00,-1.705746459960937500e+01,-1.891822052001953125e+01,-1.547673797607421875e+01,-1.395850181579589844e+01,-1.485656929016113281e+01,-1.318486976623535156e+01,-1.352276420593261719e+01,-1.241510772705078125e+01,-1.810221290588378906e+01,-2.084939575195312500e+01,-8.098720550537109375e+00,-4.479296207427978516e+00,-5.479557991027832031e+00,-9.746545553207397461e-01,-1.721405625343322754e+00,8.413355827331542969e+00,1.339786529541015625e+01,1.745801329612731934e+00,5.964705467224121094e+00,5.859375000000000000e+00,-2.547110319137573242e+00,6.423204541206359863e-01,4.486783981323242188e+00,8.846101760864257812e+00,7.076376914978027344e+00,2.545173883438110352e+00,-3.651937007904052734e+00,-7.410281181335449219e+00,-1.206223011016845703e+01,-9.175693511962890625e+00,-8.643501281738281250e+00,-1.522867679595947266e+00,6.317568302154541016e+00,1.298622417449951172e+01,1.487817668914794922e+01,1.543952178955078125e+01,1.421942138671875000e+01,1.218053722381591797e+01,1.029121208190917969e+01,5.052121162414550781e+00,-2.737793445587158203e+00,-1.170258903503417969e+01,-1.235609340667724609e+01,-1.247109889984130859e+01,-1.438728618621826172e+01,-1.714459991455078125e+01,-1.294781684875488281e+01,-9.212837219238281250e+00,-1.151005363464355469e+01,-8.498679161071777344e+00,-1.067936515808105469e+01,-7.441849231719970703e+00,-6.100328922271728516e+00,-3.277162075042724609e+00,2.309658527374267578e-01,-1.341991424560546875e-01,-1.735235452651977539e+00,-4.807584285736083984e+00,-3.615981340408325195e+00,-1.398062705993652344e+00,-7.167599797248840332e-01,1.194660305976867676e+00,5.873385429382324219e+00,9.593940377235412598e-01,-2.202710866928100586e+00,1.886931657791137695e+00,1.233700752258300781e+00,-2.625066757202148438e+00,-1.204441189765930176e-01,3.665549755096435547e+00,-2.400802612304687500e+00,-7.256346702575683594e+00,-5.368114948272705078e+00,-5.358843803405761719e-01,-1.353641867637634277e+00,-5.501951694488525391e+00,-2.497416973114013672e+00,2.950409173965454102e+00,1.874507546424865723e+00,-7.422184944152832031e+00,-2.636482715606689453e+00,7.373434066772460938e+00,1.114196014404296875e+01,1.697979164123535156e+01,1.232699394226074219e+01,4.988398551940917969e+00,2.453016757965087891e+00,6.443254470825195312e+00,-1.194184780120849609e+00,-7.235223770141601562e+00,-5.320869922637939453e+00,-7.286064624786376953e+00,-1.043056106567382812e+01,-2.137205123901367188e+01,-2.778386878967285156e+01,-2.823346328735351562e+01,-2.690126037597656250e+01,-2.481189727783203125e+01,-1.731101036071777344e+01,-1.595724296569824219e+01,-1.236336421966552734e+01,-8.601428031921386719e+00,-2.074813604354858398e+00,-1.415937066078186035e+00,-2.115802764892578125e+00,-5.896465778350830078e+00,-9.487728118896484375e+00,-1.712389373779296875e+01,-2.302450180053710938e+01,-1.628991508483886719e+01,-6.948447227478027344e+00,-3.216893434524536133e+00,1.561468124389648438e+00,-1.543909668922424316e+00,-6.879473686218261719e+00,-9.828271865844726562e+00,-3.137107133865356445e+00,2.191676378250122070e+00,-1.206819787621498108e-01,-1.192564964294433594e+00,1.188229751586914062e+01,7.177607059478759766e+00,-1.332488346099853516e+01,-2.665518188476562500e+01,-2.496313095092773438e+01,-1.537585067749023438e+01,-2.312607574462890625e+01,-1.915862655639648438e+01,-1.532973480224609375e+01,-1.248286724090576172e+01,-9.263114929199218750e+00,-4.783037662506103516e+00,-6.502230644226074219e+00,-6.775372028350830078e+00,-1.194156074523925781e+01,-2.273449325561523438e+01,-3.119717025756835938e+01,-2.163690948486328125e+01,-1.033278656005859375e+01,-7.177883148193359375e+00,-7.120731353759765625e+00,-7.765542984008789062e+00,3.934699892997741699e-01,1.155216026306152344e+01,1.103051376342773438e+01,6.033109664916992188e+00,9.256267547607421875e+00,1.302045917510986328e+01,1.145882415771484375e+01,9.374839782714843750e+00,7.308970928192138672e+00,3.159333229064941406e+00,-3.295480251312255859e+00,-4.076584339141845703e+00,-2.300435543060302734e+00,-3.296588182449340820e+00,-5.008218765258789062e+00,-4.957993507385253906e+00,-1.985766887664794922e+00,-2.436937332153320312e+00,-4.011491298675537109e+00,-7.771673202514648438e+00,-7.122544765472412109e+00,-3.513677358627319336e+00,3.548144102096557617e-01,-4.677933692932128906e+00,-1.223228454589843750e+01,-1.750991058349609375e+01,-1.855003356933593750e+01,-1.404763412475585938e+01,-2.746739149093627930e+00,6.919192314147949219e+00,4.519129276275634766e+00,8.967168331146240234e-01,5.500991940498352051e-01,-1.441546201705932617e+00,-3.734032213687896729e-01,5.443372726440429688e-01,3.495840072631835938e+00,3.989867210388183594e+00,6.526118755340576172e+00,5.815294265747070312e+00,4.453240036964416504e-01,-5.837988853454589844e+00,-1.254376220703125000e+01,-8.864942550659179688e+00,-8.360518455505371094e+00,-1.043679809570312500e+01,-1.242783927917480469e+01,-1.182374000549316406e+01,-8.188437461853027344e+00,-7.341341972351074219e+00,-1.735076141357421875e+01,-1.590340518951416016e+01,-1.482652568817138672e+01,-1.609140777587890625e+01,-1.934820938110351562e+01,-2.129699325561523438e+01,-2.142346191406250000e+01,-1.483505249023437500e+01,-1.553367805480957031e+01,-1.390409660339355469e+01,-1.039084625244140625e+01,-8.326951980590820312e+00,-3.630661249160766602e+00,-2.350725173950195312e+01,-2.907312393188476562e+01,-2.800763702392578125e+01,-2.967809104919433594e+01,-3.280405426025390625e+01,-3.176324081420898438e+01,-2.835922241210937500e+01,-2.604502105712890625e+01,-2.633302307128906250e+01,-2.454771995544433594e+01,-2.838269615173339844e+01,-2.243465042114257812e+01,-1.558768272399902344e+01,-1.482015132904052734e+01,-1.682286071777343750e+01,-1.167843627929687500e+01,-6.545870304107666016e+00,-1.328622817993164062e+01,-1.854369354248046875e+01,-1.302521133422851562e+01,-4.308495521545410156e+00,-1.523354530334472656e+01,-1.459131240844726562e+01,2.490478754043579102e+00,7.459031581878662109e+00,1.121985149383544922e+01,1.174269104003906250e+01,1.016260337829589844e+01,7.160104274749755859e+00,9.187105178833007812e+00,2.678182125091552734e+00,-1.345560431480407715e+00,-2.927590847015380859e+00,-6.392982482910156250e+00,-7.574605941772460938e+00,-4.162204742431640625e+00,3.740446090698242188e+00,5.996052742004394531e+00,5.920885562896728516e+00,2.244771718978881836e+00,-9.817849159240722656e+00,-1.419332981109619141e+01,-1.836369323730468750e+01,-2.276531028747558594e+01,-1.985511970520019531e+01,-1.444799041748046875e+01,-9.282872200012207031e+00,-1.266182899475097656e+01,-9.253816604614257812e+00,-2.232681035995483398e+00,-4.458949565887451172e+00,2.275173187255859375e+00,4.722367763519287109e+00,-2.000502496957778931e-01,-6.848458290100097656e+00,-3.014697074890136719e+00,7.091049671173095703e+00,9.999797821044921875e+00,1.247866821289062500e+01,1.286020469665527344e+01,1.583992123603820801e+00,-4.451408863067626953e+00,-9.829141616821289062e+00,-9.146809577941894531e+00,-9.670912742614746094e+00,-3.735548496246337891e+00,-1.195776820182800293e+00,-3.166956007480621338e-01,-2.701095581054687500e+00,-3.767370939254760742e+00,-4.229111671447753906e+00,-1.134381771087646484e+00,-4.843243122100830078e+00,-9.466621398925781250e+00,-8.367477416992187500e+00,-7.788164138793945312e+00,-5.479994297027587891e+00,-5.954426765441894531e+00,-9.060873031616210938e+00,-4.551189899444580078e+00,9.576794505119323730e-02,3.197212696075439453e+00,1.709170103073120117e+00,-3.486267566680908203e+00,-5.720950126647949219e+00,2.350850582122802734e+00,7.969284057617187500e+00,1.657234954833984375e+01,1.926615333557128906e+01,1.221485328674316406e+01,2.653185129165649414e+00,-4.296647548675537109e+00,-1.072397804260253906e+01,-1.220804786682128906e+01,-1.040986824035644531e+01,-1.185128211975097656e+01,-1.374210262298583984e+01,-1.261219215393066406e+01,-1.698123168945312500e+01,-9.846855163574218750e+00,-6.304276466369628906e+00,-1.302242660522460938e+01,-2.123699188232421875e+01,-2.671925926208496094e+01,-3.208722686767578125e+01,-3.180445861816406250e+01,-1.928903961181640625e+01,-1.325595664978027344e+01,-1.734913063049316406e+01,-1.620312881469726562e+01,-1.618517684936523438e+01,-1.507005500793457031e+01,-1.306710529327392578e+01,-1.727830123901367188e+01,-1.524183082580566406e+01,-1.625611114501953125e+01,-1.792680740356445312e+01,-9.815061569213867188e+00,-9.893291473388671875e+00,-1.631417274475097656e+01,-1.395970535278320312e+01,-4.629745483398437500e+00,1.505519986152648926e+00,1.146732687950134277e+00,-1.750497102737426758e+00,1.161461591720581055e+00,3.817321062088012695e-01,9.708545804023742676e-01,2.737533748149871826e-01,-2.576400041580200195e+00,-3.924750804901123047e+00,-2.816877841949462891e+00,-3.650546312332153320e+00,-1.664899349212646484e+00,2.520384550094604492e+00,3.915369033813476562e+00,5.700864791870117188e+00,7.775677204132080078e+00,1.074167251586914062e+01,9.400643348693847656e+00,1.562209367752075195e+00,-2.731594085693359375e+00,1.513497591018676758e+00,2.475060701370239258e+00,1.199974298477172852e+00,1.401171684265136719e+00,-4.478894233703613281e+00,-1.338478469848632812e+01,-1.638955688476562500e+01,-1.402038383483886719e+01,-1.646009445190429688e+01,-1.798857307434082031e+01,-1.754642486572265625e+01,-1.894580078125000000e+01,-2.020684719085693359e+00,-7.679933547973632812e+00,-1.414073753356933594e+01,-9.113212585449218750e+00,-6.489568710327148438e+00,-2.806112766265869141e+00,6.725221633911132812e+00,-6.655364513397216797e+00,-8.822536468505859375e+00,-1.201665043830871582e+00,-8.401787281036376953e-02,-5.041944503784179688e+00,-2.051352977752685547e+00,6.810096740722656250e+00,1.031256484985351562e+01,1.278693771362304688e+01,1.314979743957519531e+01,1.389269447326660156e+01,1.287994480133056641e+01,3.275698184967041016e+00,-2.528726100921630859e+00,-4.418710231781005859e+00,-8.432933807373046875e+00,-8.049656867980957031e+00,-1.431073379516601562e+01,-1.527978038787841797e+01,-8.733030319213867188e+00,-1.379668045043945312e+01,-1.519449615478515625e+01,-1.074701976776123047e+01,-2.233341693878173828e+00,-2.977234840393066406e+00,-3.462381124496459961e+00,-3.058096647262573242e+00,-1.096780776977539062e+01,-2.359798049926757812e+01,-2.813008117675781250e+01,-1.357335472106933594e+01,-1.423711395263671875e+01,-2.221496963500976562e+01,-1.347352218627929688e+01,-6.358424663543701172e+00,-7.566078186035156250e+00,-9.061321258544921875e+00,-1.119912338256835938e+01,-6.619500637054443359e+00,-2.970374584197998047e+00,2.055399417877197266e+00,-3.991665840148925781e-01,1.589648246765136719e+00,2.347264766693115234e+00,-4.614670276641845703e-01,-1.770842075347900391e+00,-2.709498405456542969e+00,-1.965916037559509277e+00,-4.390866279602050781e+00,-3.613113641738891602e+00,-9.213647842407226562e+00,1.666208624839782715e+00,1.493811225891113281e+01,2.449588966369628906e+01,2.746127700805664062e+01,2.090521621704101562e+01,1.433954048156738281e+01,-4.366111755371093750e-02,-7.639779567718505859e+00,8.588792085647583008e-01,-5.974802017211914062e+00,-1.924354743957519531e+01,-2.266721916198730469e+01,-2.205454635620117188e+01,-1.792289352416992188e+01,-7.136127471923828125e+00,2.292206048965454102e+00,-4.290885448455810547e+00,-1.216171836853027344e+01,-1.019209671020507812e+01,-6.594892501831054688e+00,-6.603873252868652344e+00,-3.637459993362426758e+00,-4.868681907653808594e+00,-5.728148460388183594e+00,-1.053079223632812500e+01,-1.660249328613281250e+01,-1.952733230590820312e+01,-2.027477645874023438e+01,-2.181362915039062500e+01,-1.560999298095703125e+01,-7.524641990661621094e+00,-5.181614398956298828e+00,-5.492784500122070312e+00,-4.240320205688476562e+00,6.525775194168090820e-01,1.943766355514526367e+00,2.342101812362670898e+00,3.117732524871826172e+00,-2.424777030944824219e+00,-5.526913166046142578e+00,-4.953137874603271484e+00,-2.652436971664428711e+00,3.669993162155151367e+00,1.238178730010986328e+00,1.279999852180480957e+00,-1.432009220123291016e+00,-2.268850326538085938e+00,-1.468082427978515625e+00,-1.302580595016479492e+00,8.664789795875549316e-01,1.267873883247375488e+00,1.665460228919982910e+00,-8.531128883361816406e+00,-1.264134979248046875e+01,-8.875289916992187500e+00,-7.948912143707275391e+00,-1.222935295104980469e+01,-2.310155487060546875e+01,-2.566963958740234375e+01,-1.288629150390625000e+01,-9.593617439270019531e+00,-1.219105434417724609e+01,-1.992260169982910156e+01,-1.758529281616210938e+01,-1.529550361633300781e+01,-1.237632846832275391e+01,-1.144919395446777344e+01,-1.692399024963378906e+01,-1.984422111511230469e+01,-1.809774589538574219e+01,-1.729476737976074219e+01,-1.222720909118652344e+01,-7.126912593841552734e+00,-2.660400152206420898e+00,-3.160109519958496094e+00,2.484396696090698242e-01,-5.374592304229736328e+00,-1.359821701049804688e+01,-1.236332798004150391e+01,-7.060119152069091797e+00,-1.762886047363281250e+01,-1.721725273132324219e+01,-1.686812210083007812e+01,-2.264719963073730469e+01,-1.936339569091796875e+01,-1.352537918090820312e+01,-8.483173370361328125e+00,-1.176183891296386719e+01,-1.224984741210937500e+01,-1.059269046783447266e+01,-7.006240844726562500e+00,-1.046637535095214844e+01,-8.855490684509277344e+00,-7.040612697601318359e+00,-3.138379335403442383e+00,-8.030349731445312500e+00,-5.746402740478515625e+00,-3.644091367721557617e+00,2.982218265533447266e-01,4.849814414978027344e+00,1.616879105567932129e-01,5.743894577026367188e-01,-4.269942641258239746e-01,5.809983253479003906e+00,8.675418853759765625e+00,-3.417770862579345703e-01,-1.047949314117431641e+00,3.181006908416748047e+00,1.187062644958496094e+01,1.534086036682128906e+01,8.947835922241210938e+00,5.158361434936523438e+00,1.736903429031372070e+00,-3.578241348266601562e+00,-9.200832366943359375e+00,-1.954549026489257812e+01,-2.566330528259277344e+01,-1.327383232116699219e+01,-6.701191425323486328e+00,-1.299466896057128906e+01,-1.945180892944335938e+01,-1.403229713439941406e+01,9.477301239967346191e-01,-9.166655540466308594e-01,-8.755375862121582031e+00,-9.846441268920898438e+00,-9.047385215759277344e+00,-6.557313919067382812e+00,-7.150740146636962891e+00,-6.668782234191894531e+00,-5.145892143249511719e+00,-3.240184783935546875e+00,-2.094810724258422852e+00,-5.554975509643554688e+00,-1.663851737976074219e+01,-2.056296920776367188e+01,-1.993920898437500000e+01,-2.383654022216796875e+01,-2.364735412597656250e+01,-1.316684818267822266e+01,-4.215419292449951172e+00,-2.269024372100830078e+00,-4.503993988037109375e+00,-6.583689689636230469e+00,-9.668756484985351562e+00,-1.179679775238037109e+01,-7.487644195556640625e+00,-3.213734626770019531e+00,-2.534457445144653320e+00,-1.975221514701843262e+00,-8.922433853149414062e+00,-5.925704002380371094e+00,-8.876407146453857422e-01,-2.348328113555908203e+00,-1.637716531753540039e+00,4.587070465087890625e+00,6.522006034851074219e+00,4.035677909851074219e+00,3.426155567169189453e+00,4.012702941894531250e+00,3.378900527954101562e+00,1.065777689218521118e-01,-3.521542549133300781e+00,-4.421126365661621094e+00,-2.053340196609497070e+00,-1.499096155166625977e-01,-5.630028724670410156e+00,-5.998168945312500000e+00,1.523640871047973633e+00,4.976482868194580078e+00,3.166523694992065430e+00,-2.460975170135498047e+00,-6.811292648315429688e+00,-1.062583446502685547e+01,-1.380553627014160156e+01,-1.357730007171630859e+01,-1.443993854522705078e+01,-1.330402851104736328e+01,-2.377062797546386719e+01,-2.736736297607421875e+01,-2.256733512878417969e+01,-1.930657386779785156e+01,-1.657182693481445312e+01,-1.112843894958496094e+01,-1.180957984924316406e+01,-1.913348770141601562e+01,-1.105906295776367188e+01,-1.057641506195068359e+01,-1.094231986999511719e+01,-9.259174346923828125e+00,-3.891837835311889648e+00,1.834802985191345215e+00,6.063502788543701172e+00,1.093071174621582031e+01,9.808542251586914062e+00,2.440205574035644531e+00,-7.125514030456542969e+00,-1.161200332641601562e+01,-2.213791131973266602e+00,-2.545610904693603516e+00,-1.542472839355468750e+01,-1.591604232788085938e+01,-1.588787460327148438e+01,-2.346929550170898438e+01,-2.824285507202148438e+01,-2.289408683776855469e+01,-1.185588836669921875e+01,-1.244452476501464844e+01,-1.322735977172851562e+01,-9.848611831665039062e+00,-8.491935729980468750e+00,-6.552771568298339844e+00,-3.200903654098510742e+00,-4.732535362243652344e+00,-5.009469032287597656e+00,-9.773975372314453125e+00,-9.365568161010742188e+00,-1.105094909667968750e+01,-1.188683509826660156e+01,-1.689369201660156250e+01,-1.665703201293945312e+01,-1.525387191772460938e+01,-1.530653476715087891e+01,-1.327775669097900391e+01,-5.633175849914550781e+00,-1.795663070678710938e+01,-2.091693115234375000e+01,-2.216376113891601562e+01,-1.954273223876953125e+01,-1.450639533996582031e+01,-1.303797054290771484e+01,-7.391484737396240234e+00,6.800345420837402344e+00,1.100625991821289062e+01,4.666437149047851562e+00,3.907727301120758057e-01,-1.023532676696777344e+01,-1.719992446899414062e+01,-1.659213829040527344e+01,-8.549119949340820312e+00,-5.751129388809204102e-01,-1.375648117065429688e+01,-1.750255584716796875e+01,-3.856099843978881836e+00,7.193680286407470703e+00,-7.058983325958251953e+00,-1.838251304626464844e+01,-1.896108818054199219e+01,-6.605225563049316406e+00,-4.569324493408203125e+00,-8.015477180480957031e+00,-9.648642539978027344e+00,-9.551806449890136719e+00,-1.071246910095214844e+01,-1.664360427856445312e+01,-2.027495956420898438e+01,-1.530340194702148438e+01,-8.880363464355468750e+00,-9.580949783325195312e+00,-9.829057693481445312e+00,-9.239876747131347656e+00,-1.197025680541992188e+01,-1.491778755187988281e+01,-7.624130249023437500e+00,-8.346256256103515625e+00,-2.378708648681640625e+01,-2.965953826904296875e+01,-2.846594810485839844e+01,-2.013532257080078125e+01,-2.192198944091796875e+01,-2.051433563232421875e+01,-2.348561859130859375e+01,-1.285187911987304688e+01,-6.507235527038574219e+00,-1.959974288940429688e+00,8.513435125350952148e-01,-3.048584461212158203e-01,7.139902114868164062e-01,-7.347424030303955078e+00,-1.469267654418945312e+01,-9.645102500915527344e+00,-4.007771492004394531e+00,-2.898208618164062500e+00,-4.283470153808593750e+00,-3.016986846923828125e+00,1.735396146774291992e+00,8.835771560668945312e+00,9.506806373596191406e+00,9.989305496215820312e+00,8.020706176757812500e+00,-4.990736007690429688e+00,-1.621458435058593750e+01,-6.918039321899414062e+00,-5.556041002273559570e-01,-4.355839729309082031e+00,-1.587793254852294922e+01,-1.876543045043945312e+01,-6.863086223602294922e+00,-8.806222677230834961e-01,-3.694857835769653320e+00,-1.738372087478637695e+00,-2.279712677001953125e+00,-1.582579016685485840e+00,5.080007910728454590e-01,3.888131618499755859e+00,9.068379402160644531e+00,1.006826400756835938e+01,9.787052154541015625e+00,1.351949501037597656e+01,1.092742919921875000e+01,1.089900207519531250e+01,9.466196060180664062e+00,4.730230331420898438e+00,3.994493961334228516e+00,2.889202833175659180e+00,-2.434209346771240234e+00,-4.779104232788085938e+00,-6.536575317382812500e+00,-8.578654289245605469e+00,-1.202996063232421875e+01,-8.308990478515625000e+00,-3.712461471557617188e+00,-5.284292697906494141e+00,-5.552400588989257812e+00,-7.809514045715332031e+00,-8.796600341796875000e+00,-9.103444099426269531e+00,-9.536711692810058594e+00,-1.120919036865234375e+01,-1.413572692871093750e+01,-5.251385688781738281e+00,1.880219697952270508e+00,3.988111019134521484e-02,-4.660274028778076172e+00,1.439674377441406250e+00,4.363434791564941406e+00,1.239478707313537598e+00,4.493327140808105469e+00,4.674868583679199219e+00,9.443751573562622070e-01,2.418125867843627930e+00,4.902535438537597656e+00,1.539542436599731445e+00,2.457398176193237305e+00,4.309366226196289062e+00,4.780264377593994141e+00,1.392256379127502441e+00,-5.629435777664184570e-01,5.099422454833984375e+00,5.515206336975097656e+00,3.167908191680908203e+00,1.471760392189025879e+00,-7.623915195465087891e+00,-1.936603164672851562e+01,-2.455492782592773438e+01,-1.576192283630371094e+01,-2.011046409606933594e+00,-5.172982215881347656e-01,-2.431745529174804688e+00,-1.067603302001953125e+01,-1.444656658172607422e+01,-9.090873718261718750e+00,-1.427033805847167969e+01,-1.738943481445312500e+01,-1.702349853515625000e+01,-1.753019714355468750e+01,-1.346656990051269531e+01,-1.049213027954101562e+01,-8.452594757080078125e+00,-9.305526733398437500e+00,-1.228125572204589844e+01,-1.576478385925292969e+01,-1.474008178710937500e+01,-8.601879119873046875e+00,4.094915390014648438e-01,-8.342669606208801270e-01,-3.401534795761108398e+00,6.236872076988220215e-01,-1.569509506225585938e+00,6.046032905578613281e-01,1.373956298828125000e+01,1.756839561462402344e+01,5.304885387420654297e+00,-8.353263854980468750e+00,-1.268426704406738281e+01,-2.842031478881835938e+01,-3.429499816894531250e+01,-2.882390975952148438e+01,-1.596608448028564453e+01,-9.361982345581054688e+00,-1.326704406738281250e+01,-1.203190612792968750e+01,-4.460612297058105469e+00,-3.770886659622192383e-01,-3.981008052825927734e+00,-2.742170333862304688e+00,-7.809122562408447266e+00,-7.364127635955810547e+00,-5.018380165100097656e+00,-5.356207847595214844e+00,-1.439713716506958008e+00,1.344682693481445312e+00,2.836382865905761719e+00,3.683558464050292969e+00,-1.412204742431640625e+00,-5.171222686767578125e+00,-2.402132749557495117e-01,2.019864022731781006e-01,-7.822180747985839844e+00,-4.900598049163818359e+00,-3.379745483398437500e+00,-7.660419464111328125e+00,-1.383484458923339844e+01,-7.812674045562744141e+00,-6.186791896820068359e+00,-5.245674610137939453e+00,-3.622814416885375977e-01,-2.746236562728881836e+00,-1.732602953910827637e+00,-1.208482933044433594e+01,-1.285420131683349609e+01,-1.139938259124755859e+01,-1.695761871337890625e+01,-1.942914772033691406e+01,-2.051191139221191406e+01,-1.745372009277343750e+01,-1.936022949218750000e+01,-2.177716445922851562e+01,-2.198178672790527344e+01,-2.099096107482910156e+01,-2.164646911621093750e+01,-1.812757110595703125e+01,-1.020505332946777344e+01,-9.732290267944335938e+00,-8.731665611267089844e+00,-3.757519006729125977e+00,-4.027345657348632812e+00,-6.012617111206054688e+00,-8.890066146850585938e+00,-7.113570213317871094e+00,-3.716921806335449219e+00,-7.093819618225097656e+00,-6.989483833312988281e+00,-3.203718423843383789e+00,2.029695272445678711e+00,3.531537055969238281e+00,7.803069114685058594e+00,1.120511054992675781e+00,3.768644332885742188e+00,7.736164569854736328e+00,4.459084033966064453e+00,3.353795409202575684e-01,4.213319778442382812e+00,1.050169944763183594e+01,6.856443405151367188e+00,-1.158214926719665527e+00,-1.530884456634521484e+01,-1.899566841125488281e+01,-2.584110021591186523e+00,7.650911331176757812e+00,2.986441612243652344e+00,-8.068069458007812500e+00,-4.825022697448730469e+00,4.601080417633056641e+00,5.540960788726806641e+00,1.029844284057617188e+00,-3.512457311153411865e-01,4.857418060302734375e+00,6.496626853942871094e+00,5.929193019866943359e+00,3.417254686355590820e+00,3.036594629287719727e+00,4.111443996429443359e+00,1.227785110473632812e+00,-5.884370803833007812e+00,-6.956849098205566406e+00,1.068266749382019043e+00,2.610755681991577148e+00,4.202363491058349609e-01,-4.877741813659667969e+00,-4.429978370666503906e+00,-4.610842704772949219e+00,-2.739950895309448242e+00,-8.825477600097656250e+00,-1.714069366455078125e+01,-2.526972389221191406e+01,-3.350859069824218750e+01,-3.393158721923828125e+01,-2.358472824096679688e+01,-1.353414440155029297e+01,-5.264193534851074219e+00,5.050843238830566406e+00,1.857359528541564941e+00,-7.217040061950683594e+00,-3.740402221679687500e+00,3.196313381195068359e+00,1.152676868438720703e+01,1.596550655364990234e+01,1.481389427185058594e+01,1.191753196716308594e+01,1.485192871093750000e+01,1.333430290222167969e+01,-5.440627098083496094e+00,-1.240602302551269531e+01,-2.152112579345703125e+01,-2.352784347534179688e+01,-2.291459655761718750e+01,-1.716384887695312500e+01,-1.160022735595703125e+01,-2.161866378784179688e+01,-2.538348197937011719e+00,8.617049217224121094e+00,7.228409767150878906e+00,2.850780963897705078e+00,5.050883293151855469e+00,1.073470473289489746e+00,5.266910791397094727e-01,-1.139932632446289062e+00,-3.519335031509399414e+00,1.084119200706481934e+00,-2.148226261138916016e+00,-3.671518325805664062e+00,-1.096001243591308594e+01,-1.933816909790039062e+01,-2.587216758728027344e+01,-2.271759986877441406e+01,-2.616259765625000000e+01,-2.658182144165039062e+01,-2.434609985351562500e+01,-1.098246002197265625e+01,-3.664851665496826172e+00,-9.947257041931152344e+00,-1.634083747863769531e+01,-1.416142272949218750e+01,-7.356387615203857422e+00,-4.206079483032226562e+00,-8.485778808593750000e+00,-8.690912246704101562e+00,-1.493452262878417969e+01,-1.613773155212402344e+01,-3.428432941436767578e+00,1.925312995910644531e+00,-1.154073476791381836e+00,5.709826350212097168e-01,9.255652427673339844e+00,6.684913635253906250e+00,1.209170579910278320e+00,-4.088075637817382812e+00,-5.492987632751464844e+00,-1.163535594940185547e+01,-1.308079528808593750e+01,-1.302396392822265625e+01,-1.237681388854980469e+01,-1.177903366088867188e+01,-7.204293251037597656e+00,1.710888385772705078e+00,5.979488372802734375e+00,6.903113365173339844e+00,6.466736793518066406e+00,8.918413162231445312e+00,9.101760864257812500e+00,8.360214233398437500e+00,1.080121040344238281e+01,1.420244503021240234e+01,1.297784042358398438e+01,5.897636413574218750e+00,1.720685195922851562e+01,2.517656707763671875e+01,2.812638282775878906e+01,1.889081192016601562e+01,-3.818810224533081055e+00,-1.264601135253906250e+01,-1.997323608398437500e+01,-2.606023406982421875e+01,-2.663168334960937500e+01,-2.100657272338867188e+01,-5.476189613342285156e+00,-2.289434909820556641e+00,-6.069607734680175781e-01,-3.143233060836791992e-01,5.233492851257324219e-01,4.297930240631103516e+00,5.857195854187011719e-01,-1.353822708129882812e+01,-9.781432151794433594e+00,-7.266534805297851562e+00,-8.638324737548828125e+00,-7.208388328552246094e+00,-4.856972694396972656e+00,-6.709424495697021484e+00,-8.812332153320312500e+00,-1.263051033020019531e+01,-1.577329063415527344e+01,-1.195087051391601562e+01,-2.045010089874267578e+00,9.030057191848754883e-01,4.116779804229736328e+00,2.037911415100097656e-01,4.450581073760986328e+00,1.005864429473876953e+01,1.309015655517578125e+01,9.622663497924804688e+00,9.346132278442382812e+00,9.508994102478027344e+00,6.533311367034912109e+00,8.307587623596191406e+00,3.685605525970458984e+00,-1.278320789337158203e+00,2.083868503570556641e+00,8.684165954589843750e+00,4.931229591369628906e+00,1.371312975883483887e+00,4.530744075775146484e+00,7.509723663330078125e+00,7.385099887847900391e+00,7.594117164611816406e+00,-1.636606574058532715e+00,-9.399173736572265625e+00,-1.169792175292968750e+01,-1.164271163940429688e+01,-5.300386905670166016e+00,-1.587835311889648438e+00,-4.425419807434082031e+00,-6.692656517028808594e+00,-7.632465362548828125e+00,-7.971878051757812500e+00,-6.117612361907958984e+00,-7.139976024627685547e+00,-1.115484046936035156e+01,-1.123326683044433594e+01,-9.056866645812988281e+00,-1.045042228698730469e+01,-1.493393135070800781e+01,-5.233424186706542969e+00,-2.457747459411621094e+00,5.742115497589111328e+00,1.107335329055786133e+00,2.695735931396484375e+00,5.173271656036376953e+00,5.863844394683837891e+00,2.843762874603271484e+00,-6.535945892333984375e+00,-1.273637962341308594e+01,-1.195940399169921875e+01,2.670095920562744141e+00,3.758236646652221680e+00,8.732391357421875000e+00,1.193161869049072266e+01,6.144988059997558594e+00,6.811395645141601562e+00,1.030392742156982422e+01,4.035673141479492188e+00,-1.195588874816894531e+01,-1.339525604248046875e+01,-1.402991199493408203e+01,-1.387271022796630859e+01,-1.454825973510742188e+01,-9.980115890502929688e+00,-3.920635461807250977e+00,-1.952251434326171875e+00,-8.414924740791320801e-01,-2.487720489501953125e+00,-7.096833229064941406e+00,-1.353478431701660156e+01,-1.059961700439453125e+01,-1.081981754302978516e+01,-8.238784790039062500e+00,-9.491556167602539062e+00,-1.472247505187988281e+01,-1.083600234985351562e+01,-1.156487274169921875e+01,-1.954398345947265625e+01,-2.006373596191406250e+01,-1.746893692016601562e+01,-1.401724243164062500e+01,-1.017958068847656250e+01,-8.129466056823730469e+00,-4.482893466949462891e+00,1.307367920875549316e+00,2.069041252136230469e+00,4.118807792663574219e+00,-2.869359254837036133e-01,-8.939561843872070312e+00,-9.832090377807617188e+00,-3.267098188400268555e+00,-2.520824909210205078e+00,4.600375890731811523e-01,4.644006729125976562e+00,3.122487962245941162e-01,-2.254220485687255859e+00,-1.429760837554931641e+01,-1.168962574005126953e+01,-5.071029186248779297e+00,-3.409824371337890625e+00,-6.227836608886718750e+00,-3.921447753906250000e+00,-2.477977991104125977e+00,-4.311985015869140625e+00,-8.245746612548828125e+00,-1.361771774291992188e+01,-1.388451576232910156e+01,-1.444427490234375000e+01,-1.301854515075683594e+01,-1.209063339233398438e+01,-1.538393306732177734e+01,-1.689525032043457031e+01,-1.895260620117187500e+01,-2.214234161376953125e+01,-1.947681808471679688e+01,-1.408056735992431641e+01,-3.595734119415283203e+00,-6.051951885223388672e+00,-6.415542602539062500e+00,4.615902304649353027e-01,-4.966410636901855469e+00,-7.497964859008789062e+00,-4.846591472625732422e+00,-1.893784999847412109e+00,2.408612966537475586e+00,1.280370998382568359e+01,7.568469047546386719e+00,6.093938350677490234e-01,-4.196324825286865234e+00,-2.842327117919921875e+00,-2.671288251876831055e-01,-7.996381759643554688e+00,-1.488915443420410156e+01,-2.201613616943359375e+01,-2.138264465332031250e+01,-2.020410728454589844e+01,-1.862998580932617188e+01,-2.093984985351562500e+01,-1.974627876281738281e+01,-1.659605598449707031e+01,-7.544469833374023438e+00,9.961213469505310059e-01,1.280846786499023438e+01,1.817431449890136719e+01,1.813620758056640625e+01,1.173109149932861328e+01,7.568069458007812500e+00,3.543387174606323242e+00,2.014172792434692383e+00,2.901443004608154297e+00,1.874910473823547363e+00,-1.045159101486206055e+00,-2.075559139251708984e+00,-5.006359100341796875e+00,-8.983345031738281250e+00,-1.080928707122802734e+01,-8.866872787475585938e+00,-4.357647895812988281e+00,2.156527519226074219e+00,2.452980518341064453e+00,3.630064964294433594e+00,4.126331806182861328e+00,7.065730094909667969e+00,1.088232231140136719e+01,8.852548599243164062e+00,5.768643379211425781e+00,5.854158401489257812e+00,2.164955615997314453e+00,2.320033073425292969e+00,3.226785182952880859e+00,3.127005815505981445e+00,2.433848142623901367e+00,4.740312576293945312e+00,6.002086639404296875e+00,3.031313896179199219e+00,1.906455636024475098e+00,3.995191097259521484e+00,3.193074941635131836e+00,1.825615525245666504e+00,4.059247970581054688e+00,6.402053833007812500e+00,4.988492012023925781e+00,4.503563880920410156e+00,-2.352742433547973633e+00,-1.975120162963867188e+01,-2.262404441833496094e+01,-1.765522766113281250e+01,-1.414978694915771484e+01,-1.243358612060546875e+01,-1.095032310485839844e+01,-1.416698455810546875e+01,-2.439393615722656250e+01,-2.326797294616699219e+01,-2.003432273864746094e+01,-1.842741584777832031e+01,-2.305552673339843750e+01,-2.671123123168945312e+01,-1.901623153686523438e+01,-9.098855972290039062e+00,-4.787410736083984375e+00,-1.013055610656738281e+01,-2.276274490356445312e+01,-2.366790771484375000e+01,-7.502871513366699219e+00,2.545085251331329346e-01,-7.915234565734863281e-01,-7.984113693237304688e+00,-9.635585784912109375e+00,-7.479595661163330078e+00,-1.019121170043945312e+01,-1.291746330261230469e+01,-4.334641456604003906e+00,4.556270122528076172e+00,8.617704391479492188e+00,8.059755325317382812e+00,3.810310125350952148e+00,1.934988737106323242e+00,2.347446918487548828e+00,5.328543663024902344e+00,-1.440836906433105469e+00,1.438646316528320312e+00,4.021809577941894531e+00,5.493877410888671875e+00,2.553093671798706055e+00,-1.059369325637817383e+00,-7.280754089355468750e+00,-1.030962562561035156e+01,-1.225707626342773438e+01,-1.034085273742675781e+01,3.460558176040649414e+00,4.787246704101562500e+00,2.974060535430908203e+00,-4.045081138610839844e+00,-1.434574127197265625e+01,-1.865673255920410156e+01,-1.273861122131347656e+01,-3.962925434112548828e+00,2.532253742218017578e+00,3.034034252166748047e+00,2.212764024734497070e-01,-5.551735877990722656e+00,-1.177869224548339844e+01,-1.191155433654785156e+01,-1.670314025878906250e+01,-1.758213615417480469e+01,-1.346916198730468750e+01,-1.176666641235351562e+01,-1.454364013671875000e+01,-1.561412048339843750e+01,-1.371618652343750000e+01,-1.514653301239013672e+01,-1.853401947021484375e+01,-1.658596420288085938e+01,-9.657689094543457031e+00,-4.110350608825683594e+00,-4.071742534637451172e+00,-5.579682350158691406e+00,-2.118239593505859375e+01,-2.325444412231445312e+01,-8.583844184875488281e+00,-6.577853202819824219e+00,-7.034056663513183594e+00,-6.425375938415527344e+00,-7.322333812713623047e+00,-1.294286727905273438e+01,-1.147845077514648438e+01,-5.228253841400146484e+00,-5.552191734313964844e+00,-1.289192485809326172e+01,-1.418409252166748047e+01,-9.677580833435058594e+00,-1.100119209289550781e+01,-7.710211753845214844e+00,-6.826204776763916016e+00,-8.957009315490722656e+00,-5.166019439697265625e+00,-7.201576709747314453e+00,-8.415042877197265625e+00,1.923226833343505859e+00,4.903113842010498047e+00,-1.886336922645568848e+00,-2.921345233917236328e-01,5.574142456054687500e+00,3.435638248920440674e-01,-1.106631398200988770e+00,1.973578453063964844e+00,3.689522266387939453e+00,-2.623893260955810547e+00,-8.430410385131835938e+00,-1.186910057067871094e+01,-1.785940551757812500e+01,-1.890782928466796875e+01,-1.982459831237792969e+01,-1.927642250061035156e+01,-1.891556930541992188e+01,-1.403023910522460938e+01,-1.007438278198242188e+01,-5.077271461486816406e+00,-7.870257854461669922e+00,-4.536663532257080078e+00,-2.681321144104003906e+00,-2.723179340362548828e+00,-7.527341842651367188e+00,-1.256959533691406250e+01,-1.790418243408203125e+01,-2.353298568725585938e+01,-1.726432800292968750e+01,-8.138897895812988281e+00,-1.687502288818359375e+01,-2.148589324951171875e+01,-1.794912528991699219e+01,-1.303298759460449219e+01,-1.062178993225097656e+01,-9.834384918212890625e+00,-5.077332496643066406e+00,4.397545814514160156e+00,9.433774948120117188e+00,-1.060530424118041992e+00,-1.468521976470947266e+01,-2.013530921936035156e+01,-1.618497085571289062e+01,-1.645309638977050781e+01,-1.425813484191894531e+01,-7.813544273376464844e+00,-1.137396335601806641e+00,1.928721785545349121e+00,-1.908012777566909790e-01,2.660107016563415527e-01,-2.887053489685058594e-01,-4.127187728881835938e-01,1.295833110809326172e+00,7.362987518310546875e+00,4.150528430938720703e+00,-8.084438323974609375e+00,-1.911689186096191406e+01,-1.791367721557617188e+01,-1.487241935729980469e+01,-1.589229106903076172e+01,-2.001282119750976562e+01,-1.379436683654785156e+01,-1.061161327362060547e+01,-1.119582557678222656e+01,-9.399164199829101562e+00,-1.004192924499511719e+01,-8.144054412841796875e+00,-1.482608079910278320e+00,-6.042298316955566406e+00,-1.301291465759277344e+01,-8.934631347656250000e+00,-2.674557209014892578e+00,-3.456128120422363281e+00,-6.321494102478027344e+00,1.624026417732238770e+00,-6.036221981048583984e-02,-2.546285152435302734e+00,-5.545076847076416016e+00,-4.296085357666015625e+00,2.415050983428955078e+00,2.364826202392578125e+00,3.590827703475952148e+00,2.230957746505737305e+00,-5.058082103729248047e+00,-1.268606376647949219e+01,-7.504034996032714844e+00,-3.096543312072753906e+00,-3.317630767822265625e+00,-9.005282521247863770e-01,8.000625371932983398e-01,2.969398736953735352e+00,2.542699813842773438e+00,3.770782709121704102e+00,1.834448933601379395e+00,-3.762673139572143555e-01,-1.321981251239776611e-01,6.834048748016357422e+00,4.621711730957031250e+00,4.103350639343261719e-01,7.067565917968750000e+00,9.985300064086914062e+00,4.547308921813964844e+00,4.546506404876708984e-01,5.343176841735839844e+00,5.136051654815673828e+00,-1.685115098953247070e+00,-3.723412990570068359e+00,1.943948984146118164e+00,4.222342967987060547e+00
